,station,state,latitude,longitude,elevation,date,TMIN,TMAX,TAVG,AWND,WDF5,WSF5,SNOW,SNWD,PRCP
7,KALISPELL GLACIER AP,MT,48.3042,-114.2636,901.3,20170207,-0.76,22.1,13.64,3.802798,360.0,14.092722,0.1181103,22.047256,0.0
8,KALISPELL GLACIER AP,MT,48.3042,-114.2636,901.3,20170330,37.04,53.96,44.24,4.026492,360.0,19.908766,0.0,0.0,0.07086618
9,KALISPELL GLACIER AP,MT,48.3042,-114.2636,901.3,20170622,35.96,73.04,59.72,3.579104,360.0,19.01399,0.0,0.0,0.0
10,KALISPELL GLACIER AP,MT,48.3042,-114.2636,901.3,20170725,53.06,87.08,71.6,6.039738,360.0,21.922012,0.0,0.0,0.0
2668,BILLINGS LOGAN INTL AP,MT,45.8069,-108.5422,1091.5,20170102,-5.8,7.16,6.08,6.71082,360.0,19.908766,1.6929143,9.842525,0.0787402
2669,BILLINGS LOGAN INTL AP,MT,45.8069,-108.5422,1091.5,20170327,42.08,60.08,50.72,7.381902,360.0,21.922012,0.0,0.0,0.11023628
2670,BILLINGS LOGAN INTL AP,MT,45.8069,-108.5422,1091.5,20170502,41.0,57.02,48.02,11.855782000000001,360.0,36.014734000000004,0.0,0.0,0.01181103
2671,BILLINGS LOGAN INTL AP,MT,45.8069,-108.5422,1091.5,20170623,46.04,71.96,58.1,6.263432,360.0,23.040482,0.0,0.0,0.0
2672,BILLINGS LOGAN INTL AP,MT,45.8069,-108.5422,1091.5,20170625,51.08,80.96,65.48,6.487126,360.0,21.922012,0.0,0.0,0.0
2673,BILLINGS LOGAN INTL AP,MT,45.8069,-108.5422,1091.5,20170702,62.06,91.94,78.44,8.052984,360.0,25.948504,0.0,0.0,0.0
2674,BILLINGS LOGAN INTL AP,MT,45.8069,-108.5422,1091.5,20170724,64.94,93.02,82.04,9.395147999999999,360.0,21.922012,0.0,0.0,0.0
2675,BILLINGS LOGAN INTL AP,MT,45.8069,-108.5422,1091.5,20170802,55.94,69.98,68.36,8.500372,360.0,34.001488,0.0,0.0,0.0
2676,BILLINGS LOGAN INTL AP,MT,45.8069,-108.5422,1091.5,20170825,64.04,87.08,73.58,7.605596,360.0,31.988242,0.0,0.0,0.0
2677,LEWISTOWN MUNI AP,MT,47.0492,-109.4578,1263.4,20170102,-9.76,3.2,,3.131716,360.0,12.079476,,3.149608,0.01181103
2678,LEWISTOWN MUNI AP,MT,47.0492,-109.4578,1263.4,20170522,39.92,66.92,,10.737312,360.0,29.974996,,0.0,0.0
2679,LEWISTOWN MUNI AP,MT,47.0492,-109.4578,1263.4,20170630,41.0,78.98,,5.59235,360.0,19.01399,,0.0,0.0
2680,LEWISTOWN MUNI AP,MT,47.0492,-109.4578,1263.4,20170911,46.94,87.98,,4.921268,360.0,12.974252,,0.0,0.0
2681,MILES CITY F WILEY FLD,MT,46.4267,-105.8825,799.8,20170110,1.22,9.14,,9.618841999999999,360.0,18.119214000000003,,,0.03149608
2682,MILES CITY F WILEY FLD,MT,46.4267,-105.8825,799.8,20170222,29.12,37.94,,8.500372,360.0,17.000744,,,0.11023628
2683,MILES CITY F WILEY FLD,MT,46.4267,-105.8825,799.8,20170609,55.94,91.04,,,360.0,44.067718,,,0.31102379
2793,BOZEMAN GALLATIN FLD,MT,45.7881,-111.1608,1349.3,20170416,26.24,55.04,,4.47388,360.0,16.105968,0.0,0.0,0.0
2794,BOZEMAN GALLATIN FLD,MT,45.7881,-111.1608,1349.3,20170421,33.08,44.06,,5.368656,360.0,21.922012,0.0,0.0,0.05905515
2795,BOZEMAN GALLATIN FLD,MT,45.7881,-111.1608,1349.3,20170425,37.04,51.98,,5.816044000000001,360.0,23.040482,0.0,0.0,0.11023628
2796,BOZEMAN GALLATIN FLD,MT,45.7881,-111.1608,1349.3,20170501,33.98,55.94,,6.487126,360.0,23.040482,0.0,0.0,0.0
2797,BOZEMAN GALLATIN FLD,MT,45.7881,-111.1608,1349.3,20170525,37.04,55.94,,4.921268,360.0,23.935257999999997,0.0,0.0,0.05118113
2798,BOZEMAN GALLATIN FLD,MT,45.7881,-111.1608,1349.3,20170620,48.92,89.06,,5.59235,360.0,25.053728,0.0,0.0,0.01968505
2799,BOZEMAN GALLATIN FLD,MT,45.7881,-111.1608,1349.3,20170624,39.02,77.0,,4.47388,360.0,17.000744,0.0,0.0,0.0
2800,BOZEMAN GALLATIN FLD,MT,45.7881,-111.1608,1349.3,20170718,48.92,89.96,,4.921268,360.0,17.000744,0.0,0.0,0.0
2801,BOZEMAN GALLATIN FLD,MT,45.7881,-111.1608,1349.3,20170731,51.98,93.02,,4.250186,360.0,14.092722,0.0,0.0,0.0
2802,BOZEMAN GALLATIN FLD,MT,45.7881,-111.1608,1349.3,20170801,51.08,91.04,,6.039738,360.0,23.040482,0.0,0.0,0.0
2803,CUT BANK MUNI AP,MT,48.6033,-112.3753,1169.8,20170307,6.26,22.1,16.52,9.171453999999999,360.0,23.935257999999997,,1.181103,0.03149608
2804,CUT BANK MUNI AP,MT,48.6033,-112.3753,1169.8,20170331,33.98,51.98,42.26,10.513618,360.0,29.08022,,0.0,0.0
2805,CUT BANK MUNI AP,MT,48.6033,-112.3753,1169.8,20170519,33.98,64.94,49.64,5.59235,360.0,31.988242,,0.0,0.0
2806,CUT BANK MUNI AP,MT,48.6033,-112.3753,1169.8,20170705,46.04,87.98,71.06,7.829289999999999,360.0,23.935257999999997,,0.0,0.0
2807,CUT BANK MUNI AP,MT,48.6033,-112.3753,1169.8,20170724,46.04,80.96,66.74,10.737312,360.0,46.97574,,0.0,0.0
2808,CUT BANK MUNI AP,MT,48.6033,-112.3753,1169.8,20170802,51.08,62.96,59.36,7.829289999999999,360.0,27.96175,,0.0,0.0
2809,CUT BANK MUNI AP,MT,48.6033,-112.3753,1169.8,20170811,48.92,80.06,64.94,8.052984,360.0,21.922012,,0.0,0.0
2810,CUT BANK MUNI AP,MT,48.6033,-112.3753,1169.8,20170819,48.02,71.96,64.22,9.395147999999999,360.0,36.014734000000004,,0.0,0.0
2811,DILLON AP,MT,45.2575,-112.5545,1585.0,20170622,42.08,73.04,59.72,8.94776,360.0,23.935257999999997,,0.0,0.0
2818,GREAT FALLS INTL AP,MT,47.4733,-111.3822,1116.8,20170206,-9.76,7.16,3.74,4.6975739999999995,360.0,12.079476,1.6929143,5.118113,0.16141741
2819,GREAT FALLS INTL AP,MT,47.4733,-111.3822,1116.8,20170222,29.12,39.02,33.98,6.263432,360.0,17.000744,0.0,0.0,0.0
2820,GREAT FALLS INTL AP,MT,47.4733,-111.3822,1116.8,20170305,17.24,39.02,30.38,8.052984,360.0,25.053728,0.393701,0.0,0.01968505
2821,GREAT FALLS INTL AP,MT,47.4733,-111.3822,1116.8,20170331,33.08,51.08,43.34,9.618841999999999,360.0,25.053728,0.0,0.0,0.0
2822,GREAT FALLS INTL AP,MT,47.4733,-111.3822,1116.8,20170522,46.94,73.04,57.92,4.47388,360.0,14.092722,0.0,0.0,0.0
2823,GREAT FALLS INTL AP,MT,47.4733,-111.3822,1116.8,20170819,50.0,75.92,69.98,10.513618,360.0,23.040482,0.0,0.0,0.0
2824,HELENA RGNL AP,MT,46.6056,-111.9636,1166.8,20170113,-12.82,9.14,-3.1,0.894776,360.0,6.039738,0.0,7.87402,0.0
2825,HELENA RGNL AP,MT,46.6056,-111.9636,1166.8,20170226,16.16,33.08,27.14,6.71082,360.0,25.948504,1.1023628,0.0,0.12992133
2826,HELENA RGNL AP,MT,46.6056,-111.9636,1166.8,20170310,15.26,42.98,19.22,2.23694,360.0,18.119214000000003,0.0,3.149608,0.01181103
2827,HELENA RGNL AP,MT,46.6056,-111.9636,1166.8,20170624,46.94,80.06,62.96,5.368656,360.0,16.105968,0.0,0.0,0.0
2828,HELENA RGNL AP,MT,46.6056,-111.9636,1166.8,20170628,55.04,82.04,69.98,9.395147999999999,360.0,29.974996,0.0,0.0,0.0
2829,HELENA RGNL AP,MT,46.6056,-111.9636,1166.8,20170805,55.94,69.98,64.76,8.724066,360.0,21.922012,0.0,0.0,0.0
2830,HELENA RGNL AP,MT,46.6056,-111.9636,1166.8,20170907,50.0,87.98,68.18,1.342164,360.0,8.052984,0.0,0.0,0.0
2849,MISSOULA INTL AP,MT,46.9208,-114.0925,972.9,20170222,28.22,39.02,34.88,4.921268,360.0,25.948504,0.0,1.968505,0.0
2850,MISSOULA INTL AP,MT,46.9208,-114.0925,972.9,20170323,30.2,51.98,44.6,8.052984,360.0,25.053728,0.0,0.0,0.0
2851,MISSOULA INTL AP,MT,46.9208,-114.0925,972.9,20170528,44.96,82.04,62.06,4.6975739999999995,360.0,21.922012,0.0,0.0,0.0
2852,MISSOULA INTL AP,MT,46.9208,-114.0925,972.9,20170611,33.98,71.06,49.64,5.1449620000000005,360.0,27.96175,0.0,0.0,0.0
2853,MISSOULA INTL AP,MT,46.9208,-114.0925,972.9,20170615,48.02,64.04,56.84,2.460634,360.0,14.092722,0.0,0.0,0.0
2854,MISSOULA INTL AP,MT,46.9208,-114.0925,972.9,20170624,44.06,82.94,64.58,4.6975739999999995,360.0,21.027236,0.0,0.0,0.0
2855,MISSOULA INTL AP,MT,46.9208,-114.0925,972.9,20170801,51.98,93.92,73.94,4.250186,360.0,25.053728,0.0,0.0,0.0
4447,GLASGOW INTL AP,MT,48.2138,-106.6213,696.5,20170320,26.24,46.04,38.12,10.513618,360.0,27.96175,0.0,0.0,0.0
4448,GLASGOW INTL AP,MT,48.2138,-106.6213,696.5,20170624,41.0,75.02,59.18,6.263432,360.0,23.935257999999997,0.0,0.0,0.0
4449,GLASGOW INTL AP,MT,48.2138,-106.6213,696.5,20170625,42.08,80.96,62.6,7.605596,360.0,19.908766,0.0,0.0,0.0
4450,GLASGOW INTL AP,MT,48.2138,-106.6213,696.5,20170704,60.98,93.02,80.78,8.052984,360.0,19.01399,0.0,0.0,0.0
4451,GLASGOW INTL AP,MT,48.2138,-106.6213,696.5,20170717,57.92,84.02,73.04,8.052984,360.0,29.974996,0.0,0.0,0.0
4452,GLASGOW INTL AP,MT,48.2138,-106.6213,696.5,20170725,57.02,84.92,71.42,10.961006,360.0,27.96175,0.0,0.0,0.20866153
4453,HAVRE CITY CO AP,MT,48.5428,-109.7633,787.9,20170421,42.98,57.02,52.88,12.974252,360.0,35.119958000000004,0.0,0.0,0.0
4459,WOLF POINT INTL AP,MT,48.0944,-105.5744,605.3,20170701,50.0,89.96,,8.724066,360.0,27.066974,0.0,0.0,0.0
4460,WOLF POINT INTL AP,MT,48.0944,-105.5744,605.3,20170802,53.96,78.08,,10.961006,360.0,29.974996,0.0,0.0,0.31889781
4461,WOLF POINT INTL AP,MT,48.0944,-105.5744,605.3,20170808,51.98,86.0,,6.487126,360.0,31.093465999999996,0.0,0.0,0.0
4462,WOLF POINT INTL AP,MT,48.0944,-105.5744,605.3,20170821,51.08,80.96,,9.171453999999999,360.0,25.948504,0.0,0.0,0.0
4463,WOLF POINT INTL AP,MT,48.0944,-105.5744,605.3,20170903,48.92,87.98,,9.842536,360.0,31.988242,0.0,0.0,0.0
4527,JORDAN AP,MT,47.3258,-106.9475,811.4,20170208,-0.76,10.22,,4.47388,360.0,12.079476,0.0,0.0,0.0
4528,JORDAN AP,MT,47.3258,-106.9475,811.4,20170222,23.18,35.06,,6.263432,360.0,18.119214000000003,,0.0,0.18110246
4529,JORDAN AP,MT,47.3258,-106.9475,811.4,20170326,29.12,59.0,,4.6975739999999995,360.0,19.908766,0.0,0.0,0.0
4563,BAKER MUNI AP,MT,46.3583,-104.25,905.6,20170709,71.06,98.96,,14.316416,360.0,31.988242,,,0.0
4564,BAKER MUNI AP,MT,46.3583,-104.25,905.6,20170802,50.0,73.04,,14.316416,360.0,33.106712,,,0.0
5203,KALISPELL GLACIER AP,MT,48.3042,-114.2636,901.3,20170223,16.16,41.0,28.58,3.802798,350.0,14.987498,0.0,12.992133,0.0
5204,KALISPELL GLACIER AP,MT,48.3042,-114.2636,901.3,20170626,48.92,84.92,68.54,4.47388,350.0,29.08022,0.0,0.0,0.09842525
7985,BILLINGS LOGAN INTL AP,MT,45.8069,-108.5422,1091.5,20170508,46.04,62.96,52.52,6.71082,350.0,21.922012,0.0,0.0,0.0
7986,BILLINGS LOGAN INTL AP,MT,45.8069,-108.5422,1091.5,20170524,46.94,82.04,66.56,15.211192,350.0,36.90951,0.0,0.0,0.0
7987,BILLINGS LOGAN INTL AP,MT,45.8069,-108.5422,1091.5,20170610,48.02,78.08,60.62,12.974252,350.0,29.974996,0.0,0.0,0.0
7988,LEWISTOWN MUNI AP,MT,47.0492,-109.4578,1263.4,20170201,-2.74,14.18,,9.171453999999999,350.0,19.01399,,3.149608,0.0
7989,LEWISTOWN MUNI AP,MT,47.0492,-109.4578,1263.4,20170515,35.06,53.06,,2.9080220000000003,350.0,17.000744,,0.0,0.0393701
7990,MILES CITY F WILEY FLD,MT,46.4267,-105.8825,799.8,20170205,5.18,23.18,,7.605596,350.0,19.908766,,,0.0
7991,MILES CITY F WILEY FLD,MT,46.4267,-105.8825,799.8,20170419,37.04,55.04,,9.842536,350.0,34.001488,,,0.27952771
7992,MILES CITY F WILEY FLD,MT,46.4267,-105.8825,799.8,20170724,68.0,95.0,,10.961006,350.0,27.96175,,,0.0
7993,MILES CITY F WILEY FLD,MT,46.4267,-105.8825,799.8,20170808,60.08,89.96,,9.171453999999999,350.0,34.001488,,,0.0
8164,BOZEMAN GALLATIN FLD,MT,45.7881,-111.1608,1349.3,20170129,13.1,33.98,,2.9080220000000003,350.0,12.079476,0.0,4.0157502,0.0
8165,BOZEMAN GALLATIN FLD,MT,45.7881,-111.1608,1349.3,20170206,16.16,46.04,,7.381902,350.0,33.106712,,5.984255200000001,0.01968505
8166,BOZEMAN GALLATIN FLD,MT,45.7881,-111.1608,1349.3,20170321,33.08,51.08,,3.35541,350.0,16.105968,0.0,0.0,0.0
8167,BOZEMAN GALLATIN FLD,MT,45.7881,-111.1608,1349.3,20170428,33.98,46.94,,8.94776,350.0,23.935257999999997,0.0,0.0,0.01181103
8168,BOZEMAN GALLATIN FLD,MT,45.7881,-111.1608,1349.3,20170615,42.98,66.92,,4.47388,350.0,16.105968,0.0,0.0,0.01181103
8169,BOZEMAN GALLATIN FLD,MT,45.7881,-111.1608,1349.3,20170807,50.0,84.02,,4.250186,350.0,17.000744,0.0,0.0,0.0
8170,BOZEMAN GALLATIN FLD,MT,45.7881,-111.1608,1349.3,20170826,46.94,86.0,,4.250186,350.0,14.987498,,0.0,0.0
8171,BOZEMAN GALLATIN FLD,MT,45.7881,-111.1608,1349.3,20170901,44.96,84.02,,6.039738,350.0,14.987498,0.0,0.0,0.0
8175,CUT BANK MUNI AP,MT,48.6033,-112.3753,1169.8,20170107,-2.74,4.1,1.22,9.395147999999999,350.0,23.935257999999997,,3.93701,0.0
8176,CUT BANK MUNI AP,MT,48.6033,-112.3753,1169.8,20170109,-8.86,0.14,-2.2,11.408394,350.0,27.066974,,5.118113,0.0
8177,CUT BANK MUNI AP,MT,48.6033,-112.3753,1169.8,20170201,-4.9,17.24,8.24,9.395147999999999,350.0,23.935257999999997,,1.968505,0.0
8178,CUT BANK MUNI AP,MT,48.6033,-112.3753,1169.8,20170205,-1.84,6.26,3.02,9.618841999999999,350.0,23.040482,,3.93701,0.35826791
8179,CUT BANK MUNI AP,MT,48.6033,-112.3753,1169.8,20170312,2.12,16.16,10.22,10.961006,350.0,27.96175,,3.149608,0.0
8180,CUT BANK MUNI AP,MT,48.6033,-112.3753,1169.8,20170413,37.04,55.04,44.06,7.829289999999999,350.0,23.935257999999997,,0.0,0.33858286
8181,CUT BANK MUNI AP,MT,48.6033,-112.3753,1169.8,20170501,35.06,53.96,43.88,9.842536,350.0,25.948504,,0.0,0.01968505
8182,CUT BANK MUNI AP,MT,48.6033,-112.3753,1169.8,20170526,35.06,66.02,49.64,8.724066,350.0,21.922012,,0.0,0.0
8183,CUT BANK MUNI AP,MT,48.6033,-112.3753,1169.8,20170629,48.92,69.98,57.02,10.513618,350.0,29.974996,,0.0,0.01181103
8184,CUT BANK MUNI AP,MT,48.6033,-112.3753,1169.8,20170711,48.02,75.92,63.32,11.1847,350.0,31.988242,,0.0,0.01181103
8185,CUT BANK MUNI AP,MT,48.6033,-112.3753,1169.8,20170805,44.96,69.98,58.82,12.079476,350.0,29.08022,,0.0,0.0
8186,CUT BANK MUNI AP,MT,48.6033,-112.3753,1169.8,20170807,46.04,82.94,65.66,7.605596,350.0,38.922756,,0.0,0.0
8187,CUT BANK MUNI AP,MT,48.6033,-112.3753,1169.8,20170808,51.98,71.96,63.32,9.618841999999999,350.0,40.041226,,0.0,0.0
8188,CUT BANK MUNI AP,MT,48.6033,-112.3753,1169.8,20170826,44.96,82.94,65.66,5.816044000000001,350.0,21.922012,0.0,0.0,0.0
8189,CUT BANK MUNI AP,MT,48.6033,-112.3753,1169.8,20170914,39.02,42.98,42.44,13.197946,350.0,23.935257999999997,,0.0,0.12992133
8190,DILLON AP,MT,45.2575,-112.5545,1585.0,20170520,37.04,62.06,49.46,7.605596,350.0,29.974996,,0.0,0.01968505
8203,GREAT FALLS INTL AP,MT,47.4733,-111.3822,1116.8,20170224,19.22,33.08,25.88,3.802798,350.0,17.000744,0.0,0.0,0.0
8204,GREAT FALLS INTL AP,MT,47.4733,-111.3822,1116.8,20170507,35.06,53.96,49.82,9.171453999999999,350.0,21.922012,0.0,0.0,0.1181103
8205,GREAT FALLS INTL AP,MT,47.4733,-111.3822,1116.8,20170718,44.96,89.06,68.18,5.816044000000001,350.0,18.119214000000003,0.0,0.0,0.0
8206,GREAT FALLS INTL AP,MT,47.4733,-111.3822,1116.8,20170731,55.04,91.94,75.02,7.158208,350.0,19.01399,0.0,0.0,0.0
8207,GREAT FALLS INTL AP,MT,47.4733,-111.3822,1116.8,20170814,48.02,78.98,63.14,7.605596,350.0,29.974996,0.0,0.0,0.0
8208,HELENA RGNL AP,MT,46.6056,-111.9636,1166.8,20170118,6.26,39.02,18.14,2.23694,350.0,12.974252,0.0,5.905515,0.0
8209,HELENA RGNL AP,MT,46.6056,-111.9636,1166.8,20170207,-6.88,4.1,1.76,4.921268,350.0,14.092722,0.9842525,9.842525,0.0787402
8210,HELENA RGNL AP,MT,46.6056,-111.9636,1166.8,20170331,33.98,53.06,46.76,9.618841999999999,350.0,23.040482,0.0,0.0,0.0
8211,HELENA RGNL AP,MT,46.6056,-111.9636,1166.8,20170412,37.94,60.08,47.66,5.816044000000001,350.0,16.105968,0.0,0.0,0.0
8212,HELENA RGNL AP,MT,46.6056,-111.9636,1166.8,20170801,59.0,91.04,76.82,6.934514,350.0,21.922012,0.0,0.0,0.0
8213,HELENA RGNL AP,MT,46.6056,-111.9636,1166.8,20170804,53.06,87.08,72.68,8.276678,350.0,29.08022,0.0,0.0,0.0
8214,HELENA RGNL AP,MT,46.6056,-111.9636,1166.8,20170806,48.92,82.04,63.14,4.6975739999999995,350.0,14.987498,0.0,0.0,0.0
8215,HELENA RGNL AP,MT,46.6056,-111.9636,1166.8,20170808,60.08,82.94,71.78,8.276678,350.0,21.027236,0.0,0.0,0.0
8229,LIVINGSTON MISSION FLD,MT,45.6983,-110.4408,1415.2,20170327,37.04,53.96,,10.066230000000001,350.0,29.08022,,,0.05905515
8237,MISSOULA INTL AP,MT,46.9208,-114.0925,972.9,20170214,12.2,37.04,22.82,1.342164,350.0,14.092722,0.0,7.87402,0.0
8238,MISSOULA INTL AP,MT,46.9208,-114.0925,972.9,20170509,35.06,71.06,52.34,3.35541,350.0,19.01399,0.0,0.0,0.0
8239,MISSOULA INTL AP,MT,46.9208,-114.0925,972.9,20170529,48.02,84.92,66.92,4.47388,350.0,21.027236,0.0,0.0,0.0
8240,MISSOULA INTL AP,MT,46.9208,-114.0925,972.9,20170707,59.0,100.04,79.16,3.802798,350.0,14.987498,0.0,0.0,0.0
8241,MISSOULA INTL AP,MT,46.9208,-114.0925,972.9,20170829,57.92,91.04,74.48,4.921268,350.0,21.922012,0.0,0.0,0.0
8242,MISSOULA INTL AP,MT,46.9208,-114.0925,972.9,20170906,46.04,80.96,63.86,1.342164,350.0,12.079476,0.0,0.0,0.0
9733,GLASGOW INTL AP,MT,48.2138,-106.6213,696.5,20170226,16.16,26.24,19.94,7.381902,350.0,21.922012,0.1181103,0.0,0.01181103
9734,GLASGOW INTL AP,MT,48.2138,-106.6213,696.5,20170228,9.14,29.12,15.8,10.066230000000001,350.0,21.922012,0.0,1.181103,0.0
9735,GLASGOW INTL AP,MT,48.2138,-106.6213,696.5,20170522,41.0,71.06,56.48,12.750558,350.0,44.067718,0.0,0.0,0.05905515
9736,GLASGOW INTL AP,MT,48.2138,-106.6213,696.5,20170528,42.98,75.02,64.76,15.658579999999999,350.0,42.949248,0.0,0.0,0.0
9737,GLASGOW INTL AP,MT,48.2138,-106.6213,696.5,20170714,66.92,96.98,84.56,12.526864,350.0,29.08022,0.0,0.0,0.0
9738,GLASGOW INTL AP,MT,48.2138,-106.6213,696.5,20170817,51.08,87.08,71.06,10.961006,350.0,40.936002,0.0,0.0,0.0
9739,GLASGOW INTL AP,MT,48.2138,-106.6213,696.5,20170901,57.92,80.96,71.24,8.94776,350.0,23.040482,0.0,0.0,0.0
9740,HAVRE CITY CO AP,MT,48.5428,-109.7633,787.9,20170814,57.02,80.06,68.18,8.276678,350.0,31.988242,0.0,0.0,0.0
9741,HAVRE CITY CO AP,MT,48.5428,-109.7633,787.9,20170828,46.94,96.08,70.88,5.816044000000001,350.0,21.922012,0.0,0.0,0.0
9749,WOLF POINT INTL AP,MT,48.0944,-105.5744,605.3,20170204,10.22,18.14,,6.487126,350.0,19.01399,,0.0,0.01968505
9750,WOLF POINT INTL AP,MT,48.0944,-105.5744,605.3,20170305,29.12,51.98,,10.066230000000001,350.0,40.041226,,0.0,0.01181103
9751,WOLF POINT INTL AP,MT,48.0944,-105.5744,605.3,20170502,31.1,59.0,,8.276678,350.0,31.093465999999996,,,0.16141741
9752,WOLF POINT INTL AP,MT,48.0944,-105.5744,605.3,20170515,37.04,62.96,,8.724066,350.0,29.974996,,,0.01181103
9753,WOLF POINT INTL AP,MT,48.0944,-105.5744,605.3,20170529,39.92,73.94,,10.737312,350.0,36.014734000000004,0.0,0.0,0.0
9754,WOLF POINT INTL AP,MT,48.0944,-105.5744,605.3,20170624,37.04,77.0,,4.921268,350.0,23.935257999999997,0.0,0.0,0.0
9755,WOLF POINT INTL AP,MT,48.0944,-105.5744,605.3,20170629,44.96,82.04,,10.961006,350.0,35.119958000000004,,0.0,0.0
9756,WOLF POINT INTL AP,MT,48.0944,-105.5744,605.3,20170717,62.06,86.0,,7.381902,350.0,36.014734000000004,0.0,0.0,0.0
9757,WOLF POINT INTL AP,MT,48.0944,-105.5744,605.3,20170914,50.0,57.92,,10.513618,350.0,27.066974,0.0,0.0,0.05118113
9826,JORDAN AP,MT,47.3258,-106.9475,811.4,20170312,11.12,20.12,,10.066230000000001,350.0,23.935257999999997,,0.0,0.05118113
9827,JORDAN AP,MT,47.3258,-106.9475,811.4,20170409,35.96,48.92,,13.42164,350.0,33.106712,0.0,0.0,0.0
9828,JORDAN AP,MT,47.3258,-106.9475,811.4,20170428,33.08,55.94,,4.6975739999999995,350.0,16.105968,0.0,0.0,0.0
9829,JORDAN AP,MT,47.3258,-106.9475,811.4,20170508,35.06,64.04,,10.513618,350.0,35.119958000000004,0.0,0.0,0.0
9830,JORDAN AP,MT,47.3258,-106.9475,811.4,20170522,37.94,71.06,,10.513618,350.0,42.054472,,0.0,0.0393701
9831,JORDAN AP,MT,47.3258,-106.9475,811.4,20170529,33.98,73.04,,8.276678,350.0,23.935257999999997,0.0,0.0,0.0
9832,JORDAN AP,MT,47.3258,-106.9475,811.4,20170826,51.98,87.98,,5.368656,350.0,19.908766,0.0,0.0,0.0
9876,BAKER MUNI AP,MT,46.3583,-104.25,905.6,20170522,39.02,62.96,,10.737312,350.0,36.90951,,,0.05118113
9877,BAKER MUNI AP,MT,46.3583,-104.25,905.6,20170530,33.08,69.08,,6.039738,350.0,23.935257999999997,,,0.0
9878,BAKER MUNI AP,MT,46.3583,-104.25,905.6,20170805,57.92,78.08,,10.513618,350.0,23.935257999999997,,,0.0
10528,KALISPELL GLACIER AP,MT,48.3042,-114.2636,901.3,20170104,-21.82,6.26,-4.54,1.789552,340.0,19.908766,0.0,9.842525,0.0
10529,KALISPELL GLACIER AP,MT,48.3042,-114.2636,901.3,20170117,10.22,21.2,13.28,0.447388,340.0,6.039738,0.0,11.81103,0.0
10530,KALISPELL GLACIER AP,MT,48.3042,-114.2636,901.3,20170120,13.1,39.92,28.76,1.11847,340.0,10.066230000000001,0.0,11.023628,0.0
10531,KALISPELL GLACIER AP,MT,48.3042,-114.2636,901.3,20170529,44.06,82.04,64.76,5.1449620000000005,340.0,23.935257999999997,0.0,0.0,0.0
13699,BILLINGS LOGAN INTL AP,MT,45.8069,-108.5422,1091.5,20170204,8.24,31.1,19.4,8.500372,340.0,23.040482,0.0,5.905515,0.0
13700,BILLINGS LOGAN INTL AP,MT,45.8069,-108.5422,1091.5,20170219,33.98,55.94,44.78,7.829289999999999,340.0,29.08022,0.0,0.0,0.0
13701,BILLINGS LOGAN INTL AP,MT,45.8069,-108.5422,1091.5,20170427,37.94,46.94,43.16,9.395147999999999,340.0,25.053728,0.0,0.0,0.79921303
13702,BILLINGS LOGAN INTL AP,MT,45.8069,-108.5422,1091.5,20170507,48.02,73.94,67.28,9.395147999999999,340.0,29.974996,0.0,0.0,0.33858286
13703,BILLINGS LOGAN INTL AP,MT,45.8069,-108.5422,1091.5,20170515,46.04,62.06,54.68,8.94776,340.0,25.053728,0.0,0.0,0.0
13704,BILLINGS LOGAN INTL AP,MT,45.8069,-108.5422,1091.5,20170522,51.08,69.98,60.08,9.842536,340.0,36.014734000000004,0.0,0.0,0.0
13705,BILLINGS LOGAN INTL AP,MT,45.8069,-108.5422,1091.5,20170529,44.96,73.94,59.18,5.59235,340.0,21.027236,0.0,0.0,0.0
13706,BILLINGS LOGAN INTL AP,MT,45.8069,-108.5422,1091.5,20170817,60.98,87.98,73.94,8.500372,340.0,31.988242,0.0,0.0,0.0
13707,LEWISTOWN MUNI AP,MT,47.0492,-109.4578,1263.4,20170125,8.24,30.2,,4.921268,340.0,18.119214000000003,,0.0,0.0
13708,LEWISTOWN MUNI AP,MT,47.0492,-109.4578,1263.4,20170521,35.06,64.94,,6.934514,340.0,27.066974,,0.0,0.0
13709,LEWISTOWN MUNI AP,MT,47.0492,-109.4578,1263.4,20170702,57.02,87.98,,4.250186,340.0,25.053728,,0.0,0.0
13710,LEWISTOWN MUNI AP,MT,47.0492,-109.4578,1263.4,20170826,50.0,80.96,,6.487126,340.0,19.01399,0.0,0.0,0.0
13711,MILES CITY F WILEY FLD,MT,46.4267,-105.8825,799.8,20170208,-5.8,8.24,,4.250186,340.0,14.987498,,,0.0
13712,MILES CITY F WILEY FLD,MT,46.4267,-105.8825,799.8,20170402,42.98,57.02,,9.171453999999999,340.0,31.988242,,,0.01181103
13713,MILES CITY F WILEY FLD,MT,46.4267,-105.8825,799.8,20170521,42.08,73.94,,12.974252,340.0,44.962494,,,0.03149608
13714,MILES CITY F WILEY FLD,MT,46.4267,-105.8825,799.8,20170605,57.92,89.06,,14.987498,340.0,38.922756,,,0.0
13715,MILES CITY F WILEY FLD,MT,46.4267,-105.8825,799.8,20170606,48.92,80.96,,7.381902,340.0,23.040482,,,0.0
13716,MILES CITY F WILEY FLD,MT,46.4267,-105.8825,799.8,20170721,64.04,93.92,,10.961006,340.0,33.106712,,,0.0
13717,MILES CITY F WILEY FLD,MT,46.4267,-105.8825,799.8,20170910,62.96,91.94,,10.066230000000001,340.0,31.093465999999996,,,0.0
13924,BOZEMAN GALLATIN FLD,MT,45.7881,-111.1608,1349.3,20170309,22.1,35.06,,6.487126,340.0,19.908766,0.787402,0.9842525,0.0787402
13925,BOZEMAN GALLATIN FLD,MT,45.7881,-111.1608,1349.3,20170320,35.06,41.0,,4.47388,340.0,16.105968,0.0,0.0,0.12992133
13926,BOZEMAN GALLATIN FLD,MT,45.7881,-111.1608,1349.3,20170625,42.98,82.04,,4.026492,340.0,17.000744,0.0,0.0,0.0
13927,BOZEMAN GALLATIN FLD,MT,45.7881,-111.1608,1349.3,20170701,46.04,87.98,,5.1449620000000005,340.0,19.01399,0.0,0.0,0.01181103
13928,BOZEMAN GALLATIN FLD,MT,45.7881,-111.1608,1349.3,20170804,50.0,91.04,,5.368656,340.0,21.922012,0.0,0.0,0.0
13929,BOZEMAN GALLATIN FLD,MT,45.7881,-111.1608,1349.3,20170805,53.06,77.0,,8.94776,340.0,23.935257999999997,0.0,0.0,0.0
13930,BOZEMAN GALLATIN FLD,MT,45.7881,-111.1608,1349.3,20170808,46.94,84.92,,4.921268,340.0,18.119214000000003,0.0,0.0,0.0
13931,BOZEMAN GALLATIN FLD,MT,45.7881,-111.1608,1349.3,20170810,41.0,84.02,,3.131716,340.0,18.119214000000003,0.0,0.0,0.0
13932,BOZEMAN GALLATIN FLD,MT,45.7881,-111.1608,1349.3,20170819,46.94,84.92,,6.487126,340.0,23.040482,0.0,0.0,0.0
13933,BOZEMAN GALLATIN FLD,MT,45.7881,-111.1608,1349.3,20170912,44.06,89.06,,4.6975739999999995,340.0,18.119214000000003,0.0,0.0,0.0
13935,BUTTE BERT MOONEY AP,MT,45.9647,-112.5006,1678.2,20170126,-1.84,25.16,15.62,3.802798,340.0,16.105968,,,0.0
13936,BUTTE BERT MOONEY AP,MT,45.9647,-112.5006,1678.2,20170127,-8.86,26.24,7.16,3.579104,340.0,10.066230000000001,,,0.0
13937,BUTTE BERT MOONEY AP,MT,45.9647,-112.5006,1678.2,20170223,20.12,29.12,25.34,5.1449620000000005,340.0,19.908766,,0.0,0.03149608
13938,BUTTE BERT MOONEY AP,MT,45.9647,-112.5006,1678.2,20170323,27.14,48.92,39.74,6.71082,340.0,21.922012,,,0.0
13939,BUTTE BERT MOONEY AP,MT,45.9647,-112.5006,1678.2,20170419,30.2,57.02,41.9,4.6975739999999995,340.0,17.000744,,,0.0
13940,BUTTE BERT MOONEY AP,MT,45.9647,-112.5006,1678.2,20170421,31.1,46.04,36.86,8.94776,340.0,25.948504,,,0.0
13941,BUTTE BERT MOONEY AP,MT,45.9647,-112.5006,1678.2,20170502,30.2,51.08,41.54,10.961006,340.0,35.119958000000004,,,0.01968505
13942,BUTTE BERT MOONEY AP,MT,45.9647,-112.5006,1678.2,20170622,37.94,66.92,59.0,9.395147999999999,340.0,33.106712,,,0.0
13943,BUTTE BERT MOONEY AP,MT,45.9647,-112.5006,1678.2,20170623,33.98,71.96,53.78,4.921268,340.0,21.027236,,,0.0
13944,BUTTE BERT MOONEY AP,MT,45.9647,-112.5006,1678.2,20170628,44.96,73.04,58.28,6.934514,340.0,25.053728,,,0.0
13945,BUTTE BERT MOONEY AP,MT,45.9647,-112.5006,1678.2,20170701,44.96,84.92,65.48,4.6975739999999995,340.0,19.01399,,,0.0
13946,BUTTE BERT MOONEY AP,MT,45.9647,-112.5006,1678.2,20170713,46.94,91.04,70.34,4.6975739999999995,340.0,19.908766,,,0.01181103
13947,BUTTE BERT MOONEY AP,MT,45.9647,-112.5006,1678.2,20170730,48.02,89.96,70.7,6.039738,340.0,27.066974,,,0.0
13948,BUTTE BERT MOONEY AP,MT,45.9647,-112.5006,1678.2,20170801,44.06,89.06,68.36,5.368656,340.0,25.053728,,,0.0
13949,BUTTE BERT MOONEY AP,MT,45.9647,-112.5006,1678.2,20170815,37.94,78.08,59.36,4.6975739999999995,340.0,18.119214000000003,,,0.0
13950,CUT BANK MUNI AP,MT,48.6033,-112.3753,1169.8,20170104,-8.86,12.2,-0.22,16.77705,340.0,33.106712,,1.181103,0.0
13951,CUT BANK MUNI AP,MT,48.6033,-112.3753,1169.8,20170108,-8.86,1.22,-2.02,7.829289999999999,340.0,21.922012,,5.118113,0.0
13952,CUT BANK MUNI AP,MT,48.6033,-112.3753,1169.8,20170121,13.1,35.06,23.36,7.381902,340.0,14.092722,0.0,0.0,0.0
13953,CUT BANK MUNI AP,MT,48.6033,-112.3753,1169.8,20170203,-10.84,14.18,1.04,9.618841999999999,340.0,31.093465999999996,,1.181103,0.07086618
13954,CUT BANK MUNI AP,MT,48.6033,-112.3753,1169.8,20170206,-16.78,2.12,-0.22,7.605596,340.0,21.922012,,7.086618,0.14173236
13955,CUT BANK MUNI AP,MT,48.6033,-112.3753,1169.8,20170224,11.12,29.12,21.02,7.605596,340.0,21.027236,0.0,0.0,0.0
13956,CUT BANK MUNI AP,MT,48.6033,-112.3753,1169.8,20170308,4.1,25.16,17.24,12.30317,340.0,27.96175,,1.181103,0.05118113
13957,CUT BANK MUNI AP,MT,48.6033,-112.3753,1169.8,20170309,-1.84,8.24,3.92,9.618841999999999,340.0,25.053728,,1.181103,0.1181103
13958,CUT BANK MUNI AP,MT,48.6033,-112.3753,1169.8,20170310,5.18,16.16,8.06,8.052984,340.0,23.040482,,3.149608,0.0393701
13959,CUT BANK MUNI AP,MT,48.6033,-112.3753,1169.8,20170311,3.2,16.16,7.88,8.500372,340.0,18.119214000000003,,3.149608,0.0
13960,CUT BANK MUNI AP,MT,48.6033,-112.3753,1169.8,20170423,39.02,53.06,45.14,7.158208,340.0,23.935257999999997,,0.0,0.0
13961,CUT BANK MUNI AP,MT,48.6033,-112.3753,1169.8,20170507,33.08,51.98,46.94,14.54011,340.0,33.106712,,0.0,0.09055123
13962,CUT BANK MUNI AP,MT,48.6033,-112.3753,1169.8,20170702,50.0,87.98,70.16,7.605596,340.0,27.96175,,0.0,0.0
13963,CUT BANK MUNI AP,MT,48.6033,-112.3753,1169.8,20170714,53.06,87.98,73.04,9.618841999999999,340.0,25.053728,,0.0,0.0
13964,CUT BANK MUNI AP,MT,48.6033,-112.3753,1169.8,20170903,48.92,78.08,68.72,11.632088000000001,340.0,40.041226,,0.0,0.0
13965,CUT BANK MUNI AP,MT,48.6033,-112.3753,1169.8,20170912,50.0,75.92,65.48,12.526864,340.0,35.119958000000004,,0.0,0.0
13966,DILLON AP,MT,45.2575,-112.5545,1585.0,20170710,51.98,84.92,68.72,7.605596,340.0,31.093465999999996,,0.0,0.0
13977,GREAT FALLS INTL AP,MT,47.4733,-111.3822,1116.8,20170201,-8.86,14.18,9.14,7.158208,340.0,17.000744,0.1181103,3.93701,0.0
13978,GREAT FALLS INTL AP,MT,47.4733,-111.3822,1116.8,20170228,8.24,29.12,21.74,9.618841999999999,340.0,21.027236,0.0,1.968505,0.0
13979,GREAT FALLS INTL AP,MT,47.4733,-111.3822,1116.8,20170309,6.26,13.1,12.92,7.605596,340.0,16.105968,2.4015761,1.181103,0.20866153
13980,GREAT FALLS INTL AP,MT,47.4733,-111.3822,1116.8,20170519,39.92,64.94,51.44,8.276678,340.0,29.974996,0.0,0.0,0.0
13981,GREAT FALLS INTL AP,MT,47.4733,-111.3822,1116.8,20170613,48.92,64.94,57.56,11.408394,340.0,35.119958000000004,0.0,0.0,0.50000027
13982,GREAT FALLS INTL AP,MT,47.4733,-111.3822,1116.8,20170702,53.96,91.94,73.22,6.487126,340.0,17.000744,0.0,0.0,0.0
13983,GREAT FALLS INTL AP,MT,47.4733,-111.3822,1116.8,20170724,50.0,87.08,71.24,10.737312,340.0,36.90951,0.0,0.0,0.0
13984,GREAT FALLS INTL AP,MT,47.4733,-111.3822,1116.8,20170728,55.04,91.94,76.64,6.487126,340.0,18.119214000000003,0.0,0.0,0.0
13985,GREAT FALLS INTL AP,MT,47.4733,-111.3822,1116.8,20170808,51.98,75.92,66.74,8.276678,340.0,21.922012,0.0,0.0,0.0
13986,GREAT FALLS INTL AP,MT,47.4733,-111.3822,1116.8,20170913,44.96,73.04,60.08,10.737312,340.0,27.96175,0.0,0.0,0.0787402
13987,HELENA RGNL AP,MT,46.6056,-111.9636,1166.8,20170121,1.22,21.2,14.54,0.671082,340.0,6.934514,0.0,5.905515,0.0
13988,HELENA RGNL AP,MT,46.6056,-111.9636,1166.8,20170206,-4.9,12.2,10.76,6.71082,340.0,17.000744,2.9921276000000003,11.81103,0.18897648
13989,HELENA RGNL AP,MT,46.6056,-111.9636,1166.8,20170706,60.98,98.06,79.16,4.921268,340.0,42.054472,0.0,0.0,0.0
13990,HELENA RGNL AP,MT,46.6056,-111.9636,1166.8,20170815,53.06,84.02,67.64,4.6975739999999995,340.0,21.027236,0.0,0.0,0.0
13991,HELENA RGNL AP,MT,46.6056,-111.9636,1166.8,20170903,53.96,96.98,76.64,6.263432,340.0,29.08022,0.0,0.0,0.0
13992,HELENA RGNL AP,MT,46.6056,-111.9636,1166.8,20170913,53.06,87.08,74.66,8.500372,340.0,29.08022,0.0,0.0,0.01181103
13993,HELENA RGNL AP,MT,46.6056,-111.9636,1166.8,20170914,39.92,53.06,51.08,8.724066,340.0,19.01399,0.0,0.0,0.59842552
14009,LIVINGSTON MISSION FLD,MT,45.6983,-110.4408,1415.2,20170427,33.08,46.04,,14.316416,340.0,29.08022,,,0.18897648
14010,LIVINGSTON MISSION FLD,MT,45.6983,-110.4408,1415.2,20170507,44.06,69.98,,11.408394,340.0,35.119958000000004,,,0.12992133
14011,LIVINGSTON MISSION FLD,MT,45.6983,-110.4408,1415.2,20170711,50.0,86.0,,10.513618,340.0,44.067718,,,0.0
14012,LIVINGSTON MISSION FLD,MT,45.6983,-110.4408,1415.2,20170822,41.0,91.04,,5.59235,340.0,16.105968,,,0.0
14017,MISSOULA INTL AP,MT,46.9208,-114.0925,972.9,20170104,-13.9,7.16,0.86,2.013246,340.0,10.066230000000001,0.0,9.055123,0.0
14018,MISSOULA INTL AP,MT,46.9208,-114.0925,972.9,20170216,32.0,46.94,34.88,2.684328,340.0,23.040482,0.0,7.086618,0.03149608
14019,MISSOULA INTL AP,MT,46.9208,-114.0925,972.9,20170217,31.1,44.96,39.92,4.250186,340.0,14.092722,0.0,5.905515,0.01968505
14020,MISSOULA INTL AP,MT,46.9208,-114.0925,972.9,20170305,25.16,37.04,34.52,5.59235,340.0,36.90951,2.9921276000000003,1.181103,0.40157502
14021,MISSOULA INTL AP,MT,46.9208,-114.0925,972.9,20170327,35.96,48.92,42.44,3.802798,340.0,29.974996,0.0,0.0,0.20866153
15681,GLASGOW INTL AP,MT,48.2138,-106.6213,696.5,20170323,33.08,62.96,46.4,7.381902,340.0,25.053728,0.0,0.0,0.0
15682,GLASGOW INTL AP,MT,48.2138,-106.6213,696.5,20170502,33.08,60.98,45.86,7.829289999999999,340.0,36.90951,0.0,0.0,0.1181103
15683,GLASGOW INTL AP,MT,48.2138,-106.6213,696.5,20170520,39.92,69.98,54.68,9.171453999999999,340.0,29.08022,0.0,0.0,0.0
15684,GLASGOW INTL AP,MT,48.2138,-106.6213,696.5,20170530,39.92,73.04,57.56,6.487126,340.0,21.027236,0.0,0.0,0.0
15685,GLASGOW INTL AP,MT,48.2138,-106.6213,696.5,20170621,55.04,78.98,71.42,12.750558,340.0,44.962494,0.0,0.0,0.0393701
15686,GLASGOW INTL AP,MT,48.2138,-106.6213,696.5,20170815,51.08,82.94,64.58,9.842536,340.0,19.908766,0.0,0.0,0.0
15687,HAVRE CITY CO AP,MT,48.5428,-109.7633,787.9,20170403,33.08,42.08,37.76,11.1847,340.0,27.066974,0.0,0.0,0.03149608
15688,HAVRE CITY CO AP,MT,48.5428,-109.7633,787.9,20170624,39.02,75.92,57.92,6.487126,340.0,31.093465999999996,0.0,0.0,0.0
15689,HAVRE CITY CO AP,MT,48.5428,-109.7633,787.9,20170811,51.98,80.06,67.28,6.934514,340.0,31.988242,0.0,0.0,0.03149608
15690,HAVRE CITY CO AP,MT,48.5428,-109.7633,787.9,20170904,42.98,75.02,65.48,5.816044000000001,340.0,25.053728,0.0,0.0,0.0
15700,WOLF POINT INTL AP,MT,48.0944,-105.5744,605.3,20170123,22.1,30.2,,4.921268,340.0,16.105968,,0.0,0.01181103
15701,WOLF POINT INTL AP,MT,48.0944,-105.5744,605.3,20170404,29.12,57.02,,6.263432,340.0,25.053728,,0.0,0.01968505
15702,WOLF POINT INTL AP,MT,48.0944,-105.5744,605.3,20170618,42.08,78.98,,6.487126,340.0,46.97574,,0.0,0.01181103
15703,WOLF POINT INTL AP,MT,48.0944,-105.5744,605.3,20170811,50.0,86.0,,8.500372,340.0,34.001488,0.0,0.0,0.05905515
15704,WOLF POINT INTL AP,MT,48.0944,-105.5744,605.3,20170904,44.06,75.02,,12.526864,340.0,42.054472,0.0,0.0,0.0
15705,WOLF POINT INTL AP,MT,48.0944,-105.5744,605.3,20170913,42.98,71.06,,4.6975739999999995,340.0,23.040482,,0.0,0.0
15762,JORDAN AP,MT,47.3258,-106.9475,811.4,20170205,4.1,22.1,,7.158208,340.0,18.119214000000003,0.0,0.0,0.0
15763,JORDAN AP,MT,47.3258,-106.9475,811.4,20170319,37.04,57.92,,6.934514,340.0,23.040482,0.0,0.0,0.0
15764,JORDAN AP,MT,47.3258,-106.9475,811.4,20170515,33.98,60.08,,9.171453999999999,340.0,31.093465999999996,0.0,0.0,0.0
15765,JORDAN AP,MT,47.3258,-106.9475,811.4,20170606,42.08,78.98,,8.276678,340.0,29.08022,0.0,0.0,0.0
15766,JORDAN AP,MT,47.3258,-106.9475,811.4,20170629,48.92,75.92,,14.54011,340.0,33.106712,0.0,0.0,0.0
15767,JORDAN AP,MT,47.3258,-106.9475,811.4,20170711,57.02,87.98,,11.855782000000001,340.0,46.97574,0.0,0.0,0.0
15836,BAKER MUNI AP,MT,46.3583,-104.25,905.6,20170319,37.04,57.02,,8.500372,340.0,29.08022,,,0.25196864
15837,BAKER MUNI AP,MT,46.3583,-104.25,905.6,20170502,32.0,57.02,,10.066230000000001,340.0,33.106712,,,0.05905515
15838,BAKER MUNI AP,MT,46.3583,-104.25,905.6,20170606,48.02,77.0,,11.408394,340.0,27.066974,,,0.0
15839,BAKER MUNI AP,MT,46.3583,-104.25,905.6,20170623,46.94,68.0,,15.882273999999999,340.0,38.02798,,,0.0
15840,BAKER MUNI AP,MT,46.3583,-104.25,905.6,20170701,57.92,89.96,,12.750558,340.0,31.988242,,,0.0
15841,BAKER MUNI AP,MT,46.3583,-104.25,905.6,20170821,50.0,78.98,,8.724066,340.0,25.948504,,,0.0
15842,BAKER MUNI AP,MT,46.3583,-104.25,905.6,20170904,44.06,71.06,,13.197946,340.0,40.041226,,,0.0
20230,BILLINGS LOGAN INTL AP,MT,45.8069,-108.5422,1091.5,20170409,32.0,42.98,39.38,12.974252,330.0,36.014734000000004,3.3070884,0.0,1.2598432
20231,BILLINGS LOGAN INTL AP,MT,45.8069,-108.5422,1091.5,20170516,42.98,62.96,53.06,7.605596,330.0,23.935257999999997,0.0,0.0,0.05905515
20232,BILLINGS LOGAN INTL AP,MT,45.8069,-108.5422,1091.5,20170619,55.04,82.04,67.82,8.500372,330.0,25.053728,0.0,0.0,0.0
20233,BILLINGS LOGAN INTL AP,MT,45.8069,-108.5422,1091.5,20170622,48.92,75.02,67.46,11.1847,330.0,38.02798,0.0,0.0,0.0
20234,BILLINGS LOGAN INTL AP,MT,45.8069,-108.5422,1091.5,20170705,64.94,98.96,82.22,8.94776,330.0,35.119958000000004,0.0,0.0,0.0
20235,BILLINGS LOGAN INTL AP,MT,45.8069,-108.5422,1091.5,20170814,57.92,73.04,66.56,7.829289999999999,330.0,23.935257999999997,0.0,0.0,0.01968505
20236,LEWISTOWN MUNI AP,MT,47.0492,-109.4578,1263.4,20170427,33.98,46.04,,7.605596,330.0,29.974996,,0.0,0.33070884
20237,LEWISTOWN MUNI AP,MT,47.0492,-109.4578,1263.4,20170520,33.98,62.96,,4.921268,330.0,25.948504,,0.0,0.29133874
20238,LEWISTOWN MUNI AP,MT,47.0492,-109.4578,1263.4,20170716,57.02,93.02,,5.816044000000001,330.0,27.066974,,0.0,0.0
20239,LEWISTOWN MUNI AP,MT,47.0492,-109.4578,1263.4,20170902,50.0,89.06,,4.6975739999999995,330.0,16.105968,,0.0,0.0
20240,MILES CITY F WILEY FLD,MT,46.4267,-105.8825,799.8,20170204,11.12,20.12,,10.289924000000001,330.0,23.040482,,,0.0
20241,MILES CITY F WILEY FLD,MT,46.4267,-105.8825,799.8,20170207,1.22,9.14,,7.605596,330.0,14.092722,,,0.0
20242,MILES CITY F WILEY FLD,MT,46.4267,-105.8825,799.8,20170312,7.16,25.16,,12.30317,330.0,29.974996,,,0.0
20243,MILES CITY F WILEY FLD,MT,46.4267,-105.8825,799.8,20170319,42.08,60.08,,7.829289999999999,330.0,19.908766,,,0.14960638
20244,MILES CITY F WILEY FLD,MT,46.4267,-105.8825,799.8,20170328,37.04,53.96,,8.052984,330.0,35.119958000000004,,,0.01968505
20245,MILES CITY F WILEY FLD,MT,46.4267,-105.8825,799.8,20170407,44.96,78.98,,9.618841999999999,330.0,40.936002,,,0.0
20246,MILES CITY F WILEY FLD,MT,46.4267,-105.8825,799.8,20170430,33.98,64.94,,8.276678,330.0,27.96175,,,0.03149608
20247,MILES CITY F WILEY FLD,MT,46.4267,-105.8825,799.8,20170501,37.94,60.08,,18.342907999999998,330.0,50.107456,,,0.01181103
20248,MILES CITY F WILEY FLD,MT,46.4267,-105.8825,799.8,20170515,48.02,73.94,,11.632088000000001,330.0,36.90951,,,0.07086618
20249,MILES CITY F WILEY FLD,MT,46.4267,-105.8825,799.8,20170522,42.98,69.08,,11.1847,330.0,35.119958000000004,,,0.03149608
20250,MILES CITY F WILEY FLD,MT,46.4267,-105.8825,799.8,20170705,64.94,104.0,,9.395147999999999,330.0,33.106712,,,0.0
20251,MILES CITY F WILEY FLD,MT,46.4267,-105.8825,799.8,20170707,64.04,100.04,,10.737312,330.0,36.90951,,,0.0
20252,MILES CITY F WILEY FLD,MT,46.4267,-105.8825,799.8,20170722,55.04,91.94,,8.724066,330.0,25.948504,,,0.0
20253,MILES CITY F WILEY FLD,MT,46.4267,-105.8825,799.8,20170805,59.0,80.96,,10.961006,330.0,25.948504,,,0.0
20254,MILES CITY F WILEY FLD,MT,46.4267,-105.8825,799.8,20170903,59.0,87.08,,12.750558,330.0,36.90951,,,0.0
20255,MILES CITY F WILEY FLD,MT,46.4267,-105.8825,799.8,20170904,46.94,73.94,,13.42164,330.0,33.106712,,,0.0
20256,MILES CITY F WILEY FLD,MT,46.4267,-105.8825,799.8,20170913,55.04,87.08,,9.171453999999999,330.0,38.02798,,,0.0
20467,BOZEMAN GALLATIN FLD,MT,45.7881,-111.1608,1349.3,20170502,35.96,53.96,,7.381902,330.0,31.093465999999996,0.0,0.0,0.05905515
20468,BOZEMAN GALLATIN FLD,MT,45.7881,-111.1608,1349.3,20170628,46.94,71.06,,8.500372,330.0,40.936002,0.0,0.0,0.25196864
20469,BOZEMAN GALLATIN FLD,MT,45.7881,-111.1608,1349.3,20170722,44.96,89.06,,4.6975739999999995,330.0,14.987498,0.0,0.0,0.0
20470,BOZEMAN GALLATIN FLD,MT,45.7881,-111.1608,1349.3,20170910,51.98,86.0,,4.6975739999999995,330.0,17.000744,0.0,0.0,0.0
20471,BOZEMAN GALLATIN FLD,MT,45.7881,-111.1608,1349.3,20170915,37.94,44.06,,6.039738,330.0,14.987498,0.0,0.0,0.24015761
20476,BUTTE BERT MOONEY AP,MT,45.9647,-112.5006,1678.2,20170129,8.24,42.98,20.48,2.9080220000000003,330.0,23.040482,,,0.0
20477,BUTTE BERT MOONEY AP,MT,45.9647,-112.5006,1678.2,20170224,13.1,27.14,20.3,2.460634,330.0,14.092722,,,0.0
20478,BUTTE BERT MOONEY AP,MT,45.9647,-112.5006,1678.2,20170430,33.08,55.04,44.78,9.618841999999999,330.0,38.02798,,,0.0
20479,BUTTE BERT MOONEY AP,MT,45.9647,-112.5006,1678.2,20170521,32.0,64.94,47.66,5.816044000000001,330.0,31.093465999999996,,,0.0
20480,BUTTE BERT MOONEY AP,MT,45.9647,-112.5006,1678.2,20170618,50.0,66.02,57.56,6.934514,330.0,23.935257999999997,,,0.01968505
20481,BUTTE BERT MOONEY AP,MT,45.9647,-112.5006,1678.2,20170717,42.08,80.96,64.04,5.59235,330.0,23.935257999999997,,,0.0
20482,BUTTE BERT MOONEY AP,MT,45.9647,-112.5006,1678.2,20170718,42.98,87.08,66.74,4.250186,330.0,21.027236,,,0.0
20483,BUTTE BERT MOONEY AP,MT,45.9647,-112.5006,1678.2,20170722,41.0,84.92,65.84,5.59235,330.0,18.119214000000003,,,0.0
20484,BUTTE BERT MOONEY AP,MT,45.9647,-112.5006,1678.2,20170803,44.06,84.92,63.86,4.6975739999999995,330.0,19.908766,,,0.0
20485,BUTTE BERT MOONEY AP,MT,45.9647,-112.5006,1678.2,20170901,44.06,82.94,64.4,4.250186,330.0,19.908766,,,0.0
20486,BUTTE BERT MOONEY AP,MT,45.9647,-112.5006,1678.2,20170914,37.04,55.04,51.26,5.59235,330.0,19.908766,,,0.25196864
20487,CUT BANK MUNI AP,MT,48.6033,-112.3753,1169.8,20170110,-16.78,2.12,-6.52,10.513618,330.0,25.948504,,5.118113,0.0
20488,CUT BANK MUNI AP,MT,48.6033,-112.3753,1169.8,20170204,-1.84,9.14,5.72,7.605596,330.0,21.922012,,3.149608,0.0393701
20489,CUT BANK MUNI AP,MT,48.6033,-112.3753,1169.8,20170207,-24.88,-6.88,-11.74,10.737312,330.0,23.935257999999997,,7.086618,0.0
20490,CUT BANK MUNI AP,MT,48.6033,-112.3753,1169.8,20170222,21.2,31.1,28.76,9.171453999999999,330.0,23.040482,,1.181103,0.0
20491,CUT BANK MUNI AP,MT,48.6033,-112.3753,1169.8,20170226,11.12,25.16,20.84,12.974252,330.0,25.948504,,1.181103,0.05118113
20492,CUT BANK MUNI AP,MT,48.6033,-112.3753,1169.8,20170330,35.06,57.02,46.76,15.882273999999999,330.0,36.014734000000004,,0.0,0.0
20493,CUT BANK MUNI AP,MT,48.6033,-112.3753,1169.8,20170403,24.26,37.04,32.18,14.987498,330.0,29.974996,,1.181103,0.0393701
20494,CUT BANK MUNI AP,MT,48.6033,-112.3753,1169.8,20170509,33.98,64.94,50.36,7.158208,330.0,21.922012,,0.0,0.0
20495,CUT BANK MUNI AP,MT,48.6033,-112.3753,1169.8,20170520,37.04,64.94,52.16,8.724066,330.0,27.96175,,0.0,0.01181103
20496,CUT BANK MUNI AP,MT,48.6033,-112.3753,1169.8,20170525,39.92,59.0,48.2,23.264176000000003,330.0,52.120702,,0.0,0.14960638
20497,CUT BANK MUNI AP,MT,48.6033,-112.3753,1169.8,20170630,41.0,82.04,62.96,4.250186,330.0,19.01399,,0.0,0.0
20498,CUT BANK MUNI AP,MT,48.6033,-112.3753,1169.8,20170710,53.06,82.94,75.56,11.408394,330.0,44.962494,,0.0,0.0
20499,CUT BANK MUNI AP,MT,48.6033,-112.3753,1169.8,20170731,55.04,89.06,72.14,9.842536,330.0,23.935257999999997,,0.0,0.0
20500,CUT BANK MUNI AP,MT,48.6033,-112.3753,1169.8,20170804,50.0,69.08,63.68,16.105968,330.0,38.922756,,0.0,0.0
20501,CUT BANK MUNI AP,MT,48.6033,-112.3753,1169.8,20170821,46.94,75.02,62.06,8.052984,330.0,18.119214000000003,,0.0,0.0
20502,DILLON AP,MT,45.2575,-112.5545,1585.0,20170327,31.1,53.96,41.36,7.158208,330.0,23.935257999999997,,0.0,0.0787402
20503,DILLON AP,MT,45.2575,-112.5545,1585.0,20170729,51.08,89.06,68.72,7.381902,330.0,33.106712,,0.0,0.0
20519,GREAT FALLS INTL AP,MT,47.4733,-111.3822,1116.8,20170205,-3.82,12.2,5.72,6.039738,330.0,19.01399,0.3149608,3.93701,0.0
20520,GREAT FALLS INTL AP,MT,47.4733,-111.3822,1116.8,20170207,-8.86,-3.82,-4.54,5.368656,330.0,12.974252,0.1968505,5.118113,0.01968505
20521,GREAT FALLS INTL AP,MT,47.4733,-111.3822,1116.8,20170330,39.02,60.98,49.82,11.408394,330.0,27.96175,0.0,0.0,0.0
20522,GREAT FALLS INTL AP,MT,47.4733,-111.3822,1116.8,20170403,24.26,37.94,33.62,10.513618,330.0,27.96175,0.5905515,0.0,0.05118113
20523,GREAT FALLS INTL AP,MT,47.4733,-111.3822,1116.8,20170525,39.92,60.98,50.36,16.77705,330.0,40.936002,0.0,0.0,0.38976399
20524,GREAT FALLS INTL AP,MT,47.4733,-111.3822,1116.8,20170802,55.04,69.08,64.76,10.289924000000001,330.0,25.053728,0.0,0.0,0.0
20525,GREAT FALLS INTL AP,MT,47.4733,-111.3822,1116.8,20170804,50.0,75.92,67.28,10.066230000000001,330.0,29.974996,0.0,0.0,0.03149608
20526,HELENA RGNL AP,MT,46.6056,-111.9636,1166.8,20170205,6.26,31.1,13.46,4.47388,330.0,17.000744,0.0,11.023628,0.0
20527,HELENA RGNL AP,MT,46.6056,-111.9636,1166.8,20170223,27.14,35.06,32.18,9.618841999999999,330.0,21.922012,0.0,0.0,0.0
20528,HELENA RGNL AP,MT,46.6056,-111.9636,1166.8,20170305,26.24,41.0,35.6,4.6975739999999995,330.0,21.922012,0.0,0.0,0.0
20529,HELENA RGNL AP,MT,46.6056,-111.9636,1166.8,20170403,29.12,46.04,38.66,9.842536,330.0,31.093465999999996,0.0,0.0,0.01181103
20530,HELENA RGNL AP,MT,46.6056,-111.9636,1166.8,20170428,33.98,55.04,42.08,5.816044000000001,330.0,23.040482,0.0,0.0,0.0
20531,HELENA RGNL AP,MT,46.6056,-111.9636,1166.8,20170719,59.0,93.02,78.44,5.816044000000001,330.0,27.96175,0.0,0.0,0.0
20532,HELENA RGNL AP,MT,46.6056,-111.9636,1166.8,20170828,53.06,96.08,73.76,4.6975739999999995,330.0,23.040482,0.0,0.0,0.0
20533,HELENA RGNL AP,MT,46.6056,-111.9636,1166.8,20170915,37.04,39.92,39.74,9.395147999999999,330.0,19.01399,0.0,0.0,1.01968559
20561,LIVINGSTON MISSION FLD,MT,45.6983,-110.4408,1415.2,20170121,11.12,33.98,,8.052984,330.0,19.908766,,,0.0
20562,LIVINGSTON MISSION FLD,MT,45.6983,-110.4408,1415.2,20170201,-15.88,14.18,,8.276678,330.0,29.974996,,,0.0393701
20563,LIVINGSTON MISSION FLD,MT,45.6983,-110.4408,1415.2,20170403,26.24,42.08,,10.289924000000001,330.0,35.119958000000004,,,0.0
20564,LIVINGSTON MISSION FLD,MT,45.6983,-110.4408,1415.2,20170519,23.18,60.08,,2.9080220000000003,330.0,14.092722,,,0.0
20565,LIVINGSTON MISSION FLD,MT,45.6983,-110.4408,1415.2,20170626,44.06,91.04,,10.961006,330.0,40.041226,,,0.0
20566,LIVINGSTON MISSION FLD,MT,45.6983,-110.4408,1415.2,20170628,51.98,77.0,,16.77705,330.0,44.962494,,,0.03149608
20567,LIVINGSTON MISSION FLD,MT,45.6983,-110.4408,1415.2,20170704,50.0,91.04,,5.368656,330.0,16.105968,,,0.0
20568,LIVINGSTON MISSION FLD,MT,45.6983,-110.4408,1415.2,20170801,48.02,96.08,,6.71082,330.0,25.053728,,,0.0
20573,MISSOULA INTL AP,MT,46.9208,-114.0925,972.9,20170221,32.0,42.98,34.34,4.026492,330.0,19.908766,0.0,3.149608,0.35826791
20574,MISSOULA INTL AP,MT,46.9208,-114.0925,972.9,20170223,28.22,37.04,31.64,5.816044000000001,330.0,18.119214000000003,0.1181103,1.181103,0.0
20575,MISSOULA INTL AP,MT,46.9208,-114.0925,972.9,20170224,21.2,33.98,29.48,8.052984,330.0,18.119214000000003,0.0,1.181103,0.0
20576,MISSOULA INTL AP,MT,46.9208,-114.0925,972.9,20170322,35.96,57.02,44.42,4.921268,330.0,18.119214000000003,0.0,0.0,0.01181103
20577,MISSOULA INTL AP,MT,46.9208,-114.0925,972.9,20170419,33.08,62.06,45.14,3.579104,330.0,19.01399,0.0,0.0,0.0
20578,MISSOULA INTL AP,MT,46.9208,-114.0925,972.9,20170425,35.96,53.96,43.34,4.921268,330.0,27.066974,0.0,0.0,0.0
20579,MISSOULA INTL AP,MT,46.9208,-114.0925,972.9,20170602,48.02,75.02,59.72,5.368656,330.0,19.908766,0.0,0.0,0.0
20580,MISSOULA INTL AP,MT,46.9208,-114.0925,972.9,20170610,39.92,59.0,51.98,6.487126,330.0,25.948504,0.0,0.0,0.03149608
20581,MISSOULA INTL AP,MT,46.9208,-114.0925,972.9,20170617,48.02,69.98,55.76,4.026492,330.0,14.092722,0.0,0.0,0.0393701
20582,MISSOULA INTL AP,MT,46.9208,-114.0925,972.9,20170718,48.02,91.04,67.82,4.026492,330.0,21.922012,0.0,0.0,0.0
20583,MISSOULA INTL AP,MT,46.9208,-114.0925,972.9,20170730,55.04,96.98,76.64,4.921268,330.0,25.053728,0.0,0.0,0.0
20584,MISSOULA INTL AP,MT,46.9208,-114.0925,972.9,20170903,48.92,95.0,71.6,2.013246,330.0,10.961006,0.0,0.0,0.0
22741,GLASGOW INTL AP,MT,48.2138,-106.6213,696.5,20170403,33.98,51.98,42.26,7.605596,330.0,19.01399,0.0,0.0,0.01968505
22742,GLASGOW INTL AP,MT,48.2138,-106.6213,696.5,20170529,35.96,71.96,56.84,11.1847,330.0,29.08022,0.0,0.0,0.0
22743,GLASGOW INTL AP,MT,48.2138,-106.6213,696.5,20170627,57.92,84.92,75.92,13.645334,330.0,33.106712,0.0,0.0,0.0
22744,GLASGOW INTL AP,MT,48.2138,-106.6213,696.5,20170629,46.94,75.92,66.02,14.316416,330.0,34.001488,0.0,0.0,0.0
22745,GLASGOW INTL AP,MT,48.2138,-106.6213,696.5,20170724,66.92,86.0,78.26,13.197946,330.0,36.014734000000004,0.0,0.0,0.0
22746,GLASGOW INTL AP,MT,48.2138,-106.6213,696.5,20170821,53.06,77.0,67.28,8.052984,330.0,19.908766,0.0,0.0,0.0
22747,HAVRE CITY CO AP,MT,48.5428,-109.7633,787.9,20170131,11.12,28.22,24.8,8.724066,330.0,21.027236,0.0,1.181103,0.0
22748,HAVRE CITY CO AP,MT,48.5428,-109.7633,787.9,20170203,-4.9,21.2,5.72,5.816044000000001,330.0,14.987498,2.0078751,1.181103,0.14173236
22749,HAVRE CITY CO AP,MT,48.5428,-109.7633,787.9,20170520,35.06,71.96,55.04,5.368656,330.0,36.90951,0.0,0.0,0.07086618
22750,HAVRE CITY CO AP,MT,48.5428,-109.7633,787.9,20170622,37.04,66.02,57.56,12.974252,330.0,46.080964,0.0,0.0,0.0
22751,HAVRE CITY CO AP,MT,48.5428,-109.7633,787.9,20170711,53.96,80.96,71.06,10.513618,330.0,42.949248,0.0,0.0,0.22047256
22760,WOLF POINT INTL AP,MT,48.0944,-105.5744,605.3,20170226,10.22,29.12,,4.47388,330.0,19.01399,,0.0,0.0
22761,WOLF POINT INTL AP,MT,48.0944,-105.5744,605.3,20170617,44.96,78.08,,15.658579999999999,330.0,46.080964,,0.0,0.0
22762,WOLF POINT INTL AP,MT,48.0944,-105.5744,605.3,20170724,69.98,93.02,,9.395147999999999,330.0,27.066974,0.0,0.0,0.0
22763,WOLF POINT INTL AP,MT,48.0944,-105.5744,605.3,20170725,62.06,89.06,,7.605596,330.0,23.040482,0.0,0.0,0.01181103
22764,WOLF POINT INTL AP,MT,48.0944,-105.5744,605.3,20170817,48.92,91.94,,7.381902,330.0,38.922756,,0.0,0.0
22765,WOLF POINT INTL AP,MT,48.0944,-105.5744,605.3,20170819,51.08,86.0,,11.408394,330.0,31.093465999999996,0.0,0.0,0.0
22870,JORDAN AP,MT,47.3258,-106.9475,811.4,20170121,13.1,42.08,,4.6975739999999995,330.0,12.974252,0.0,0.0,0.0
22871,JORDAN AP,MT,47.3258,-106.9475,811.4,20170124,18.14,24.26,,7.158208,330.0,17.000744,0.0,0.0,0.0
22872,JORDAN AP,MT,47.3258,-106.9475,811.4,20170202,6.26,22.1,,4.250186,330.0,21.027236,0.0,0.0,0.0
22873,JORDAN AP,MT,47.3258,-106.9475,811.4,20170224,24.26,35.96,,6.71082,330.0,16.105968,,0.0,0.01181103
22874,JORDAN AP,MT,47.3258,-106.9475,811.4,20170228,1.22,37.04,,5.59235,330.0,21.027236,0.0,0.0,0.0
22875,JORDAN AP,MT,47.3258,-106.9475,811.4,20170316,31.1,62.96,,12.30317,330.0,38.922756,,0.0,0.05118113
22876,JORDAN AP,MT,47.3258,-106.9475,811.4,20170404,22.1,53.06,,8.94776,330.0,27.96175,,0.0,0.01968505
22877,JORDAN AP,MT,47.3258,-106.9475,811.4,20170407,35.96,73.94,,8.94776,330.0,33.106712,0.0,0.0,0.0
22878,JORDAN AP,MT,47.3258,-106.9475,811.4,20170419,33.08,62.06,,10.961006,330.0,31.988242,,0.0,0.22834658
22879,JORDAN AP,MT,47.3258,-106.9475,811.4,20170527,39.02,78.98,,13.42164,330.0,38.02798,0.0,0.0,0.0
22880,JORDAN AP,MT,47.3258,-106.9475,811.4,20170622,44.96,75.02,,16.329662,330.0,52.120702,0.0,0.0,0.0
22881,JORDAN AP,MT,47.3258,-106.9475,811.4,20170625,39.02,80.96,,6.263432,330.0,19.908766,0.0,0.0,0.0
22882,JORDAN AP,MT,47.3258,-106.9475,811.4,20170704,59.0,95.0,,6.71082,330.0,23.935257999999997,0.0,0.0,0.0
22883,JORDAN AP,MT,47.3258,-106.9475,811.4,20170705,55.04,102.02,,10.513618,330.0,29.974996,0.0,0.0,0.0
22884,JORDAN AP,MT,47.3258,-106.9475,811.4,20170714,71.06,100.94,,13.197946,330.0,31.093465999999996,0.0,0.0,0.0
22885,JORDAN AP,MT,47.3258,-106.9475,811.4,20170808,50.0,87.08,,9.395147999999999,330.0,33.106712,0.0,0.0,0.0
22886,JORDAN AP,MT,47.3258,-106.9475,811.4,20170809,48.02,78.08,,9.395147999999999,330.0,25.948504,0.0,0.0,0.0
22887,JORDAN AP,MT,47.3258,-106.9475,811.4,20170811,44.96,87.98,,6.934514,330.0,42.054472,0.0,0.0,0.0
22888,JORDAN AP,MT,47.3258,-106.9475,811.4,20170904,39.92,73.94,,10.513618,330.0,33.106712,0.0,0.0,0.0
22889,JORDAN AP,MT,47.3258,-106.9475,811.4,20170910,53.06,89.06,,8.94776,330.0,29.974996,0.0,0.0,0.0
22960,BAKER MUNI AP,MT,46.3583,-104.25,905.6,20170326,37.04,60.08,,6.039738,330.0,14.987498,,,0.01968505
22961,BAKER MUNI AP,MT,46.3583,-104.25,905.6,20170328,35.06,60.08,,8.276678,330.0,25.948504,,,0.0
22962,BAKER MUNI AP,MT,46.3583,-104.25,905.6,20170404,25.16,46.94,,8.052984,330.0,27.066974,,,0.01968505
22963,BAKER MUNI AP,MT,46.3583,-104.25,905.6,20170516,42.98,60.08,,6.71082,330.0,21.027236,,,0.01181103
22964,BAKER MUNI AP,MT,46.3583,-104.25,905.6,20170521,32.0,64.94,,9.171453999999999,330.0,38.922756,,,0.14960638
22965,BAKER MUNI AP,MT,46.3583,-104.25,905.6,20170603,46.94,82.94,,5.816044000000001,330.0,25.948504,,,0.0
22966,BAKER MUNI AP,MT,46.3583,-104.25,905.6,20170622,46.94,73.94,,17.000744,330.0,46.080964,,,0.0
22967,BAKER MUNI AP,MT,46.3583,-104.25,905.6,20170625,41.0,80.06,,10.513618,330.0,27.96175,,,0.0
22968,BAKER MUNI AP,MT,46.3583,-104.25,905.6,20170628,51.08,84.92,,7.158208,330.0,38.922756,,,0.0
22969,BAKER MUNI AP,MT,46.3583,-104.25,905.6,20170629,53.96,80.06,,13.42164,330.0,38.02798,,,0.0
22970,BAKER MUNI AP,MT,46.3583,-104.25,905.6,20170630,44.06,75.02,,6.934514,330.0,23.935257999999997,,,0.0
22971,BAKER MUNI AP,MT,46.3583,-104.25,905.6,20170711,62.06,89.96,,13.197946,330.0,34.001488,,,0.0
22972,BAKER MUNI AP,MT,46.3583,-104.25,905.6,20170722,50.0,87.98,,8.500372,330.0,34.001488,,,0.0
22973,BAKER MUNI AP,MT,46.3583,-104.25,905.6,20170728,59.0,93.92,,9.618841999999999,330.0,21.922012,,,0.0
22974,BAKER MUNI AP,MT,46.3583,-104.25,905.6,20170818,48.02,89.06,,5.1449620000000005,330.0,23.935257999999997,,,0.0
22975,BAKER MUNI AP,MT,46.3583,-104.25,905.6,20170819,51.08,89.06,,11.632088000000001,330.0,31.988242,,,0.0
22976,BAKER MUNI AP,MT,46.3583,-104.25,905.6,20170910,55.94,91.04,,8.724066,330.0,29.08022,,,0.0
22977,BAKER MUNI AP,MT,46.3583,-104.25,905.6,20170914,50.0,66.92,,14.316416,330.0,25.053728,,,0.03149608
28287,BILLINGS LOGAN INTL AP,MT,45.8069,-108.5422,1091.5,20170123,16.16,25.16,22.46,3.131716,320.0,12.974252,0.1968505,1.968505,0.0
28288,BILLINGS LOGAN INTL AP,MT,45.8069,-108.5422,1091.5,20170201,-1.84,18.14,14.9,7.829289999999999,320.0,19.01399,2.0866153,5.118113,0.0787402
28289,BILLINGS LOGAN INTL AP,MT,45.8069,-108.5422,1091.5,20170305,31.1,62.96,49.82,11.855782000000001,320.0,36.014734000000004,0.0,0.0,0.0
28290,BILLINGS LOGAN INTL AP,MT,45.8069,-108.5422,1091.5,20170323,39.02,55.04,49.28,5.59235,320.0,19.01399,0.0,0.0,0.0
28291,BILLINGS LOGAN INTL AP,MT,45.8069,-108.5422,1091.5,20170404,29.12,50.0,37.76,10.737312,320.0,23.935257999999997,0.1181103,0.0,0.01181103
28292,BILLINGS LOGAN INTL AP,MT,45.8069,-108.5422,1091.5,20170418,39.92,64.04,49.28,7.381902,320.0,25.948504,0.0,0.0,0.0393701
28293,BILLINGS LOGAN INTL AP,MT,45.8069,-108.5422,1091.5,20170419,42.98,62.06,52.16,14.092722,320.0,36.90951,0.0,0.0,0.03149608
28294,BILLINGS LOGAN INTL AP,MT,45.8069,-108.5422,1091.5,20170421,42.08,51.98,48.74,11.408394,320.0,31.988242,0.0,0.0,0.5118113000000001
28295,BILLINGS LOGAN INTL AP,MT,45.8069,-108.5422,1091.5,20170423,42.98,66.92,53.6,6.71082,320.0,52.120702,0.0,0.0,0.0
28296,BILLINGS LOGAN INTL AP,MT,45.8069,-108.5422,1091.5,20170501,44.06,57.92,51.08,14.763804,320.0,36.014734000000004,0.0,0.0,0.0
28297,BILLINGS LOGAN INTL AP,MT,45.8069,-108.5422,1091.5,20170513,39.92,62.06,62.24,10.961006,320.0,42.949248,0.0,0.0,0.1181103
28298,BILLINGS LOGAN INTL AP,MT,45.8069,-108.5422,1091.5,20170520,39.02,66.92,51.98,7.605596,320.0,29.974996,0.0,0.0,0.03149608
28299,BILLINGS LOGAN INTL AP,MT,45.8069,-108.5422,1091.5,20170609,51.98,80.06,75.2,10.289924000000001,320.0,42.054472,0.0,0.0,0.16929143
28300,BILLINGS LOGAN INTL AP,MT,45.8069,-108.5422,1091.5,20170617,55.04,73.04,62.78,14.092722,320.0,35.119958000000004,0.0,0.0,0.0
28301,BILLINGS LOGAN INTL AP,MT,45.8069,-108.5422,1091.5,20170618,55.04,75.92,64.76,13.869028,320.0,38.02798,0.0,0.0,0.0
28302,BILLINGS LOGAN INTL AP,MT,45.8069,-108.5422,1091.5,20170706,64.94,95.0,83.48,7.605596,320.0,59.055216,0.0,0.0,0.0
28303,BILLINGS LOGAN INTL AP,MT,45.8069,-108.5422,1091.5,20170710,62.96,95.0,78.08,10.961006,320.0,48.09421,0.0,0.0,0.01968505
28304,LEWISTOWN MUNI AP,MT,47.0492,-109.4578,1263.4,20170130,30.2,44.06,,12.30317,320.0,36.90951,,0.0,0.0
28305,LEWISTOWN MUNI AP,MT,47.0492,-109.4578,1263.4,20170219,31.1,51.08,,6.487126,320.0,29.08022,,0.0,0.03149608
28306,LEWISTOWN MUNI AP,MT,47.0492,-109.4578,1263.4,20170323,29.12,55.04,,6.934514,320.0,21.027236,,0.0,0.0
28307,LEWISTOWN MUNI AP,MT,47.0492,-109.4578,1263.4,20170403,29.12,37.94,,12.974252,320.0,29.08022,,0.0,0.14960638
28308,LEWISTOWN MUNI AP,MT,47.0492,-109.4578,1263.4,20170404,22.1,42.98,,6.71082,320.0,21.922012,,3.93701,0.1181103
28309,LEWISTOWN MUNI AP,MT,47.0492,-109.4578,1263.4,20170419,32.0,57.92,,10.513618,320.0,35.119958000000004,,0.0,0.01968505
28310,LEWISTOWN MUNI AP,MT,47.0492,-109.4578,1263.4,20170421,35.96,46.94,,9.618841999999999,320.0,25.948504,,0.0,0.09055123
28311,LEWISTOWN MUNI AP,MT,47.0492,-109.4578,1263.4,20170502,35.96,51.08,,8.94776,320.0,40.041226,,0.0,0.18110246
28312,LEWISTOWN MUNI AP,MT,47.0492,-109.4578,1263.4,20170610,42.98,66.02,,11.1847,320.0,29.08022,,0.0,0.09055123
28313,LEWISTOWN MUNI AP,MT,47.0492,-109.4578,1263.4,20170617,46.94,66.02,,9.618841999999999,320.0,35.119958000000004,0.0,0.0,0.0393701
28314,LEWISTOWN MUNI AP,MT,47.0492,-109.4578,1263.4,20170703,53.06,93.92,,7.829289999999999,320.0,25.948504,,0.0,0.0
28315,LEWISTOWN MUNI AP,MT,47.0492,-109.4578,1263.4,20170721,53.06,84.92,,8.94776,320.0,31.093465999999996,,0.0,0.0
28316,LEWISTOWN MUNI AP,MT,47.0492,-109.4578,1263.4,20170728,55.94,89.96,,6.263432,320.0,21.027236,,0.0,0.0
28317,LEWISTOWN MUNI AP,MT,47.0492,-109.4578,1263.4,20170816,46.04,82.94,,5.1449620000000005,320.0,19.01399,,0.0,0.0
28318,MILES CITY F WILEY FLD,MT,46.4267,-105.8825,799.8,20170108,1.22,9.14,,10.066230000000001,320.0,27.066974,,,0.0
28319,MILES CITY F WILEY FLD,MT,46.4267,-105.8825,799.8,20170221,37.94,60.98,,6.487126,320.0,42.054472,,,0.25984266
28320,MILES CITY F WILEY FLD,MT,46.4267,-105.8825,799.8,20170302,25.16,37.94,,7.158208,320.0,21.922012,,,0.0
28321,MILES CITY F WILEY FLD,MT,46.4267,-105.8825,799.8,20170305,32.0,69.08,,12.30317,320.0,40.041226,,,0.0
28322,MILES CITY F WILEY FLD,MT,46.4267,-105.8825,799.8,20170306,23.18,35.06,,18.342907999999998,320.0,42.054472,,,0.05118113
28323,MILES CITY F WILEY FLD,MT,46.4267,-105.8825,799.8,20170317,29.12,51.98,,7.829289999999999,320.0,21.027236,,,0.0
28324,MILES CITY F WILEY FLD,MT,46.4267,-105.8825,799.8,20170325,42.08,57.92,,7.605596,320.0,23.040482,,,0.0
28325,MILES CITY F WILEY FLD,MT,46.4267,-105.8825,799.8,20170404,31.1,50.0,,8.94776,320.0,29.974996,,,0.14960638
28326,MILES CITY F WILEY FLD,MT,46.4267,-105.8825,799.8,20170507,50.0,80.96,,13.42164,320.0,48.09421,,,0.09055123
28327,MILES CITY F WILEY FLD,MT,46.4267,-105.8825,799.8,20170526,39.92,68.0,,9.618841999999999,320.0,29.08022,,,0.0
28328,MILES CITY F WILEY FLD,MT,46.4267,-105.8825,799.8,20170528,46.04,80.06,,14.763804,320.0,42.054472,,,0.0
28329,MILES CITY F WILEY FLD,MT,46.4267,-105.8825,799.8,20170619,50.0,84.92,,12.30317,320.0,31.093465999999996,,,0.0
28330,MILES CITY F WILEY FLD,MT,46.4267,-105.8825,799.8,20170621,60.08,86.0,,10.513618,320.0,34.001488,,,0.0
28331,MILES CITY F WILEY FLD,MT,46.4267,-105.8825,799.8,20170622,48.92,78.08,,16.553356,320.0,44.067718,,,0.0
28332,MILES CITY F WILEY FLD,MT,46.4267,-105.8825,799.8,20170623,50.0,71.96,,13.869028,320.0,34.001488,,,0.0
28333,MILES CITY F WILEY FLD,MT,46.4267,-105.8825,799.8,20170627,59.0,87.98,,12.974252,320.0,44.067718,,,0.0
28334,MILES CITY F WILEY FLD,MT,46.4267,-105.8825,799.8,20170629,55.04,80.06,,13.869028,320.0,35.119958000000004,,,0.0
28335,MILES CITY F WILEY FLD,MT,46.4267,-105.8825,799.8,20170809,53.96,77.0,,11.1847,320.0,25.948504,,,0.0
28336,MILES CITY F WILEY FLD,MT,46.4267,-105.8825,799.8,20170821,53.96,82.04,,7.158208,320.0,19.908766,,,0.0
28337,MILES CITY F WILEY FLD,MT,46.4267,-105.8825,799.8,20170825,66.02,89.96,,6.934514,320.0,23.935257999999997,,,0.0
28338,MILES CITY F WILEY FLD,MT,46.4267,-105.8825,799.8,20170914,50.0,62.96,,13.197946,320.0,36.90951,,,0.11023628
28565,BOZEMAN GALLATIN FLD,MT,45.7881,-111.1608,1349.3,20170110,4.1,33.98,,6.263432,320.0,21.027236,0.393701,4.0157502,0.0
28566,BOZEMAN GALLATIN FLD,MT,45.7881,-111.1608,1349.3,20170310,21.2,55.94,,4.026492,320.0,19.908766,0.0,0.0,0.0
28567,BOZEMAN GALLATIN FLD,MT,45.7881,-111.1608,1349.3,20170322,32.0,60.08,,6.039738,320.0,19.908766,0.0,0.0,0.05905515
28568,BOZEMAN GALLATIN FLD,MT,45.7881,-111.1608,1349.3,20170402,33.98,53.06,,6.934514,320.0,40.041226,0.0,0.0,0.05118113
28569,BOZEMAN GALLATIN FLD,MT,45.7881,-111.1608,1349.3,20170519,30.2,62.06,,2.9080220000000003,320.0,12.974252,0.0,0.0,0.0
28570,BOZEMAN GALLATIN FLD,MT,45.7881,-111.1608,1349.3,20170617,46.04,69.08,,6.263432,320.0,21.922012,0.0,0.0,0.0
28571,BOZEMAN GALLATIN FLD,MT,45.7881,-111.1608,1349.3,20170621,53.06,84.02,,8.052984,320.0,27.96175,0.0,0.0,0.0
28572,BOZEMAN GALLATIN FLD,MT,45.7881,-111.1608,1349.3,20170622,39.92,73.04,,8.276678,320.0,25.948504,0.0,0.0,0.0
28573,BOZEMAN GALLATIN FLD,MT,45.7881,-111.1608,1349.3,20170711,51.08,80.96,,6.263432,320.0,27.96175,0.0,0.0,0.01968505
28574,BOZEMAN GALLATIN FLD,MT,45.7881,-111.1608,1349.3,20170816,44.06,84.92,,4.6975739999999995,320.0,18.119214000000003,0.0,0.0,0.0
28575,BOZEMAN GALLATIN FLD,MT,45.7881,-111.1608,1349.3,20170902,46.04,93.92,,5.816044000000001,320.0,14.987498,0.0,0.0,0.0
28582,BUTTE BERT MOONEY AP,MT,45.9647,-112.5006,1678.2,20170123,-3.82,24.26,13.46,3.131716,320.0,16.105968,,,0.0
28583,BUTTE BERT MOONEY AP,MT,45.9647,-112.5006,1678.2,20170207,14.18,27.14,21.92,2.23694,320.0,10.961006,,,0.09842525
28584,BUTTE BERT MOONEY AP,MT,45.9647,-112.5006,1678.2,20170330,33.98,46.04,41.54,6.71082,320.0,29.08022,,,0.0393701
28585,BUTTE BERT MOONEY AP,MT,45.9647,-112.5006,1678.2,20170405,22.1,53.06,37.22,5.368656,320.0,23.040482,,,0.0
28586,BUTTE BERT MOONEY AP,MT,45.9647,-112.5006,1678.2,20170409,24.26,41.0,32.54,9.395147999999999,320.0,23.040482,,,0.0
28587,BUTTE BERT MOONEY AP,MT,45.9647,-112.5006,1678.2,20170414,24.26,44.96,34.34,6.487126,320.0,29.08022,,,0.24015761
28588,BUTTE BERT MOONEY AP,MT,45.9647,-112.5006,1678.2,20170418,32.0,53.96,41.9,5.816044000000001,320.0,31.093465999999996,,,0.09055123
28589,BUTTE BERT MOONEY AP,MT,45.9647,-112.5006,1678.2,20170425,33.08,51.08,39.56,8.500372,320.0,25.053728,,,0.01181103
28590,BUTTE BERT MOONEY AP,MT,45.9647,-112.5006,1678.2,20170503,23.18,66.92,42.98,5.368656,320.0,23.040482,,,0.0
28591,BUTTE BERT MOONEY AP,MT,45.9647,-112.5006,1678.2,20170522,33.98,69.08,51.8,6.487126,320.0,25.948504,,,0.0
28592,BUTTE BERT MOONEY AP,MT,45.9647,-112.5006,1678.2,20170527,37.04,66.92,52.16,5.368656,320.0,19.908766,,,0.0
28593,BUTTE BERT MOONEY AP,MT,45.9647,-112.5006,1678.2,20170613,39.92,51.08,45.68,7.605596,320.0,27.066974,,,0.88976426
28594,BUTTE BERT MOONEY AP,MT,45.9647,-112.5006,1678.2,20170617,42.08,64.94,53.42,6.71082,320.0,21.922012,0.0,,0.0
28595,BUTTE BERT MOONEY AP,MT,45.9647,-112.5006,1678.2,20170620,50.0,86.0,68.0,6.934514,320.0,27.066974,0.0,,0.0393701
28596,BUTTE BERT MOONEY AP,MT,45.9647,-112.5006,1678.2,20170711,51.98,78.98,64.22,5.59235,320.0,19.01399,,,0.01968505
28597,BUTTE BERT MOONEY AP,MT,45.9647,-112.5006,1678.2,20170728,46.94,86.0,68.18,4.6975739999999995,320.0,40.936002,,,0.0
28598,BUTTE BERT MOONEY AP,MT,45.9647,-112.5006,1678.2,20170817,42.08,80.06,62.06,5.1449620000000005,320.0,25.948504,,,0.0
28599,BUTTE BERT MOONEY AP,MT,45.9647,-112.5006,1678.2,20170818,37.94,86.0,62.78,5.816044000000001,320.0,23.935257999999997,,,0.0
28600,BUTTE BERT MOONEY AP,MT,45.9647,-112.5006,1678.2,20170910,48.92,78.98,,4.921268,320.0,18.119214000000003,,,0.0
28601,CUT BANK MUNI AP,MT,48.6033,-112.3753,1169.8,20170421,32.0,42.98,40.82,16.553356,320.0,36.90951,,0.0,0.48031522
28602,CUT BANK MUNI AP,MT,48.6033,-112.3753,1169.8,20170502,33.98,55.94,45.14,10.066230000000001,320.0,34.001488,,0.0,0.0
28603,CUT BANK MUNI AP,MT,48.6033,-112.3753,1169.8,20170521,35.96,73.04,54.14,9.842536,320.0,27.96175,,0.0,0.0
28604,CUT BANK MUNI AP,MT,48.6033,-112.3753,1169.8,20170605,44.96,64.04,57.02,10.513618,320.0,34.001488,,0.0,0.35826791
28605,DILLON AP,MT,45.2575,-112.5545,1585.0,20170402,26.24,55.04,47.3,9.395147999999999,320.0,46.080964,,0.0,0.0
28606,DILLON AP,MT,45.2575,-112.5545,1585.0,20170427,31.1,46.04,38.84,6.263432,320.0,29.974996,,0.0,0.0393701
28607,DILLON AP,MT,45.2575,-112.5545,1585.0,20170510,37.04,75.02,54.32,5.816044000000001,320.0,21.027236,,0.0,0.0
28608,DILLON AP,MT,45.2575,-112.5545,1585.0,20170529,37.94,75.02,57.38,6.039738,320.0,25.053728,,0.0,0.0
28623,GREAT FALLS INTL AP,MT,47.4733,-111.3822,1116.8,20170204,0.14,13.1,10.22,5.59235,320.0,12.974252,0.5118113000000001,3.93701,0.0393701
28624,GREAT FALLS INTL AP,MT,47.4733,-111.3822,1116.8,20170421,37.94,44.06,42.44,10.066230000000001,320.0,31.093465999999996,0.0,0.0,0.48818924
28625,GREAT FALLS INTL AP,MT,47.4733,-111.3822,1116.8,20170427,35.06,44.96,40.64,8.500372,320.0,29.08022,0.0,0.0,0.11023628
28626,GREAT FALLS INTL AP,MT,47.4733,-111.3822,1116.8,20170521,39.92,71.06,53.78,8.500372,320.0,31.093465999999996,0.0,0.0,0.0
28627,GREAT FALLS INTL AP,MT,47.4733,-111.3822,1116.8,20170629,48.02,69.08,59.9,7.829289999999999,320.0,19.908766,0.0,0.0,0.01181103
28628,GREAT FALLS INTL AP,MT,47.4733,-111.3822,1116.8,20170801,53.96,86.0,71.78,8.724066,320.0,29.974996,0.0,0.0,0.0
28629,GREAT FALLS INTL AP,MT,47.4733,-111.3822,1116.8,20170828,50.0,93.92,73.94,7.381902,320.0,19.908766,0.0,0.0,0.0
28630,HELENA RGNL AP,MT,46.6056,-111.9636,1166.8,20170101,2.12,16.16,11.3,7.829289999999999,320.0,21.922012,1.8110245999999999,3.93701,0.07086618
28631,HELENA RGNL AP,MT,46.6056,-111.9636,1166.8,20170106,-5.8,8.24,-0.94,1.11847,320.0,6.039738,0.0,5.118113,0.0
28632,HELENA RGNL AP,MT,46.6056,-111.9636,1166.8,20170110,0.14,25.16,16.88,7.158208,320.0,25.948504,1.4960638000000002,7.086618,0.07086618
28633,HELENA RGNL AP,MT,46.6056,-111.9636,1166.8,20170201,1.22,19.22,14.18,5.59235,320.0,21.027236,0.0,7.086618,0.0
28634,HELENA RGNL AP,MT,46.6056,-111.9636,1166.8,20170309,15.26,28.22,24.26,7.605596,320.0,16.105968,2.5196864,1.181103,0.27165369
28635,HELENA RGNL AP,MT,46.6056,-111.9636,1166.8,20170325,37.94,55.94,48.74,9.842536,320.0,27.96175,0.0,0.0,0.03149608
28636,HELENA RGNL AP,MT,46.6056,-111.9636,1166.8,20170627,57.92,84.02,74.12,11.632088000000001,320.0,36.90951,0.0,0.0,0.0
28637,HELENA RGNL AP,MT,46.6056,-111.9636,1166.8,20170629,51.98,71.96,63.68,7.381902,320.0,19.908766,0.0,0.0,0.0
28638,HELENA RGNL AP,MT,46.6056,-111.9636,1166.8,20170701,53.96,91.94,72.14,5.59235,320.0,23.935257999999997,0.0,0.0,0.0
28639,HELENA RGNL AP,MT,46.6056,-111.9636,1166.8,20170802,59.0,75.92,69.26,10.513618,320.0,23.935257999999997,0.0,0.0,0.0
28640,HELENA RGNL AP,MT,46.6056,-111.9636,1166.8,20170904,53.06,75.02,68.36,8.500372,320.0,23.935257999999997,0.0,0.0,0.0
28659,LIVINGSTON MISSION FLD,MT,45.6983,-110.4408,1415.2,20170103,-16.78,-1.84,,2.23694,320.0,10.066230000000001,,,0.0
28660,LIVINGSTON MISSION FLD,MT,45.6983,-110.4408,1415.2,20170202,-17.86,7.16,,5.368656,320.0,18.119214000000003,,,0.0
28661,LIVINGSTON MISSION FLD,MT,45.6983,-110.4408,1415.2,20170701,44.06,89.06,,7.829289999999999,320.0,29.974996,,,0.0
28662,LIVINGSTON MISSION FLD,MT,45.6983,-110.4408,1415.2,20170809,48.92,78.98,,9.395147999999999,320.0,35.119958000000004,,,0.03149608
28673,MISSOULA INTL AP,MT,46.9208,-114.0925,972.9,20170109,17.24,32.0,21.56,3.131716,320.0,16.105968,1.6141741000000003,14.960638000000001,0.16929143
28674,MISSOULA INTL AP,MT,46.9208,-114.0925,972.9,20170123,18.14,33.08,27.14,5.816044000000001,320.0,21.027236,0.3149608,11.81103,0.01968505
28675,MISSOULA INTL AP,MT,46.9208,-114.0925,972.9,20170131,19.22,35.96,32.18,10.289924000000001,320.0,25.053728,1.4173236,11.81103,0.05118113
28676,MISSOULA INTL AP,MT,46.9208,-114.0925,972.9,20170318,39.92,57.92,46.94,4.47388,320.0,33.106712,0.0,0.0,0.1181103
28677,MISSOULA INTL AP,MT,46.9208,-114.0925,972.9,20170403,29.12,42.98,35.78,4.921268,320.0,31.093465999999996,0.787402,0.0,0.0787402
28678,MISSOULA INTL AP,MT,46.9208,-114.0925,972.9,20170406,35.96,64.04,50.9,6.039738,320.0,29.08022,0.0,0.0,0.0
28679,MISSOULA INTL AP,MT,46.9208,-114.0925,972.9,20170418,35.06,57.92,46.22,4.921268,320.0,35.119958000000004,0.0,0.0,0.01181103
28680,MISSOULA INTL AP,MT,46.9208,-114.0925,972.9,20170423,42.08,57.92,50.54,9.171453999999999,320.0,25.948504,0.0,0.0,0.1181103
28681,MISSOULA INTL AP,MT,46.9208,-114.0925,972.9,20170426,39.92,51.98,45.32,4.250186,320.0,25.053728,0.0,0.0,0.16141741
28682,MISSOULA INTL AP,MT,46.9208,-114.0925,972.9,20170507,35.96,51.98,49.1,9.171453999999999,320.0,23.935257999999997,0.0,0.0,0.05118113
28683,MISSOULA INTL AP,MT,46.9208,-114.0925,972.9,20170521,37.04,73.94,53.06,2.9080220000000003,320.0,14.092722,0.0,0.0,0.0
28684,MISSOULA INTL AP,MT,46.9208,-114.0925,972.9,20170526,41.0,69.08,55.58,4.6975739999999995,320.0,34.001488,0.0,0.0,0.0
28685,MISSOULA INTL AP,MT,46.9208,-114.0925,972.9,20170703,53.96,91.04,73.4,6.039738,320.0,31.988242,0.0,0.0,0.0
28686,MISSOULA INTL AP,MT,46.9208,-114.0925,972.9,20170722,48.92,89.96,68.9,2.9080220000000003,320.0,14.987498,0.0,0.0,0.0
28687,MISSOULA INTL AP,MT,46.9208,-114.0925,972.9,20170815,44.96,84.02,63.14,3.802798,320.0,21.922012,0.0,0.0,0.0
28688,MISSOULA INTL AP,MT,46.9208,-114.0925,972.9,20170823,50.0,89.96,68.54,2.013246,320.0,16.105968,0.0,0.0,0.0
28689,MISSOULA INTL AP,MT,46.9208,-114.0925,972.9,20170910,53.06,80.96,,6.934514,320.0,27.96175,0.0,0.0,0.0
31427,GLASGOW INTL AP,MT,48.2138,-106.6213,696.5,20170112,-17.86,-3.82,-10.84,12.30317,320.0,25.948504,0.0,5.905515,0.0
31428,GLASGOW INTL AP,MT,48.2138,-106.6213,696.5,20170204,10.22,16.16,13.46,9.842536,320.0,21.922012,2.4015761,1.968505,0.12992133
31429,GLASGOW INTL AP,MT,48.2138,-106.6213,696.5,20170305,24.26,59.0,41.9,13.42164,320.0,46.080964,0.0,0.0,0.01181103
31430,GLASGOW INTL AP,MT,48.2138,-106.6213,696.5,20170306,17.24,31.1,24.8,19.461378,320.0,36.90951,1.181103,0.0,0.05118113
31431,GLASGOW INTL AP,MT,48.2138,-106.6213,696.5,20170316,32.0,57.02,42.44,8.94776,320.0,33.106712,0.0,0.0,0.0
31432,GLASGOW INTL AP,MT,48.2138,-106.6213,696.5,20170319,32.0,53.06,49.82,12.30317,320.0,27.96175,0.0,0.0,0.0
31433,GLASGOW INTL AP,MT,48.2138,-106.6213,696.5,20170404,30.2,53.96,42.26,9.618841999999999,320.0,27.96175,0.0,0.0,0.05118113
31434,GLASGOW INTL AP,MT,48.2138,-106.6213,696.5,20170513,46.94,71.06,65.84,17.224438,320.0,36.90951,0.0,0.0,0.03149608
31435,GLASGOW INTL AP,MT,48.2138,-106.6213,696.5,20170527,46.04,78.98,58.64,11.855782000000001,320.0,38.922756,0.0,0.0,0.0
31436,GLASGOW INTL AP,MT,48.2138,-106.6213,696.5,20170617,50.0,75.92,64.76,16.77705,320.0,42.949248,0.0,0.0,0.03149608
31437,GLASGOW INTL AP,MT,48.2138,-106.6213,696.5,20170711,57.02,84.02,74.66,12.30317,320.0,61.963238,0.0,0.0,0.48031522
31438,GLASGOW INTL AP,MT,48.2138,-106.6213,696.5,20170904,46.94,73.04,65.48,13.645334,320.0,36.014734000000004,0.0,0.0,0.0
31439,GLASGOW INTL AP,MT,48.2138,-106.6213,696.5,20170905,37.94,73.94,56.48,4.6975739999999995,320.0,17.000744,0.0,0.0,0.0
31440,GLASGOW INTL AP,MT,48.2138,-106.6213,696.5,20170913,50.0,69.98,60.26,9.171453999999999,320.0,25.948504,0.0,0.0,0.0
31441,HAVRE CITY CO AP,MT,48.5428,-109.7633,787.9,20170123,20.12,27.14,25.52,6.71082,320.0,14.987498,2.0078751,1.968505,0.11023628
31442,HAVRE CITY CO AP,MT,48.5428,-109.7633,787.9,20170204,13.1,17.24,15.44,4.250186,320.0,12.974252,2.0078751,3.149608,0.0393701
31443,HAVRE CITY CO AP,MT,48.5428,-109.7633,787.9,20170305,19.22,37.04,31.82,10.066230000000001,320.0,27.96175,0.0,0.0,0.01181103
31444,HAVRE CITY CO AP,MT,48.5428,-109.7633,787.9,20170327,35.06,60.08,45.86,6.71082,320.0,25.053728,0.0,0.0,0.0
31445,HAVRE CITY CO AP,MT,48.5428,-109.7633,787.9,20170428,28.22,53.06,39.74,5.1449620000000005,320.0,23.935257999999997,0.0,0.0,0.0
31446,HAVRE CITY CO AP,MT,48.5428,-109.7633,787.9,20170502,35.06,55.94,46.04,8.276678,320.0,25.948504,0.0,0.0,0.11023628
31447,HAVRE CITY CO AP,MT,48.5428,-109.7633,787.9,20170505,41.0,91.04,65.66,6.263432,320.0,27.066974,0.0,0.0,0.0
31448,HAVRE CITY CO AP,MT,48.5428,-109.7633,787.9,20170616,53.06,78.08,64.58,14.54011,320.0,40.041226,0.0,0.0,0.01181103
31449,HAVRE CITY CO AP,MT,48.5428,-109.7633,787.9,20170621,51.98,82.04,70.16,8.500372,320.0,46.97574,0.0,0.0,0.0
31450,HAVRE CITY CO AP,MT,48.5428,-109.7633,787.9,20170629,48.02,73.94,64.58,10.066230000000001,320.0,27.066974,0.0,0.0,0.14173236
31451,HAVRE CITY CO AP,MT,48.5428,-109.7633,787.9,20170630,42.98,86.0,62.96,5.1449620000000005,320.0,27.96175,0.0,0.0,0.0
31452,HAVRE CITY CO AP,MT,48.5428,-109.7633,787.9,20170715,64.04,102.02,82.76,15.658579999999999,320.0,50.107456,0.0,0.0,0.01181103
31453,HAVRE CITY CO AP,MT,48.5428,-109.7633,787.9,20170817,51.08,87.08,69.08,6.039738,320.0,21.922012,0.0,0.0,0.0
31465,WOLF POINT INTL AP,MT,48.0944,-105.5744,605.3,20170124,8.24,24.26,,5.816044000000001,320.0,12.079476,,0.0,0.0
31466,WOLF POINT INTL AP,MT,48.0944,-105.5744,605.3,20170131,17.24,32.0,,12.526864,320.0,36.014734000000004,,0.0,0.0
31467,WOLF POINT INTL AP,MT,48.0944,-105.5744,605.3,20170302,7.16,27.14,,6.487126,320.0,17.000744,0.0,0.0,0.0
31468,WOLF POINT INTL AP,MT,48.0944,-105.5744,605.3,20170319,35.06,55.04,,10.961006,320.0,42.054472,0.0,0.0,0.0
31469,WOLF POINT INTL AP,MT,48.0944,-105.5744,605.3,20170330,37.94,68.0,,5.816044000000001,320.0,21.027236,0.0,0.0,0.0
31470,WOLF POINT INTL AP,MT,48.0944,-105.5744,605.3,20170521,35.06,75.92,,10.066230000000001,320.0,50.107456,,0.0,0.0
31471,WOLF POINT INTL AP,MT,48.0944,-105.5744,605.3,20170528,42.98,75.92,,15.211192,320.0,38.922756,0.0,0.0,0.0
31472,WOLF POINT INTL AP,MT,48.0944,-105.5744,605.3,20170827,44.96,93.92,,5.368656,320.0,19.01399,0.0,0.0,0.0
31473,WOLF POINT INTL AP,MT,48.0944,-105.5744,605.3,20170912,44.06,82.94,,4.47388,320.0,19.908766,0.0,0.0,0.0
31607,JORDAN AP,MT,47.3258,-106.9475,811.4,20170108,-2.74,8.24,,9.395147999999999,320.0,27.066974,,0.0,0.01181103
31608,JORDAN AP,MT,47.3258,-106.9475,811.4,20170109,4.1,12.2,,9.618841999999999,320.0,25.053728,,0.0,0.18897648
31609,JORDAN AP,MT,47.3258,-106.9475,811.4,20170122,14.18,31.1,,6.934514,320.0,18.119214000000003,0.0,0.0,0.0
31610,JORDAN AP,MT,47.3258,-106.9475,811.4,20170204,12.2,19.22,,9.171453999999999,320.0,19.01399,,0.0,0.1181103
31611,JORDAN AP,MT,47.3258,-106.9475,811.4,20170213,25.16,50.0,,9.842536,320.0,23.935257999999997,0.0,0.0,0.0
31612,JORDAN AP,MT,47.3258,-106.9475,811.4,20170416,24.26,53.06,,10.513618,320.0,31.093465999999996,0.0,0.0,0.0
31613,JORDAN AP,MT,47.3258,-106.9475,811.4,20170513,44.06,71.96,,16.105968,320.0,36.90951,,0.0,0.09055123
31614,JORDAN AP,MT,47.3258,-106.9475,811.4,20170521,44.06,73.04,,11.408394,320.0,48.988986,,0.0,0.03149608
31615,JORDAN AP,MT,47.3258,-106.9475,811.4,20170528,42.98,78.08,,15.211192,320.0,42.949248,0.0,0.0,0.0
31616,JORDAN AP,MT,47.3258,-106.9475,811.4,20170605,48.02,80.96,,15.658579999999999,320.0,40.041226,0.0,0.0,0.0
31617,JORDAN AP,MT,47.3258,-106.9475,811.4,20170724,69.98,89.06,,9.842536,320.0,35.119958000000004,0.0,0.0,0.0
31618,JORDAN AP,MT,47.3258,-106.9475,811.4,20170728,59.0,98.96,,5.59235,320.0,25.053728,0.0,0.0,0.0
31619,JORDAN AP,MT,47.3258,-106.9475,811.4,20170804,55.94,87.08,,8.500372,320.0,36.90951,0.0,0.0,0.01968505
31620,JORDAN AP,MT,47.3258,-106.9475,811.4,20170819,53.96,82.94,,12.30317,320.0,36.014734000000004,0.0,0.0,0.0
31621,JORDAN AP,MT,47.3258,-106.9475,811.4,20170912,48.02,89.96,,8.500372,320.0,23.040482,0.0,0.0,0.0
31622,JORDAN AP,MT,47.3258,-106.9475,811.4,20170914,48.02,57.02,,10.513618,320.0,23.040482,,0.0,0.29921276
31681,BAKER MUNI AP,MT,46.3583,-104.25,905.6,20170202,-4.9,12.2,,8.94776,320.0,19.908766,,,0.0
31682,BAKER MUNI AP,MT,46.3583,-104.25,905.6,20170302,19.22,35.96,,10.513618,320.0,23.040482,,,0.0
31683,BAKER MUNI AP,MT,46.3583,-104.25,905.6,20170416,22.1,53.96,,14.763804,320.0,36.90951,,,0.0
31684,BAKER MUNI AP,MT,46.3583,-104.25,905.6,20170513,48.92,73.94,,12.750558,320.0,36.90951,,,0.29133874
31685,BAKER MUNI AP,MT,46.3583,-104.25,905.6,20170529,35.96,66.92,,10.737312,320.0,36.014734000000004,,,0.0
31686,BAKER MUNI AP,MT,46.3583,-104.25,905.6,20170605,55.94,93.02,,16.105968,320.0,40.936002,,,0.16929143
31687,BAKER MUNI AP,MT,46.3583,-104.25,905.6,20170621,55.94,82.94,,11.408394,320.0,34.001488,,,0.01968505
31688,BAKER MUNI AP,MT,46.3583,-104.25,905.6,20170624,37.04,71.96,,9.618841999999999,320.0,29.08022,,,0.0
31689,BAKER MUNI AP,MT,46.3583,-104.25,905.6,20170809,48.92,73.04,,11.632088000000001,320.0,31.988242,,,0.0
31690,BAKER MUNI AP,MT,46.3583,-104.25,905.6,20170905,35.96,71.96,,6.263432,320.0,23.935257999999997,,,0.0
36834,BILLINGS LOGAN INTL AP,MT,45.8069,-108.5422,1091.5,20170211,25.16,41.0,35.78,14.316416,310.0,51.002232,0.0,0.0,0.0
36835,BILLINGS LOGAN INTL AP,MT,45.8069,-108.5422,1091.5,20170228,19.22,42.08,26.6,12.750558,310.0,42.949248,0.0,0.0,0.0
36836,BILLINGS LOGAN INTL AP,MT,45.8069,-108.5422,1091.5,20170306,28.22,42.08,36.14,16.329662,310.0,36.014734000000004,0.5905515,0.0,0.05905515
36837,BILLINGS LOGAN INTL AP,MT,45.8069,-108.5422,1091.5,20170328,39.02,57.02,47.3,7.158208,310.0,21.027236,0.0,0.0,0.53149635
36838,BILLINGS LOGAN INTL AP,MT,45.8069,-108.5422,1091.5,20170402,37.94,57.02,52.52,7.829289999999999,310.0,36.014734000000004,0.0,0.0,0.37007894
36839,BILLINGS LOGAN INTL AP,MT,45.8069,-108.5422,1091.5,20170403,30.2,50.0,41.72,15.211192,310.0,36.014734000000004,0.0,0.0,0.0
36840,BILLINGS LOGAN INTL AP,MT,45.8069,-108.5422,1091.5,20170417,35.06,59.0,44.06,11.408394,310.0,48.988986,0.0,0.0,0.0
36841,BILLINGS LOGAN INTL AP,MT,45.8069,-108.5422,1091.5,20170430,39.92,64.94,49.64,12.30317,310.0,36.014734000000004,0.0,0.0,0.0
36842,BILLINGS LOGAN INTL AP,MT,45.8069,-108.5422,1091.5,20170506,53.06,84.02,71.42,6.263432,310.0,21.922012,0.0,0.0,0.0
36843,BILLINGS LOGAN INTL AP,MT,45.8069,-108.5422,1091.5,20170512,53.06,87.08,69.62,6.71082,310.0,31.093465999999996,0.0,0.0,0.0
36844,BILLINGS LOGAN INTL AP,MT,45.8069,-108.5422,1091.5,20170527,42.98,75.92,57.02,14.092722,310.0,31.988242,0.0,0.0,0.0
36845,BILLINGS LOGAN INTL AP,MT,45.8069,-108.5422,1091.5,20170621,64.04,84.02,74.12,7.829289999999999,310.0,27.066974,0.0,0.0,0.0
36846,BILLINGS LOGAN INTL AP,MT,45.8069,-108.5422,1091.5,20170630,51.08,78.08,60.62,7.829289999999999,310.0,18.119214000000003,0.0,0.0,0.0
36847,BILLINGS LOGAN INTL AP,MT,45.8069,-108.5422,1091.5,20170717,60.98,87.08,75.56,7.605596,310.0,25.053728,0.0,0.0,0.0
36848,BILLINGS LOGAN INTL AP,MT,45.8069,-108.5422,1091.5,20170719,64.94,93.02,78.44,7.605596,310.0,29.08022,0.0,0.0,0.0
36849,BILLINGS LOGAN INTL AP,MT,45.8069,-108.5422,1091.5,20170726,57.02,91.94,70.52,6.263432,310.0,21.922012,0.0,0.0,0.0
36850,BILLINGS LOGAN INTL AP,MT,45.8069,-108.5422,1091.5,20170901,64.04,87.08,77.36,11.1847,310.0,25.948504,0.0,0.0,0.0
36851,BILLINGS LOGAN INTL AP,MT,45.8069,-108.5422,1091.5,20170916,39.02,50.0,42.26,6.934514,310.0,16.105968,0.0,0.0,0.20078751
36852,LEWISTOWN MUNI AP,MT,47.0492,-109.4578,1263.4,20170104,-13.9,8.24,,11.408394,310.0,29.08022,,3.149608,0.0
36853,LEWISTOWN MUNI AP,MT,47.0492,-109.4578,1263.4,20170126,10.22,31.1,,7.158208,310.0,21.027236,,0.0,0.0
36854,LEWISTOWN MUNI AP,MT,47.0492,-109.4578,1263.4,20170213,25.16,46.94,,8.276678,310.0,19.01399,,0.0,0.0
36855,LEWISTOWN MUNI AP,MT,47.0492,-109.4578,1263.4,20170319,26.24,53.96,,6.934514,310.0,29.08022,,0.0,0.0
36856,LEWISTOWN MUNI AP,MT,47.0492,-109.4578,1263.4,20170331,28.22,44.06,,6.263432,310.0,21.027236,,0.0,0.0
36857,LEWISTOWN MUNI AP,MT,47.0492,-109.4578,1263.4,20170405,22.1,55.04,,4.6975739999999995,310.0,12.974252,,0.0,0.0
36858,LEWISTOWN MUNI AP,MT,47.0492,-109.4578,1263.4,20170413,37.94,75.92,,11.855782000000001,310.0,36.014734000000004,,0.0,0.01181103
36859,LEWISTOWN MUNI AP,MT,47.0492,-109.4578,1263.4,20170428,29.12,50.0,,7.605596,310.0,18.119214000000003,,0.0,0.0787402
36860,LEWISTOWN MUNI AP,MT,47.0492,-109.4578,1263.4,20170503,32.0,64.94,,6.71082,310.0,21.922012,,0.0,0.0
36861,LEWISTOWN MUNI AP,MT,47.0492,-109.4578,1263.4,20170507,39.02,60.08,,10.513618,310.0,31.988242,,0.0,0.22047256
36862,LEWISTOWN MUNI AP,MT,47.0492,-109.4578,1263.4,20170605,44.06,64.94,,11.408394,310.0,36.014734000000004,,0.0,0.01181103
36863,LEWISTOWN MUNI AP,MT,47.0492,-109.4578,1263.4,20170614,46.04,66.92,,13.42164,310.0,35.119958000000004,,0.0,0.16141741
36864,LEWISTOWN MUNI AP,MT,47.0492,-109.4578,1263.4,20170623,35.06,66.02,,6.487126,310.0,25.053728,,0.0,0.0
36865,LEWISTOWN MUNI AP,MT,47.0492,-109.4578,1263.4,20170629,48.02,68.0,,10.066230000000001,310.0,25.948504,,0.0,0.0
36866,LEWISTOWN MUNI AP,MT,47.0492,-109.4578,1263.4,20170722,46.94,84.92,,5.59235,310.0,19.01399,,0.0,0.0
36867,LEWISTOWN MUNI AP,MT,47.0492,-109.4578,1263.4,20170804,48.02,82.94,,9.171453999999999,310.0,27.066974,,0.0,0.18110246
36868,LEWISTOWN MUNI AP,MT,47.0492,-109.4578,1263.4,20170817,48.02,82.04,,8.052984,310.0,25.948504,,0.0,0.0
36869,LEWISTOWN MUNI AP,MT,47.0492,-109.4578,1263.4,20170820,44.96,78.98,,6.487126,310.0,21.922012,,0.0,0.0
36870,LEWISTOWN MUNI AP,MT,47.0492,-109.4578,1263.4,20170903,55.04,82.04,,7.829289999999999,310.0,23.935257999999997,,0.0,0.0
36871,LEWISTOWN MUNI AP,MT,47.0492,-109.4578,1263.4,20170906,42.98,82.94,,5.1449620000000005,310.0,14.987498,,0.0,0.0
36872,LEWISTOWN MUNI AP,MT,47.0492,-109.4578,1263.4,20170916,33.98,46.04,,3.579104,310.0,12.079476,,0.0,0.09842525
36873,MILES CITY F WILEY FLD,MT,46.4267,-105.8825,799.8,20170105,-8.86,6.26,,9.171453999999999,310.0,21.922012,,,0.0
36874,MILES CITY F WILEY FLD,MT,46.4267,-105.8825,799.8,20170125,9.14,22.1,,7.829289999999999,310.0,18.119214000000003,,,0.0
36875,MILES CITY F WILEY FLD,MT,46.4267,-105.8825,799.8,20170131,17.24,32.0,,12.30317,310.0,25.948504,,,0.03149608
36876,MILES CITY F WILEY FLD,MT,46.4267,-105.8825,799.8,20170301,18.14,39.02,,8.500372,310.0,29.974996,,,0.0
36877,MILES CITY F WILEY FLD,MT,46.4267,-105.8825,799.8,20170508,44.06,64.94,,11.408394,310.0,31.093465999999996,,,0.0
36878,MILES CITY F WILEY FLD,MT,46.4267,-105.8825,799.8,20170513,48.92,75.02,,15.882273999999999,310.0,38.922756,,,0.03149608
36879,MILES CITY F WILEY FLD,MT,46.4267,-105.8825,799.8,20170529,39.02,73.04,,11.408394,310.0,31.093465999999996,,,0.0
36880,MILES CITY F WILEY FLD,MT,46.4267,-105.8825,799.8,20170530,37.94,77.0,,5.59235,310.0,18.119214000000003,,,0.0
36881,MILES CITY F WILEY FLD,MT,46.4267,-105.8825,799.8,20170617,51.08,73.04,,17.224438,310.0,44.962494,,,0.03149608
36882,MILES CITY F WILEY FLD,MT,46.4267,-105.8825,799.8,20170618,46.94,77.0,,9.171453999999999,310.0,29.08022,,,0.0
36883,MILES CITY F WILEY FLD,MT,46.4267,-105.8825,799.8,20170729,66.02,87.98,,7.605596,310.0,31.093465999999996,,,0.0
36884,MILES CITY F WILEY FLD,MT,46.4267,-105.8825,799.8,20170817,53.96,89.96,,8.052984,310.0,27.066974,,,0.0
36885,MILES CITY F WILEY FLD,MT,46.4267,-105.8825,799.8,20170819,55.04,89.06,,10.961006,310.0,31.988242,,,0.0
37082,BOZEMAN GALLATIN FLD,MT,45.7881,-111.1608,1349.3,20170130,14.18,44.96,,4.47388,310.0,27.96175,0.0,4.0157502,0.0
37083,BOZEMAN GALLATIN FLD,MT,45.7881,-111.1608,1349.3,20170327,33.08,53.06,,6.934514,310.0,31.093465999999996,0.0,0.0,0.0
37084,BOZEMAN GALLATIN FLD,MT,45.7881,-111.1608,1349.3,20170403,24.26,42.08,,6.487126,310.0,29.974996,0.0,0.0,0.0
37085,BOZEMAN GALLATIN FLD,MT,45.7881,-111.1608,1349.3,20170520,35.96,64.94,,6.71082,310.0,27.96175,0.0,0.0,0.07086618
37086,BOZEMAN GALLATIN FLD,MT,45.7881,-111.1608,1349.3,20170521,33.98,66.92,,5.816044000000001,310.0,19.908766,0.0,0.0,0.0
37087,BOZEMAN GALLATIN FLD,MT,45.7881,-111.1608,1349.3,20170604,46.04,86.0,,6.71082,310.0,40.936002,0.0,0.0,0.01968505
37088,BOZEMAN GALLATIN FLD,MT,45.7881,-111.1608,1349.3,20170618,51.08,71.06,,5.816044000000001,310.0,19.908766,0.0,0.0,0.0
37089,BOZEMAN GALLATIN FLD,MT,45.7881,-111.1608,1349.3,20170806,48.02,78.98,,4.47388,310.0,17.000744,0.0,0.0,0.0
37090,BOZEMAN GALLATIN FLD,MT,45.7881,-111.1608,1349.3,20170813,55.04,84.92,,6.934514,310.0,31.988242,0.0,0.0,0.01181103
37091,BOZEMAN GALLATIN FLD,MT,45.7881,-111.1608,1349.3,20170814,51.08,73.94,,3.35541,310.0,25.948504,0.0,0.0,0.09055123
37092,BOZEMAN GALLATIN FLD,MT,45.7881,-111.1608,1349.3,20170828,44.96,93.02,,4.250186,310.0,19.908766,0.0,0.0,0.0
37093,BOZEMAN GALLATIN FLD,MT,45.7881,-111.1608,1349.3,20170831,53.06,89.96,,5.59235,310.0,16.105968,0.0,0.0,0.0
37096,BUTTE BERT MOONEY AP,MT,45.9647,-112.5006,1678.2,20170311,25.16,50.0,36.5,4.6975739999999995,310.0,38.02798,,,0.0393701
37097,BUTTE BERT MOONEY AP,MT,45.9647,-112.5006,1678.2,20170313,30.2,57.02,40.82,5.1449620000000005,310.0,21.922012,,,0.0
37098,BUTTE BERT MOONEY AP,MT,45.9647,-112.5006,1678.2,20170325,31.1,46.94,41.36,7.829289999999999,310.0,23.935257999999997,,,0.03149608
37099,BUTTE BERT MOONEY AP,MT,45.9647,-112.5006,1678.2,20170331,30.2,48.92,40.28,7.829289999999999,310.0,23.040482,,,0.0
37100,BUTTE BERT MOONEY AP,MT,45.9647,-112.5006,1678.2,20170403,19.22,37.04,30.38,7.829289999999999,310.0,23.935257999999997,,,0.0
37101,BUTTE BERT MOONEY AP,MT,45.9647,-112.5006,1678.2,20170420,27.14,51.98,39.74,7.158208,310.0,31.093465999999996,,,0.16929143
37102,BUTTE BERT MOONEY AP,MT,45.9647,-112.5006,1678.2,20170426,32.0,48.02,40.28,4.250186,310.0,29.08022,,,0.11023628
37103,BUTTE BERT MOONEY AP,MT,45.9647,-112.5006,1678.2,20170428,27.14,46.94,35.78,6.934514,310.0,25.053728,,,0.0
37104,BUTTE BERT MOONEY AP,MT,45.9647,-112.5006,1678.2,20170501,35.96,53.06,43.16,6.71082,310.0,27.066974,,,0.0
37105,BUTTE BERT MOONEY AP,MT,45.9647,-112.5006,1678.2,20170513,31.1,41.0,35.96,5.816044000000001,310.0,21.922012,,,0.0
37106,BUTTE BERT MOONEY AP,MT,45.9647,-112.5006,1678.2,20170605,42.98,68.0,57.38,6.934514,310.0,29.974996,,,0.20866153
37107,BUTTE BERT MOONEY AP,MT,45.9647,-112.5006,1678.2,20170731,48.02,89.96,70.52,4.921268,310.0,19.908766,,,0.0
37108,BUTTE BERT MOONEY AP,MT,45.9647,-112.5006,1678.2,20170814,46.04,73.94,57.2,5.368656,310.0,17.000744,,,0.0
37109,BUTTE BERT MOONEY AP,MT,45.9647,-112.5006,1678.2,20170826,41.0,84.92,64.04,4.921268,310.0,17.000744,,,0.0
37110,BUTTE BERT MOONEY AP,MT,45.9647,-112.5006,1678.2,20170828,39.92,89.96,66.56,4.47388,310.0,21.027236,,,0.0
37111,BUTTE BERT MOONEY AP,MT,45.9647,-112.5006,1678.2,20170902,41.0,89.06,65.12,4.250186,310.0,19.908766,,,0.0
37112,BUTTE BERT MOONEY AP,MT,45.9647,-112.5006,1678.2,20170915,33.08,37.94,35.42,7.605596,310.0,18.119214000000003,,,0.64960665
37113,CUT BANK MUNI AP,MT,48.6033,-112.3753,1169.8,20170103,-17.86,0.14,-2.92,4.921268,310.0,19.01399,,1.181103,0.0
37114,CUT BANK MUNI AP,MT,48.6033,-112.3753,1169.8,20170124,1.22,29.12,12.2,4.921268,310.0,17.000744,,1.968505,0.0
37115,CUT BANK MUNI AP,MT,48.6033,-112.3753,1169.8,20170208,-26.86,0.14,-16.6,4.6975739999999995,310.0,12.079476,0.0,7.086618,0.0
37116,CUT BANK MUNI AP,MT,48.6033,-112.3753,1169.8,20170305,4.1,24.26,20.84,12.079476,310.0,31.988242,,0.0,0.09842525
37117,DILLON AP,MT,45.2575,-112.5545,1585.0,20170519,33.98,59.0,44.96,3.802798,310.0,14.987498,,0.0,0.0
37118,DILLON AP,MT,45.2575,-112.5545,1585.0,20170730,53.06,91.94,70.88,9.171453999999999,310.0,44.067718,,0.0,0.18110246
37152,GREAT FALLS INTL AP,MT,47.4733,-111.3822,1116.8,20170418,35.06,62.96,48.92,11.632088000000001,310.0,35.119958000000004,0.0,0.0,0.0
37153,GREAT FALLS INTL AP,MT,47.4733,-111.3822,1116.8,20170428,31.1,48.02,39.56,5.816044000000001,310.0,21.922012,0.0,0.0,0.09055123
37154,GREAT FALLS INTL AP,MT,47.4733,-111.3822,1116.8,20170528,44.06,73.94,60.8,7.158208,310.0,27.96175,0.0,0.0,0.01181103
37155,GREAT FALLS INTL AP,MT,47.4733,-111.3822,1116.8,20170817,55.04,84.02,69.98,7.829289999999999,310.0,25.053728,0.0,0.0,0.0
37156,HELENA RGNL AP,MT,46.6056,-111.9636,1166.8,20170124,3.2,22.1,15.98,2.23694,310.0,12.079476,0.0,5.905515,0.0
37157,HELENA RGNL AP,MT,46.6056,-111.9636,1166.8,20170521,39.92,71.06,52.52,3.131716,310.0,19.01399,0.0,0.0,0.0
37158,HELENA RGNL AP,MT,46.6056,-111.9636,1166.8,20170620,55.94,87.98,71.78,7.605596,310.0,29.08022,0.0,0.0,0.0
37159,HELENA RGNL AP,MT,46.6056,-111.9636,1166.8,20170708,66.02,102.02,82.76,7.381902,310.0,27.066974,0.0,0.0,0.0
37160,HELENA RGNL AP,MT,46.6056,-111.9636,1166.8,20170709,62.06,96.98,82.94,7.829289999999999,310.0,44.067718,0.0,0.0,0.16929143
37161,HELENA RGNL AP,MT,46.6056,-111.9636,1166.8,20170710,60.08,87.08,75.02,5.59235,310.0,23.935257999999997,0.0,0.0,0.0
37162,HELENA RGNL AP,MT,46.6056,-111.9636,1166.8,20170711,57.02,86.0,70.34,8.500372,310.0,31.093465999999996,0.0,0.0,0.0
37163,HELENA RGNL AP,MT,46.6056,-111.9636,1166.8,20170731,60.08,96.98,79.52,6.039738,310.0,23.935257999999997,0.0,0.0,0.0
37184,LIVINGSTON MISSION FLD,MT,45.6983,-110.4408,1415.2,20170214,21.2,51.98,,15.434885999999999,310.0,33.106712,,,0.0
37185,LIVINGSTON MISSION FLD,MT,45.6983,-110.4408,1415.2,20170411,22.1,53.96,,10.513618,310.0,25.053728,,,0.07086618
37199,MISSOULA INTL AP,MT,46.9208,-114.0925,972.9,20170209,28.22,44.96,32.18,4.026492,310.0,21.922012,0.0,14.173236,0.46850419
37200,MISSOULA INTL AP,MT,46.9208,-114.0925,972.9,20170211,26.24,37.04,33.44,7.158208,310.0,25.948504,0.393701,7.87402,0.01181103
37201,MISSOULA INTL AP,MT,46.9208,-114.0925,972.9,20170313,35.06,51.08,41.54,5.368656,310.0,19.908766,0.0,0.0,0.07086618
37202,MISSOULA INTL AP,MT,46.9208,-114.0925,972.9,20170330,37.04,53.06,46.22,10.066230000000001,310.0,29.08022,0.0,0.0,0.0
37203,MISSOULA INTL AP,MT,46.9208,-114.0925,972.9,20170331,39.02,57.92,45.32,4.47388,310.0,17.000744,0.0,0.0,0.0
37204,MISSOULA INTL AP,MT,46.9208,-114.0925,972.9,20170407,33.98,64.04,47.3,8.500372,310.0,50.107456,0.0,0.0,0.07086618
37205,MISSOULA INTL AP,MT,46.9208,-114.0925,972.9,20170414,33.98,48.92,41.72,6.934514,310.0,31.093465999999996,0.0,0.0,0.0
37206,MISSOULA INTL AP,MT,46.9208,-114.0925,972.9,20170421,35.96,55.94,43.88,5.816044000000001,310.0,23.935257999999997,0.0,0.0,0.0
37207,MISSOULA INTL AP,MT,46.9208,-114.0925,972.9,20170427,37.04,50.0,43.52,8.052984,310.0,29.974996,0.0,0.0,0.01968505
37208,MISSOULA INTL AP,MT,46.9208,-114.0925,972.9,20170512,39.92,62.06,60.26,11.855782000000001,310.0,31.988242,0.0,0.0,0.16929143
37209,MISSOULA INTL AP,MT,46.9208,-114.0925,972.9,20170515,32.0,60.08,45.68,3.579104,310.0,18.119214000000003,0.0,0.0,0.0
37210,MISSOULA INTL AP,MT,46.9208,-114.0925,972.9,20170530,46.94,87.08,67.46,2.9080220000000003,310.0,18.119214000000003,0.0,0.0,0.0
37211,MISSOULA INTL AP,MT,46.9208,-114.0925,972.9,20170601,53.06,71.96,61.34,4.6975739999999995,310.0,19.908766,0.0,0.0,0.14960638
37212,MISSOULA INTL AP,MT,46.9208,-114.0925,972.9,20170712,51.08,91.04,70.52,3.579104,310.0,19.01399,0.0,0.0,0.0
37213,MISSOULA INTL AP,MT,46.9208,-114.0925,972.9,20170729,53.96,96.98,75.92,4.250186,310.0,23.040482,0.0,0.0,0.0
37214,MISSOULA INTL AP,MT,46.9208,-114.0925,972.9,20170731,55.04,95.0,74.66,3.131716,310.0,17.000744,0.0,0.0,0.0
37215,MISSOULA INTL AP,MT,46.9208,-114.0925,972.9,20170814,50.0,80.06,62.78,5.816044000000001,310.0,27.066974,0.0,0.0,0.0
37216,MISSOULA INTL AP,MT,46.9208,-114.0925,972.9,20170825,48.02,86.0,66.2,3.579104,310.0,29.08022,0.0,0.0,0.0
37217,MISSOULA INTL AP,MT,46.9208,-114.0925,972.9,20170913,48.02,82.94,69.08,8.276678,310.0,35.119958000000004,0.0,0.0,0.0
39608,GLASGOW INTL AP,MT,48.2138,-106.6213,696.5,20170115,-8.86,15.26,0.14,5.368656,310.0,14.092722,0.0,5.118113,0.0
39609,GLASGOW INTL AP,MT,48.2138,-106.6213,696.5,20170122,23.18,31.1,25.52,9.842536,310.0,23.040482,0.0,3.149608,0.0
39610,GLASGOW INTL AP,MT,48.2138,-106.6213,696.5,20170202,-4.9,16.16,9.32,5.368656,310.0,18.119214000000003,0.0,1.968505,0.0
39611,GLASGOW INTL AP,MT,48.2138,-106.6213,696.5,20170221,32.0,46.94,39.74,8.276678,310.0,23.040482,0.0,0.0,0.14173236
39612,GLASGOW INTL AP,MT,48.2138,-106.6213,696.5,20170416,19.22,42.08,38.84,12.974252,310.0,31.988242,0.0,0.0,0.0
39613,GLASGOW INTL AP,MT,48.2138,-106.6213,696.5,20170501,35.96,53.96,46.94,16.329662,310.0,40.936002,0.0,0.0,0.0393701
39614,GLASGOW INTL AP,MT,48.2138,-106.6213,696.5,20170507,46.94,78.98,70.88,15.882273999999999,310.0,38.922756,0.0,0.0,0.25984266
39615,GLASGOW INTL AP,MT,48.2138,-106.6213,696.5,20170521,44.06,73.94,59.54,12.079476,310.0,48.988986,0.0,0.0,0.05118113
39616,GLASGOW INTL AP,MT,48.2138,-106.6213,696.5,20170526,41.0,71.06,53.96,12.30317,310.0,31.988242,0.0,0.0,0.0
39617,GLASGOW INTL AP,MT,48.2138,-106.6213,696.5,20170703,60.98,100.94,80.6,8.724066,310.0,25.053728,0.0,0.0,0.0
39618,GLASGOW INTL AP,MT,48.2138,-106.6213,696.5,20170705,60.98,98.96,80.78,13.42164,310.0,33.106712,0.0,0.0,0.0
39619,GLASGOW INTL AP,MT,48.2138,-106.6213,696.5,20170808,55.04,80.06,69.44,9.395147999999999,310.0,27.066974,0.0,0.0,0.0
39620,GLASGOW INTL AP,MT,48.2138,-106.6213,696.5,20170819,55.94,80.96,71.24,13.42164,310.0,33.106712,0.0,0.0,0.0
39621,HAVRE CITY CO AP,MT,48.5428,-109.7633,787.9,20170205,6.26,16.16,13.46,6.71082,310.0,19.908766,0.0,3.149608,0.01181103
39622,HAVRE CITY CO AP,MT,48.5428,-109.7633,787.9,20170312,5.18,21.2,17.24,9.395147999999999,310.0,23.040482,0.0,1.181103,0.01968505
39623,HAVRE CITY CO AP,MT,48.5428,-109.7633,787.9,20170719,55.94,91.94,75.02,7.605596,310.0,25.053728,0.0,0.0,0.0
39624,HAVRE CITY CO AP,MT,48.5428,-109.7633,787.9,20170724,55.04,82.94,72.32,11.855782000000001,310.0,38.922756,0.0,0.0,0.0
39625,HAVRE CITY CO AP,MT,48.5428,-109.7633,787.9,20170728,60.08,91.94,78.44,9.171453999999999,310.0,25.053728,0.0,0.0,0.0
39626,HAVRE CITY CO AP,MT,48.5428,-109.7633,787.9,20170819,55.04,77.0,69.26,9.171453999999999,310.0,29.974996,0.0,0.0,0.0
39627,HAVRE CITY CO AP,MT,48.5428,-109.7633,787.9,20170826,46.04,87.08,68.18,7.829289999999999,310.0,23.935257999999997,0.0,0.0,0.0
39638,WOLF POINT INTL AP,MT,48.0944,-105.5744,605.3,20170108,-6.88,10.22,,7.605596,310.0,21.027236,0.0,0.0,0.0
39639,WOLF POINT INTL AP,MT,48.0944,-105.5744,605.3,20170211,16.16,39.92,,10.737312,310.0,44.962494,0.0,0.0,0.0
39640,WOLF POINT INTL AP,MT,48.0944,-105.5744,605.3,20170323,33.08,68.0,,4.6975739999999995,310.0,21.027236,0.0,0.0,0.0
39641,WOLF POINT INTL AP,MT,48.0944,-105.5744,605.3,20170416,19.22,44.06,,9.842536,310.0,29.08022,0.0,0.0,0.0
39642,WOLF POINT INTL AP,MT,48.0944,-105.5744,605.3,20170428,29.12,59.0,,5.59235,310.0,16.105968,0.0,0.0,0.0
39643,WOLF POINT INTL AP,MT,48.0944,-105.5744,605.3,20170507,53.96,82.94,,12.750558,310.0,42.054472,0.0,,0.0
39644,WOLF POINT INTL AP,MT,48.0944,-105.5744,605.3,20170513,50.0,78.08,,15.211192,310.0,38.922756,,,0.11023628
39645,WOLF POINT INTL AP,MT,48.0944,-105.5744,605.3,20170711,60.98,89.06,,13.42164,310.0,55.028724,0.0,0.0,0.03149608
39646,WOLF POINT INTL AP,MT,48.0944,-105.5744,605.3,20170722,53.06,89.96,,10.737312,310.0,31.093465999999996,0.0,0.0,0.0
39647,WOLF POINT INTL AP,MT,48.0944,-105.5744,605.3,20170901,55.04,84.92,,5.368656,310.0,19.908766,0.0,0.0,0.0
39786,JORDAN AP,MT,47.3258,-106.9475,811.4,20170110,-0.76,5.18,,9.618841999999999,310.0,21.922012,,0.0,0.01181103
39787,JORDAN AP,MT,47.3258,-106.9475,811.4,20170130,30.2,46.04,,15.882273999999999,310.0,50.107456,0.0,0.0,0.0
39788,JORDAN AP,MT,47.3258,-106.9475,811.4,20170131,19.22,32.0,,12.526864,310.0,27.96175,,0.0,0.01968505
39789,JORDAN AP,MT,47.3258,-106.9475,811.4,20170207,-3.82,10.22,,5.816044000000001,310.0,17.000744,,0.0,0.01181103
39790,JORDAN AP,MT,47.3258,-106.9475,811.4,20170306,22.1,37.94,,17.448132,310.0,35.119958000000004,,0.0,0.03149608
39791,JORDAN AP,MT,47.3258,-106.9475,811.4,20170307,16.16,35.96,,17.000744,310.0,44.067718,0.0,0.0,0.0
39792,JORDAN AP,MT,47.3258,-106.9475,811.4,20170323,32.0,62.96,,8.052984,310.0,27.066974,0.0,0.0,0.0
39793,JORDAN AP,MT,47.3258,-106.9475,811.4,20170402,37.04,57.92,,8.94776,310.0,44.067718,,0.0,0.1181103
39794,JORDAN AP,MT,47.3258,-106.9475,811.4,20170501,33.08,57.92,,18.566602,310.0,51.002232,0.0,0.0,0.0
39795,JORDAN AP,MT,47.3258,-106.9475,811.4,20170507,46.04,77.0,,15.882273999999999,310.0,40.041226,,,0.03149608
39796,JORDAN AP,MT,47.3258,-106.9475,811.4,20170524,39.02,87.08,,14.987498,310.0,42.949248,0.0,0.0,0.0
39797,JORDAN AP,MT,47.3258,-106.9475,811.4,20170526,37.04,69.98,,11.408394,310.0,31.988242,0.0,0.0,0.0
39798,JORDAN AP,MT,47.3258,-106.9475,811.4,20170617,46.94,73.94,,15.882273999999999,310.0,48.988986,,0.0,0.14960638
39799,JORDAN AP,MT,47.3258,-106.9475,811.4,20170623,42.08,71.96,,13.42164,310.0,38.922756,0.0,0.0,0.0
39800,JORDAN AP,MT,47.3258,-106.9475,811.4,20170717,59.0,87.98,,6.934514,310.0,23.040482,0.0,0.0,0.0393701
39801,JORDAN AP,MT,47.3258,-106.9475,811.4,20170721,55.94,89.96,,11.632088000000001,310.0,33.106712,0.0,0.0,0.0
39802,JORDAN AP,MT,47.3258,-106.9475,811.4,20170722,51.08,89.06,,7.605596,310.0,29.08022,0.0,0.0,0.0
39803,JORDAN AP,MT,47.3258,-106.9475,811.4,20170729,64.94,87.98,,4.921268,310.0,23.040482,0.0,0.0,0.01968505
39804,JORDAN AP,MT,47.3258,-106.9475,811.4,20170805,51.98,78.08,,13.869028,310.0,35.119958000000004,0.0,0.0,0.0
39805,JORDAN AP,MT,47.3258,-106.9475,811.4,20170903,55.94,84.92,,12.079476,310.0,38.922756,0.0,0.0,0.0
39806,JORDAN AP,MT,47.3258,-106.9475,811.4,20170905,33.08,75.92,,4.47388,310.0,14.092722,0.0,0.0,0.0
39807,JORDAN AP,MT,47.3258,-106.9475,811.4,20170913,44.06,86.0,,6.934514,310.0,27.066974,,0.0,0.03149608
39845,BAKER MUNI AP,MT,46.3583,-104.25,905.6,20170110,-1.84,7.16,,13.42164,310.0,29.974996,,,0.0
39846,BAKER MUNI AP,MT,46.3583,-104.25,905.6,20170125,10.22,18.14,,12.750558,310.0,27.066974,,,0.0
39847,BAKER MUNI AP,MT,46.3583,-104.25,905.6,20170131,15.26,29.12,,14.092722,310.0,27.96175,,,0.0
39848,BAKER MUNI AP,MT,46.3583,-104.25,905.6,20170204,2.12,17.24,,10.513618,310.0,27.066974,,,0.0
39849,BAKER MUNI AP,MT,46.3583,-104.25,905.6,20170207,-6.88,6.26,,4.921268,310.0,14.987498,,,0.0
39850,BAKER MUNI AP,MT,46.3583,-104.25,905.6,20170210,35.96,42.98,,11.1847,310.0,42.949248,,,0.0
39851,BAKER MUNI AP,MT,46.3583,-104.25,905.6,20170211,21.2,41.0,,14.092722,310.0,42.054472,,,0.0
39852,BAKER MUNI AP,MT,46.3583,-104.25,905.6,20170221,33.08,60.08,,8.052984,310.0,59.949992,,,0.07086618
39853,BAKER MUNI AP,MT,46.3583,-104.25,905.6,20170226,18.14,32.0,,13.645334,310.0,38.02798,,,0.0
39854,BAKER MUNI AP,MT,46.3583,-104.25,905.6,20170303,27.14,55.04,,10.289924000000001,310.0,27.96175,,,0.0
39855,BAKER MUNI AP,MT,46.3583,-104.25,905.6,20170308,14.18,28.22,,9.618841999999999,310.0,27.96175,,,0.0
39856,BAKER MUNI AP,MT,46.3583,-104.25,905.6,20170316,33.98,62.06,,12.750558,310.0,42.054472,,,0.0
39857,BAKER MUNI AP,MT,46.3583,-104.25,905.6,20170317,26.24,44.06,,11.408394,310.0,29.974996,,,0.0
39858,BAKER MUNI AP,MT,46.3583,-104.25,905.6,20170402,33.08,55.04,,9.171453999999999,310.0,25.948504,,,0.0
39859,BAKER MUNI AP,MT,46.3583,-104.25,905.6,20170407,33.98,78.08,,9.618841999999999,310.0,42.949248,,,0.0
39860,BAKER MUNI AP,MT,46.3583,-104.25,905.6,20170415,32.0,53.96,,13.869028,310.0,46.080964,,,0.03149608
39861,BAKER MUNI AP,MT,46.3583,-104.25,905.6,20170507,51.08,84.92,,12.079476,310.0,31.988242,,,0.16929143
39862,BAKER MUNI AP,MT,46.3583,-104.25,905.6,20170508,35.06,62.96,,16.553356,310.0,40.041226,,,0.0
39863,BAKER MUNI AP,MT,46.3583,-104.25,905.6,20170528,42.08,75.02,,15.658579999999999,310.0,50.107456,,,0.0
39864,BAKER MUNI AP,MT,46.3583,-104.25,905.6,20170616,53.96,75.92,,9.618841999999999,310.0,34.001488,,,0.01181103
39865,BAKER MUNI AP,MT,46.3583,-104.25,905.6,20170618,42.98,73.04,,8.500372,310.0,25.948504,,,0.0
39866,BAKER MUNI AP,MT,46.3583,-104.25,905.6,20170704,57.92,98.06,,6.263432,310.0,19.908766,,,0.0
39867,BAKER MUNI AP,MT,46.3583,-104.25,905.6,20170716,69.08,105.08,,15.434885999999999,310.0,48.09421,,,0.0
39868,BAKER MUNI AP,MT,46.3583,-104.25,905.6,20170828,48.02,95.0,,4.026492,310.0,14.092722,,,0.0
39869,BAKER MUNI AP,MT,46.3583,-104.25,905.6,20170901,53.96,82.04,,8.724066,310.0,27.066974,,,0.0
39870,BAKER MUNI AP,MT,46.3583,-104.25,905.6,20170903,51.98,84.92,,11.408394,310.0,36.90951,,,0.0
39871,BAKER MUNI AP,MT,46.3583,-104.25,905.6,20170912,48.92,93.02,,5.816044000000001,310.0,21.922012,,,0.0
40963,KALISPELL GLACIER AP,MT,48.3042,-114.2636,901.3,20170617,46.04,68.0,55.04,5.1449620000000005,300.0,18.119214000000003,0.0,0.0,0.05118113
44978,BILLINGS LOGAN INTL AP,MT,45.8069,-108.5422,1091.5,20170120,26.24,39.92,35.42,11.855782000000001,300.0,21.922012,0.0,3.93701,0.03149608
44979,BILLINGS LOGAN INTL AP,MT,45.8069,-108.5422,1091.5,20170408,42.08,60.08,53.96,7.605596,300.0,35.119958000000004,0.0,0.0,0.05905515
44980,BILLINGS LOGAN INTL AP,MT,45.8069,-108.5422,1091.5,20170602,57.92,80.96,68.54,8.500372,300.0,27.96175,0.0,0.0,0.0
44981,BILLINGS LOGAN INTL AP,MT,45.8069,-108.5422,1091.5,20170605,57.92,80.96,74.12,12.974252,300.0,31.988242,0.0,0.0,0.0
44982,BILLINGS LOGAN INTL AP,MT,45.8069,-108.5422,1091.5,20170615,55.94,78.08,65.84,8.500372,300.0,27.066974,0.0,0.0,0.01968505
44983,BILLINGS LOGAN INTL AP,MT,45.8069,-108.5422,1091.5,20170616,55.94,80.06,66.92,9.171453999999999,300.0,36.014734000000004,0.0,0.0,0.1181103
44984,BILLINGS LOGAN INTL AP,MT,45.8069,-108.5422,1091.5,20170703,60.98,96.98,77.72,10.066230000000001,300.0,27.066974,0.0,0.0,0.0
44985,LEWISTOWN MUNI AP,MT,47.0492,-109.4578,1263.4,20170110,-16.78,-1.84,,7.381902,300.0,21.922012,,3.149608,0.0
44986,LEWISTOWN MUNI AP,MT,47.0492,-109.4578,1263.4,20170123,17.24,23.18,,6.934514,300.0,16.105968,,1.181103,0.0
44987,LEWISTOWN MUNI AP,MT,47.0492,-109.4578,1263.4,20170211,23.18,37.04,,16.105968,300.0,46.97574,,0.0,0.0
44988,LEWISTOWN MUNI AP,MT,47.0492,-109.4578,1263.4,20170212,23.18,46.04,,12.750558,300.0,29.08022,,0.0,0.0
44989,LEWISTOWN MUNI AP,MT,47.0492,-109.4578,1263.4,20170222,27.14,37.04,,8.052984,300.0,21.922012,,1.968505,0.18110246
44990,LEWISTOWN MUNI AP,MT,47.0492,-109.4578,1263.4,20170226,16.16,26.24,,9.171453999999999,300.0,27.066974,,1.968505,0.11023628
44991,LEWISTOWN MUNI AP,MT,47.0492,-109.4578,1263.4,20170306,18.14,33.98,,12.526864,300.0,42.949248,,0.0,0.0
44992,LEWISTOWN MUNI AP,MT,47.0492,-109.4578,1263.4,20170307,19.22,33.08,,14.316416,300.0,46.080964,,0.0,0.0
44993,LEWISTOWN MUNI AP,MT,47.0492,-109.4578,1263.4,20170316,29.12,57.92,,16.329662,300.0,42.054472,,0.0,0.0
44994,LEWISTOWN MUNI AP,MT,47.0492,-109.4578,1263.4,20170327,33.98,53.96,,5.1449620000000005,300.0,16.105968,,0.0,0.0
44995,LEWISTOWN MUNI AP,MT,47.0492,-109.4578,1263.4,20170409,21.2,41.0,,5.816044000000001,300.0,21.922012,,0.0,1.00000054
44996,LEWISTOWN MUNI AP,MT,47.0492,-109.4578,1263.4,20170423,37.04,60.08,,6.263432,300.0,25.948504,,0.0,0.12992133
44997,LEWISTOWN MUNI AP,MT,47.0492,-109.4578,1263.4,20170508,33.08,57.92,,7.829289999999999,300.0,21.922012,,0.0,0.0
44998,LEWISTOWN MUNI AP,MT,47.0492,-109.4578,1263.4,20170509,33.98,64.94,,4.921268,300.0,17.000744,,0.0,0.0
44999,LEWISTOWN MUNI AP,MT,47.0492,-109.4578,1263.4,20170524,39.02,73.04,,21.698318,300.0,48.09421,,0.0,0.0
45000,LEWISTOWN MUNI AP,MT,47.0492,-109.4578,1263.4,20170527,35.06,71.06,,9.395147999999999,300.0,35.119958000000004,,0.0,0.01968505
45001,LEWISTOWN MUNI AP,MT,47.0492,-109.4578,1263.4,20170615,42.08,66.92,,7.605596,300.0,27.96175,0.0,0.0,0.0
45002,LEWISTOWN MUNI AP,MT,47.0492,-109.4578,1263.4,20170621,46.94,78.08,,10.513618,300.0,36.014734000000004,0.0,0.0,0.0
45003,LEWISTOWN MUNI AP,MT,47.0492,-109.4578,1263.4,20170622,41.0,64.94,,10.289924000000001,300.0,36.90951,,0.0,0.0
45004,LEWISTOWN MUNI AP,MT,47.0492,-109.4578,1263.4,20170719,55.04,87.98,,7.381902,300.0,29.974996,,0.0,0.1181103
45005,LEWISTOWN MUNI AP,MT,47.0492,-109.4578,1263.4,20170720,60.08,93.92,,6.934514,300.0,19.908766,,0.0,0.0
45006,LEWISTOWN MUNI AP,MT,47.0492,-109.4578,1263.4,20170730,59.0,95.0,,5.59235,300.0,21.027236,,0.0,0.0
45007,LEWISTOWN MUNI AP,MT,47.0492,-109.4578,1263.4,20170805,48.02,64.94,,7.829289999999999,300.0,19.908766,,0.0,0.0393701
45008,LEWISTOWN MUNI AP,MT,47.0492,-109.4578,1263.4,20170828,51.98,91.04,,5.816044000000001,300.0,17.000744,,0.0,0.0
45009,MILES CITY F WILEY FLD,MT,46.4267,-105.8825,799.8,20170103,-19.84,-1.84,,5.1449620000000005,300.0,12.974252,,,0.0
45010,MILES CITY F WILEY FLD,MT,46.4267,-105.8825,799.8,20170201,11.12,18.14,,11.408394,300.0,23.935257999999997,,,0.0
45011,MILES CITY F WILEY FLD,MT,46.4267,-105.8825,799.8,20170307,20.12,35.96,,18.790295999999998,300.0,53.015478,,,0.0
45012,MILES CITY F WILEY FLD,MT,46.4267,-105.8825,799.8,20170316,35.96,64.94,,11.855782000000001,300.0,52.120702,,,0.0
45013,MILES CITY F WILEY FLD,MT,46.4267,-105.8825,799.8,20170403,32.0,51.98,,10.513618,300.0,23.935257999999997,,,0.03149608
45014,MILES CITY F WILEY FLD,MT,46.4267,-105.8825,799.8,20170408,48.02,64.04,,6.039738,300.0,33.106712,,,0.0
45015,MILES CITY F WILEY FLD,MT,46.4267,-105.8825,799.8,20170503,39.02,62.96,,7.158208,300.0,19.01399,,,0.0
45016,MILES CITY F WILEY FLD,MT,46.4267,-105.8825,799.8,20170524,48.02,84.92,,16.77705,300.0,59.055216,,,0.01181103
45017,MILES CITY F WILEY FLD,MT,46.4267,-105.8825,799.8,20170527,39.02,78.08,,12.30317,300.0,44.067718,,,0.0
45018,MILES CITY F WILEY FLD,MT,46.4267,-105.8825,799.8,20170615,48.02,82.94,,12.079476,300.0,36.014734000000004,,,0.0
45019,MILES CITY F WILEY FLD,MT,46.4267,-105.8825,799.8,20170710,73.04,102.02,,12.079476,300.0,72.02946800000001,,,0.0
45020,MILES CITY F WILEY FLD,MT,46.4267,-105.8825,799.8,20170716,77.0,102.92,,10.737312,300.0,51.002232,,,0.0
45021,MILES CITY F WILEY FLD,MT,46.4267,-105.8825,799.8,20170826,59.0,89.96,,9.395147999999999,300.0,38.02798,,,0.0
45022,MILES CITY F WILEY FLD,MT,46.4267,-105.8825,799.8,20170901,64.94,84.02,,7.605596,300.0,23.040482,,,0.0
45157,BOZEMAN GALLATIN FLD,MT,45.7881,-111.1608,1349.3,20170227,7.16,33.08,,4.250186,300.0,23.040482,0.0,0.9842525,0.0
45158,BOZEMAN GALLATIN FLD,MT,45.7881,-111.1608,1349.3,20170228,20.12,35.06,,11.408394,300.0,42.054472,0.0,0.9842525,0.0
45159,BOZEMAN GALLATIN FLD,MT,45.7881,-111.1608,1349.3,20170323,30.2,55.04,,5.368656,300.0,18.119214000000003,0.0,0.0,0.0
45160,BOZEMAN GALLATIN FLD,MT,45.7881,-111.1608,1349.3,20170325,33.08,53.06,,5.368656,300.0,31.988242,0.0,0.0,0.01968505
45161,BOZEMAN GALLATIN FLD,MT,45.7881,-111.1608,1349.3,20170524,37.04,75.92,,18.342907999999998,300.0,48.09421,0.0,0.0,0.0
45162,BOZEMAN GALLATIN FLD,MT,45.7881,-111.1608,1349.3,20170601,44.96,78.98,,6.934514,300.0,29.974996,0.0,0.0,0.03149608
45163,BOZEMAN GALLATIN FLD,MT,45.7881,-111.1608,1349.3,20170914,42.08,53.96,,6.487126,300.0,19.908766,0.0,0.0,0.18897648
45168,BUTTE BERT MOONEY AP,MT,45.9647,-112.5006,1678.2,20170131,10.22,33.08,27.68,4.250186,300.0,18.119214000000003,,,0.14173236
45169,BUTTE BERT MOONEY AP,MT,45.9647,-112.5006,1678.2,20170316,28.22,50.0,44.24,7.829289999999999,300.0,33.106712,,,0.16141741
45170,BUTTE BERT MOONEY AP,MT,45.9647,-112.5006,1678.2,20170319,33.98,50.0,44.78,4.6975739999999995,300.0,21.922012,,,0.1181103
45171,BUTTE BERT MOONEY AP,MT,45.9647,-112.5006,1678.2,20170410,19.22,42.98,30.56,5.368656,300.0,33.106712,,,0.09055123
45172,BUTTE BERT MOONEY AP,MT,45.9647,-112.5006,1678.2,20170423,37.04,53.96,46.58,4.6975739999999995,300.0,38.02798,,,0.0
45173,BUTTE BERT MOONEY AP,MT,45.9647,-112.5006,1678.2,20170604,46.04,82.94,65.12,6.487126,300.0,31.093465999999996,,,0.35826791
45174,BUTTE BERT MOONEY AP,MT,45.9647,-112.5006,1678.2,20170610,33.08,57.02,47.84,7.605596,300.0,34.001488,,,0.01181103
45175,BUTTE BERT MOONEY AP,MT,45.9647,-112.5006,1678.2,20170729,48.92,87.98,68.72,5.1449620000000005,300.0,25.053728,,,0.0
45176,BUTTE BERT MOONEY AP,MT,45.9647,-112.5006,1678.2,20170813,48.92,78.98,68.54,6.487126,300.0,36.014734000000004,,,0.0787402
45177,BUTTE BERT MOONEY AP,MT,45.9647,-112.5006,1678.2,20170822,41.0,87.08,63.14,4.026492,300.0,14.987498,,,0.0
45178,CUT BANK MUNI AP,MT,48.6033,-112.3753,1169.8,20170409,30.2,39.92,36.86,9.395147999999999,300.0,34.001488,,1.968505,0.50000027
45179,CUT BANK MUNI AP,MT,48.6033,-112.3753,1169.8,20170506,48.92,73.94,61.34,8.500372,300.0,25.948504,,0.0,0.05905515
45180,CUT BANK MUNI AP,MT,48.6033,-112.3753,1169.8,20170722,46.94,87.08,66.92,6.71082,300.0,23.040482,,0.0,0.0
45181,CUT BANK MUNI AP,MT,48.6033,-112.3753,1169.8,20170828,50.0,91.04,71.78,5.816044000000001,300.0,19.01399,,0.0,0.0
45182,DILLON AP,MT,45.2575,-112.5545,1585.0,20170228,14.18,33.08,22.28,12.750558,300.0,35.119958000000004,,0.0,0.0
45183,DILLON AP,MT,45.2575,-112.5545,1585.0,20170310,28.22,57.02,41.72,11.632088000000001,300.0,29.08022,,0.0,0.0
45184,DILLON AP,MT,45.2575,-112.5545,1585.0,20170528,39.92,73.94,56.66,6.71082,300.0,27.96175,,0.0,0.0
45201,GREAT FALLS INTL AP,MT,47.4733,-111.3822,1116.8,20170319,24.26,59.0,52.52,15.658579999999999,300.0,42.949248,0.0,0.0,0.0
45202,GREAT FALLS INTL AP,MT,47.4733,-111.3822,1116.8,20170327,33.98,55.94,46.04,10.066230000000001,300.0,23.935257999999997,0.0,0.0,0.01968505
45203,GREAT FALLS INTL AP,MT,47.4733,-111.3822,1116.8,20170413,33.08,66.02,48.02,9.395147999999999,300.0,35.119958000000004,0.0,0.0,0.48818924
45204,GREAT FALLS INTL AP,MT,47.4733,-111.3822,1116.8,20170527,42.98,75.92,57.74,8.94776,300.0,21.027236,0.0,0.0,0.0
45205,GREAT FALLS INTL AP,MT,47.4733,-111.3822,1116.8,20170722,46.94,89.06,70.7,5.368656,300.0,29.08022,0.0,0.0,0.0
45206,GREAT FALLS INTL AP,MT,47.4733,-111.3822,1116.8,20170824,60.08,84.02,73.76,8.94776,300.0,44.962494,0.0,0.0,0.0
45207,HELENA RGNL AP,MT,46.6056,-111.9636,1166.8,20170105,-15.88,0.14,-5.26,1.789552,300.0,8.94776,0.0,5.118113,0.0
45208,HELENA RGNL AP,MT,46.6056,-111.9636,1166.8,20170312,37.04,51.08,41.9,12.30317,300.0,36.90951,0.0,1.968505,0.0
45209,HELENA RGNL AP,MT,46.6056,-111.9636,1166.8,20170409,29.12,48.02,40.46,13.645334,300.0,31.988242,0.0,0.0,0.0
45210,HELENA RGNL AP,MT,46.6056,-111.9636,1166.8,20170503,31.1,71.96,48.56,7.829289999999999,300.0,31.093465999999996,0.0,0.0,0.0
45211,HELENA RGNL AP,MT,46.6056,-111.9636,1166.8,20170714,66.92,98.96,85.28,5.1449620000000005,300.0,27.96175,0.0,0.0,0.0
45212,HELENA RGNL AP,MT,46.6056,-111.9636,1166.8,20170717,53.06,87.98,73.58,8.500372,300.0,27.066974,0.0,0.0,0.0
45213,HELENA RGNL AP,MT,46.6056,-111.9636,1166.8,20170730,59.0,98.06,80.06,5.816044000000001,300.0,31.988242,0.0,0.0,0.0
45214,HELENA RGNL AP,MT,46.6056,-111.9636,1166.8,20170819,62.96,87.08,77.36,10.289924000000001,300.0,29.974996,0.0,0.0,0.0
45215,HELENA RGNL AP,MT,46.6056,-111.9636,1166.8,20170910,53.06,86.0,,6.039738,300.0,31.988242,0.0,0.0,0.0
45216,HELENA RGNL AP,MT,46.6056,-111.9636,1166.8,20170917,35.96,66.92,46.76,2.23694,300.0,23.040482,0.0,0.0,0.0
45243,LIVINGSTON MISSION FLD,MT,45.6983,-110.4408,1415.2,20170310,14.18,51.08,,6.263432,300.0,27.066974,,,0.01181103
45244,LIVINGSTON MISSION FLD,MT,45.6983,-110.4408,1415.2,20170323,27.14,55.94,,8.276678,300.0,25.948504,,,0.0
45245,LIVINGSTON MISSION FLD,MT,45.6983,-110.4408,1415.2,20170509,30.2,66.92,,6.71082,300.0,36.90951,,,0.0
45246,LIVINGSTON MISSION FLD,MT,45.6983,-110.4408,1415.2,20170703,50.0,93.92,,11.1847,300.0,31.093465999999996,,,0.0
45247,LIVINGSTON MISSION FLD,MT,45.6983,-110.4408,1415.2,20170826,48.92,89.96,,8.94776,300.0,25.948504,,,0.0
45248,LIVINGSTON MISSION FLD,MT,45.6983,-110.4408,1415.2,20170827,42.98,93.02,,5.816044000000001,300.0,16.105968,,,0.0
45249,LIVINGSTON MISSION FLD,MT,45.6983,-110.4408,1415.2,20170906,37.04,87.98,,6.039738,300.0,19.01399,,,0.0
45259,MISSOULA INTL AP,MT,46.9208,-114.0925,972.9,20170210,32.0,41.0,37.76,5.368656,300.0,33.106712,0.0,9.055123,0.14173236
45260,MISSOULA INTL AP,MT,46.9208,-114.0925,972.9,20170220,29.12,39.02,34.16,6.487126,300.0,23.935257999999997,0.1181103,3.93701,0.35826791
45261,MISSOULA INTL AP,MT,46.9208,-114.0925,972.9,20170225,17.24,32.0,24.62,6.487126,300.0,29.08022,0.0,0.0,0.0
45262,MISSOULA INTL AP,MT,46.9208,-114.0925,972.9,20170428,37.04,53.06,43.16,4.6975739999999995,300.0,19.01399,0.0,0.0,0.0
45263,MISSOULA INTL AP,MT,46.9208,-114.0925,972.9,20170503,31.1,71.06,46.76,3.579104,300.0,16.105968,0.0,0.0,0.0
45264,MISSOULA INTL AP,MT,46.9208,-114.0925,972.9,20170506,48.02,66.02,59.36,10.513618,300.0,33.106712,0.0,0.0,0.01181103
45265,MISSOULA INTL AP,MT,46.9208,-114.0925,972.9,20170516,35.06,53.96,45.14,3.802798,300.0,29.974996,0.0,0.0,0.25984266
45266,MISSOULA INTL AP,MT,46.9208,-114.0925,972.9,20170618,53.96,69.98,60.44,5.816044000000001,300.0,18.119214000000003,0.0,0.0,0.0
45267,MISSOULA INTL AP,MT,46.9208,-114.0925,972.9,20170710,57.92,89.06,76.46,6.71082,300.0,25.948504,0.0,0.0,0.0
45268,MISSOULA INTL AP,MT,46.9208,-114.0925,972.9,20170720,55.94,91.04,75.02,8.500372,300.0,36.014734000000004,0.0,0.0,0.0
47466,GLASGOW INTL AP,MT,48.2138,-106.6213,696.5,20170104,-14.8,5.18,-6.34,8.724066,300.0,27.96175,0.3149608,5.118113,0.01181103
47467,GLASGOW INTL AP,MT,48.2138,-106.6213,696.5,20170108,-5.8,6.26,0.32,12.30317,300.0,29.974996,0.0,3.93701,0.0
47468,GLASGOW INTL AP,MT,48.2138,-106.6213,696.5,20170110,-11.74,3.2,1.94,11.632088000000001,300.0,27.96175,0.9055122999999999,7.87402,0.03149608
47469,GLASGOW INTL AP,MT,48.2138,-106.6213,696.5,20170123,20.12,28.22,27.32,6.934514,300.0,14.987498,0.5905515,3.149608,0.03149608
47470,GLASGOW INTL AP,MT,48.2138,-106.6213,696.5,20170124,14.18,20.12,20.12,8.500372,300.0,19.01399,0.5118113000000001,3.93701,0.01181103
47471,GLASGOW INTL AP,MT,48.2138,-106.6213,696.5,20170131,15.26,30.2,26.78,19.461378,300.0,36.014734000000004,0.0,3.149608,0.0
47472,GLASGOW INTL AP,MT,48.2138,-106.6213,696.5,20170201,6.26,18.14,14.18,16.553356,300.0,35.119958000000004,0.0,1.968505,0.0
47473,GLASGOW INTL AP,MT,48.2138,-106.6213,696.5,20170225,16.16,31.1,24.44,8.276678,300.0,25.948504,0.0,0.0,0.0
47474,GLASGOW INTL AP,MT,48.2138,-106.6213,696.5,20170301,14.18,37.04,23.18,8.94776,300.0,23.040482,0.0,1.181103,0.0
47475,GLASGOW INTL AP,MT,48.2138,-106.6213,696.5,20170307,14.18,30.2,21.92,24.382645999999998,300.0,53.910254,0.0,1.181103,0.0
47476,GLASGOW INTL AP,MT,48.2138,-106.6213,696.5,20170330,35.96,62.96,50.18,8.052984,300.0,17.000744,0.0,0.0,0.0
47477,GLASGOW INTL AP,MT,48.2138,-106.6213,696.5,20170402,37.04,57.92,50.18,9.842536,300.0,42.054472,0.0,0.0,0.16929143
47478,GLASGOW INTL AP,MT,48.2138,-106.6213,696.5,20170419,37.04,60.08,49.64,9.171453999999999,300.0,36.90951,0.0,0.0,0.16929143
47479,GLASGOW INTL AP,MT,48.2138,-106.6213,696.5,20170525,44.06,62.06,55.4,21.698318,300.0,42.949248,0.0,0.0,0.0
47480,GLASGOW INTL AP,MT,48.2138,-106.6213,696.5,20170622,46.04,69.98,59.36,17.000744,300.0,53.910254,0.0,0.0,0.01181103
47481,GLASGOW INTL AP,MT,48.2138,-106.6213,696.5,20170623,39.92,69.98,54.86,12.974252,300.0,31.988242,0.0,0.0,0.0
47482,GLASGOW INTL AP,MT,48.2138,-106.6213,696.5,20170722,57.02,87.08,72.14,10.289924000000001,300.0,25.948504,0.0,0.0,0.0
47483,GLASGOW INTL AP,MT,48.2138,-106.6213,696.5,20170910,55.04,84.02,,10.961006,300.0,31.093465999999996,0.0,0.0,0.0
47484,HAVRE CITY CO AP,MT,48.5428,-109.7633,787.9,20170207,-16.78,2.12,-0.4,6.934514,300.0,18.119214000000003,0.0,3.93701,0.03149608
47485,HAVRE CITY CO AP,MT,48.5428,-109.7633,787.9,20170416,28.22,48.92,39.02,12.30317,300.0,25.948504,0.0,0.0,0.0
47486,HAVRE CITY CO AP,MT,48.5428,-109.7633,787.9,20170419,35.96,62.06,52.16,13.869028,300.0,36.014734000000004,0.0,0.0,0.01968505
47487,HAVRE CITY CO AP,MT,48.5428,-109.7633,787.9,20170501,35.06,60.08,48.38,11.408394,300.0,33.106712,0.0,0.0,0.0
47488,HAVRE CITY CO AP,MT,48.5428,-109.7633,787.9,20170507,35.96,57.02,56.48,12.974252,300.0,29.974996,0.0,0.0,0.07086618
47489,HAVRE CITY CO AP,MT,48.5428,-109.7633,787.9,20170509,37.94,73.04,54.32,2.9080220000000003,300.0,16.105968,0.0,0.0,0.0
47490,HAVRE CITY CO AP,MT,48.5428,-109.7633,787.9,20170619,48.92,80.96,64.94,10.961006,300.0,34.001488,0.0,0.0,0.0
47491,HAVRE CITY CO AP,MT,48.5428,-109.7633,787.9,20170627,55.94,82.04,71.42,12.079476,300.0,29.974996,0.0,0.0,0.0
47492,HAVRE CITY CO AP,MT,48.5428,-109.7633,787.9,20170702,55.04,91.94,75.38,6.71082,300.0,23.040482,0.0,0.0,0.0
47493,HAVRE CITY CO AP,MT,48.5428,-109.7633,787.9,20170705,46.94,96.08,74.12,9.171453999999999,300.0,27.066974,0.0,0.0,0.0
47494,HAVRE CITY CO AP,MT,48.5428,-109.7633,787.9,20170706,60.08,98.96,81.32,11.408394,300.0,29.974996,0.0,0.0,0.0
47495,HAVRE CITY CO AP,MT,48.5428,-109.7633,787.9,20170716,57.92,98.06,80.24,15.211192,300.0,38.02798,0.0,0.0,0.0
47496,HAVRE CITY CO AP,MT,48.5428,-109.7633,787.9,20170721,57.02,87.98,76.46,12.750558,300.0,33.106712,0.0,0.0,0.0
47497,HAVRE CITY CO AP,MT,48.5428,-109.7633,787.9,20170804,50.0,77.0,69.98,10.066230000000001,300.0,27.96175,0.0,0.0,0.0
47498,HAVRE CITY CO AP,MT,48.5428,-109.7633,787.9,20170805,51.08,71.96,61.34,6.934514,300.0,21.922012,0.0,0.0,0.0
47499,HAVRE CITY CO AP,MT,48.5428,-109.7633,787.9,20170913,46.94,71.96,59.72,9.842536,300.0,23.040482,0.0,0.0,0.0
47517,WOLF POINT INTL AP,MT,48.0944,-105.5744,605.3,20170105,-5.8,5.18,,6.487126,300.0,19.908766,0.0,0.0,0.0
47518,WOLF POINT INTL AP,MT,48.0944,-105.5744,605.3,20170316,35.06,55.94,,8.276678,300.0,33.106712,,0.0,0.01181103
47519,WOLF POINT INTL AP,MT,48.0944,-105.5744,605.3,20170402,39.92,60.98,,9.395147999999999,300.0,27.066974,0.0,0.0,0.0
47520,WOLF POINT INTL AP,MT,48.0944,-105.5744,605.3,20170407,39.02,80.96,,6.71082,300.0,35.119958000000004,0.0,0.0,0.0
47521,WOLF POINT INTL AP,MT,48.0944,-105.5744,605.3,20170419,39.02,53.06,,7.605596,300.0,19.908766,,0.0,0.24015761
47522,WOLF POINT INTL AP,MT,48.0944,-105.5744,605.3,20170508,39.02,66.92,,13.197946,300.0,31.988242,0.0,0.0,0.0
47523,WOLF POINT INTL AP,MT,48.0944,-105.5744,605.3,20170525,37.04,66.02,,19.237683999999998,300.0,44.962494,,0.0,0.03149608
47524,WOLF POINT INTL AP,MT,48.0944,-105.5744,605.3,20170526,44.96,71.96,,13.869028,300.0,33.106712,,0.0,0.0
47525,WOLF POINT INTL AP,MT,48.0944,-105.5744,605.3,20170527,42.08,80.06,,12.974252,300.0,42.949248,,0.0,0.0
47526,WOLF POINT INTL AP,MT,48.0944,-105.5744,605.3,20170622,50.0,73.94,,18.566602,300.0,57.04196999999999,0.0,0.0,0.0
47527,WOLF POINT INTL AP,MT,48.0944,-105.5744,605.3,20170623,44.06,73.04,,14.092722,300.0,35.119958000000004,0.0,0.0,0.0
47528,WOLF POINT INTL AP,MT,48.0944,-105.5744,605.3,20170630,37.94,82.94,,6.039738,300.0,25.053728,0.0,0.0,0.0
47529,WOLF POINT INTL AP,MT,48.0944,-105.5744,605.3,20170705,62.96,104.0,,9.842536,300.0,31.093465999999996,0.0,0.0,0.0
47626,JORDAN AP,MT,47.3258,-106.9475,811.4,20170114,-15.88,26.24,,2.9080220000000003,300.0,10.066230000000001,0.0,0.0,0.0
47627,JORDAN AP,MT,47.3258,-106.9475,811.4,20170201,7.16,20.12,,14.092722,300.0,33.106712,0.0,0.0,0.0
47628,JORDAN AP,MT,47.3258,-106.9475,811.4,20170226,19.22,30.2,,12.526864,300.0,33.106712,,0.0,0.03149608
47629,JORDAN AP,MT,47.3258,-106.9475,811.4,20170304,29.12,60.08,,6.263432,300.0,18.119214000000003,0.0,0.0,0.0
47630,JORDAN AP,MT,47.3258,-106.9475,811.4,20170403,31.1,51.08,,9.842536,300.0,23.040482,0.0,0.0,0.0
47631,JORDAN AP,MT,47.3258,-106.9475,811.4,20170414,33.08,62.06,,15.211192,300.0,35.119958000000004,0.0,0.0,0.0
47632,JORDAN AP,MT,47.3258,-106.9475,811.4,20170619,48.02,84.02,,11.1847,300.0,38.02798,0.0,0.0,0.0
47633,JORDAN AP,MT,47.3258,-106.9475,811.4,20170710,66.92,100.94,,9.171453999999999,300.0,59.949992,0.0,0.0,0.0
47634,JORDAN AP,MT,47.3258,-106.9475,811.4,20170719,59.0,95.0,,8.500372,300.0,46.080964,0.0,0.0,0.20866153
47635,JORDAN AP,MT,47.3258,-106.9475,811.4,20170901,55.94,82.94,,6.71082,300.0,21.922012,0.0,0.0,0.0
47656,BAKER MUNI AP,MT,46.3583,-104.25,905.6,20170103,-22.9,-4.9,,6.71082,300.0,21.027236,,,0.0
47657,BAKER MUNI AP,MT,46.3583,-104.25,905.6,20170108,-3.82,6.26,,14.987498,300.0,36.90951,,,0.0
47658,BAKER MUNI AP,MT,46.3583,-104.25,905.6,20170111,-14.8,0.14,,12.30317,300.0,25.948504,,,0.0
47659,BAKER MUNI AP,MT,46.3583,-104.25,905.6,20170201,6.26,15.26,,13.869028,300.0,27.96175,,,0.0
47660,BAKER MUNI AP,MT,46.3583,-104.25,905.6,20170212,21.2,39.02,,11.408394,300.0,23.935257999999997,,,0.0
47661,BAKER MUNI AP,MT,46.3583,-104.25,905.6,20170306,18.14,33.98,,20.356154,300.0,46.080964,,,0.0
47662,BAKER MUNI AP,MT,46.3583,-104.25,905.6,20170602,53.06,80.06,,8.724066,300.0,36.014734000000004,,,0.0
47663,BAKER MUNI AP,MT,46.3583,-104.25,905.6,20170617,48.02,69.08,,16.105968,300.0,46.97574,,,0.07086618
47664,BAKER MUNI AP,MT,46.3583,-104.25,905.6,20170627,57.02,89.96,,14.54011,300.0,48.09421,,,0.0
47665,BAKER MUNI AP,MT,46.3583,-104.25,905.6,20170721,57.02,93.02,,9.842536,300.0,31.988242,,,0.0
48639,KALISPELL GLACIER AP,MT,48.3042,-114.2636,901.3,20170130,4.1,42.08,18.86,2.9080220000000003,290.0,16.105968,0.0,11.023628,0.0
48640,KALISPELL GLACIER AP,MT,48.3042,-114.2636,901.3,20170628,42.98,80.06,63.32,5.816044000000001,290.0,51.002232,0.0,0.0,0.0
48641,KALISPELL GLACIER AP,MT,48.3042,-114.2636,901.3,20170724,50.0,91.04,75.56,4.6975739999999995,290.0,23.935257999999997,0.0,0.0,0.0
52918,BILLINGS LOGAN INTL AP,MT,45.8069,-108.5422,1091.5,20170210,31.1,48.92,45.68,11.632088000000001,290.0,40.041226,0.0,5.905515,0.0
52919,BILLINGS LOGAN INTL AP,MT,45.8069,-108.5422,1091.5,20170222,29.12,42.98,41.36,10.513618,290.0,31.093465999999996,1.1023628,0.0,0.22834658
52920,BILLINGS LOGAN INTL AP,MT,45.8069,-108.5422,1091.5,20170312,14.18,42.08,27.5,14.092722,290.0,36.014734000000004,0.0,5.905515,0.0
52921,BILLINGS LOGAN INTL AP,MT,45.8069,-108.5422,1091.5,20170316,39.92,62.06,57.38,12.30317,290.0,42.949248,0.0,0.0,0.0
52922,BILLINGS LOGAN INTL AP,MT,45.8069,-108.5422,1091.5,20170407,48.02,71.06,59.54,9.171453999999999,290.0,36.014734000000004,0.0,0.0,0.0
52923,BILLINGS LOGAN INTL AP,MT,45.8069,-108.5422,1091.5,20170426,33.08,51.98,37.76,5.816044000000001,290.0,17.000744,0.0,0.0,0.05905515
52924,BILLINGS LOGAN INTL AP,MT,45.8069,-108.5422,1091.5,20170521,44.96,69.08,55.58,10.961006,290.0,34.001488,0.0,0.0,0.0
52925,BILLINGS LOGAN INTL AP,MT,45.8069,-108.5422,1091.5,20170613,46.04,64.04,57.02,12.079476,290.0,38.922756,0.0,0.0,0.14960638
52926,BILLINGS LOGAN INTL AP,MT,45.8069,-108.5422,1091.5,20170629,53.06,69.98,61.88,10.513618,290.0,38.02798,0.0,0.0,0.25984266
52927,LEWISTOWN MUNI AP,MT,47.0492,-109.4578,1263.4,20170109,-7.78,33.98,,8.052984,290.0,27.066974,,3.149608,0.09055123
52928,LEWISTOWN MUNI AP,MT,47.0492,-109.4578,1263.4,20170128,28.22,44.06,,14.316416,290.0,33.106712,,0.0,0.0
52929,LEWISTOWN MUNI AP,MT,47.0492,-109.4578,1263.4,20170225,8.24,28.22,,12.974252,290.0,31.093465999999996,0.0,1.181103,0.0
52930,LEWISTOWN MUNI AP,MT,47.0492,-109.4578,1263.4,20170417,33.98,55.94,,10.289924000000001,290.0,31.988242,,0.0,0.0
52931,LEWISTOWN MUNI AP,MT,47.0492,-109.4578,1263.4,20170424,35.06,53.96,,7.829289999999999,290.0,25.053728,,0.0,0.0
52932,LEWISTOWN MUNI AP,MT,47.0492,-109.4578,1263.4,20170504,39.02,77.0,,6.039738,290.0,18.119214000000003,,0.0,0.0
52933,LEWISTOWN MUNI AP,MT,47.0492,-109.4578,1263.4,20170618,44.96,69.08,,9.842536,290.0,35.119958000000004,,0.0,0.0
52934,LEWISTOWN MUNI AP,MT,47.0492,-109.4578,1263.4,20170627,55.94,75.92,,7.605596,290.0,27.066974,,0.0,0.05118113
52935,LEWISTOWN MUNI AP,MT,47.0492,-109.4578,1263.4,20170704,51.98,87.98,,6.039738,290.0,16.105968,,0.0,0.0
52936,LEWISTOWN MUNI AP,MT,47.0492,-109.4578,1263.4,20170711,51.08,82.04,,7.158208,290.0,25.053728,,0.0,0.0
52937,LEWISTOWN MUNI AP,MT,47.0492,-109.4578,1263.4,20170821,46.04,77.0,,5.59235,290.0,10.961006,,0.0,0.0
52938,LEWISTOWN MUNI AP,MT,47.0492,-109.4578,1263.4,20170823,51.08,89.06,,4.6975739999999995,290.0,18.119214000000003,,0.0,0.0
52939,LEWISTOWN MUNI AP,MT,47.0492,-109.4578,1263.4,20170901,51.98,82.04,,6.934514,290.0,21.922012,,0.0,0.0
52940,LEWISTOWN MUNI AP,MT,47.0492,-109.4578,1263.4,20170909,51.98,91.04,,4.6975739999999995,290.0,21.027236,,0.0,0.0
52941,MILES CITY F WILEY FLD,MT,46.4267,-105.8825,799.8,20170111,-12.82,3.2,,6.487126,290.0,18.119214000000003,,,0.0
52942,MILES CITY F WILEY FLD,MT,46.4267,-105.8825,799.8,20170211,23.18,41.0,,13.869028,290.0,42.949248,,,0.0
52943,MILES CITY F WILEY FLD,MT,46.4267,-105.8825,799.8,20170213,24.26,42.98,,10.513618,290.0,21.922012,,,0.0
52944,MILES CITY F WILEY FLD,MT,46.4267,-105.8825,799.8,20170226,24.26,35.96,,12.974252,290.0,36.014734000000004,,,0.0
52945,MILES CITY F WILEY FLD,MT,46.4267,-105.8825,799.8,20170228,18.14,42.08,,8.94776,290.0,25.948504,,,0.0
52946,MILES CITY F WILEY FLD,MT,46.4267,-105.8825,799.8,20170304,33.08,60.98,,8.052984,290.0,23.935257999999997,,,0.0
52947,MILES CITY F WILEY FLD,MT,46.4267,-105.8825,799.8,20170411,33.08,60.08,,10.066230000000001,290.0,36.014734000000004,,,0.01181103
52948,MILES CITY F WILEY FLD,MT,46.4267,-105.8825,799.8,20170414,46.04,64.94,,13.869028,290.0,33.106712,,,0.0
52949,MILES CITY F WILEY FLD,MT,46.4267,-105.8825,799.8,20170504,44.06,77.0,,7.605596,290.0,19.01399,,,0.0
52950,MILES CITY F WILEY FLD,MT,46.4267,-105.8825,799.8,20170611,51.08,78.08,,9.395147999999999,290.0,25.053728,,,0.0
52951,MILES CITY F WILEY FLD,MT,46.4267,-105.8825,799.8,20170624,42.98,77.0,,10.513618,290.0,29.08022,,,0.0
52952,MILES CITY F WILEY FLD,MT,46.4267,-105.8825,799.8,20170701,55.04,93.92,,7.605596,290.0,21.922012,,,0.0
52953,MILES CITY F WILEY FLD,MT,46.4267,-105.8825,799.8,20170912,53.96,93.02,,8.052984,290.0,21.922012,,,0.0
53104,BOZEMAN GALLATIN FLD,MT,45.7881,-111.1608,1349.3,20170124,4.1,21.2,,3.579104,290.0,12.079476,0.5118113000000001,4.0157502,0.0
53105,BOZEMAN GALLATIN FLD,MT,45.7881,-111.1608,1349.3,20170307,21.2,39.02,,13.869028,290.0,36.90951,0.0,0.0,0.0
53106,BOZEMAN GALLATIN FLD,MT,45.7881,-111.1608,1349.3,20170312,29.12,51.08,,9.618841999999999,290.0,48.988986,0.0,0.0,0.01968505
53107,BOZEMAN GALLATIN FLD,MT,45.7881,-111.1608,1349.3,20170405,23.18,57.92,,7.829289999999999,290.0,25.948504,0.0,0.0,0.0
53108,BOZEMAN GALLATIN FLD,MT,45.7881,-111.1608,1349.3,20170409,28.22,44.06,,9.171453999999999,290.0,27.96175,0.3149608,0.0,0.01181103
53109,BOZEMAN GALLATIN FLD,MT,45.7881,-111.1608,1349.3,20170414,32.0,50.0,,8.052984,290.0,27.066974,2.0866153,0.9842525,0.40157502
53110,BOZEMAN GALLATIN FLD,MT,45.7881,-111.1608,1349.3,20170417,33.08,53.06,,6.71082,290.0,33.106712,0.0,0.0,0.03149608
53111,BOZEMAN GALLATIN FLD,MT,45.7881,-111.1608,1349.3,20170423,39.02,60.98,,7.605596,290.0,38.02798,0.0,0.0,0.16141741
53112,BOZEMAN GALLATIN FLD,MT,45.7881,-111.1608,1349.3,20170508,41.0,60.98,,2.684328,290.0,12.974252,0.0,0.0,0.0
53113,BOZEMAN GALLATIN FLD,MT,45.7881,-111.1608,1349.3,20170509,33.08,66.92,,4.6975739999999995,290.0,16.105968,0.0,0.0,0.0
53114,BOZEMAN GALLATIN FLD,MT,45.7881,-111.1608,1349.3,20170527,37.04,71.06,,5.368656,290.0,17.000744,0.0,0.0,0.0
53115,BOZEMAN GALLATIN FLD,MT,45.7881,-111.1608,1349.3,20170616,51.98,69.98,,5.368656,290.0,23.935257999999997,0.0,0.0,0.01968505
53116,BOZEMAN GALLATIN FLD,MT,45.7881,-111.1608,1349.3,20170721,50.0,87.98,,6.487126,290.0,19.01399,0.0,0.0,0.0
53117,BOZEMAN GALLATIN FLD,MT,45.7881,-111.1608,1349.3,20170830,55.04,91.04,,5.368656,290.0,29.974996,0.0,0.0,0.0
53141,BUTTE BERT MOONEY AP,MT,45.9647,-112.5006,1678.2,20170210,27.14,44.96,39.38,6.934514,290.0,35.119958000000004,,,0.07086618
53142,BUTTE BERT MOONEY AP,MT,45.9647,-112.5006,1678.2,20170217,32.0,42.98,37.76,5.59235,290.0,23.935257999999997,,,0.0
53143,BUTTE BERT MOONEY AP,MT,45.9647,-112.5006,1678.2,20170227,8.24,31.1,19.94,3.802798,290.0,23.935257999999997,,,0.0
53144,BUTTE BERT MOONEY AP,MT,45.9647,-112.5006,1678.2,20170228,11.12,27.14,21.56,10.066230000000001,290.0,31.093465999999996,,,0.0
53145,BUTTE BERT MOONEY AP,MT,45.9647,-112.5006,1678.2,20170309,22.1,37.94,30.02,3.131716,290.0,19.908766,,,0.1181103
53146,BUTTE BERT MOONEY AP,MT,45.9647,-112.5006,1678.2,20170327,31.1,46.94,39.92,7.381902,290.0,34.001488,,,0.0
53147,BUTTE BERT MOONEY AP,MT,45.9647,-112.5006,1678.2,20170328,24.26,48.92,35.96,4.921268,290.0,19.908766,,,0.0
53148,BUTTE BERT MOONEY AP,MT,45.9647,-112.5006,1678.2,20170401,23.18,59.0,38.66,5.816044000000001,290.0,25.053728,,,0.0
53149,BUTTE BERT MOONEY AP,MT,45.9647,-112.5006,1678.2,20170402,27.14,50.0,44.06,11.408394,290.0,42.949248,,,0.0
53150,BUTTE BERT MOONEY AP,MT,45.9647,-112.5006,1678.2,20170408,30.2,50.0,39.74,5.816044000000001,290.0,29.974996,,,0.12992133
53151,BUTTE BERT MOONEY AP,MT,45.9647,-112.5006,1678.2,20170424,32.0,50.0,41.72,4.921268,290.0,19.908766,,,0.68897675
53152,BUTTE BERT MOONEY AP,MT,45.9647,-112.5006,1678.2,20170509,31.1,66.02,47.84,4.026492,290.0,19.01399,,,0.0
53153,BUTTE BERT MOONEY AP,MT,45.9647,-112.5006,1678.2,20170515,32.0,51.08,42.08,5.816044000000001,290.0,23.040482,,,0.0
53154,BUTTE BERT MOONEY AP,MT,45.9647,-112.5006,1678.2,20170517,31.1,33.98,33.98,7.158208,290.0,29.974996,,,0.68110273
53155,BUTTE BERT MOONEY AP,MT,45.9647,-112.5006,1678.2,20170601,44.96,73.04,59.72,5.368656,290.0,31.988242,,,0.1181103
53156,BUTTE BERT MOONEY AP,MT,45.9647,-112.5006,1678.2,20170616,50.0,66.92,58.1,11.408394,290.0,35.119958000000004,,,0.0
53157,BUTTE BERT MOONEY AP,MT,45.9647,-112.5006,1678.2,20170621,53.06,77.0,67.46,10.737312,290.0,31.093465999999996,,,0.0
53158,BUTTE BERT MOONEY AP,MT,45.9647,-112.5006,1678.2,20170816,39.02,80.06,61.52,5.368656,290.0,21.027236,,,0.0
53159,BUTTE BERT MOONEY AP,MT,45.9647,-112.5006,1678.2,20170821,41.0,78.98,61.52,3.802798,290.0,12.974252,,,0.0
53160,BUTTE BERT MOONEY AP,MT,45.9647,-112.5006,1678.2,20170916,32.0,46.04,35.42,4.921268,290.0,12.974252,,,0.07086618
53161,CUT BANK MUNI AP,MT,48.6033,-112.3753,1169.8,20170419,33.98,59.0,47.12,14.54011,290.0,35.119958000000004,,0.0,0.0
53162,CUT BANK MUNI AP,MT,48.6033,-112.3753,1169.8,20170628,48.02,78.98,63.86,14.316416,290.0,38.02798,,0.0,0.0
53163,CUT BANK MUNI AP,MT,48.6033,-112.3753,1169.8,20170810,48.92,80.96,65.66,7.381902,290.0,19.908766,,0.0,0.0
53164,DILLON AP,MT,45.2575,-112.5545,1585.0,20170515,37.04,55.04,44.78,5.1449620000000005,290.0,31.988242,,0.0,0.0
53165,DILLON AP,MT,45.2575,-112.5545,1585.0,20170621,55.04,78.08,68.72,11.855782000000001,290.0,35.119958000000004,,0.0,0.0
53166,DILLON AP,MT,45.2575,-112.5545,1585.0,20170714,55.94,93.92,75.74,7.158208,290.0,19.908766,,0.0,0.0
53167,DILLON AP,MT,45.2575,-112.5545,1585.0,20170801,46.04,87.98,70.7,8.500372,290.0,31.988242,,0.0,0.0
53180,GREAT FALLS INTL AP,MT,47.4733,-111.3822,1116.8,20170425,37.04,53.06,43.34,6.71082,290.0,34.001488,0.0,0.0,0.31889781
53181,GREAT FALLS INTL AP,MT,47.4733,-111.3822,1116.8,20170509,35.96,69.08,52.34,6.934514,290.0,19.908766,0.0,0.0,0.0
53182,GREAT FALLS INTL AP,MT,47.4733,-111.3822,1116.8,20170512,41.0,82.04,66.92,15.211192,290.0,42.949248,0.0,0.0,0.35826791
53183,GREAT FALLS INTL AP,MT,47.4733,-111.3822,1116.8,20170621,48.92,80.06,67.46,12.974252,290.0,36.014734000000004,0.0,0.0,0.0
53184,GREAT FALLS INTL AP,MT,47.4733,-111.3822,1116.8,20170628,48.92,80.06,65.48,13.197946,290.0,35.119958000000004,0.0,0.0,0.0
53185,GREAT FALLS INTL AP,MT,47.4733,-111.3822,1116.8,20170826,50.0,84.92,68.18,6.487126,290.0,17.000744,0.0,0.0,0.0
53186,HELENA RGNL AP,MT,46.6056,-111.9636,1166.8,20170210,33.08,44.06,44.06,8.94776,290.0,29.974996,0.1968505,3.93701,0.05905515
53187,HELENA RGNL AP,MT,46.6056,-111.9636,1166.8,20170307,26.24,41.0,31.64,11.408394,290.0,36.014734000000004,0.0,0.0,0.0
53188,HELENA RGNL AP,MT,46.6056,-111.9636,1166.8,20170308,28.22,46.94,35.6,9.618841999999999,290.0,35.119958000000004,0.393701,0.0,0.09842525
53189,HELENA RGNL AP,MT,46.6056,-111.9636,1166.8,20170311,18.14,41.0,29.66,2.9080220000000003,290.0,21.922012,0.0,1.968505,0.01181103
53190,HELENA RGNL AP,MT,46.6056,-111.9636,1166.8,20170322,32.0,60.98,46.22,7.381902,290.0,29.974996,0.0,0.0,0.0
53191,HELENA RGNL AP,MT,46.6056,-111.9636,1166.8,20170401,27.14,64.94,43.7,8.724066,290.0,29.08022,0.0,0.0,0.0
53192,HELENA RGNL AP,MT,46.6056,-111.9636,1166.8,20170417,39.02,59.0,46.22,7.605596,290.0,33.106712,0.0,0.0,0.01968505
53193,HELENA RGNL AP,MT,46.6056,-111.9636,1166.8,20170426,35.06,55.04,43.88,5.816044000000001,290.0,40.041226,0.0,0.0,0.03149608
53194,HELENA RGNL AP,MT,46.6056,-111.9636,1166.8,20170505,46.04,87.08,66.2,6.934514,290.0,27.96175,0.0,0.0,0.0
53195,HELENA RGNL AP,MT,46.6056,-111.9636,1166.8,20170525,44.96,62.96,52.52,10.513618,290.0,29.974996,0.0,0.0,0.01181103
53196,HELENA RGNL AP,MT,46.6056,-111.9636,1166.8,20170526,41.0,66.92,52.88,6.039738,290.0,40.936002,0.0,0.0,0.0
53197,HELENA RGNL AP,MT,46.6056,-111.9636,1166.8,20170527,39.92,77.0,55.94,4.6975739999999995,290.0,23.040482,0.0,0.0,0.0
53198,HELENA RGNL AP,MT,46.6056,-111.9636,1166.8,20170528,46.04,77.0,63.14,4.921268,290.0,31.988242,0.0,0.0,0.0
53199,HELENA RGNL AP,MT,46.6056,-111.9636,1166.8,20170602,53.06,75.92,63.14,12.079476,290.0,38.922756,0.0,0.0,0.0
53200,HELENA RGNL AP,MT,46.6056,-111.9636,1166.8,20170604,55.04,87.08,70.88,7.381902,290.0,42.949248,0.0,0.0,0.12992133
53201,HELENA RGNL AP,MT,46.6056,-111.9636,1166.8,20170610,42.98,66.02,55.04,8.500372,290.0,42.054472,0.0,0.0,0.0
53202,HELENA RGNL AP,MT,46.6056,-111.9636,1166.8,20170720,60.98,98.06,79.52,8.500372,290.0,31.093465999999996,0.0,0.0,0.0
53203,HELENA RGNL AP,MT,46.6056,-111.9636,1166.8,20170816,51.08,87.98,69.98,7.605596,290.0,29.974996,0.0,0.0,0.0
53204,HELENA RGNL AP,MT,46.6056,-111.9636,1166.8,20170831,57.02,91.04,75.56,9.171453999999999,290.0,31.093465999999996,0.0,0.0,0.0
53237,LIVINGSTON MISSION FLD,MT,45.6983,-110.4408,1415.2,20170112,1.22,17.24,,8.052984,290.0,23.040482,,,0.0
53238,LIVINGSTON MISSION FLD,MT,45.6983,-110.4408,1415.2,20170312,23.18,51.98,,10.513618,290.0,46.97574,,,0.01181103
53239,LIVINGSTON MISSION FLD,MT,45.6983,-110.4408,1415.2,20170401,31.1,64.04,,12.526864,290.0,35.119958000000004,,,0.0
53240,LIVINGSTON MISSION FLD,MT,45.6983,-110.4408,1415.2,20170402,35.06,57.92,,11.855782000000001,290.0,38.922756,,,0.01181103
53241,LIVINGSTON MISSION FLD,MT,45.6983,-110.4408,1415.2,20170415,29.12,50.0,,19.685072,290.0,42.054472,,,0.0
53242,LIVINGSTON MISSION FLD,MT,45.6983,-110.4408,1415.2,20170501,37.94,57.92,,12.526864,290.0,36.014734000000004,,,0.0
53243,LIVINGSTON MISSION FLD,MT,45.6983,-110.4408,1415.2,20170615,42.08,71.06,,9.842536,290.0,33.106712,,,0.0
53244,LIVINGSTON MISSION FLD,MT,45.6983,-110.4408,1415.2,20170819,48.02,87.98,,9.618841999999999,290.0,27.066974,,,0.0
53252,MISSOULA INTL AP,MT,46.9208,-114.0925,972.9,20170206,26.24,46.04,41.0,8.276678,290.0,42.949248,0.0,12.992133,0.0393701
53253,MISSOULA INTL AP,MT,46.9208,-114.0925,972.9,20170309,29.12,33.98,31.1,2.23694,290.0,8.052984,3.3858286,3.93701,0.33070884
53254,MISSOULA INTL AP,MT,46.9208,-114.0925,972.9,20170328,31.1,48.92,39.38,3.579104,290.0,23.935257999999997,0.0,0.0,0.0
53255,MISSOULA INTL AP,MT,46.9208,-114.0925,972.9,20170410,23.18,48.92,34.16,3.802798,290.0,31.988242,0.0,0.0,0.01181103
53256,MISSOULA INTL AP,MT,46.9208,-114.0925,972.9,20170501,39.92,57.02,47.48,4.026492,290.0,21.027236,0.0,0.0,0.01968505
53257,MISSOULA INTL AP,MT,46.9208,-114.0925,972.9,20170502,39.02,55.94,45.14,7.381902,290.0,21.027236,0.0,0.0,0.0
53258,MISSOULA INTL AP,MT,46.9208,-114.0925,972.9,20170613,48.02,53.96,54.86,5.368656,290.0,29.08022,0.0,0.0,0.85039416
53259,MISSOULA INTL AP,MT,46.9208,-114.0925,972.9,20170621,53.06,78.08,70.16,10.513618,290.0,36.90951,0.0,0.0,0.0
53260,MISSOULA INTL AP,MT,46.9208,-114.0925,972.9,20170629,53.06,77.0,65.66,6.487126,290.0,25.948504,0.0,0.0,0.0
53261,MISSOULA INTL AP,MT,46.9208,-114.0925,972.9,20170727,60.08,91.04,75.74,4.026492,290.0,23.040482,0.0,0.0,0.0
53262,MISSOULA INTL AP,MT,46.9208,-114.0925,972.9,20170902,48.92,96.98,69.62,3.579104,290.0,27.96175,0.0,0.0,0.0
55507,GLASGOW INTL AP,MT,48.2138,-106.6213,696.5,20170121,11.12,32.0,24.26,7.829289999999999,290.0,16.105968,0.0,3.149608,0.0
55508,GLASGOW INTL AP,MT,48.2138,-106.6213,696.5,20170126,-4.9,21.2,9.32,9.171453999999999,290.0,19.01399,0.0,5.118113,0.0
55509,GLASGOW INTL AP,MT,48.2138,-106.6213,696.5,20170127,14.18,35.96,21.56,12.30317,290.0,27.96175,0.0,5.118113,0.0
55510,GLASGOW INTL AP,MT,48.2138,-106.6213,696.5,20170130,29.12,42.98,38.66,24.830034,290.0,52.120702,0.0,3.149608,0.0
55511,GLASGOW INTL AP,MT,48.2138,-106.6213,696.5,20170326,31.1,57.02,44.96,8.276678,290.0,25.948504,0.0,0.0,0.0
55512,GLASGOW INTL AP,MT,48.2138,-106.6213,696.5,20170329,35.96,60.98,47.48,8.052984,290.0,25.948504,0.0,0.0,0.0
55513,GLASGOW INTL AP,MT,48.2138,-106.6213,696.5,20170407,39.02,75.02,57.92,10.513618,290.0,38.922756,0.0,0.0,0.0
55514,GLASGOW INTL AP,MT,48.2138,-106.6213,696.5,20170414,37.04,60.98,55.58,16.77705,290.0,42.949248,0.0,0.0,0.0
55515,GLASGOW INTL AP,MT,48.2138,-106.6213,696.5,20170508,39.92,64.04,51.8,11.855782000000001,290.0,29.08022,0.0,0.0,0.0
55516,GLASGOW INTL AP,MT,48.2138,-106.6213,696.5,20170616,55.94,78.98,66.2,10.737312,290.0,38.922756,0.0,0.0,0.01181103
55517,GLASGOW INTL AP,MT,48.2138,-106.6213,696.5,20170721,60.98,89.06,78.26,13.869028,290.0,33.106712,0.0,0.0,0.0
55518,GLASGOW INTL AP,MT,48.2138,-106.6213,696.5,20170816,51.98,89.06,69.62,8.052984,290.0,29.08022,0.0,0.0,0.0
55519,HAVRE CITY CO AP,MT,48.5428,-109.7633,787.9,20170301,8.24,39.02,24.44,10.513618,290.0,31.093465999999996,0.0,1.968505,0.0
55520,HAVRE CITY CO AP,MT,48.5428,-109.7633,787.9,20170324,26.24,66.02,43.34,7.829289999999999,290.0,29.974996,0.0,0.0,0.0
55521,HAVRE CITY CO AP,MT,48.5428,-109.7633,787.9,20170402,30.2,57.02,47.84,9.395147999999999,290.0,35.119958000000004,0.0,0.0,0.03149608
55522,HAVRE CITY CO AP,MT,48.5428,-109.7633,787.9,20170411,30.2,57.02,44.06,13.197946,290.0,31.093465999999996,0.0,0.0,0.0
55523,HAVRE CITY CO AP,MT,48.5428,-109.7633,787.9,20170504,41.0,82.94,60.44,10.066230000000001,290.0,27.96175,0.0,0.0,0.0
55524,HAVRE CITY CO AP,MT,48.5428,-109.7633,787.9,20170605,44.06,69.98,65.48,14.763804,290.0,40.936002,0.0,0.0,0.07086618
55525,HAVRE CITY CO AP,MT,48.5428,-109.7633,787.9,20170617,46.94,73.94,63.32,11.855782000000001,290.0,29.974996,0.0,0.0,0.0
55526,HAVRE CITY CO AP,MT,48.5428,-109.7633,787.9,20170623,37.04,73.94,54.14,10.066230000000001,290.0,29.974996,0.0,0.0,0.0
55527,HAVRE CITY CO AP,MT,48.5428,-109.7633,787.9,20170808,53.06,80.06,69.08,8.94776,290.0,27.066974,0.0,0.0,0.0
55528,HAVRE CITY CO AP,MT,48.5428,-109.7633,787.9,20170831,60.08,93.92,79.34,10.513618,290.0,29.08022,0.0,0.0,0.0
55529,HAVRE CITY CO AP,MT,48.5428,-109.7633,787.9,20170910,53.06,84.02,,10.066230000000001,290.0,31.093465999999996,0.0,0.0,0.0
55546,WOLF POINT INTL AP,MT,48.0944,-105.5744,605.3,20170130,30.2,41.0,,17.000744,290.0,40.936002,0.0,0.0,0.0
55547,WOLF POINT INTL AP,MT,48.0944,-105.5744,605.3,20170306,18.14,33.98,,17.224438,290.0,36.90951,,0.0,0.11023628
55548,WOLF POINT INTL AP,MT,48.0944,-105.5744,605.3,20170307,16.16,30.2,,23.264176000000003,290.0,48.988986,,0.0,0.0
55549,WOLF POINT INTL AP,MT,48.0944,-105.5744,605.3,20170317,33.08,44.96,,6.039738,290.0,23.935257999999997,0.0,0.0,0.0
55550,WOLF POINT INTL AP,MT,48.0944,-105.5744,605.3,20170501,33.08,57.02,,14.316416,290.0,38.922756,,0.0,0.01968505
55551,WOLF POINT INTL AP,MT,48.0944,-105.5744,605.3,20170609,64.04,89.96,,14.092722,290.0,36.90951,0.0,0.0,0.0
55552,WOLF POINT INTL AP,MT,48.0944,-105.5744,605.3,20170627,55.04,89.06,,10.289924000000001,290.0,31.093465999999996,0.0,0.0,0.0
55553,WOLF POINT INTL AP,MT,48.0944,-105.5744,605.3,20170716,69.98,100.94,,9.395147999999999,290.0,29.08022,0.0,0.0,0.0
55554,WOLF POINT INTL AP,MT,48.0944,-105.5744,605.3,20170910,51.08,89.06,,8.724066,290.0,34.001488,0.0,0.0,0.0
55636,JORDAN AP,MT,47.3258,-106.9475,811.4,20170103,-25.78,4.1,,4.250186,290.0,10.066230000000001,0.0,0.0,0.0
55637,JORDAN AP,MT,47.3258,-106.9475,811.4,20170211,23.18,42.98,,13.645334,290.0,46.080964,0.0,0.0,0.0
55638,JORDAN AP,MT,47.3258,-106.9475,811.4,20170217,25.16,57.92,,10.513618,290.0,42.949248,0.0,0.0,0.0
55639,JORDAN AP,MT,47.3258,-106.9475,811.4,20170219,30.2,60.98,,5.368656,290.0,23.935257999999997,0.0,0.0,0.0
55640,JORDAN AP,MT,47.3258,-106.9475,811.4,20170225,17.24,35.06,,9.395147999999999,290.0,35.119958000000004,0.0,0.0,0.0
55641,JORDAN AP,MT,47.3258,-106.9475,811.4,20170305,26.24,66.02,,13.42164,290.0,34.001488,0.0,0.0,0.0
55642,JORDAN AP,MT,47.3258,-106.9475,811.4,20170525,37.94,60.08,,19.685072,290.0,42.949248,0.0,0.0,0.0
55643,JORDAN AP,MT,47.3258,-106.9475,811.4,20170817,48.92,89.96,,8.052984,290.0,29.08022,0.0,0.0,0.0
55653,BAKER MUNI AP,MT,46.3583,-104.25,905.6,20170104,-19.84,1.22,,11.632088000000001,290.0,29.974996,,,0.0
55654,BAKER MUNI AP,MT,46.3583,-104.25,905.6,20170105,-10.84,2.12,,13.42164,290.0,29.974996,,,0.0
55655,BAKER MUNI AP,MT,46.3583,-104.25,905.6,20170124,16.16,22.1,,9.395147999999999,290.0,19.908766,,,0.0
55656,BAKER MUNI AP,MT,46.3583,-104.25,905.6,20170128,26.24,35.96,,20.803542,290.0,35.119958000000004,,,0.0
55657,BAKER MUNI AP,MT,46.3583,-104.25,905.6,20170129,29.12,39.02,,16.105968,290.0,33.106712,,,0.0
55658,BAKER MUNI AP,MT,46.3583,-104.25,905.6,20170130,27.14,37.94,,16.329662,290.0,31.093465999999996,,,0.0
55659,BAKER MUNI AP,MT,46.3583,-104.25,905.6,20170217,27.14,53.96,,10.737312,290.0,31.093465999999996,,,0.0
55660,BAKER MUNI AP,MT,46.3583,-104.25,905.6,20170609,55.04,89.06,,16.77705,290.0,40.936002,,,0.0393701
55661,BAKER MUNI AP,MT,46.3583,-104.25,905.6,20170827,48.92,91.04,,3.579104,290.0,19.01399,,,0.0
55662,BAKER MUNI AP,MT,46.3583,-104.25,905.6,20170902,51.08,91.04,,4.6975739999999995,290.0,21.922012,,,0.0
56697,KALISPELL GLACIER AP,MT,48.3042,-114.2636,901.3,20170325,31.1,51.98,41.72,8.052984,280.0,27.96175,0.0,0.0,0.0
56698,KALISPELL GLACIER AP,MT,48.3042,-114.2636,901.3,20170402,33.08,51.98,43.16,8.724066,280.0,33.106712,0.0,0.0,0.0
56699,KALISPELL GLACIER AP,MT,48.3042,-114.2636,901.3,20170506,50.0,66.02,60.08,4.250186,280.0,18.119214000000003,0.0,0.0,0.0
56700,KALISPELL GLACIER AP,MT,48.3042,-114.2636,901.3,20170610,33.98,62.96,51.62,8.052984,280.0,29.08022,0.0,0.0,0.0
56701,KALISPELL GLACIER AP,MT,48.3042,-114.2636,901.3,20170616,50.0,64.04,56.66,7.381902,280.0,23.040482,0.0,0.0,0.40944904
56702,KALISPELL GLACIER AP,MT,48.3042,-114.2636,901.3,20170709,46.94,96.08,74.12,4.6975739999999995,280.0,21.922012,0.0,0.0,0.0
56703,KALISPELL GLACIER AP,MT,48.3042,-114.2636,901.3,20170819,44.96,82.04,68.0,6.263432,280.0,23.040482,0.0,0.0,0.0
61107,BILLINGS LOGAN INTL AP,MT,45.8069,-108.5422,1091.5,20170129,33.08,46.94,42.26,23.264176000000003,280.0,52.120702,0.0,1.181103,0.0
61108,BILLINGS LOGAN INTL AP,MT,45.8069,-108.5422,1091.5,20170217,35.96,55.04,48.38,11.632088000000001,280.0,38.922756,0.0,0.0,0.0
61109,BILLINGS LOGAN INTL AP,MT,45.8069,-108.5422,1091.5,20170225,21.2,31.1,25.88,15.658579999999999,280.0,38.02798,0.0,0.0,0.0
61110,BILLINGS LOGAN INTL AP,MT,45.8069,-108.5422,1091.5,20170303,39.02,59.0,45.32,11.408394,280.0,27.96175,0.0,0.0,0.0
61111,BILLINGS LOGAN INTL AP,MT,45.8069,-108.5422,1091.5,20170307,26.24,44.96,33.62,21.922012,280.0,53.015478,0.0,0.0,0.0
61112,BILLINGS LOGAN INTL AP,MT,45.8069,-108.5422,1091.5,20170329,35.96,60.98,46.94,6.487126,280.0,21.922012,0.0,0.0,0.0
61113,BILLINGS LOGAN INTL AP,MT,45.8069,-108.5422,1091.5,20170330,44.06,51.08,49.64,6.934514,280.0,21.922012,0.0,0.0,0.35039389
61114,BILLINGS LOGAN INTL AP,MT,45.8069,-108.5422,1091.5,20170415,35.96,53.96,45.5,22.145706,280.0,46.080964,0.0,0.0,0.0
61115,BILLINGS LOGAN INTL AP,MT,45.8069,-108.5422,1091.5,20170525,44.06,62.06,53.96,16.77705,280.0,36.90951,0.0,0.0,0.0
61116,BILLINGS LOGAN INTL AP,MT,45.8069,-108.5422,1091.5,20170620,55.94,93.02,72.68,6.263432,280.0,31.988242,0.0,0.0,0.16141741
61117,BILLINGS LOGAN INTL AP,MT,45.8069,-108.5422,1091.5,20170716,71.06,96.08,83.12,8.500372,280.0,59.949992,0.0,0.0,0.03149608
61118,BILLINGS LOGAN INTL AP,MT,45.8069,-108.5422,1091.5,20170801,62.06,91.94,79.16,9.171453999999999,280.0,52.120702,0.0,0.0,0.09055123
61119,LEWISTOWN MUNI AP,MT,47.0492,-109.4578,1263.4,20170204,6.26,15.26,,6.487126,280.0,18.119214000000003,,0.0,0.0
61120,LEWISTOWN MUNI AP,MT,47.0492,-109.4578,1263.4,20170207,-7.78,3.2,,6.71082,280.0,16.105968,,3.93701,0.01181103
61121,LEWISTOWN MUNI AP,MT,47.0492,-109.4578,1263.4,20170313,16.16,50.0,,5.368656,280.0,14.092722,,1.181103,0.0
61122,LEWISTOWN MUNI AP,MT,47.0492,-109.4578,1263.4,20170325,32.0,53.06,,7.381902,280.0,33.106712,,0.0,0.0
61123,LEWISTOWN MUNI AP,MT,47.0492,-109.4578,1263.4,20170407,33.98,71.06,,13.197946,280.0,42.949248,,0.0,0.0
61124,LEWISTOWN MUNI AP,MT,47.0492,-109.4578,1263.4,20170513,33.98,53.06,,9.842536,280.0,29.08022,0.0,0.0,0.03149608
61125,LEWISTOWN MUNI AP,MT,47.0492,-109.4578,1263.4,20170514,32.0,55.94,,7.605596,280.0,23.040482,0.0,0.0,0.01181103
61126,LEWISTOWN MUNI AP,MT,47.0492,-109.4578,1263.4,20170519,28.22,60.08,,4.250186,280.0,14.092722,,0.0,0.0
61127,LEWISTOWN MUNI AP,MT,47.0492,-109.4578,1263.4,20170604,51.08,87.98,,10.066230000000001,280.0,33.106712,,0.0,0.0393701
61128,LEWISTOWN MUNI AP,MT,47.0492,-109.4578,1263.4,20170609,48.92,69.98,,8.276678,280.0,34.001488,,0.0,0.01968505
61129,LEWISTOWN MUNI AP,MT,47.0492,-109.4578,1263.4,20170619,42.98,73.94,,6.487126,280.0,21.027236,,0.0,0.0
61130,LEWISTOWN MUNI AP,MT,47.0492,-109.4578,1263.4,20170628,48.92,77.0,,8.724066,280.0,34.001488,,0.0,0.0
61131,LEWISTOWN MUNI AP,MT,47.0492,-109.4578,1263.4,20170710,59.0,89.06,,6.71082,280.0,51.002232,,0.0,0.0393701
61132,LEWISTOWN MUNI AP,MT,47.0492,-109.4578,1263.4,20170724,55.94,86.0,,8.052984,280.0,25.053728,,0.0,0.0
61133,LEWISTOWN MUNI AP,MT,47.0492,-109.4578,1263.4,20170813,55.94,84.92,,9.618841999999999,280.0,36.014734000000004,,0.0,0.01181103
61134,LEWISTOWN MUNI AP,MT,47.0492,-109.4578,1263.4,20170814,51.08,73.94,,5.59235,280.0,21.027236,,0.0,0.0
61135,LEWISTOWN MUNI AP,MT,47.0492,-109.4578,1263.4,20170830,55.04,95.0,,8.276678,280.0,65.094954,,0.0,0.0
61136,MILES CITY F WILEY FLD,MT,46.4267,-105.8825,799.8,20170127,17.24,33.98,,14.987498,280.0,29.974996,,,0.0
61137,MILES CITY F WILEY FLD,MT,46.4267,-105.8825,799.8,20170128,27.14,41.0,,17.224438,280.0,31.093465999999996,,,0.0
61138,MILES CITY F WILEY FLD,MT,46.4267,-105.8825,799.8,20170217,35.96,57.02,,14.092722,280.0,36.90951,,,0.0
61139,MILES CITY F WILEY FLD,MT,46.4267,-105.8825,799.8,20170303,32.0,57.02,,9.171453999999999,280.0,25.948504,,,0.0
61140,MILES CITY F WILEY FLD,MT,46.4267,-105.8825,799.8,20170326,37.94,60.98,,5.368656,280.0,17.000744,,,0.0
61141,MILES CITY F WILEY FLD,MT,46.4267,-105.8825,799.8,20170415,37.04,57.02,,16.77705,280.0,36.014734000000004,,,0.0
61142,MILES CITY F WILEY FLD,MT,46.4267,-105.8825,799.8,20170417,27.14,62.96,,11.632088000000001,280.0,38.02798,,,0.01181103
61143,MILES CITY F WILEY FLD,MT,46.4267,-105.8825,799.8,20170502,35.96,57.02,,6.934514,280.0,23.935257999999997,,,0.09055123
61144,MILES CITY F WILEY FLD,MT,46.4267,-105.8825,799.8,20170514,42.98,66.92,,9.842536,280.0,27.96175,,,0.0
61145,MILES CITY F WILEY FLD,MT,46.4267,-105.8825,799.8,20170525,39.92,60.98,,17.224438,280.0,42.054472,,,0.01181103
61146,MILES CITY F WILEY FLD,MT,46.4267,-105.8825,799.8,20170601,62.06,95.0,,9.171453999999999,280.0,36.014734000000004,,,0.0
61147,MILES CITY F WILEY FLD,MT,46.4267,-105.8825,799.8,20170614,53.96,73.94,,18.566602,280.0,46.97574,,,0.0
61148,MILES CITY F WILEY FLD,MT,46.4267,-105.8825,799.8,20170616,60.08,84.02,,10.513618,280.0,48.988986,,,0.05905515
61149,MILES CITY F WILEY FLD,MT,46.4267,-105.8825,799.8,20170625,46.94,82.94,,8.052984,280.0,23.935257999999997,,,0.0
61150,MILES CITY F WILEY FLD,MT,46.4267,-105.8825,799.8,20170628,53.06,87.08,,11.1847,280.0,36.014734000000004,,,0.01968505
61151,MILES CITY F WILEY FLD,MT,46.4267,-105.8825,799.8,20170815,55.04,80.06,,3.579104,280.0,23.935257999999997,,,0.0
61314,BOZEMAN GALLATIN FLD,MT,45.7881,-111.1608,1349.3,20170101,-6.88,18.14,,5.59235,280.0,17.000744,0.9055122999999999,5.0000027000000005,0.0
61315,BOZEMAN GALLATIN FLD,MT,45.7881,-111.1608,1349.3,20170211,11.12,37.94,,9.618841999999999,280.0,40.041226,0.0,2.9921276000000003,0.0
61316,BOZEMAN GALLATIN FLD,MT,45.7881,-111.1608,1349.3,20170224,19.22,31.1,,3.579104,280.0,12.079476,0.0,0.0,0.01181103
61317,BOZEMAN GALLATIN FLD,MT,45.7881,-111.1608,1349.3,20170316,28.22,55.94,,10.066230000000001,280.0,36.90951,0.0,0.0,0.16141741
61318,BOZEMAN GALLATIN FLD,MT,45.7881,-111.1608,1349.3,20170401,28.22,60.98,,4.47388,280.0,14.987498,0.0,0.0,0.0
61319,BOZEMAN GALLATIN FLD,MT,45.7881,-111.1608,1349.3,20170408,35.06,55.94,,5.59235,280.0,33.106712,0.0,0.0,0.14960638
61320,BOZEMAN GALLATIN FLD,MT,45.7881,-111.1608,1349.3,20170418,33.98,60.98,,5.816044000000001,280.0,33.106712,0.0,0.0,0.14173236
61321,BOZEMAN GALLATIN FLD,MT,45.7881,-111.1608,1349.3,20170424,37.04,53.96,,5.1449620000000005,280.0,21.027236,0.0,0.0,0.0393701
61322,BOZEMAN GALLATIN FLD,MT,45.7881,-111.1608,1349.3,20170513,31.1,44.96,,7.605596,280.0,23.935257999999997,0.0,0.0,0.18110246
61323,BOZEMAN GALLATIN FLD,MT,45.7881,-111.1608,1349.3,20170514,28.22,57.02,,4.6975739999999995,280.0,31.093465999999996,0.0,0.0,0.0
61324,BOZEMAN GALLATIN FLD,MT,45.7881,-111.1608,1349.3,20170517,33.08,48.92,,5.816044000000001,280.0,23.040482,0.9842525,0.0,1.11023682
61325,BOZEMAN GALLATIN FLD,MT,45.7881,-111.1608,1349.3,20170526,31.1,62.96,,5.816044000000001,280.0,23.935257999999997,0.0,0.0,0.0
61326,BOZEMAN GALLATIN FLD,MT,45.7881,-111.1608,1349.3,20170602,46.04,75.02,,5.1449620000000005,280.0,19.908766,0.0,0.0,0.0787402
61327,BOZEMAN GALLATIN FLD,MT,45.7881,-111.1608,1349.3,20170605,48.02,69.98,,6.487126,280.0,29.08022,0.0,0.0,0.0787402
61328,BOZEMAN GALLATIN FLD,MT,45.7881,-111.1608,1349.3,20170608,51.08,89.06,,7.381902,280.0,27.066974,0.0,0.0,0.0
61329,BOZEMAN GALLATIN FLD,MT,45.7881,-111.1608,1349.3,20170610,39.92,57.02,,9.171453999999999,280.0,40.041226,0.0,0.0,0.20078751
61330,BOZEMAN GALLATIN FLD,MT,45.7881,-111.1608,1349.3,20170614,42.08,71.06,,6.71082,280.0,25.948504,0.0,0.0,0.01181103
61331,BOZEMAN GALLATIN FLD,MT,45.7881,-111.1608,1349.3,20170703,50.0,91.94,,6.263432,280.0,18.119214000000003,0.0,0.0,0.0
61332,BOZEMAN GALLATIN FLD,MT,45.7881,-111.1608,1349.3,20170817,50.0,82.94,,6.039738,280.0,23.040482,0.0,0.0,0.0
61333,BOZEMAN GALLATIN FLD,MT,45.7881,-111.1608,1349.3,20170824,55.04,84.02,,5.816044000000001,280.0,35.119958000000004,0.0,0.0,0.01968505
61334,BOZEMAN GALLATIN FLD,MT,45.7881,-111.1608,1349.3,20170909,48.92,89.06,,6.934514,280.0,25.948504,0.0,0.0,0.0787402
61351,BUTTE BERT MOONEY AP,MT,45.9647,-112.5006,1678.2,20170110,7.16,30.2,24.08,6.263432,280.0,21.027236,,,0.01181103
61352,BUTTE BERT MOONEY AP,MT,45.9647,-112.5006,1678.2,20170211,11.12,31.1,28.04,9.171453999999999,280.0,31.093465999999996,,,0.0
61353,BUTTE BERT MOONEY AP,MT,45.9647,-112.5006,1678.2,20170301,18.14,35.96,26.06,10.513618,280.0,36.014734000000004,,,0.0
61354,BUTTE BERT MOONEY AP,MT,45.9647,-112.5006,1678.2,20170413,33.08,66.02,51.26,12.750558,280.0,44.067718,,,0.31889781
61355,BUTTE BERT MOONEY AP,MT,45.9647,-112.5006,1678.2,20170505,37.94,80.06,61.88,6.71082,280.0,31.988242,,,0.0
61356,BUTTE BERT MOONEY AP,MT,45.9647,-112.5006,1678.2,20170602,42.08,71.06,55.76,6.263432,280.0,25.053728,,,0.0
61357,BUTTE BERT MOONEY AP,MT,45.9647,-112.5006,1678.2,20170703,46.04,86.0,68.36,7.605596,280.0,31.093465999999996,,,0.0
61358,BUTTE BERT MOONEY AP,MT,45.9647,-112.5006,1678.2,20170726,48.02,86.0,68.54,5.1449620000000005,280.0,27.96175,,,0.0
61359,BUTTE BERT MOONEY AP,MT,45.9647,-112.5006,1678.2,20170824,51.08,78.08,67.1,6.487126,280.0,35.119958000000004,,,0.01181103
61360,BUTTE BERT MOONEY AP,MT,45.9647,-112.5006,1678.2,20170825,44.96,80.96,62.78,6.934514,280.0,42.949248,,,0.0
61361,BUTTE BERT MOONEY AP,MT,45.9647,-112.5006,1678.2,20170908,41.0,84.92,62.96,4.47388,280.0,25.948504,,,0.0
61362,CUT BANK MUNI AP,MT,48.6033,-112.3753,1169.8,20170106,-1.84,17.24,14.18,7.158208,280.0,21.922012,,3.149608,0.0
61363,CUT BANK MUNI AP,MT,48.6033,-112.3753,1169.8,20170601,53.96,75.92,66.38,12.526864,280.0,36.90951,,0.0,0.0
61364,CUT BANK MUNI AP,MT,48.6033,-112.3753,1169.8,20170614,46.94,64.94,55.22,19.237683999999998,280.0,44.962494,,0.0,0.0
61365,CUT BANK MUNI AP,MT,48.6033,-112.3753,1169.8,20170618,44.06,69.98,58.28,16.553356,280.0,36.014734000000004,,0.0,0.0
61366,CUT BANK MUNI AP,MT,48.6033,-112.3753,1169.8,20170707,53.96,93.92,75.02,7.829289999999999,280.0,25.948504,,0.0,0.0
61367,CUT BANK MUNI AP,MT,48.6033,-112.3753,1169.8,20170719,48.02,87.08,69.44,9.842536,280.0,23.935257999999997,,0.0,0.0
61368,CUT BANK MUNI AP,MT,48.6033,-112.3753,1169.8,20170816,44.06,82.94,64.94,8.724066,280.0,27.066974,,0.0,0.0
61369,CUT BANK MUNI AP,MT,48.6033,-112.3753,1169.8,20170901,46.94,84.92,66.38,10.961006,280.0,33.106712,,0.0,0.0
61370,DILLON AP,MT,45.2575,-112.5545,1585.0,20170210,31.1,42.98,40.82,13.42164,280.0,33.106712,,1.181103,0.01181103
61371,DILLON AP,MT,45.2575,-112.5545,1585.0,20170221,33.08,48.92,39.02,17.000744,280.0,46.080964,,0.0,0.0
61372,DILLON AP,MT,45.2575,-112.5545,1585.0,20170423,37.94,57.92,47.84,11.632088000000001,280.0,42.949248,,0.0,0.0393701
61373,DILLON AP,MT,45.2575,-112.5545,1585.0,20170424,35.06,50.0,42.62,5.816044000000001,280.0,21.027236,,0.0,0.16929143
61374,DILLON AP,MT,45.2575,-112.5545,1585.0,20170501,33.08,57.02,44.42,5.816044000000001,280.0,23.040482,,0.0,0.0
61375,DILLON AP,MT,45.2575,-112.5545,1585.0,20170502,37.04,59.0,47.48,6.71082,280.0,25.053728,,0.0,0.0
61376,DILLON AP,MT,45.2575,-112.5545,1585.0,20170605,44.06,71.06,58.28,6.934514,280.0,42.949248,,0.0,0.0
61377,DILLON AP,MT,45.2575,-112.5545,1585.0,20170617,46.94,66.92,55.76,10.289924000000001,280.0,25.948504,,0.0,0.0
61378,DILLON AP,MT,45.2575,-112.5545,1585.0,20170731,51.08,89.06,70.52,6.934514,280.0,21.922012,,0.0,0.0
61379,DILLON AP,MT,45.2575,-112.5545,1585.0,20170808,53.06,84.92,68.36,6.263432,280.0,25.948504,,0.0,0.0
61380,DILLON AP,MT,45.2575,-112.5545,1585.0,20170813,55.94,78.98,67.46,9.395147999999999,280.0,36.90951,,0.0,0.0
61381,DILLON AP,MT,45.2575,-112.5545,1585.0,20170818,44.06,87.08,66.38,10.066230000000001,280.0,23.040482,,0.0,0.0
61382,DILLON AP,MT,45.2575,-112.5545,1585.0,20170819,48.02,82.04,66.2,10.066230000000001,280.0,27.96175,,0.0,0.0
61383,DILLON AP,MT,45.2575,-112.5545,1585.0,20170912,50.0,84.92,66.74,7.605596,280.0,23.040482,,0.0,0.0
61390,GREAT FALLS INTL AP,MT,47.4733,-111.3822,1116.8,20170307,21.2,39.02,28.4,16.329662,280.0,38.922756,0.1181103,0.0,0.01181103
61391,GREAT FALLS INTL AP,MT,47.4733,-111.3822,1116.8,20170402,29.12,59.0,47.66,15.211192,280.0,40.041226,0.0,0.0,0.0
61392,GREAT FALLS INTL AP,MT,47.4733,-111.3822,1116.8,20170502,32.0,57.02,46.58,9.171453999999999,280.0,31.093465999999996,0.0,0.0,0.0
61393,GREAT FALLS INTL AP,MT,47.4733,-111.3822,1116.8,20170605,50.0,64.04,59.9,8.724066,280.0,36.014734000000004,0.0,0.0,0.44094512
61394,GREAT FALLS INTL AP,MT,47.4733,-111.3822,1116.8,20170730,55.94,98.06,80.6,9.618841999999999,280.0,27.066974,0.0,0.0,0.0
61395,HELENA RGNL AP,MT,46.6056,-111.9636,1166.8,20170119,23.18,39.02,29.66,2.684328,280.0,10.066230000000001,0.0,5.905515,0.0
61396,HELENA RGNL AP,MT,46.6056,-111.9636,1166.8,20170123,19.22,27.14,23.54,6.71082,280.0,14.092722,0.5118113000000001,5.905515,0.0
61397,HELENA RGNL AP,MT,46.6056,-111.9636,1166.8,20170125,9.14,22.1,14.36,0.447388,280.0,6.039738,0.0,5.905515,0.0
61398,HELENA RGNL AP,MT,46.6056,-111.9636,1166.8,20170204,7.16,21.2,12.74,3.802798,280.0,12.974252,4.488191400000001,9.055123,0.16141741
61399,HELENA RGNL AP,MT,46.6056,-111.9636,1166.8,20170211,27.14,35.96,34.7,12.526864,280.0,38.922756,0.0,3.93701,0.0
61400,HELENA RGNL AP,MT,46.6056,-111.9636,1166.8,20170214,15.26,39.02,25.88,1.342164,280.0,8.94776,0.0,3.93701,0.0
61401,HELENA RGNL AP,MT,46.6056,-111.9636,1166.8,20170219,31.1,44.96,41.36,4.6975739999999995,280.0,19.908766,0.0,1.968505,0.01181103
61402,HELENA RGNL AP,MT,46.6056,-111.9636,1166.8,20170224,22.1,33.98,28.22,4.47388,280.0,16.105968,0.0,0.0,0.0
61403,HELENA RGNL AP,MT,46.6056,-111.9636,1166.8,20170227,8.24,29.12,16.88,3.579104,280.0,12.079476,0.9842525,1.968505,0.03149608
61404,HELENA RGNL AP,MT,46.6056,-111.9636,1166.8,20170319,35.96,57.02,52.16,11.1847,280.0,29.974996,0.0,0.0,0.0
61405,HELENA RGNL AP,MT,46.6056,-111.9636,1166.8,20170418,32.0,62.96,46.94,7.605596,280.0,35.119958000000004,0.0,0.0,0.01181103
61406,HELENA RGNL AP,MT,46.6056,-111.9636,1166.8,20170425,37.04,60.08,48.74,10.066230000000001,280.0,31.988242,0.0,0.0,0.01181103
61407,HELENA RGNL AP,MT,46.6056,-111.9636,1166.8,20170429,32.0,62.06,44.42,4.47388,280.0,23.040482,0.0,0.0,0.0
61408,HELENA RGNL AP,MT,46.6056,-111.9636,1166.8,20170502,42.08,55.94,48.02,14.54011,280.0,31.988242,0.0,0.0,0.0
61409,HELENA RGNL AP,MT,46.6056,-111.9636,1166.8,20170507,42.08,60.08,55.94,8.052984,280.0,23.040482,0.0,0.0,0.14173236
61410,HELENA RGNL AP,MT,46.6056,-111.9636,1166.8,20170519,35.06,66.02,50.0,5.1449620000000005,280.0,29.08022,0.0,0.0,0.0
61411,HELENA RGNL AP,MT,46.6056,-111.9636,1166.8,20170615,48.92,71.06,60.98,6.934514,280.0,27.96175,0.0,0.0,0.0
61412,HELENA RGNL AP,MT,46.6056,-111.9636,1166.8,20170617,51.08,71.06,60.26,12.079476,280.0,29.974996,0.0,0.0,0.0
61413,HELENA RGNL AP,MT,46.6056,-111.9636,1166.8,20170618,55.94,71.96,63.32,13.42164,280.0,36.90951,0.0,0.0,0.0
61414,HELENA RGNL AP,MT,46.6056,-111.9636,1166.8,20170721,62.96,89.06,77.18,11.1847,280.0,31.988242,0.0,0.0,0.0
61415,HELENA RGNL AP,MT,46.6056,-111.9636,1166.8,20170824,60.98,86.0,76.1,5.816044000000001,280.0,31.988242,0.0,0.0,0.0
61416,HELENA RGNL AP,MT,46.6056,-111.9636,1166.8,20170825,55.94,89.06,71.24,6.487126,280.0,27.96175,0.0,0.0,0.0
61417,HELENA RGNL AP,MT,46.6056,-111.9636,1166.8,20170901,57.92,89.06,74.12,8.724066,280.0,27.066974,0.0,0.0,0.0
61418,HELENA RGNL AP,MT,46.6056,-111.9636,1166.8,20170902,51.98,96.08,75.38,4.6975739999999995,280.0,25.948504,0.0,0.0,0.0
61434,LIVINGSTON MISSION FLD,MT,45.6983,-110.4408,1415.2,20170225,20.12,28.22,,19.685072,280.0,42.054472,,,0.01181103
61435,LIVINGSTON MISSION FLD,MT,45.6983,-110.4408,1415.2,20170228,22.1,35.06,,21.25093,280.0,44.962494,,,0.0
61436,LIVINGSTON MISSION FLD,MT,45.6983,-110.4408,1415.2,20170602,46.94,75.92,,12.526864,280.0,33.106712,,,0.01181103
61437,LIVINGSTON MISSION FLD,MT,45.6983,-110.4408,1415.2,20170614,48.02,69.98,,20.803542,280.0,44.962494,,,0.0
61438,LIVINGSTON MISSION FLD,MT,45.6983,-110.4408,1415.2,20170620,48.92,91.04,,8.724066,280.0,31.093465999999996,,,0.0
61439,LIVINGSTON MISSION FLD,MT,45.6983,-110.4408,1415.2,20170621,55.94,82.94,,14.54011,280.0,38.02798,,,0.0
61440,LIVINGSTON MISSION FLD,MT,45.6983,-110.4408,1415.2,20170622,39.02,73.04,,14.763804,280.0,35.119958000000004,,,0.0
61441,LIVINGSTON MISSION FLD,MT,45.6983,-110.4408,1415.2,20170817,48.02,84.02,,10.961006,280.0,29.974996,,,0.0
61442,LIVINGSTON MISSION FLD,MT,45.6983,-110.4408,1415.2,20170818,44.96,89.96,,9.618841999999999,280.0,29.974996,,,0.0
61443,LIVINGSTON MISSION FLD,MT,45.6983,-110.4408,1415.2,20170820,44.06,84.02,,8.052984,280.0,27.066974,,,0.0
61466,MISSOULA INTL AP,MT,46.9208,-114.0925,972.9,20170203,-7.78,17.24,4.82,1.789552,280.0,8.052984,1.6141741000000003,11.81103,0.1181103
61467,MISSOULA INTL AP,MT,46.9208,-114.0925,972.9,20170219,33.08,46.04,37.58,5.59235,280.0,36.90951,0.0,5.118113,0.05118113
61468,MISSOULA INTL AP,MT,46.9208,-114.0925,972.9,20170228,24.26,33.98,28.22,10.066230000000001,280.0,38.02798,0.0,0.0,0.01968505
61469,MISSOULA INTL AP,MT,46.9208,-114.0925,972.9,20170409,28.22,46.94,38.3,6.934514,280.0,25.053728,0.1181103,0.0,0.05118113
61470,MISSOULA INTL AP,MT,46.9208,-114.0925,972.9,20170415,30.2,50.0,39.92,6.71082,280.0,31.988242,0.0,0.0,0.01181103
61471,MISSOULA INTL AP,MT,46.9208,-114.0925,972.9,20170424,39.92,55.04,47.12,4.47388,280.0,29.974996,0.0,0.0,0.16929143
61472,MISSOULA INTL AP,MT,46.9208,-114.0925,972.9,20170604,50.0,80.96,68.18,10.066230000000001,280.0,31.988242,0.0,0.0,0.33070884
61473,MISSOULA INTL AP,MT,46.9208,-114.0925,972.9,20170614,39.92,71.06,51.98,6.487126,280.0,29.08022,0.0,0.0,0.0
61474,MISSOULA INTL AP,MT,46.9208,-114.0925,972.9,20170713,51.08,98.96,73.58,5.816044000000001,280.0,27.96175,0.0,0.0,0.0
61475,MISSOULA INTL AP,MT,46.9208,-114.0925,972.9,20170716,55.94,86.0,71.06,7.381902,280.0,34.001488,0.0,0.0,0.0
61476,MISSOULA INTL AP,MT,46.9208,-114.0925,972.9,20170723,53.96,96.08,74.3,4.6975739999999995,280.0,25.948504,0.0,0.0,0.0
61477,MISSOULA INTL AP,MT,46.9208,-114.0925,972.9,20170816,44.96,86.0,64.58,3.579104,280.0,25.053728,0.0,0.0,0.0
61478,MISSOULA INTL AP,MT,46.9208,-114.0925,972.9,20170817,46.94,87.08,68.0,4.250186,280.0,21.922012,0.0,0.0,0.0
63860,GLASGOW INTL AP,MT,48.2138,-106.6213,696.5,20170125,5.18,20.12,14.54,6.263432,280.0,18.119214000000003,0.0,5.118113,0.0
63861,GLASGOW INTL AP,MT,48.2138,-106.6213,696.5,20170128,25.16,39.02,29.84,15.658579999999999,280.0,31.988242,0.0,3.93701,0.0
63862,GLASGOW INTL AP,MT,48.2138,-106.6213,696.5,20170129,27.14,44.06,34.16,11.1847,280.0,38.922756,0.0,3.93701,0.0
63863,GLASGOW INTL AP,MT,48.2138,-106.6213,696.5,20170207,-12.82,3.2,-0.04,6.039738,280.0,16.105968,0.9842525,5.118113,0.03149608
63864,GLASGOW INTL AP,MT,48.2138,-106.6213,696.5,20170211,22.1,39.02,33.62,16.77705,280.0,53.015478,0.0,1.181103,0.0
63865,GLASGOW INTL AP,MT,48.2138,-106.6213,696.5,20170212,19.22,39.92,26.96,8.052984,280.0,27.066974,0.0,1.181103,0.0
63866,GLASGOW INTL AP,MT,48.2138,-106.6213,696.5,20170217,29.12,53.06,43.88,13.42164,280.0,36.90951,0.0,0.0,0.0
63867,GLASGOW INTL AP,MT,48.2138,-106.6213,696.5,20170303,28.22,53.06,33.8,10.737312,280.0,27.066974,0.0,0.0,0.0
63868,GLASGOW INTL AP,MT,48.2138,-106.6213,696.5,20170325,39.02,60.08,51.98,10.513618,280.0,36.014734000000004,0.0,0.0,0.0
63869,GLASGOW INTL AP,MT,48.2138,-106.6213,696.5,20170401,37.94,62.06,45.5,13.42164,280.0,33.106712,0.0,0.0,0.0
63870,GLASGOW INTL AP,MT,48.2138,-106.6213,696.5,20170415,33.08,55.94,44.6,12.974252,280.0,42.949248,0.0,0.0,0.0
63871,GLASGOW INTL AP,MT,48.2138,-106.6213,696.5,20170524,46.04,84.02,65.66,19.237683999999998,280.0,44.067718,0.0,0.0,0.0
63872,GLASGOW INTL AP,MT,48.2138,-106.6213,696.5,20170602,57.02,82.04,71.78,16.105968,280.0,36.90951,0.0,0.0,0.0
63873,GLASGOW INTL AP,MT,48.2138,-106.6213,696.5,20170605,51.98,78.98,75.74,18.119214000000003,280.0,40.041226,0.0,0.0,0.0
63874,GLASGOW INTL AP,MT,48.2138,-106.6213,696.5,20170611,51.08,75.92,65.12,13.42164,280.0,35.119958000000004,0.0,0.0,0.0
63875,GLASGOW INTL AP,MT,48.2138,-106.6213,696.5,20170614,51.98,66.92,59.18,15.211192,280.0,38.922756,0.0,0.0,0.0
63876,GLASGOW INTL AP,MT,48.2138,-106.6213,696.5,20170615,46.94,78.98,62.6,11.855782000000001,280.0,35.119958000000004,0.0,0.0,0.0
63877,GLASGOW INTL AP,MT,48.2138,-106.6213,696.5,20170619,48.02,84.02,66.02,10.737312,280.0,29.08022,0.0,0.0,0.0
63878,GLASGOW INTL AP,MT,48.2138,-106.6213,696.5,20170728,60.08,98.06,76.28,9.842536,280.0,19.908766,0.0,0.0,0.0
63879,GLASGOW INTL AP,MT,48.2138,-106.6213,696.5,20170827,50.0,91.04,71.24,7.381902,280.0,18.119214000000003,0.0,0.0,0.0
63880,HAVRE CITY CO AP,MT,48.5428,-109.7633,787.9,20170217,28.22,53.06,44.96,13.197946,280.0,36.014734000000004,0.0,0.0,0.0
63881,HAVRE CITY CO AP,MT,48.5428,-109.7633,787.9,20170225,16.16,35.96,24.44,12.526864,280.0,31.093465999999996,0.0,1.181103,0.0
63882,HAVRE CITY CO AP,MT,48.5428,-109.7633,787.9,20170307,13.1,29.12,21.38,12.30317,280.0,27.96175,0.0,0.0,0.0
63883,HAVRE CITY CO AP,MT,48.5428,-109.7633,787.9,20170316,31.1,57.02,47.66,17.000744,280.0,51.002232,0.0,0.0,0.0
63884,HAVRE CITY CO AP,MT,48.5428,-109.7633,787.9,20170408,35.06,64.94,50.18,13.645334,280.0,31.093465999999996,0.0,0.0,0.0
63885,HAVRE CITY CO AP,MT,48.5428,-109.7633,787.9,20170415,33.98,55.94,45.32,17.448132,280.0,44.067718,0.0,0.0,0.0
63886,HAVRE CITY CO AP,MT,48.5428,-109.7633,787.9,20170608,59.0,93.92,75.02,17.448132,280.0,48.09421,0.0,0.0,0.0393701
63887,HAVRE CITY CO AP,MT,48.5428,-109.7633,787.9,20170620,57.92,89.96,70.52,13.197946,280.0,31.093465999999996,0.0,0.0,0.0
63888,HAVRE CITY CO AP,MT,48.5428,-109.7633,787.9,20170722,48.02,89.96,70.52,5.816044000000001,280.0,23.935257999999997,0.0,0.0,0.0
63889,HAVRE CITY CO AP,MT,48.5428,-109.7633,787.9,20170725,48.02,84.92,68.18,5.59235,280.0,17.000744,0.0,0.0,0.0
63899,WOLF POINT INTL AP,MT,48.0944,-105.5744,605.3,20170104,-11.74,7.16,,8.500372,280.0,21.027236,,0.0,0.0
63900,WOLF POINT INTL AP,MT,48.0944,-105.5744,605.3,20170110,-8.86,6.26,,10.289924000000001,280.0,21.922012,,0.0,0.01181103
63901,WOLF POINT INTL AP,MT,48.0944,-105.5744,605.3,20170201,2.12,20.12,,12.30317,280.0,25.948504,,0.0,0.0
63902,WOLF POINT INTL AP,MT,48.0944,-105.5744,605.3,20170225,6.26,32.0,,5.816044000000001,280.0,23.935257999999997,,0.0,0.0
63903,WOLF POINT INTL AP,MT,48.0944,-105.5744,605.3,20170303,26.24,50.0,,5.59235,280.0,17.000744,0.0,0.0,0.0
63904,WOLF POINT INTL AP,MT,48.0944,-105.5744,605.3,20170326,28.22,60.98,,6.039738,280.0,23.040482,0.0,0.0,0.0
63905,WOLF POINT INTL AP,MT,48.0944,-105.5744,605.3,20170411,28.22,60.08,,10.289924000000001,280.0,38.02798,,0.0,0.0
63906,WOLF POINT INTL AP,MT,48.0944,-105.5744,605.3,20170415,31.1,57.02,,12.974252,280.0,42.054472,,0.0,0.0
63907,WOLF POINT INTL AP,MT,48.0944,-105.5744,605.3,20170504,33.08,80.96,,5.816044000000001,280.0,25.948504,0.0,0.0,0.0
63908,WOLF POINT INTL AP,MT,48.0944,-105.5744,605.3,20170603,48.02,86.0,,5.816044000000001,280.0,21.027236,,0.0,0.0
63909,WOLF POINT INTL AP,MT,48.0944,-105.5744,605.3,20170615,48.02,80.96,,12.974252,280.0,38.922756,0.0,0.0,0.0
63910,WOLF POINT INTL AP,MT,48.0944,-105.5744,605.3,20170619,42.08,84.92,,9.618841999999999,280.0,31.988242,0.0,0.0,0.0
63999,JORDAN AP,MT,47.3258,-106.9475,811.4,20170104,-12.82,8.24,,10.961006,280.0,23.935257999999997,,0.0,0.01181103
64000,JORDAN AP,MT,47.3258,-106.9475,811.4,20170106,0.14,14.18,,6.487126,280.0,16.105968,0.0,0.0,0.0
64001,JORDAN AP,MT,47.3258,-106.9475,811.4,20170112,-20.74,7.16,,5.816044000000001,280.0,23.935257999999997,0.0,0.0,0.0
64002,JORDAN AP,MT,47.3258,-106.9475,811.4,20170115,-6.88,32.0,,6.487126,280.0,16.105968,0.0,0.0,0.0
64003,JORDAN AP,MT,47.3258,-106.9475,811.4,20170120,22.1,42.98,,5.368656,280.0,12.079476,0.0,0.0,0.0
64004,JORDAN AP,MT,47.3258,-106.9475,811.4,20170126,7.16,35.06,,8.276678,280.0,21.922012,0.0,0.0,0.0
64005,JORDAN AP,MT,47.3258,-106.9475,811.4,20170127,15.26,39.92,,10.513618,280.0,27.066974,0.0,0.0,0.0
64006,JORDAN AP,MT,47.3258,-106.9475,811.4,20170128,28.22,44.06,,11.632088000000001,280.0,29.974996,0.0,0.0,0.0
64007,JORDAN AP,MT,47.3258,-106.9475,811.4,20170215,29.12,66.92,,6.039738,280.0,19.908766,0.0,0.0,0.0
64008,JORDAN AP,MT,47.3258,-106.9475,811.4,20170301,15.26,39.02,,8.500372,280.0,29.08022,,0.0,0.01968505
64009,JORDAN AP,MT,47.3258,-106.9475,811.4,20170303,30.2,53.96,,8.052984,280.0,29.974996,0.0,0.0,0.0
64010,JORDAN AP,MT,47.3258,-106.9475,811.4,20170325,37.04,62.06,,5.59235,280.0,31.093465999999996,0.0,0.0,0.0
64011,JORDAN AP,MT,47.3258,-106.9475,811.4,20170329,30.2,60.08,,7.381902,280.0,25.053728,0.0,0.0,0.0
64012,JORDAN AP,MT,47.3258,-106.9475,811.4,20170408,41.0,64.94,,5.1449620000000005,280.0,18.119214000000003,0.0,0.0,0.0
64013,JORDAN AP,MT,47.3258,-106.9475,811.4,20170415,30.2,55.04,,13.869028,280.0,38.922756,,0.0,0.01181103
64014,JORDAN AP,MT,47.3258,-106.9475,811.4,20170430,33.98,66.02,,9.171453999999999,280.0,27.96175,0.0,0.0,0.0
64015,JORDAN AP,MT,47.3258,-106.9475,811.4,20170502,33.08,59.0,,9.618841999999999,280.0,36.014734000000004,,0.0,0.05905515
64016,JORDAN AP,MT,47.3258,-106.9475,811.4,20170609,55.04,84.92,,15.658579999999999,280.0,48.988986,0.0,0.0,0.05118113
64017,JORDAN AP,MT,47.3258,-106.9475,811.4,20170611,46.94,75.92,,10.513618,280.0,29.974996,0.0,0.0,0.0
64018,JORDAN AP,MT,47.3258,-106.9475,811.4,20170618,42.98,78.98,,10.737312,280.0,29.974996,0.0,0.0,0.0
64019,JORDAN AP,MT,47.3258,-106.9475,811.4,20170627,57.02,89.06,,8.94776,280.0,53.910254,0.0,0.0,0.55905542
64020,JORDAN AP,MT,47.3258,-106.9475,811.4,20170630,42.08,82.94,,4.47388,280.0,23.040482,0.0,0.0,0.0
64021,JORDAN AP,MT,47.3258,-106.9475,811.4,20170720,55.04,102.02,,8.94776,280.0,31.093465999999996,0.0,0.0,0.0
64022,JORDAN AP,MT,47.3258,-106.9475,811.4,20170825,55.04,87.08,,6.039738,280.0,25.053728,0.0,0.0,0.03149608
64023,JORDAN AP,MT,47.3258,-106.9475,811.4,20170902,48.92,93.02,,4.026492,280.0,23.040482,0.0,0.0,0.0
64041,BAKER MUNI AP,MT,46.3583,-104.25,905.6,20170120,14.18,33.08,,7.829289999999999,280.0,21.027236,,,0.0
64042,BAKER MUNI AP,MT,46.3583,-104.25,905.6,20170122,12.2,24.26,,10.066230000000001,280.0,23.040482,,,0.0
64043,BAKER MUNI AP,MT,46.3583,-104.25,905.6,20170127,18.14,29.12,,17.224438,280.0,35.119958000000004,,,0.0
64044,BAKER MUNI AP,MT,46.3583,-104.25,905.6,20170208,-9.76,5.18,,8.052984,280.0,17.000744,,,0.0
64045,BAKER MUNI AP,MT,46.3583,-104.25,905.6,20170222,26.24,37.94,,9.618841999999999,280.0,19.908766,,,0.0787402
64046,BAKER MUNI AP,MT,46.3583,-104.25,905.6,20170307,17.24,31.1,,21.698318,280.0,51.002232,,,0.0
64047,BAKER MUNI AP,MT,46.3583,-104.25,905.6,20170403,30.2,50.0,,8.94776,280.0,29.08022,,,0.0
64048,BAKER MUNI AP,MT,46.3583,-104.25,905.6,20170408,37.04,59.0,,6.934514,280.0,19.908766,,,0.0
64049,BAKER MUNI AP,MT,46.3583,-104.25,905.6,20170411,24.26,57.02,,9.395147999999999,280.0,33.106712,,,0.0
64050,BAKER MUNI AP,MT,46.3583,-104.25,905.6,20170418,33.08,60.08,,9.618841999999999,280.0,23.935257999999997,,,0.0
64051,BAKER MUNI AP,MT,46.3583,-104.25,905.6,20170503,35.06,60.08,,8.94776,280.0,25.053728,,,0.0
64052,BAKER MUNI AP,MT,46.3583,-104.25,905.6,20170504,37.04,73.94,,6.71082,280.0,21.922012,,,0.0
64053,BAKER MUNI AP,MT,46.3583,-104.25,905.6,20170526,37.94,66.02,,12.079476,280.0,36.90951,,,0.0
64054,BAKER MUNI AP,MT,46.3583,-104.25,905.6,20170611,44.96,75.02,,10.513618,280.0,36.014734000000004,,,0.0
64055,BAKER MUNI AP,MT,46.3583,-104.25,905.6,20170614,48.92,66.92,,20.132460000000002,280.0,46.97574,,,0.0
64056,BAKER MUNI AP,MT,46.3583,-104.25,905.6,20170619,46.94,80.96,,9.842536,280.0,31.988242,,,0.0
64057,BAKER MUNI AP,MT,46.3583,-104.25,905.6,20170705,60.08,102.02,,9.618841999999999,280.0,36.90951,,,0.0
64058,BAKER MUNI AP,MT,46.3583,-104.25,905.6,20170826,53.96,87.98,,9.171453999999999,280.0,27.96175,,,0.0
64954,KALISPELL GLACIER AP,MT,48.3042,-114.2636,901.3,20170107,-15.88,10.22,-5.26,1.565858,270.0,8.052984,0.5118113000000001,9.055123,0.05118113
64955,KALISPELL GLACIER AP,MT,48.3042,-114.2636,901.3,20170112,-18.76,13.1,-2.74,1.342164,270.0,8.94776,0.0,12.992133,0.0
64956,KALISPELL GLACIER AP,MT,48.3042,-114.2636,901.3,20170124,-0.76,24.26,13.64,1.11847,270.0,10.066230000000001,0.0,11.023628,0.0
64957,KALISPELL GLACIER AP,MT,48.3042,-114.2636,901.3,20170208,-3.82,19.22,7.52,0.447388,270.0,6.039738,2.2047256,20.078751,0.14173236
64958,KALISPELL GLACIER AP,MT,48.3042,-114.2636,901.3,20170228,16.16,31.1,23.54,6.039738,270.0,21.027236,0.787402,16.141741,0.09842525
64959,KALISPELL GLACIER AP,MT,48.3042,-114.2636,901.3,20170301,22.1,41.0,28.58,8.276678,270.0,23.040482,0.0,16.141741,0.01181103
64960,KALISPELL GLACIER AP,MT,48.3042,-114.2636,901.3,20170323,27.14,51.08,41.18,6.487126,270.0,19.908766,0.0,0.0,0.0
64961,KALISPELL GLACIER AP,MT,48.3042,-114.2636,901.3,20170414,29.12,51.98,40.64,7.158208,270.0,31.988242,0.0,0.0,0.0
64962,KALISPELL GLACIER AP,MT,48.3042,-114.2636,901.3,20170512,42.08,62.96,58.28,4.921268,270.0,25.053728,0.0,0.0,0.18897648
64963,KALISPELL GLACIER AP,MT,48.3042,-114.2636,901.3,20170519,39.02,66.92,52.52,3.131716,270.0,19.01399,0.0,0.0,0.0
64964,KALISPELL GLACIER AP,MT,48.3042,-114.2636,901.3,20170524,46.04,68.0,61.34,17.000744,270.0,44.067718,0.0,0.0,0.0
64965,KALISPELL GLACIER AP,MT,48.3042,-114.2636,901.3,20170621,50.0,75.92,67.64,9.171453999999999,270.0,34.001488,0.0,0.0,0.0
64966,KALISPELL GLACIER AP,MT,48.3042,-114.2636,901.3,20170627,48.92,82.94,69.08,5.59235,270.0,21.922012,0.0,0.0,0.01968505
64967,KALISPELL GLACIER AP,MT,48.3042,-114.2636,901.3,20170720,48.02,87.98,69.98,8.276678,270.0,29.974996,0.0,0.0,0.0
69301,BILLINGS LOGAN INTL AP,MT,45.8069,-108.5422,1091.5,20170226,22.1,37.04,27.32,9.618841999999999,270.0,29.08022,0.0,0.0,0.0
69302,BILLINGS LOGAN INTL AP,MT,45.8069,-108.5422,1091.5,20170414,41.0,59.0,56.12,15.434885999999999,270.0,36.014734000000004,0.0,0.0,0.0
69303,BILLINGS LOGAN INTL AP,MT,45.8069,-108.5422,1091.5,20170614,51.98,73.94,60.62,21.474624,270.0,44.962494,0.0,0.0,0.0
69304,BILLINGS LOGAN INTL AP,MT,45.8069,-108.5422,1091.5,20170627,64.04,84.02,77.9,12.30317,270.0,44.962494,0.0,0.0,0.05118113
69305,BILLINGS LOGAN INTL AP,MT,45.8069,-108.5422,1091.5,20170721,66.92,93.92,80.6,9.842536,270.0,33.106712,0.0,0.0,0.0
69306,BILLINGS LOGAN INTL AP,MT,45.8069,-108.5422,1091.5,20170812,55.94,82.94,70.16,5.816044000000001,270.0,17.000744,0.0,0.0,0.0
69307,BILLINGS LOGAN INTL AP,MT,45.8069,-108.5422,1091.5,20170824,64.94,93.92,79.52,8.052984,270.0,38.922756,0.0,0.0,0.0
69308,BILLINGS LOGAN INTL AP,MT,45.8069,-108.5422,1091.5,20170913,57.92,84.02,73.76,10.289924000000001,270.0,52.120702,0.0,0.0,0.05118113
69309,LEWISTOWN MUNI AP,MT,47.0492,-109.4578,1263.4,20170107,-1.84,25.16,,6.71082,270.0,21.922012,,3.149608,0.0
69310,LEWISTOWN MUNI AP,MT,47.0492,-109.4578,1263.4,20170116,7.16,35.96,,4.6975739999999995,270.0,12.079476,,1.181103,0.0
69311,LEWISTOWN MUNI AP,MT,47.0492,-109.4578,1263.4,20170124,9.14,24.26,,6.487126,270.0,14.987498,,0.0,0.0
69312,LEWISTOWN MUNI AP,MT,47.0492,-109.4578,1263.4,20170322,30.2,62.96,,6.71082,270.0,33.106712,,0.0,0.0
69313,LEWISTOWN MUNI AP,MT,47.0492,-109.4578,1263.4,20170326,26.24,55.94,,6.263432,270.0,23.935257999999997,,0.0,0.0
69314,LEWISTOWN MUNI AP,MT,47.0492,-109.4578,1263.4,20170429,26.24,53.96,,6.934514,270.0,33.106712,,0.0,0.0393701
69315,LEWISTOWN MUNI AP,MT,47.0492,-109.4578,1263.4,20170506,48.02,80.96,,6.71082,270.0,42.949248,,0.0,0.01181103
69316,LEWISTOWN MUNI AP,MT,47.0492,-109.4578,1263.4,20170525,39.92,53.06,,16.329662,270.0,38.922756,,0.0,0.12992133
69317,LEWISTOWN MUNI AP,MT,47.0492,-109.4578,1263.4,20170528,44.96,69.08,,10.289924000000001,270.0,33.106712,,0.0,0.01181103
69318,LEWISTOWN MUNI AP,MT,47.0492,-109.4578,1263.4,20170616,51.08,71.96,,16.105968,270.0,36.90951,0.0,0.0,0.0393701
69319,LEWISTOWN MUNI AP,MT,47.0492,-109.4578,1263.4,20170708,60.98,96.08,,5.816044000000001,270.0,17.000744,,0.0,0.0
69320,LEWISTOWN MUNI AP,MT,47.0492,-109.4578,1263.4,20170808,51.08,75.02,,6.934514,270.0,19.908766,,0.0,0.0
69321,LEWISTOWN MUNI AP,MT,47.0492,-109.4578,1263.4,20170818,48.92,86.0,,5.816044000000001,270.0,19.01399,,0.0,0.0
69322,LEWISTOWN MUNI AP,MT,47.0492,-109.4578,1263.4,20170910,53.06,82.94,,9.171453999999999,270.0,36.90951,,0.0,0.0
69323,MILES CITY F WILEY FLD,MT,46.4267,-105.8825,799.8,20170104,-16.78,7.16,,9.842536,270.0,25.053728,,,0.0
69324,MILES CITY F WILEY FLD,MT,46.4267,-105.8825,799.8,20170214,24.26,44.96,,7.829289999999999,270.0,14.092722,,,0.0
69325,MILES CITY F WILEY FLD,MT,46.4267,-105.8825,799.8,20170225,23.18,35.06,,10.737312,270.0,29.08022,,,0.0
69326,MILES CITY F WILEY FLD,MT,46.4267,-105.8825,799.8,20170327,37.94,62.96,,7.381902,270.0,21.027236,,,0.0
69327,MILES CITY F WILEY FLD,MT,46.4267,-105.8825,799.8,20170416,31.1,59.0,,14.092722,270.0,35.119958000000004,,,0.0
69328,MILES CITY F WILEY FLD,MT,46.4267,-105.8825,799.8,20170613,57.02,80.96,,11.408394,270.0,48.988986,,,0.0
69329,MILES CITY F WILEY FLD,MT,46.4267,-105.8825,799.8,20170720,71.96,104.0,,10.961006,270.0,34.001488,,,0.0
69478,BOZEMAN GALLATIN FLD,MT,45.7881,-111.1608,1349.3,20170314,39.92,62.06,,3.35541,270.0,17.000744,0.0,0.0,0.03149608
69479,BOZEMAN GALLATIN FLD,MT,45.7881,-111.1608,1349.3,20170315,35.96,69.98,,7.605596,270.0,29.08022,0.0,0.0,0.0
69480,BOZEMAN GALLATIN FLD,MT,45.7881,-111.1608,1349.3,20170413,33.98,73.04,,10.961006,270.0,42.054472,0.0,0.0,0.16929143
69481,BOZEMAN GALLATIN FLD,MT,45.7881,-111.1608,1349.3,20170415,20.12,48.02,,7.158208,270.0,29.974996,0.1181103,2.0078751,0.0
69482,BOZEMAN GALLATIN FLD,MT,45.7881,-111.1608,1349.3,20170426,37.04,55.04,,6.039738,270.0,31.988242,0.0,0.0,0.16929143
69483,BOZEMAN GALLATIN FLD,MT,45.7881,-111.1608,1349.3,20170427,33.98,44.06,,8.052984,270.0,21.027236,,,0.12992133
69484,BOZEMAN GALLATIN FLD,MT,45.7881,-111.1608,1349.3,20170613,42.08,55.04,,6.71082,270.0,27.066974,0.0,0.0,0.72834685
69485,BOZEMAN GALLATIN FLD,MT,45.7881,-111.1608,1349.3,20170626,42.98,93.92,,6.71082,270.0,31.988242,0.0,0.0,0.0
69486,BOZEMAN GALLATIN FLD,MT,45.7881,-111.1608,1349.3,20170706,55.04,93.02,,5.59235,270.0,40.041226,0.0,0.0,0.01181103
69511,BUTTE BERT MOONEY AP,MT,45.9647,-112.5006,1678.2,20170222,21.2,33.08,31.46,2.9080220000000003,270.0,14.987498,,,0.01968505
69512,BUTTE BERT MOONEY AP,MT,45.9647,-112.5006,1678.2,20170225,1.22,24.26,17.24,8.052984,270.0,31.093465999999996,,,0.0
69513,BUTTE BERT MOONEY AP,MT,45.9647,-112.5006,1678.2,20170310,28.22,48.92,39.38,5.816044000000001,270.0,25.053728,,,0.0
69514,BUTTE BERT MOONEY AP,MT,45.9647,-112.5006,1678.2,20170507,35.96,51.08,49.28,7.605596,270.0,25.053728,,,0.14173236
69515,BUTTE BERT MOONEY AP,MT,45.9647,-112.5006,1678.2,20170519,26.24,57.92,40.1,4.921268,270.0,17.000744,,,0.0
69516,BUTTE BERT MOONEY AP,MT,45.9647,-112.5006,1678.2,20170523,35.06,78.08,55.76,4.6975739999999995,270.0,21.027236,,,0.0
69517,BUTTE BERT MOONEY AP,MT,45.9647,-112.5006,1678.2,20170614,39.92,66.02,50.36,7.158208,270.0,27.066974,,,0.0
69518,BUTTE BERT MOONEY AP,MT,45.9647,-112.5006,1678.2,20170615,35.96,64.04,52.88,7.158208,270.0,25.948504,,,0.0
69519,BUTTE BERT MOONEY AP,MT,45.9647,-112.5006,1678.2,20170626,44.96,89.06,69.62,6.039738,270.0,38.922756,,,0.12992133
69520,BUTTE BERT MOONEY AP,MT,45.9647,-112.5006,1678.2,20170721,44.06,82.04,67.1,8.276678,270.0,36.90951,,,0.0
69521,BUTTE BERT MOONEY AP,MT,45.9647,-112.5006,1678.2,20170819,46.04,80.96,64.76,7.605596,270.0,35.119958000000004,,,0.0
69522,BUTTE BERT MOONEY AP,MT,45.9647,-112.5006,1678.2,20170827,39.92,89.96,64.22,3.579104,270.0,14.092722,,,0.0
69523,BUTTE BERT MOONEY AP,MT,45.9647,-112.5006,1678.2,20170906,39.92,86.0,60.44,4.47388,270.0,16.105968,,,0.0
69524,CUT BANK MUNI AP,MT,48.6033,-112.3753,1169.8,20170125,7.16,30.2,19.04,7.605596,270.0,19.908766,,1.968505,0.0
69525,CUT BANK MUNI AP,MT,48.6033,-112.3753,1169.8,20170225,9.14,30.2,19.94,20.356154,270.0,46.080964,0.0,0.0,0.0
69526,CUT BANK MUNI AP,MT,48.6033,-112.3753,1169.8,20170324,24.26,60.08,37.58,10.961006,270.0,34.001488,,0.0,0.0
69527,CUT BANK MUNI AP,MT,48.6033,-112.3753,1169.8,20170404,21.2,50.0,34.16,11.855782000000001,270.0,35.119958000000004,,0.0,0.0
69528,CUT BANK MUNI AP,MT,48.6033,-112.3753,1169.8,20170420,27.14,62.06,45.68,7.829289999999999,270.0,35.119958000000004,,0.0,0.0
69529,CUT BANK MUNI AP,MT,48.6033,-112.3753,1169.8,20170512,42.08,73.04,62.06,10.513618,270.0,42.054472,,0.0,0.09055123
69530,CUT BANK MUNI AP,MT,48.6033,-112.3753,1169.8,20170620,51.08,80.06,66.74,12.526864,270.0,42.054472,0.0,0.0,0.0
69531,CUT BANK MUNI AP,MT,48.6033,-112.3753,1169.8,20170626,50.0,87.98,67.64,10.066230000000001,270.0,36.014734000000004,,0.0,0.0
69532,CUT BANK MUNI AP,MT,48.6033,-112.3753,1169.8,20170709,53.06,96.08,74.84,10.066230000000001,270.0,29.08022,,0.0,0.0
69533,CUT BANK MUNI AP,MT,48.6033,-112.3753,1169.8,20170718,41.0,84.02,62.78,6.487126,270.0,27.96175,,0.0,0.0
69534,CUT BANK MUNI AP,MT,48.6033,-112.3753,1169.8,20170720,50.0,91.94,71.24,12.30317,270.0,50.107456,,0.0,0.0
69535,CUT BANK MUNI AP,MT,48.6033,-112.3753,1169.8,20170814,44.06,77.0,62.42,12.30317,270.0,38.922756,,0.0,0.0
69536,CUT BANK MUNI AP,MT,48.6033,-112.3753,1169.8,20170815,39.02,78.98,58.28,6.039738,270.0,21.922012,,0.0,0.0
69537,CUT BANK MUNI AP,MT,48.6033,-112.3753,1169.8,20170825,42.98,78.98,64.22,8.724066,270.0,23.935257999999997,,0.0,0.0
69538,DILLON AP,MT,45.2575,-112.5545,1585.0,20170316,29.12,55.04,50.18,12.750558,270.0,38.02798,,0.0,0.0
69539,DILLON AP,MT,45.2575,-112.5545,1585.0,20170325,33.08,51.98,43.52,6.71082,270.0,33.106712,,0.0,0.0393701
69540,DILLON AP,MT,45.2575,-112.5545,1585.0,20170409,25.16,44.96,34.16,8.276678,270.0,23.935257999999997,,0.0,0.01968505
69541,DILLON AP,MT,45.2575,-112.5545,1585.0,20170410,23.18,46.94,34.34,10.066230000000001,270.0,38.922756,,0.0,0.0
69542,DILLON AP,MT,45.2575,-112.5545,1585.0,20170418,37.94,57.92,46.76,7.381902,270.0,33.106712,,0.0,0.03149608
69543,DILLON AP,MT,45.2575,-112.5545,1585.0,20170604,51.98,89.06,68.72,9.171453999999999,270.0,44.962494,,0.0,0.09842525
69544,DILLON AP,MT,45.2575,-112.5545,1585.0,20170610,41.0,59.0,49.46,10.737312,270.0,31.093465999999996,,0.0,0.16929143
69545,DILLON AP,MT,45.2575,-112.5545,1585.0,20170614,42.08,66.92,52.34,10.513618,270.0,29.974996,,0.0,0.0
69546,DILLON AP,MT,45.2575,-112.5545,1585.0,20170619,44.06,80.96,60.62,6.934514,270.0,19.908766,,0.0,0.0
69547,DILLON AP,MT,45.2575,-112.5545,1585.0,20170628,48.02,69.98,59.36,9.842536,270.0,38.02798,,0.0,0.01181103
69548,DILLON AP,MT,45.2575,-112.5545,1585.0,20170716,53.06,86.0,69.44,8.052984,270.0,31.988242,,0.0,0.0
69549,DILLON AP,MT,45.2575,-112.5545,1585.0,20170721,51.08,84.92,69.44,8.500372,270.0,19.908766,,0.0,0.0
69550,DILLON AP,MT,45.2575,-112.5545,1585.0,20170825,48.02,87.08,64.76,7.605596,270.0,25.053728,,0.0,0.0
69551,DILLON AP,MT,45.2575,-112.5545,1585.0,20170913,51.08,75.92,68.54,9.618841999999999,270.0,33.106712,,0.0,0.05118113
69557,GREAT FALLS INTL AP,MT,47.4733,-111.3822,1116.8,20170211,25.16,39.92,34.34,16.329662,270.0,36.014734000000004,0.0,0.0,0.0
69558,GREAT FALLS INTL AP,MT,47.4733,-111.3822,1116.8,20170226,15.26,28.22,24.26,10.961006,270.0,29.974996,2.0866153,0.0,0.14173236
69559,GREAT FALLS INTL AP,MT,47.4733,-111.3822,1116.8,20170505,46.94,86.0,69.08,9.395147999999999,270.0,31.093465999999996,0.0,0.0,0.0
69560,GREAT FALLS INTL AP,MT,47.4733,-111.3822,1116.8,20170516,33.08,62.96,48.74,6.934514,270.0,31.988242,0.0,0.0,0.25196864
69561,GREAT FALLS INTL AP,MT,47.4733,-111.3822,1116.8,20170614,48.02,69.08,56.48,16.553356,270.0,36.014734000000004,0.0,0.0,0.11023628
69562,GREAT FALLS INTL AP,MT,47.4733,-111.3822,1116.8,20170618,50.0,71.96,60.26,14.54011,270.0,34.001488,0.0,0.0,0.0
69563,GREAT FALLS INTL AP,MT,47.4733,-111.3822,1116.8,20170626,53.06,95.0,74.66,10.066230000000001,270.0,29.08022,0.0,0.0,0.0
69564,GREAT FALLS INTL AP,MT,47.4733,-111.3822,1116.8,20170810,46.94,82.04,66.56,6.039738,270.0,38.02798,0.0,0.0,0.0
69565,HELENA RGNL AP,MT,46.6056,-111.9636,1166.8,20170103,-6.88,4.1,-1.3,2.013246,270.0,10.066230000000001,0.0,5.118113,0.0
69566,HELENA RGNL AP,MT,46.6056,-111.9636,1166.8,20170104,-7.78,6.26,-0.4,2.013246,270.0,12.079476,0.0,5.118113,0.0
69567,HELENA RGNL AP,MT,46.6056,-111.9636,1166.8,20170127,7.16,32.0,20.66,4.921268,270.0,19.01399,0.0,5.905515,0.0
69568,HELENA RGNL AP,MT,46.6056,-111.9636,1166.8,20170130,15.26,44.96,29.66,4.921268,270.0,27.066974,0.0,5.118113,0.0
69569,HELENA RGNL AP,MT,46.6056,-111.9636,1166.8,20170131,14.18,37.04,28.22,9.171453999999999,270.0,19.908766,4.4094512,7.086618,0.16141741
69570,HELENA RGNL AP,MT,46.6056,-111.9636,1166.8,20170217,33.98,46.04,42.44,4.47388,270.0,21.922012,0.0,1.968505,0.0
69571,HELENA RGNL AP,MT,46.6056,-111.9636,1166.8,20170228,13.1,35.06,20.66,7.158208,270.0,36.90951,0.0,1.968505,0.0
69572,HELENA RGNL AP,MT,46.6056,-111.9636,1166.8,20170318,35.96,75.92,51.98,8.94776,270.0,38.02798,0.0,0.0,0.0
69573,HELENA RGNL AP,MT,46.6056,-111.9636,1166.8,20170323,33.08,55.04,47.3,10.289924000000001,270.0,29.974996,0.0,0.0,0.0
69574,HELENA RGNL AP,MT,46.6056,-111.9636,1166.8,20170327,37.94,55.94,47.84,8.724066,270.0,38.02798,0.0,0.0,0.0
69575,HELENA RGNL AP,MT,46.6056,-111.9636,1166.8,20170328,28.22,55.04,43.7,9.618841999999999,270.0,31.988242,0.0,0.0,0.0
69576,HELENA RGNL AP,MT,46.6056,-111.9636,1166.8,20170402,35.06,57.02,51.8,14.092722,270.0,38.02798,0.0,0.0,0.0
69577,HELENA RGNL AP,MT,46.6056,-111.9636,1166.8,20170406,37.94,71.06,50.18,6.934514,270.0,29.974996,0.0,0.0,0.0
69578,HELENA RGNL AP,MT,46.6056,-111.9636,1166.8,20170414,39.02,53.06,44.42,14.763804,270.0,31.093465999999996,0.0,0.0,0.05118113
69579,HELENA RGNL AP,MT,46.6056,-111.9636,1166.8,20170501,41.0,59.0,49.82,10.961006,270.0,29.08022,0.0,0.0,0.0
69580,HELENA RGNL AP,MT,46.6056,-111.9636,1166.8,20170524,50.0,69.98,67.64,18.566602,270.0,48.988986,0.0,0.0,0.0
69581,HELENA RGNL AP,MT,46.6056,-111.9636,1166.8,20170531,50.0,84.02,68.54,4.921268,270.0,25.053728,0.0,0.0,0.0393701
69582,HELENA RGNL AP,MT,46.6056,-111.9636,1166.8,20170609,48.92,71.06,66.02,11.408394,270.0,31.093465999999996,0.0,0.0,0.0
69583,HELENA RGNL AP,MT,46.6056,-111.9636,1166.8,20170622,48.92,71.96,66.02,12.30317,270.0,33.106712,0.0,0.0,0.0
69584,HELENA RGNL AP,MT,46.6056,-111.9636,1166.8,20170626,51.98,98.06,73.58,6.039738,270.0,46.97574,0.0,0.0,0.03149608
69585,HELENA RGNL AP,MT,46.6056,-111.9636,1166.8,20170703,55.94,93.92,76.28,7.829289999999999,270.0,33.106712,0.0,0.0,0.0
69586,HELENA RGNL AP,MT,46.6056,-111.9636,1166.8,20170716,55.04,91.04,72.68,8.724066,270.0,35.119958000000004,0.0,0.0,0.0
69587,HELENA RGNL AP,MT,46.6056,-111.9636,1166.8,20170820,55.04,80.96,69.62,8.94776,270.0,27.96175,0.0,0.0,0.0
69588,HELENA RGNL AP,MT,46.6056,-111.9636,1166.8,20170826,50.0,89.96,72.86,6.487126,270.0,23.935257999999997,0.0,0.0,0.0
69598,LIVINGSTON MISSION FLD,MT,45.6983,-110.4408,1415.2,20170211,23.18,39.92,,18.566602,270.0,42.949248,,,0.0
69599,LIVINGSTON MISSION FLD,MT,45.6983,-110.4408,1415.2,20170306,25.16,37.04,,19.237683999999998,270.0,44.962494,,,0.0
69600,LIVINGSTON MISSION FLD,MT,45.6983,-110.4408,1415.2,20170423,37.94,60.98,,14.092722,270.0,48.988986,,,0.05118113
69601,LIVINGSTON MISSION FLD,MT,45.6983,-110.4408,1415.2,20170426,33.08,55.04,,6.039738,270.0,38.02798,,,0.22834658
69602,LIVINGSTON MISSION FLD,MT,45.6983,-110.4408,1415.2,20170511,37.04,80.96,,7.158208,270.0,40.041226,,,0.0
69603,LIVINGSTON MISSION FLD,MT,45.6983,-110.4408,1415.2,20170521,35.96,66.02,,8.500372,270.0,27.96175,,,0.01968505
69604,LIVINGSTON MISSION FLD,MT,45.6983,-110.4408,1415.2,20170617,48.02,69.98,,11.855782000000001,270.0,29.974996,,,0.01968505
69605,LIVINGSTON MISSION FLD,MT,45.6983,-110.4408,1415.2,20170618,44.06,73.04,,12.974252,270.0,42.054472,,,0.0
69606,LIVINGSTON MISSION FLD,MT,45.6983,-110.4408,1415.2,20170627,57.02,78.08,,17.448132,270.0,46.97574,,,0.0
69607,LIVINGSTON MISSION FLD,MT,45.6983,-110.4408,1415.2,20170630,39.02,80.06,,9.395147999999999,270.0,23.040482,,,0.0
69608,LIVINGSTON MISSION FLD,MT,45.6983,-110.4408,1415.2,20170722,44.06,91.04,,7.605596,270.0,31.988242,,,0.0
69609,LIVINGSTON MISSION FLD,MT,45.6983,-110.4408,1415.2,20170901,50.0,86.0,,10.513618,270.0,27.96175,,,0.0
69610,LIVINGSTON MISSION FLD,MT,45.6983,-110.4408,1415.2,20170902,46.94,95.0,,12.974252,270.0,31.988242,,,0.0
69611,LIVINGSTON MISSION FLD,MT,45.6983,-110.4408,1415.2,20170917,33.98,66.02,,14.987498,270.0,36.90951,,,0.0
69634,MISSOULA INTL AP,MT,46.9208,-114.0925,972.9,20170118,12.2,31.1,18.5,2.684328,270.0,16.105968,0.0,12.992133,0.01181103
69635,MISSOULA INTL AP,MT,46.9208,-114.0925,972.9,20170130,21.2,44.06,26.96,5.1449620000000005,270.0,21.027236,0.0,11.81103,0.0
69636,MISSOULA INTL AP,MT,46.9208,-114.0925,972.9,20170310,32.0,48.92,35.42,6.263432,270.0,31.988242,0.0,3.149608,0.05905515
69637,MISSOULA INTL AP,MT,46.9208,-114.0925,972.9,20170319,33.98,53.96,46.58,6.487126,270.0,25.053728,0.0,0.0,0.0
69638,MISSOULA INTL AP,MT,46.9208,-114.0925,972.9,20170401,30.2,57.02,43.88,3.579104,270.0,25.053728,0.0,0.0,0.01181103
69639,MISSOULA INTL AP,MT,46.9208,-114.0925,972.9,20170417,42.08,53.06,49.46,5.1449620000000005,270.0,27.96175,0.0,0.0,0.07086618
69640,MISSOULA INTL AP,MT,46.9208,-114.0925,972.9,20170430,42.08,57.92,50.36,8.724066,270.0,33.106712,0.0,0.0,0.0
69641,MISSOULA INTL AP,MT,46.9208,-114.0925,972.9,20170513,35.06,51.08,43.16,5.816044000000001,270.0,29.974996,0.0,0.0,0.01968505
69642,MISSOULA INTL AP,MT,46.9208,-114.0925,972.9,20170520,42.98,69.08,53.24,3.131716,270.0,25.948504,0.0,0.0,0.0
69643,MISSOULA INTL AP,MT,46.9208,-114.0925,972.9,20170608,55.94,80.96,69.98,7.381902,270.0,42.949248,0.0,0.0,0.16141741
69644,MISSOULA INTL AP,MT,46.9208,-114.0925,972.9,20170616,51.08,64.04,58.64,6.487126,270.0,29.974996,0.0,0.0,0.05905515
69645,MISSOULA INTL AP,MT,46.9208,-114.0925,972.9,20170628,48.02,80.96,67.46,7.158208,270.0,34.001488,0.0,0.0,0.0
69646,MISSOULA INTL AP,MT,46.9208,-114.0925,972.9,20170630,46.04,86.0,64.22,3.131716,270.0,17.000744,0.0,0.0,0.0
69647,MISSOULA INTL AP,MT,46.9208,-114.0925,972.9,20170701,51.08,91.04,70.88,3.579104,270.0,23.935257999999997,0.0,0.0,0.0
69648,MISSOULA INTL AP,MT,46.9208,-114.0925,972.9,20170711,55.04,86.0,72.14,4.921268,270.0,23.040482,0.0,0.0,0.0
69649,MISSOULA INTL AP,MT,46.9208,-114.0925,972.9,20170724,57.02,93.92,77.54,6.71082,270.0,27.96175,0.0,0.0,0.0
69650,MISSOULA INTL AP,MT,46.9208,-114.0925,972.9,20170819,51.08,82.04,70.88,9.171453999999999,270.0,33.106712,0.0,0.0,0.0
69651,MISSOULA INTL AP,MT,46.9208,-114.0925,972.9,20170831,53.96,87.08,72.32,9.171453999999999,270.0,27.96175,0.0,0.0,0.0
69652,MISSOULA INTL AP,MT,46.9208,-114.0925,972.9,20170909,53.06,87.98,70.16,5.1449620000000005,270.0,25.948504,0.0,0.0,0.0
69653,MISSOULA INTL AP,MT,46.9208,-114.0925,972.9,20170912,44.06,89.96,64.76,3.579104,270.0,23.935257999999997,0.0,0.0,0.0
71909,GLASGOW INTL AP,MT,48.2138,-106.6213,696.5,20170103,-20.74,-3.82,-10.12,5.816044000000001,270.0,14.987498,0.0,5.118113,0.0
71910,GLASGOW INTL AP,MT,48.2138,-106.6213,696.5,20170105,-11.74,4.1,-1.12,7.158208,270.0,19.908766,0.0,5.118113,0.0
71911,GLASGOW INTL AP,MT,48.2138,-106.6213,696.5,20170111,-28.84,-5.8,-12.46,6.71082,270.0,19.01399,0.0,5.905515,0.0
71912,GLASGOW INTL AP,MT,48.2138,-106.6213,696.5,20170120,22.1,35.96,29.66,7.381902,270.0,14.987498,0.0,3.149608,0.0
71913,GLASGOW INTL AP,MT,48.2138,-106.6213,696.5,20170208,-15.88,1.22,-8.14,6.487126,270.0,19.908766,0.0,3.93701,0.0
71914,GLASGOW INTL AP,MT,48.2138,-106.6213,696.5,20170210,29.12,44.96,35.06,10.289924000000001,270.0,35.119958000000004,0.0,3.149608,0.0
71915,GLASGOW INTL AP,MT,48.2138,-106.6213,696.5,20170213,22.1,42.08,32.36,10.513618,270.0,23.040482,0.0,1.181103,0.0
71916,GLASGOW INTL AP,MT,48.2138,-106.6213,696.5,20170216,30.2,55.94,40.1,8.500372,270.0,19.01399,0.0,0.0,0.0
71917,GLASGOW INTL AP,MT,48.2138,-106.6213,696.5,20170220,26.24,53.96,35.24,7.158208,270.0,19.01399,0.0,0.0,0.01181103
71918,GLASGOW INTL AP,MT,48.2138,-106.6213,696.5,20170503,33.08,64.04,46.58,7.605596,270.0,19.908766,0.0,0.0,0.0
71919,GLASGOW INTL AP,MT,48.2138,-106.6213,696.5,20170514,39.92,66.02,54.14,12.079476,270.0,31.093465999999996,0.0,0.0,0.0
71920,GLASGOW INTL AP,MT,48.2138,-106.6213,696.5,20170610,53.96,78.08,67.28,12.974252,270.0,31.988242,0.0,0.0,0.0
71921,HAVRE CITY CO AP,MT,48.5428,-109.7633,787.9,20170130,26.24,42.08,39.02,14.987498,270.0,42.949248,0.9842525,0.0,0.0393701
71922,HAVRE CITY CO AP,MT,48.5428,-109.7633,787.9,20170226,16.16,30.2,26.78,10.066230000000001,270.0,35.119958000000004,0.5118113000000001,1.181103,0.0787402
71923,HAVRE CITY CO AP,MT,48.5428,-109.7633,787.9,20170325,37.04,59.0,51.26,12.974252,270.0,33.106712,0.0,0.0,0.0
71924,HAVRE CITY CO AP,MT,48.5428,-109.7633,787.9,20170406,35.06,73.04,51.08,8.276678,270.0,33.106712,0.0,0.0,0.0
71925,HAVRE CITY CO AP,MT,48.5428,-109.7633,787.9,20170611,41.0,75.92,60.26,10.961006,270.0,31.093465999999996,0.0,0.0,0.0
71926,HAVRE CITY CO AP,MT,48.5428,-109.7633,787.9,20170710,64.94,96.08,82.04,13.645334,270.0,38.02798,0.0,0.0,0.0
71927,HAVRE CITY CO AP,MT,48.5428,-109.7633,787.9,20170820,48.02,80.06,64.04,8.500372,270.0,27.96175,0.0,0.0,0.0
71940,WOLF POINT INTL AP,MT,48.0944,-105.5744,605.3,20170112,-17.86,3.2,,8.276678,270.0,27.066974,,0.0,0.0
71941,WOLF POINT INTL AP,MT,48.0944,-105.5744,605.3,20170117,-5.8,32.0,,1.789552,270.0,10.066230000000001,0.0,0.0,0.0
71942,WOLF POINT INTL AP,MT,48.0944,-105.5744,605.3,20170119,10.22,31.1,,2.460634,270.0,10.961006,0.0,0.0,0.0
71943,WOLF POINT INTL AP,MT,48.0944,-105.5744,605.3,20170122,17.24,33.08,,7.158208,270.0,19.01399,0.0,0.0,0.0
71944,WOLF POINT INTL AP,MT,48.0944,-105.5744,605.3,20170125,0.14,20.12,,5.368656,270.0,12.974252,,0.0,0.0
71945,WOLF POINT INTL AP,MT,48.0944,-105.5744,605.3,20170127,14.18,33.08,,14.763804,270.0,29.974996,0.0,0.0,0.0
71946,WOLF POINT INTL AP,MT,48.0944,-105.5744,605.3,20170128,28.22,37.94,,14.54011,270.0,29.974996,0.0,0.0,0.0
71947,WOLF POINT INTL AP,MT,48.0944,-105.5744,605.3,20170208,-22.9,2.12,,6.934514,270.0,21.922012,0.0,0.0,0.0
71948,WOLF POINT INTL AP,MT,48.0944,-105.5744,605.3,20170325,37.94,62.96,,7.381902,270.0,27.96175,0.0,0.0,0.0
71949,WOLF POINT INTL AP,MT,48.0944,-105.5744,605.3,20170329,32.0,62.06,,6.934514,270.0,33.106712,0.0,0.0,0.0
71950,WOLF POINT INTL AP,MT,48.0944,-105.5744,605.3,20170408,42.98,68.0,,10.066230000000001,270.0,29.08022,0.0,0.0,0.0
71951,WOLF POINT INTL AP,MT,48.0944,-105.5744,605.3,20170414,32.0,64.04,,14.763804,270.0,44.962494,0.0,0.0,0.0
71952,WOLF POINT INTL AP,MT,48.0944,-105.5744,605.3,20170430,29.12,69.08,,7.605596,270.0,34.001488,,0.0,0.0
71953,WOLF POINT INTL AP,MT,48.0944,-105.5744,605.3,20170503,33.98,64.94,,8.052984,270.0,21.922012,0.0,0.0,0.0
71954,WOLF POINT INTL AP,MT,48.0944,-105.5744,605.3,20170601,55.04,96.98,,7.829289999999999,270.0,34.001488,0.0,0.0,0.0
71955,WOLF POINT INTL AP,MT,48.0944,-105.5744,605.3,20170602,53.96,84.92,,12.079476,270.0,31.093465999999996,0.0,0.0,0.0
71956,WOLF POINT INTL AP,MT,48.0944,-105.5744,605.3,20170605,53.06,87.98,,16.105968,270.0,36.90951,0.0,0.0,0.0
71957,WOLF POINT INTL AP,MT,48.0944,-105.5744,605.3,20170614,50.0,69.98,,14.316416,270.0,38.02798,0.0,0.0,0.01181103
71958,WOLF POINT INTL AP,MT,48.0944,-105.5744,605.3,20170815,53.06,80.96,,4.026492,270.0,14.987498,0.0,0.0,0.01181103
71959,WOLF POINT INTL AP,MT,48.0944,-105.5744,605.3,20170902,46.94,93.02,,2.23694,270.0,16.105968,0.0,0.0,0.0
71960,WOLF POINT INTL AP,MT,48.0944,-105.5744,605.3,20170906,41.0,84.92,,1.789552,270.0,10.961006,0.0,0.0,0.0
71961,WOLF POINT INTL AP,MT,48.0944,-105.5744,605.3,20170911,48.92,91.04,,4.921268,270.0,21.922012,0.0,0.0,0.0
72043,JORDAN AP,MT,47.3258,-106.9475,811.4,20170111,-32.8,2.12,,7.605596,270.0,21.027236,0.0,0.0,0.0
72044,JORDAN AP,MT,47.3258,-106.9475,811.4,20170119,14.18,46.04,,3.579104,270.0,12.079476,0.0,0.0,0.0
72045,JORDAN AP,MT,47.3258,-106.9475,811.4,20170125,8.24,28.22,,5.1449620000000005,270.0,14.987498,0.0,0.0,0.0
72046,JORDAN AP,MT,47.3258,-106.9475,811.4,20170129,27.14,51.98,,9.395147999999999,270.0,27.066974,0.0,,0.0
72047,JORDAN AP,MT,47.3258,-106.9475,811.4,20170210,28.22,48.92,,7.158208,270.0,18.119214000000003,0.0,0.0,0.0
72048,JORDAN AP,MT,47.3258,-106.9475,811.4,20170212,21.2,46.94,,8.276678,270.0,23.935257999999997,0.0,0.0,0.0
72049,JORDAN AP,MT,47.3258,-106.9475,811.4,20170315,28.22,66.02,,2.9080220000000003,270.0,17.000744,0.0,0.0,0.0
72050,JORDAN AP,MT,47.3258,-106.9475,811.4,20170328,32.0,60.08,,4.250186,270.0,17.000744,0.0,0.0,0.0
72051,JORDAN AP,MT,47.3258,-106.9475,811.4,20170411,28.22,57.92,,9.842536,270.0,33.106712,0.0,0.0,0.0
72052,JORDAN AP,MT,47.3258,-106.9475,811.4,20170602,48.92,82.04,,13.197946,270.0,33.106712,0.0,0.0,0.0
72053,JORDAN AP,MT,47.3258,-106.9475,811.4,20170610,51.08,78.08,,10.289924000000001,270.0,33.106712,0.0,0.0,0.0
72054,JORDAN AP,MT,47.3258,-106.9475,811.4,20170614,48.92,73.04,,18.342907999999998,270.0,46.080964,0.0,0.0,0.0
72055,JORDAN AP,MT,47.3258,-106.9475,811.4,20170616,57.92,82.04,,13.645334,270.0,44.067718,0.0,,0.0
72056,JORDAN AP,MT,47.3258,-106.9475,811.4,20170620,53.96,91.04,,8.052984,270.0,27.066974,0.0,0.0,0.0
72057,JORDAN AP,MT,47.3258,-106.9475,811.4,20170628,51.08,84.92,,9.842536,270.0,29.974996,0.0,0.0,0.0
72058,JORDAN AP,MT,47.3258,-106.9475,811.4,20170703,57.02,100.94,,7.381902,270.0,27.066974,0.0,0.0,0.0
72059,JORDAN AP,MT,47.3258,-106.9475,811.4,20170814,55.94,80.06,,5.816044000000001,270.0,18.119214000000003,0.0,0.0,0.01181103
72060,JORDAN AP,MT,47.3258,-106.9475,811.4,20170831,64.94,95.0,,6.71082,270.0,23.935257999999997,0.0,0.0,0.0
72079,BAKER MUNI AP,MT,46.3583,-104.25,905.6,20170116,0.14,20.12,,8.052984,270.0,23.040482,,,0.0
72080,BAKER MUNI AP,MT,46.3583,-104.25,905.6,20170119,11.12,37.94,,3.35541,270.0,12.974252,,,0.0
72081,BAKER MUNI AP,MT,46.3583,-104.25,905.6,20170126,6.26,21.2,,13.42164,270.0,29.974996,,,0.0
72082,BAKER MUNI AP,MT,46.3583,-104.25,905.6,20170228,18.14,37.04,,9.618841999999999,270.0,25.948504,,,0.0
72083,BAKER MUNI AP,MT,46.3583,-104.25,905.6,20170301,16.16,33.98,,13.645334,270.0,29.974996,,,0.0
72084,BAKER MUNI AP,MT,46.3583,-104.25,905.6,20170315,32.0,64.94,,6.71082,270.0,17.000744,,,0.0
72085,BAKER MUNI AP,MT,46.3583,-104.25,905.6,20170329,31.1,60.08,,7.829289999999999,270.0,27.96175,,,0.0
72086,BAKER MUNI AP,MT,46.3583,-104.25,905.6,20170514,42.08,64.94,,10.066230000000001,270.0,29.974996,,,0.0
72087,BAKER MUNI AP,MT,46.3583,-104.25,905.6,20170527,37.04,73.94,,12.30317,270.0,44.067718,,,0.0
72088,BAKER MUNI AP,MT,46.3583,-104.25,905.6,20170613,53.06,82.04,,14.763804,270.0,44.962494,,,0.0
72089,BAKER MUNI AP,MT,46.3583,-104.25,905.6,20170615,44.96,78.98,,15.211192,270.0,40.936002,,,0.0
72090,BAKER MUNI AP,MT,46.3583,-104.25,905.6,20170720,66.02,102.02,,15.434885999999999,270.0,50.107456,,,0.05118113
73030,KALISPELL GLACIER AP,MT,48.3042,-114.2636,901.3,20170210,30.2,44.96,38.66,10.289924000000001,260.0,34.001488,0.0,22.834657999999997,0.01181103
73031,KALISPELL GLACIER AP,MT,48.3042,-114.2636,901.3,20170219,32.0,41.0,35.42,6.487126,260.0,19.01399,0.0,14.960638000000001,0.20866153
73032,KALISPELL GLACIER AP,MT,48.3042,-114.2636,901.3,20170818,42.98,89.96,66.38,8.052984,260.0,27.96175,0.0,0.0,0.0
77003,BILLINGS LOGAN INTL AP,MT,45.8069,-108.5422,1091.5,20170128,20.12,46.94,31.1,19.685072,260.0,42.054472,0.0,1.968505,0.0
77004,BILLINGS LOGAN INTL AP,MT,45.8069,-108.5422,1091.5,20170301,21.2,44.96,30.02,16.105968,260.0,51.002232,0.0,0.0,0.0
77005,BILLINGS LOGAN INTL AP,MT,45.8069,-108.5422,1091.5,20170304,39.02,62.96,49.46,10.513618,260.0,27.066974,0.0,0.0,0.0
77006,BILLINGS LOGAN INTL AP,MT,45.8069,-108.5422,1091.5,20170318,33.98,69.98,47.48,6.263432,260.0,19.908766,0.0,0.0,0.0
77007,BILLINGS LOGAN INTL AP,MT,45.8069,-108.5422,1091.5,20170718,59.0,89.06,73.04,5.816044000000001,260.0,16.105968,0.0,0.0,0.0
77008,BILLINGS LOGAN INTL AP,MT,45.8069,-108.5422,1091.5,20170728,66.92,93.02,79.16,10.513618,260.0,31.988242,0.0,0.0,0.01968505
77009,BILLINGS LOGAN INTL AP,MT,45.8069,-108.5422,1091.5,20170729,64.94,89.06,78.08,9.618841999999999,260.0,31.093465999999996,0.0,0.0,0.01968505
77010,BILLINGS LOGAN INTL AP,MT,45.8069,-108.5422,1091.5,20170813,55.04,84.92,68.9,8.052984,260.0,38.922756,0.0,0.0,0.0
77011,BILLINGS LOGAN INTL AP,MT,45.8069,-108.5422,1091.5,20170826,59.0,89.96,73.94,10.513618,260.0,34.001488,0.0,0.0,0.0
77012,BILLINGS LOGAN INTL AP,MT,45.8069,-108.5422,1091.5,20170910,64.94,89.96,,8.500372,260.0,19.01399,0.0,0.0,0.0
77013,LEWISTOWN MUNI AP,MT,47.0492,-109.4578,1263.4,20170113,3.2,26.24,,5.816044000000001,260.0,19.908766,,1.968505,0.0
77014,LEWISTOWN MUNI AP,MT,47.0492,-109.4578,1263.4,20170115,9.14,37.04,,5.816044000000001,260.0,14.987498,,1.968505,0.0
77015,LEWISTOWN MUNI AP,MT,47.0492,-109.4578,1263.4,20170127,14.18,37.94,,7.158208,260.0,23.040482,,0.0,0.0
77016,LEWISTOWN MUNI AP,MT,47.0492,-109.4578,1263.4,20170203,-7.78,39.02,,10.513618,260.0,27.96175,,1.181103,0.0
77017,LEWISTOWN MUNI AP,MT,47.0492,-109.4578,1263.4,20170210,31.1,48.02,,13.645334,260.0,36.90951,,0.0,0.0
77018,LEWISTOWN MUNI AP,MT,47.0492,-109.4578,1263.4,20170220,27.14,53.96,,12.079476,260.0,42.054472,,0.0,0.01181103
77019,LEWISTOWN MUNI AP,MT,47.0492,-109.4578,1263.4,20170511,42.08,78.08,,7.605596,260.0,48.988986,0.0,0.0,0.14960638
77020,LEWISTOWN MUNI AP,MT,47.0492,-109.4578,1263.4,20170602,48.02,73.04,,10.513618,260.0,27.066974,,0.0,0.0
77021,LEWISTOWN MUNI AP,MT,47.0492,-109.4578,1263.4,20170705,53.96,93.92,,6.934514,260.0,53.015478,,0.0,0.01181103
77022,LEWISTOWN MUNI AP,MT,47.0492,-109.4578,1263.4,20170709,57.02,96.98,,8.052984,260.0,40.041226,,0.0,0.0
77023,LEWISTOWN MUNI AP,MT,47.0492,-109.4578,1263.4,20170917,32.0,62.96,,9.842536,260.0,29.08022,,0.0,0.0
77024,MILES CITY F WILEY FLD,MT,46.4267,-105.8825,799.8,20170112,-14.8,3.2,,7.158208,260.0,19.01399,,,0.0
77025,MILES CITY F WILEY FLD,MT,46.4267,-105.8825,799.8,20170116,-1.84,17.24,,8.052984,260.0,14.987498,,,0.0
77026,MILES CITY F WILEY FLD,MT,46.4267,-105.8825,799.8,20170124,20.12,24.26,,6.71082,260.0,16.105968,,,0.0
77027,MILES CITY F WILEY FLD,MT,46.4267,-105.8825,799.8,20170129,32.0,42.98,,12.526864,260.0,33.106712,,,0.0
77028,MILES CITY F WILEY FLD,MT,46.4267,-105.8825,799.8,20170130,30.2,44.06,,17.000744,260.0,42.054472,,,0.0
77029,MILES CITY F WILEY FLD,MT,46.4267,-105.8825,799.8,20170212,17.24,42.08,,7.158208,260.0,18.119214000000003,,,0.0
77030,MILES CITY F WILEY FLD,MT,46.4267,-105.8825,799.8,20170220,35.06,59.0,,8.500372,260.0,19.908766,,,0.0
77031,MILES CITY F WILEY FLD,MT,46.4267,-105.8825,799.8,20170329,33.08,59.0,,7.158208,260.0,21.922012,,,0.0
77032,MILES CITY F WILEY FLD,MT,46.4267,-105.8825,799.8,20170602,59.0,82.94,,8.724066,260.0,21.922012,,,0.0
77033,MILES CITY F WILEY FLD,MT,46.4267,-105.8825,799.8,20170630,46.04,80.06,,6.263432,260.0,19.01399,,,0.0
77034,MILES CITY F WILEY FLD,MT,46.4267,-105.8825,799.8,20170911,62.06,91.04,,5.59235,260.0,14.092722,,,0.0
77157,BOZEMAN GALLATIN FLD,MT,45.7881,-111.1608,1349.3,20170328,29.12,53.06,,4.921268,260.0,18.119214000000003,0.0,0.0,0.0
77158,BOZEMAN GALLATIN FLD,MT,45.7881,-111.1608,1349.3,20170507,44.96,62.96,,6.487126,260.0,40.041226,0.0,0.0,0.22047256
77159,BOZEMAN GALLATIN FLD,MT,45.7881,-111.1608,1349.3,20170627,51.98,75.92,,5.816044000000001,260.0,33.106712,0.0,0.0,0.11023628
77160,BOZEMAN GALLATIN FLD,MT,45.7881,-111.1608,1349.3,20170630,42.98,78.08,,4.921268,260.0,14.987498,0.0,0.0,0.0
77161,BOZEMAN GALLATIN FLD,MT,45.7881,-111.1608,1349.3,20170702,55.94,87.98,,7.605596,260.0,33.106712,0.0,0.0,0.01968505
77162,BOZEMAN GALLATIN FLD,MT,45.7881,-111.1608,1349.3,20170710,53.96,86.0,,8.276678,260.0,29.08022,0.0,0.0,0.07086618
77163,BOZEMAN GALLATIN FLD,MT,45.7881,-111.1608,1349.3,20170730,51.08,96.08,,4.6975739999999995,260.0,18.119214000000003,0.0,0.0,0.0
77164,BOZEMAN GALLATIN FLD,MT,45.7881,-111.1608,1349.3,20170823,46.94,91.94,,5.1449620000000005,260.0,14.987498,0.0,0.0,0.0
77190,BUTTE BERT MOONEY AP,MT,45.9647,-112.5006,1678.2,20170108,6.26,33.98,16.16,2.23694,260.0,10.961006,,,0.05118113
77191,BUTTE BERT MOONEY AP,MT,45.9647,-112.5006,1678.2,20170130,16.16,44.06,33.26,4.921268,260.0,23.935257999999997,,,0.0
77192,BUTTE BERT MOONEY AP,MT,45.9647,-112.5006,1678.2,20170206,13.1,44.06,38.3,9.395147999999999,260.0,35.119958000000004,,,0.01968505
77193,BUTTE BERT MOONEY AP,MT,45.9647,-112.5006,1678.2,20170216,30.2,48.02,38.48,10.737312,260.0,38.922756,,,0.12992133
77194,BUTTE BERT MOONEY AP,MT,45.9647,-112.5006,1678.2,20170219,28.22,42.98,39.38,7.158208,260.0,23.935257999999997,,,0.0
77195,BUTTE BERT MOONEY AP,MT,45.9647,-112.5006,1678.2,20170302,19.22,42.08,31.46,8.052984,260.0,23.040482,,,0.0
77196,BUTTE BERT MOONEY AP,MT,45.9647,-112.5006,1678.2,20170306,19.22,28.22,24.08,6.487126,260.0,23.935257999999997,,,0.0
77197,BUTTE BERT MOONEY AP,MT,45.9647,-112.5006,1678.2,20170307,17.24,33.98,24.26,8.052984,260.0,27.96175,,,0.0
77198,BUTTE BERT MOONEY AP,MT,45.9647,-112.5006,1678.2,20170312,29.12,44.96,39.02,8.052984,260.0,25.948504,,,0.0
77199,BUTTE BERT MOONEY AP,MT,45.9647,-112.5006,1678.2,20170318,31.1,66.02,47.12,6.71082,260.0,42.054472,0.0,0.0,0.01181103
77200,BUTTE BERT MOONEY AP,MT,45.9647,-112.5006,1678.2,20170516,28.22,53.06,40.1,5.368656,260.0,27.96175,,,0.5511814
77201,BUTTE BERT MOONEY AP,MT,45.9647,-112.5006,1678.2,20170524,39.92,62.06,60.08,15.658579999999999,260.0,42.949248,,,0.0
77202,BUTTE BERT MOONEY AP,MT,45.9647,-112.5006,1678.2,20170629,39.92,68.0,56.12,6.71082,260.0,25.053728,,,0.0
77203,BUTTE BERT MOONEY AP,MT,45.9647,-112.5006,1678.2,20170705,46.94,93.02,70.88,6.71082,260.0,35.119958000000004,,,0.01181103
77204,BUTTE BERT MOONEY AP,MT,45.9647,-112.5006,1678.2,20170823,42.08,86.0,66.02,4.026492,260.0,18.119214000000003,,,0.0
77205,BUTTE BERT MOONEY AP,MT,45.9647,-112.5006,1678.2,20170903,44.96,91.94,66.92,3.35541,260.0,18.119214000000003,,,0.0
77206,BUTTE BERT MOONEY AP,MT,45.9647,-112.5006,1678.2,20170909,46.04,82.94,66.2,5.368656,260.0,35.119958000000004,,,0.09842525
77207,CUT BANK MUNI AP,MT,48.6033,-112.3753,1169.8,20170105,-6.88,20.12,7.34,12.750558,260.0,29.974996,,1.968505,0.0
77208,CUT BANK MUNI AP,MT,48.6033,-112.3753,1169.8,20170112,-8.86,19.22,-2.38,11.408394,260.0,40.936002,,5.118113,0.0
77209,CUT BANK MUNI AP,MT,48.6033,-112.3753,1169.8,20170113,18.14,28.22,19.76,24.382645999999998,260.0,50.107456,,3.149608,0.0
77210,CUT BANK MUNI AP,MT,48.6033,-112.3753,1169.8,20170114,20.12,33.98,25.52,19.908766,260.0,36.014734000000004,,3.149608,0.0
77211,CUT BANK MUNI AP,MT,48.6033,-112.3753,1169.8,20170115,21.2,37.04,31.1,23.264176000000003,260.0,40.041226,,3.149608,0.0
77212,CUT BANK MUNI AP,MT,48.6033,-112.3753,1169.8,20170116,20.12,39.02,27.86,19.461378,260.0,40.936002,,3.149608,0.0
77213,CUT BANK MUNI AP,MT,48.6033,-112.3753,1169.8,20170120,18.14,39.92,33.98,9.171453999999999,260.0,21.922012,,0.0,0.0
77214,CUT BANK MUNI AP,MT,48.6033,-112.3753,1169.8,20170126,2.12,33.08,17.24,14.54011,260.0,36.014734000000004,,1.968505,0.0
77215,CUT BANK MUNI AP,MT,48.6033,-112.3753,1169.8,20170128,30.2,44.06,35.06,28.856526000000002,260.0,50.107456,,1.181103,0.0
77216,CUT BANK MUNI AP,MT,48.6033,-112.3753,1169.8,20170130,22.1,42.98,38.12,18.566602,260.0,40.041226,,0.0,0.0
77217,CUT BANK MUNI AP,MT,48.6033,-112.3753,1169.8,20170211,26.24,33.08,29.84,22.3694,260.0,42.949248,,1.181103,0.0
77218,CUT BANK MUNI AP,MT,48.6033,-112.3753,1169.8,20170228,2.12,20.12,13.46,9.395147999999999,260.0,33.106712,,3.149608,0.0
77219,CUT BANK MUNI AP,MT,48.6033,-112.3753,1169.8,20170317,25.16,48.02,35.24,10.513618,260.0,23.040482,,0.0,0.0
77220,CUT BANK MUNI AP,MT,48.6033,-112.3753,1169.8,20170322,31.1,57.02,42.62,19.685072,260.0,46.080964,,0.0,0.0
77221,CUT BANK MUNI AP,MT,48.6033,-112.3753,1169.8,20170327,32.0,55.04,43.52,9.171453999999999,260.0,31.093465999999996,,0.0,0.0
77222,CUT BANK MUNI AP,MT,48.6033,-112.3753,1169.8,20170405,27.14,60.08,42.98,15.211192,260.0,36.90951,,0.0,0.0
77223,CUT BANK MUNI AP,MT,48.6033,-112.3753,1169.8,20170407,35.06,60.08,47.48,19.01399,260.0,67.1082,,0.0,0.0
77224,CUT BANK MUNI AP,MT,48.6033,-112.3753,1169.8,20170411,27.14,51.98,38.84,11.408394,260.0,31.093465999999996,0.0,0.0,0.0
77225,CUT BANK MUNI AP,MT,48.6033,-112.3753,1169.8,20170418,39.02,60.98,48.02,18.790295999999998,260.0,36.014734000000004,,0.0,0.0
77226,CUT BANK MUNI AP,MT,48.6033,-112.3753,1169.8,20170504,48.02,77.0,60.44,13.42164,260.0,29.08022,,0.0,0.0
77227,CUT BANK MUNI AP,MT,48.6033,-112.3753,1169.8,20170515,30.2,59.0,45.14,11.855782000000001,260.0,29.974996,,0.0,0.0
77228,CUT BANK MUNI AP,MT,48.6033,-112.3753,1169.8,20170615,41.0,66.02,55.76,15.434885999999999,260.0,35.119958000000004,0.0,0.0,0.0
77229,CUT BANK MUNI AP,MT,48.6033,-112.3753,1169.8,20170621,42.08,75.02,62.96,13.42164,260.0,44.067718,0.0,0.0,0.0
77230,CUT BANK MUNI AP,MT,48.6033,-112.3753,1169.8,20170627,55.94,78.98,69.08,13.197946,260.0,40.936002,,0.0,0.0
77231,CUT BANK MUNI AP,MT,48.6033,-112.3753,1169.8,20170708,59.0,96.98,80.6,10.961006,260.0,33.106712,,0.0,0.0
77232,CUT BANK MUNI AP,MT,48.6033,-112.3753,1169.8,20170715,55.04,91.94,75.92,9.395147999999999,260.0,35.119958000000004,,0.0,0.0
77233,CUT BANK MUNI AP,MT,48.6033,-112.3753,1169.8,20170717,39.92,78.98,61.34,6.934514,260.0,25.053728,,0.0,0.0
77234,CUT BANK MUNI AP,MT,48.6033,-112.3753,1169.8,20170723,53.96,93.92,75.02,11.1847,260.0,35.119958000000004,,0.0,0.0
77235,CUT BANK MUNI AP,MT,48.6033,-112.3753,1169.8,20170728,57.92,91.04,74.84,10.513618,260.0,27.96175,,0.0,0.0
77236,CUT BANK MUNI AP,MT,48.6033,-112.3753,1169.8,20170730,51.08,95.0,75.74,10.513618,260.0,35.119958000000004,,0.0,0.0
77237,CUT BANK MUNI AP,MT,48.6033,-112.3753,1169.8,20170817,55.04,84.02,68.0,12.079476,260.0,27.066974,,0.0,0.0
77238,CUT BANK MUNI AP,MT,48.6033,-112.3753,1169.8,20170820,39.02,77.0,60.8,7.605596,260.0,31.093465999999996,,0.0,0.0
77239,CUT BANK MUNI AP,MT,48.6033,-112.3753,1169.8,20170823,48.02,91.04,71.96,8.276678,260.0,29.08022,,0.0,0.0
77240,CUT BANK MUNI AP,MT,48.6033,-112.3753,1169.8,20170824,60.98,78.98,73.76,14.54011,260.0,42.949248,,0.0,0.0
77241,CUT BANK MUNI AP,MT,48.6033,-112.3753,1169.8,20170831,59.0,86.0,75.92,14.987498,260.0,42.949248,,0.0,0.0
77242,CUT BANK MUNI AP,MT,48.6033,-112.3753,1169.8,20170908,42.98,87.08,65.48,5.816044000000001,260.0,19.908766,,0.0,0.0
77243,DILLON AP,MT,45.2575,-112.5545,1585.0,20170225,14.18,28.22,21.56,18.342907999999998,260.0,38.922756,,0.0,0.0
77244,DILLON AP,MT,45.2575,-112.5545,1585.0,20170306,21.2,33.08,28.58,14.316416,260.0,33.106712,,0.0,0.0
77245,DILLON AP,MT,45.2575,-112.5545,1585.0,20170311,28.22,53.96,41.36,10.961006,260.0,33.106712,,0.0,0.0
77246,DILLON AP,MT,45.2575,-112.5545,1585.0,20170403,22.1,37.04,31.64,6.71082,260.0,21.922012,,0.0,0.01968505
77247,DILLON AP,MT,45.2575,-112.5545,1585.0,20170404,22.1,48.02,31.64,6.71082,260.0,23.935257999999997,,0.0,0.0
77248,DILLON AP,MT,45.2575,-112.5545,1585.0,20170425,33.98,53.06,40.64,7.158208,260.0,25.053728,,0.0,0.27165369
77249,DILLON AP,MT,45.2575,-112.5545,1585.0,20170523,39.02,78.08,57.56,8.724066,260.0,23.040482,,0.0,0.0
77250,DILLON AP,MT,45.2575,-112.5545,1585.0,20170613,39.92,57.02,46.04,8.500372,260.0,25.053728,,0.0,0.42913409
77251,DILLON AP,MT,45.2575,-112.5545,1585.0,20170615,46.04,66.02,56.48,8.276678,260.0,25.948504,,0.0,0.0
77252,DILLON AP,MT,45.2575,-112.5545,1585.0,20170616,51.98,64.94,58.82,10.961006,260.0,29.974996,,0.0,0.0
77253,DILLON AP,MT,45.2575,-112.5545,1585.0,20170618,50.0,68.0,58.64,11.1847,260.0,27.96175,,0.0,0.0
77254,DILLON AP,MT,45.2575,-112.5545,1585.0,20170620,55.94,84.92,70.52,11.1847,260.0,31.093465999999996,,0.0,0.0
77255,DILLON AP,MT,45.2575,-112.5545,1585.0,20170707,55.04,93.92,76.28,6.487126,260.0,27.96175,,0.0,0.0
77256,DILLON AP,MT,45.2575,-112.5545,1585.0,20170727,53.96,84.02,65.84,10.513618,260.0,35.119958000000004,,0.0,0.42126007
77257,DILLON AP,MT,45.2575,-112.5545,1585.0,20170824,55.04,82.04,68.18,8.052984,260.0,31.988242,,0.0,0.01968505
77258,DILLON AP,MT,45.2575,-112.5545,1585.0,20170831,53.06,86.0,70.34,8.724066,260.0,23.040482,,0.0,0.0
77259,DILLON AP,MT,45.2575,-112.5545,1585.0,20170902,48.92,89.96,68.54,11.408394,260.0,25.053728,,0.0,0.0
77265,GREAT FALLS INTL AP,MT,47.4733,-111.3822,1116.8,20170104,-11.74,11.12,-3.28,10.961006,260.0,19.908766,0.0,3.93701,0.0
77266,GREAT FALLS INTL AP,MT,47.4733,-111.3822,1116.8,20170128,29.12,48.02,36.32,17.89552,260.0,36.90951,0.0,1.181103,0.0
77267,GREAT FALLS INTL AP,MT,47.4733,-111.3822,1116.8,20170225,15.26,35.06,24.08,17.000744,260.0,36.90951,0.0,0.0,0.0
77268,GREAT FALLS INTL AP,MT,47.4733,-111.3822,1116.8,20170306,15.26,39.02,23.36,14.763804,260.0,38.02798,0.0,0.0,0.0
77269,GREAT FALLS INTL AP,MT,47.4733,-111.3822,1116.8,20170308,13.1,46.04,28.22,12.526864,260.0,46.080964,0.3149608,0.0,0.03149608
77270,GREAT FALLS INTL AP,MT,47.4733,-111.3822,1116.8,20170315,48.92,66.02,56.12,19.908766,260.0,40.041226,0.0,0.0,0.0
77271,GREAT FALLS INTL AP,MT,47.4733,-111.3822,1116.8,20170409,27.14,37.04,35.6,8.94776,260.0,23.040482,4.4094512,0.0,1.07874074
77272,GREAT FALLS INTL AP,MT,47.4733,-111.3822,1116.8,20170410,24.26,50.0,34.52,14.092722,260.0,29.974996,0.0,3.93701,0.0
77273,GREAT FALLS INTL AP,MT,47.4733,-111.3822,1116.8,20170417,35.96,55.94,42.8,8.052984,260.0,27.96175,0.0,0.0,0.0393701
77274,GREAT FALLS INTL AP,MT,47.4733,-111.3822,1116.8,20170501,39.02,55.94,46.04,8.500372,260.0,29.08022,0.0,0.0,0.05118113
77275,GREAT FALLS INTL AP,MT,47.4733,-111.3822,1116.8,20170514,35.96,57.02,45.5,16.553356,260.0,38.922756,0.0,0.0,0.0
77276,GREAT FALLS INTL AP,MT,47.4733,-111.3822,1116.8,20170602,48.02,73.04,60.26,16.105968,260.0,38.02798,0.0,0.0,0.0
77277,GREAT FALLS INTL AP,MT,47.4733,-111.3822,1116.8,20170726,51.98,93.02,72.32,6.71082,260.0,17.000744,0.0,0.0,0.0
77278,GREAT FALLS INTL AP,MT,47.4733,-111.3822,1116.8,20170813,55.94,87.08,71.78,10.961006,260.0,51.002232,0.0,0.0,0.01181103
77279,GREAT FALLS INTL AP,MT,47.4733,-111.3822,1116.8,20170820,44.96,80.06,63.68,7.829289999999999,260.0,23.935257999999997,0.0,0.0,0.0
77280,GREAT FALLS INTL AP,MT,47.4733,-111.3822,1116.8,20170827,46.94,91.94,69.26,6.487126,260.0,19.01399,0.0,0.0,0.0
77281,GREAT FALLS INTL AP,MT,47.4733,-111.3822,1116.8,20170901,50.0,87.08,68.9,10.066230000000001,260.0,29.974996,0.0,0.0,0.0
77282,HELENA RGNL AP,MT,46.6056,-111.9636,1166.8,20170102,-3.82,8.24,4.1,7.829289999999999,260.0,14.092722,0.0,5.118113,0.01181103
77283,HELENA RGNL AP,MT,46.6056,-111.9636,1166.8,20170111,-5.8,5.18,2.12,3.35541,260.0,10.066230000000001,0.0,7.87402,0.0
77284,HELENA RGNL AP,MT,46.6056,-111.9636,1166.8,20170122,6.26,30.2,14.54,1.11847,260.0,8.052984,0.0,5.905515,0.01968505
77285,HELENA RGNL AP,MT,46.6056,-111.9636,1166.8,20170126,10.22,32.0,17.78,5.1449620000000005,260.0,23.935257999999997,0.0,5.905515,0.0
77286,HELENA RGNL AP,MT,46.6056,-111.9636,1166.8,20170212,14.18,37.94,27.68,4.026492,260.0,21.922012,0.0,3.93701,0.0
77287,HELENA RGNL AP,MT,46.6056,-111.9636,1166.8,20170221,32.0,55.04,41.0,7.605596,260.0,33.106712,0.0,0.0,0.0
77288,HELENA RGNL AP,MT,46.6056,-111.9636,1166.8,20170301,22.1,44.06,29.3,9.171453999999999,260.0,38.922756,0.0,1.181103,0.0
77289,HELENA RGNL AP,MT,46.6056,-111.9636,1166.8,20170306,26.24,39.02,31.28,10.289924000000001,260.0,35.119958000000004,0.0,0.0,0.0
77290,HELENA RGNL AP,MT,46.6056,-111.9636,1166.8,20170315,42.08,66.92,53.96,8.052984,260.0,25.053728,0.0,0.0,0.0
77291,HELENA RGNL AP,MT,46.6056,-111.9636,1166.8,20170326,33.08,57.02,44.96,5.816044000000001,260.0,21.922012,0.0,0.0,0.0
77292,HELENA RGNL AP,MT,46.6056,-111.9636,1166.8,20170410,24.26,55.04,36.86,5.816044000000001,260.0,42.054472,0.0,0.0,0.01968505
77293,HELENA RGNL AP,MT,46.6056,-111.9636,1166.8,20170413,35.96,62.96,48.56,9.171453999999999,260.0,40.041226,0.0,0.0,0.31102379
77294,HELENA RGNL AP,MT,46.6056,-111.9636,1166.8,20170415,35.06,50.0,42.8,14.092722,260.0,38.922756,0.0,0.0,0.0
77295,HELENA RGNL AP,MT,46.6056,-111.9636,1166.8,20170423,42.08,59.0,50.72,5.816044000000001,260.0,25.053728,0.0,0.0,0.01968505
77296,HELENA RGNL AP,MT,46.6056,-111.9636,1166.8,20170430,44.06,64.04,51.98,11.1847,260.0,42.054472,0.0,0.0,0.0
77297,HELENA RGNL AP,MT,46.6056,-111.9636,1166.8,20170513,37.94,50.0,46.58,9.618841999999999,260.0,29.974996,0.0,0.0,0.01181103
77298,HELENA RGNL AP,MT,46.6056,-111.9636,1166.8,20170614,51.08,71.06,56.48,13.645334,260.0,35.119958000000004,0.0,0.0,0.0
77299,HELENA RGNL AP,MT,46.6056,-111.9636,1166.8,20170616,53.96,73.04,63.68,10.961006,260.0,31.093465999999996,0.0,0.0,0.0
77300,HELENA RGNL AP,MT,46.6056,-111.9636,1166.8,20170722,55.04,91.04,74.48,7.829289999999999,260.0,25.053728,0.0,0.0,0.0
77301,HELENA RGNL AP,MT,46.6056,-111.9636,1166.8,20170724,62.06,96.98,80.96,9.395147999999999,260.0,29.974996,0.0,0.0,0.0
77302,HELENA RGNL AP,MT,46.6056,-111.9636,1166.8,20170813,57.92,87.08,72.32,6.71082,260.0,46.080964,0.0,0.0,0.0
77303,HELENA RGNL AP,MT,46.6056,-111.9636,1166.8,20170817,55.94,86.0,73.76,8.94776,260.0,25.948504,0.0,0.0,0.0
77304,HELENA RGNL AP,MT,46.6056,-111.9636,1166.8,20170818,51.08,91.04,72.86,7.829289999999999,260.0,29.974996,0.0,0.0,0.0
77310,LIVINGSTON MISSION FLD,MT,45.6983,-110.4408,1415.2,20170107,5.18,33.08,,7.605596,260.0,40.936002,,,0.0
77311,LIVINGSTON MISSION FLD,MT,45.6983,-110.4408,1415.2,20170113,6.26,27.14,,19.237683999999998,260.0,42.054472,,,0.0
77312,LIVINGSTON MISSION FLD,MT,45.6983,-110.4408,1415.2,20170115,9.14,32.0,,18.119214000000003,260.0,36.014734000000004,,,0.0
77313,LIVINGSTON MISSION FLD,MT,45.6983,-110.4408,1415.2,20170222,29.12,41.0,,15.211192,260.0,40.041226,,,0.01181103
77314,LIVINGSTON MISSION FLD,MT,45.6983,-110.4408,1415.2,20170307,25.16,39.92,,29.751302000000003,260.0,52.120702,,,0.0
77315,LIVINGSTON MISSION FLD,MT,45.6983,-110.4408,1415.2,20170414,33.08,48.92,,15.434885999999999,260.0,42.949248,,,0.07086618
77316,LIVINGSTON MISSION FLD,MT,45.6983,-110.4408,1415.2,20170513,33.98,51.98,,12.526864,260.0,36.014734000000004,,,0.0787402
77317,LIVINGSTON MISSION FLD,MT,45.6983,-110.4408,1415.2,20170525,32.0,57.02,,14.54011,260.0,34.001488,,,0.01181103
77318,LIVINGSTON MISSION FLD,MT,45.6983,-110.4408,1415.2,20170610,39.92,59.0,,7.381902,260.0,31.093465999999996,,,0.11023628
77319,LIVINGSTON MISSION FLD,MT,45.6983,-110.4408,1415.2,20170619,44.96,82.94,,9.842536,260.0,27.96175,,,0.0
77320,LIVINGSTON MISSION FLD,MT,45.6983,-110.4408,1415.2,20170713,51.08,96.98,,6.263432,260.0,23.935257999999997,,,0.0
77321,LIVINGSTON MISSION FLD,MT,45.6983,-110.4408,1415.2,20170721,55.94,89.96,,10.513618,260.0,31.988242,,,0.0
77322,LIVINGSTON MISSION FLD,MT,45.6983,-110.4408,1415.2,20170814,53.06,71.96,,6.487126,260.0,23.935257999999997,,,0.46063017
77323,LIVINGSTON MISSION FLD,MT,45.6983,-110.4408,1415.2,20170909,55.94,91.04,,12.974252,260.0,48.988986,,,0.01968505
77337,MISSOULA INTL AP,MT,46.9208,-114.0925,972.9,20170312,35.06,50.0,42.98,6.487126,260.0,21.922012,0.0,0.0,0.0
77338,MISSOULA INTL AP,MT,46.9208,-114.0925,972.9,20170324,26.24,55.94,37.94,4.921268,260.0,36.014734000000004,0.0,0.0,0.01181103
77339,MISSOULA INTL AP,MT,46.9208,-114.0925,972.9,20170524,46.94,69.08,64.22,17.224438,260.0,42.054472,0.0,0.0,0.0
77340,MISSOULA INTL AP,MT,46.9208,-114.0925,972.9,20170620,57.02,87.08,71.78,6.487126,260.0,34.001488,0.0,0.0,0.0393701
77341,MISSOULA INTL AP,MT,46.9208,-114.0925,972.9,20170704,48.92,91.94,69.98,4.921268,260.0,29.08022,0.0,0.0,0.0
77342,MISSOULA INTL AP,MT,46.9208,-114.0925,972.9,20170708,60.08,100.94,79.52,3.802798,260.0,27.96175,0.0,0.0,0.0
77343,MISSOULA INTL AP,MT,46.9208,-114.0925,972.9,20170721,51.08,86.0,69.98,6.934514,260.0,29.08022,0.0,0.0,0.0
77344,MISSOULA INTL AP,MT,46.9208,-114.0925,972.9,20170813,57.92,78.98,72.68,5.1449620000000005,260.0,25.053728,0.0,0.0,0.14173236
77345,MISSOULA INTL AP,MT,46.9208,-114.0925,972.9,20170818,48.02,91.04,68.18,4.921268,260.0,25.948504,0.0,0.0,0.0
79124,GLASGOW INTL AP,MT,48.2138,-106.6213,696.5,20170504,39.02,78.98,55.94,9.171453999999999,260.0,23.935257999999997,0.0,0.0,0.0
79125,GLASGOW INTL AP,MT,48.2138,-106.6213,696.5,20170609,62.06,82.94,76.46,12.974252,260.0,42.949248,0.0,0.0,0.0
79126,GLASGOW INTL AP,MT,48.2138,-106.6213,696.5,20170630,42.08,82.94,60.98,5.59235,260.0,25.948504,0.0,0.0,0.0
79127,GLASGOW INTL AP,MT,48.2138,-106.6213,696.5,20170710,68.0,102.02,84.38,10.737312,260.0,59.055216,0.0,0.0,0.0
79128,HAVRE CITY CO AP,MT,48.5428,-109.7633,787.9,20170114,-9.76,19.22,-0.58,6.934514,260.0,18.119214000000003,0.0,7.87402,0.0
79129,HAVRE CITY CO AP,MT,48.5428,-109.7633,787.9,20170129,33.98,44.96,38.84,17.448132,260.0,48.988986,0.0,0.0,0.0
79130,HAVRE CITY CO AP,MT,48.5428,-109.7633,787.9,20170304,27.14,55.94,40.28,7.605596,260.0,23.935257999999997,0.0,0.0,0.0
79131,HAVRE CITY CO AP,MT,48.5428,-109.7633,787.9,20170323,30.2,60.98,44.42,10.066230000000001,260.0,27.066974,0.0,0.0,0.0
79132,HAVRE CITY CO AP,MT,48.5428,-109.7633,787.9,20170328,33.08,57.92,46.22,14.092722,260.0,31.093465999999996,0.0,0.0,0.0
79133,HAVRE CITY CO AP,MT,48.5428,-109.7633,787.9,20170414,41.0,59.0,50.18,17.224438,260.0,38.02798,0.0,0.0,0.12992133
79134,HAVRE CITY CO AP,MT,48.5428,-109.7633,787.9,20170512,48.92,87.98,72.68,12.750558,260.0,46.080964,0.0,0.0,0.01968505
79135,HAVRE CITY CO AP,MT,48.5428,-109.7633,787.9,20170524,44.06,73.04,69.08,28.856526000000002,260.0,57.936746,0.0,0.0,0.0
79136,HAVRE CITY CO AP,MT,48.5428,-109.7633,787.9,20170525,39.92,62.06,51.62,19.908766,260.0,46.080964,0.0,0.0,0.0393701
79137,HAVRE CITY CO AP,MT,48.5428,-109.7633,787.9,20170610,44.96,73.04,60.98,15.882273999999999,260.0,40.936002,0.0,0.0,0.0
79138,HAVRE CITY CO AP,MT,48.5428,-109.7633,787.9,20170618,46.04,78.98,62.42,11.408394,260.0,31.988242,0.0,0.0,0.0
79139,HAVRE CITY CO AP,MT,48.5428,-109.7633,787.9,20170703,55.94,96.08,77.54,10.289924000000001,260.0,29.08022,0.0,0.0,0.0
79140,HAVRE CITY CO AP,MT,48.5428,-109.7633,787.9,20170717,44.06,84.02,68.36,7.605596,260.0,25.053728,0.0,0.0,0.0
79141,HAVRE CITY CO AP,MT,48.5428,-109.7633,787.9,20170727,64.04,96.08,79.88,8.94776,260.0,23.040482,0.0,0.0,0.0
79149,WOLF POINT INTL AP,MT,48.0944,-105.5744,605.3,20170121,8.24,29.12,,8.276678,260.0,19.908766,0.0,0.0,0.0
79150,WOLF POINT INTL AP,MT,48.0944,-105.5744,605.3,20170129,29.12,39.92,,9.842536,260.0,23.935257999999997,0.0,0.0,0.0
79151,WOLF POINT INTL AP,MT,48.0944,-105.5744,605.3,20170202,-13.9,13.1,,5.816044000000001,260.0,12.974252,0.0,0.0,0.0
79152,WOLF POINT INTL AP,MT,48.0944,-105.5744,605.3,20170213,19.22,39.92,,9.171453999999999,260.0,21.027236,0.0,0.0,0.0
79153,WOLF POINT INTL AP,MT,48.0944,-105.5744,605.3,20170215,13.1,44.96,,3.131716,260.0,14.092722,0.0,0.0,0.0
79154,WOLF POINT INTL AP,MT,48.0944,-105.5744,605.3,20170217,26.24,46.94,,8.052984,260.0,23.040482,0.0,0.0,0.0
79155,WOLF POINT INTL AP,MT,48.0944,-105.5744,605.3,20170514,42.98,68.0,,10.289924000000001,260.0,34.001488,,,0.0
79156,WOLF POINT INTL AP,MT,48.0944,-105.5744,605.3,20170616,48.92,80.96,,10.289924000000001,260.0,38.02798,,0.0,0.0
79157,WOLF POINT INTL AP,MT,48.0944,-105.5744,605.3,20170710,68.0,102.92,,8.94776,260.0,55.9235,0.0,0.0,0.0
79215,JORDAN AP,MT,47.3258,-106.9475,811.4,20170105,-11.74,11.12,,6.934514,260.0,14.987498,0.0,0.0,0.0
79216,JORDAN AP,MT,47.3258,-106.9475,811.4,20170503,33.08,64.04,,6.263432,260.0,19.01399,0.0,0.0,0.0
79217,JORDAN AP,MT,47.3258,-106.9475,811.4,20170512,55.04,89.06,,14.763804,260.0,36.014734000000004,0.0,0.0,0.0
79218,JORDAN AP,MT,47.3258,-106.9475,811.4,20170827,46.94,91.94,,3.802798,260.0,21.027236,0.0,0.0,0.0
79230,BAKER MUNI AP,MT,46.3583,-104.25,905.6,20170121,16.16,29.12,,7.605596,260.0,18.119214000000003,,,0.0
79231,BAKER MUNI AP,MT,46.3583,-104.25,905.6,20170525,39.02,62.06,,17.000744,260.0,38.02798,,,0.01968505
79232,BAKER MUNI AP,MT,46.3583,-104.25,905.6,20170610,51.98,75.92,,13.42164,260.0,38.02798,,,0.20866153
79983,KALISPELL GLACIER AP,MT,48.3042,-114.2636,901.3,20170316,25.16,44.06,40.64,10.289924000000001,250.0,27.96175,0.0,1.968505,0.0
79984,KALISPELL GLACIER AP,MT,48.3042,-114.2636,901.3,20170401,21.2,53.06,39.56,4.6975739999999995,250.0,19.908766,0.0,0.0,0.0
79985,KALISPELL GLACIER AP,MT,48.3042,-114.2636,901.3,20170608,57.02,82.94,72.32,7.829289999999999,250.0,29.974996,0.0,0.0,0.0787402
83756,BILLINGS LOGAN INTL AP,MT,45.8069,-108.5422,1091.5,20170116,13.1,27.14,19.58,21.474624,250.0,36.90951,0.0,7.086618,0.0
83757,BILLINGS LOGAN INTL AP,MT,45.8069,-108.5422,1091.5,20170216,42.08,57.92,49.1,15.658579999999999,250.0,36.014734000000004,0.0,0.0,0.0
83758,BILLINGS LOGAN INTL AP,MT,45.8069,-108.5422,1091.5,20170302,26.24,46.94,32.36,6.71082,250.0,23.935257999999997,0.1181103,0.0,0.0
83759,BILLINGS LOGAN INTL AP,MT,45.8069,-108.5422,1091.5,20170325,42.98,53.96,52.34,7.829289999999999,250.0,19.01399,0.0,0.0,0.0
83760,BILLINGS LOGAN INTL AP,MT,45.8069,-108.5422,1091.5,20170503,37.04,66.02,49.46,10.513618,250.0,25.053728,0.0,0.0,0.0
83761,BILLINGS LOGAN INTL AP,MT,45.8069,-108.5422,1091.5,20170601,55.94,89.06,71.96,9.842536,250.0,46.080964,0.0,0.0,0.22047256
83762,BILLINGS LOGAN INTL AP,MT,45.8069,-108.5422,1091.5,20170708,62.96,100.04,80.96,10.513618,250.0,25.053728,0.0,0.0,0.0
83763,BILLINGS LOGAN INTL AP,MT,45.8069,-108.5422,1091.5,20170709,71.06,96.98,85.28,10.961006,250.0,50.107456,0.0,0.0,0.0
83764,BILLINGS LOGAN INTL AP,MT,45.8069,-108.5422,1091.5,20170815,60.08,80.06,68.36,6.71082,250.0,17.000744,0.0,0.0,0.0
83765,BILLINGS LOGAN INTL AP,MT,45.8069,-108.5422,1091.5,20170818,57.92,91.94,73.76,11.408394,250.0,23.935257999999997,0.0,0.0,0.0
83766,BILLINGS LOGAN INTL AP,MT,45.8069,-108.5422,1091.5,20170830,57.92,91.94,75.56,8.500372,250.0,23.040482,0.0,0.0,0.0
83767,BILLINGS LOGAN INTL AP,MT,45.8069,-108.5422,1091.5,20170831,66.02,91.94,79.88,11.408394,250.0,25.948504,0.0,0.0,0.0
83768,BILLINGS LOGAN INTL AP,MT,45.8069,-108.5422,1091.5,20170903,64.94,89.96,78.8,9.618841999999999,250.0,25.053728,0.0,0.0,0.0
83769,BILLINGS LOGAN INTL AP,MT,45.8069,-108.5422,1091.5,20170917,37.94,64.94,46.94,7.829289999999999,250.0,16.105968,0.0,0.0,0.0
83770,LEWISTOWN MUNI AP,MT,47.0492,-109.4578,1263.4,20170215,39.92,66.02,,17.671826,250.0,36.014734000000004,,0.0,0.0
83771,LEWISTOWN MUNI AP,MT,47.0492,-109.4578,1263.4,20170301,8.24,35.06,,15.211192,250.0,44.067718,,3.149608,0.25984266
83772,LEWISTOWN MUNI AP,MT,47.0492,-109.4578,1263.4,20170315,39.92,60.98,,10.066230000000001,250.0,23.935257999999997,0.0,0.0,0.0
83773,LEWISTOWN MUNI AP,MT,47.0492,-109.4578,1263.4,20170318,33.98,75.02,,14.316416,250.0,42.054472,,0.0,0.0
83774,LEWISTOWN MUNI AP,MT,47.0492,-109.4578,1263.4,20170414,35.06,51.98,,12.30317,250.0,31.988242,,0.0,0.12992133
83775,LEWISTOWN MUNI AP,MT,47.0492,-109.4578,1263.4,20170415,26.24,48.92,,16.329662,250.0,42.054472,,0.0,0.03149608
83776,LEWISTOWN MUNI AP,MT,47.0492,-109.4578,1263.4,20170430,31.1,59.0,,11.1847,250.0,38.922756,,0.0,0.03149608
83777,LEWISTOWN MUNI AP,MT,47.0492,-109.4578,1263.4,20170501,37.94,53.06,,12.750558,250.0,36.90951,,0.0,0.01181103
83778,LEWISTOWN MUNI AP,MT,47.0492,-109.4578,1263.4,20170824,55.04,87.98,,6.487126,250.0,48.09421,,0.0,0.01968505
83779,MILES CITY F WILEY FLD,MT,46.4267,-105.8825,799.8,20170120,16.16,37.04,,6.263432,250.0,18.119214000000003,,,0.0
83780,MILES CITY F WILEY FLD,MT,46.4267,-105.8825,799.8,20170126,5.18,28.22,,8.052984,250.0,19.908766,,,0.0
83781,MILES CITY F WILEY FLD,MT,46.4267,-105.8825,799.8,20170210,32.0,46.04,,7.381902,250.0,21.027236,,,0.0
83782,MILES CITY F WILEY FLD,MT,46.4267,-105.8825,799.8,20170429,32.0,60.98,,5.816044000000001,250.0,21.027236,,,0.0
83952,BOZEMAN GALLATIN FLD,MT,45.7881,-111.1608,1349.3,20170207,5.18,20.12,,4.250186,250.0,14.092722,2.9921276000000003,7.9921303,0.09055123
83953,BOZEMAN GALLATIN FLD,MT,45.7881,-111.1608,1349.3,20170222,25.16,39.02,,5.816044000000001,250.0,23.935257999999997,0.0,0.0,0.0
83954,BOZEMAN GALLATIN FLD,MT,45.7881,-111.1608,1349.3,20170225,13.1,29.12,,8.052984,250.0,27.066974,1.4960638000000002,2.0078751,0.01968505
83955,BOZEMAN GALLATIN FLD,MT,45.7881,-111.1608,1349.3,20170301,15.26,41.0,,11.632088000000001,250.0,34.001488,0.0,0.0,0.0
83956,BOZEMAN GALLATIN FLD,MT,45.7881,-111.1608,1349.3,20170303,33.98,55.04,,9.171453999999999,250.0,31.093465999999996,0.0,0.0,0.0
83957,BOZEMAN GALLATIN FLD,MT,45.7881,-111.1608,1349.3,20170311,26.24,55.04,,5.816044000000001,250.0,29.974996,0.0,0.0,0.0
83958,BOZEMAN GALLATIN FLD,MT,45.7881,-111.1608,1349.3,20170313,32.0,62.06,,6.487126,250.0,25.053728,0.0,0.0,0.0
83959,BOZEMAN GALLATIN FLD,MT,45.7881,-111.1608,1349.3,20170326,29.12,57.02,,5.816044000000001,250.0,27.96175,0.0,0.0,0.0
83960,BOZEMAN GALLATIN FLD,MT,45.7881,-111.1608,1349.3,20170329,28.22,57.02,,5.368656,250.0,35.119958000000004,0.0,0.0,0.01968505
83979,BUTTE BERT MOONEY AP,MT,45.9647,-112.5006,1678.2,20170109,17.24,41.0,32.18,8.724066,250.0,36.90951,,,0.01181103
83980,BUTTE BERT MOONEY AP,MT,45.9647,-112.5006,1678.2,20170305,21.2,41.0,32.18,9.618841999999999,250.0,42.949248,,,0.01181103
83981,BUTTE BERT MOONEY AP,MT,45.9647,-112.5006,1678.2,20170308,31.1,41.0,33.98,5.816044000000001,250.0,40.041226,,,0.27952771
83982,BUTTE BERT MOONEY AP,MT,45.9647,-112.5006,1678.2,20170314,33.98,60.08,46.94,4.6975739999999995,250.0,25.053728,,,0.0
83983,BUTTE BERT MOONEY AP,MT,45.9647,-112.5006,1678.2,20170315,29.12,62.06,44.78,5.816044000000001,250.0,19.908766,,,0.0
83984,BUTTE BERT MOONEY AP,MT,45.9647,-112.5006,1678.2,20170329,31.1,53.96,39.74,4.47388,250.0,25.053728,,,0.0
83985,BUTTE BERT MOONEY AP,MT,45.9647,-112.5006,1678.2,20170417,33.98,51.98,44.96,8.500372,250.0,31.988242,,,0.0787402
83986,BUTTE BERT MOONEY AP,MT,45.9647,-112.5006,1678.2,20170429,29.12,55.04,41.18,4.921268,250.0,21.027236,,,0.0
83987,BUTTE BERT MOONEY AP,MT,45.9647,-112.5006,1678.2,20170627,50.0,73.04,64.58,7.158208,250.0,29.08022,,,0.07086618
83988,BUTTE BERT MOONEY AP,MT,45.9647,-112.5006,1678.2,20170706,51.98,91.94,73.04,5.816044000000001,250.0,38.02798,,,0.0
83989,BUTTE BERT MOONEY AP,MT,45.9647,-112.5006,1678.2,20170716,46.94,86.0,64.76,7.381902,250.0,29.974996,,,0.0
83990,BUTTE BERT MOONEY AP,MT,45.9647,-112.5006,1678.2,20170724,50.0,87.08,71.42,6.263432,250.0,29.974996,,,0.0
83991,BUTTE BERT MOONEY AP,MT,45.9647,-112.5006,1678.2,20170912,39.02,84.92,61.34,2.684328,250.0,21.027236,,,0.0
83992,CUT BANK MUNI AP,MT,48.6033,-112.3753,1169.8,20170117,35.96,46.94,39.74,26.395892,250.0,55.028724,,3.149608,0.0
83993,CUT BANK MUNI AP,MT,48.6033,-112.3753,1169.8,20170127,24.26,37.04,28.04,26.84328,250.0,48.988986,,1.968505,0.0
83994,CUT BANK MUNI AP,MT,48.6033,-112.3753,1169.8,20170129,37.04,51.08,42.08,25.72481,250.0,51.002232,,1.181103,0.0
83995,CUT BANK MUNI AP,MT,48.6033,-112.3753,1169.8,20170209,-3.82,41.0,8.78,16.329662,250.0,44.962494,,7.086618,0.0
83996,CUT BANK MUNI AP,MT,48.6033,-112.3753,1169.8,20170212,27.14,37.94,30.56,26.84328,250.0,50.107456,,1.181103,0.0
83997,CUT BANK MUNI AP,MT,48.6033,-112.3753,1169.8,20170213,30.2,42.98,35.24,12.526864,250.0,36.90951,,0.0,0.0
83998,CUT BANK MUNI AP,MT,48.6033,-112.3753,1169.8,20170214,25.16,50.0,34.88,8.94776,250.0,36.014734000000004,,0.0,0.0
83999,CUT BANK MUNI AP,MT,48.6033,-112.3753,1169.8,20170215,41.0,53.96,45.68,16.77705,250.0,46.97574,,0.0,0.0
84000,CUT BANK MUNI AP,MT,48.6033,-112.3753,1169.8,20170217,26.24,46.04,40.46,17.224438,250.0,44.067718,,0.0,0.0
84001,CUT BANK MUNI AP,MT,48.6033,-112.3753,1169.8,20170219,27.14,46.94,36.14,12.526864,250.0,36.90951,,0.0,0.0
84002,CUT BANK MUNI AP,MT,48.6033,-112.3753,1169.8,20170221,29.12,37.94,34.52,5.816044000000001,250.0,36.014734000000004,,0.0,0.14960638
84003,CUT BANK MUNI AP,MT,48.6033,-112.3753,1169.8,20170301,17.24,33.08,20.84,21.25093,250.0,53.910254,,1.181103,0.05905515
84004,CUT BANK MUNI AP,MT,48.6033,-112.3753,1169.8,20170302,17.24,35.96,22.46,10.513618,250.0,36.014734000000004,,1.968505,0.0
84005,CUT BANK MUNI AP,MT,48.6033,-112.3753,1169.8,20170303,31.1,44.96,36.32,18.566602,250.0,52.120702,,1.181103,0.0
84006,CUT BANK MUNI AP,MT,48.6033,-112.3753,1169.8,20170306,4.1,32.0,18.14,16.329662,250.0,42.054472,,1.968505,0.0
84007,CUT BANK MUNI AP,MT,48.6033,-112.3753,1169.8,20170313,6.26,42.98,19.58,12.750558,250.0,31.093465999999996,,3.149608,0.0
84008,CUT BANK MUNI AP,MT,48.6033,-112.3753,1169.8,20170316,30.2,48.02,44.42,21.922012,250.0,42.949248,,0.0,0.0
84009,CUT BANK MUNI AP,MT,48.6033,-112.3753,1169.8,20170323,29.12,51.98,43.16,18.566602,250.0,42.054472,,0.0,0.0
84010,CUT BANK MUNI AP,MT,48.6033,-112.3753,1169.8,20170325,28.22,51.08,42.62,19.237683999999998,250.0,42.054472,,0.0,0.0
84011,CUT BANK MUNI AP,MT,48.6033,-112.3753,1169.8,20170328,32.0,51.08,41.0,22.3694,250.0,42.949248,,0.0,0.0
84012,CUT BANK MUNI AP,MT,48.6033,-112.3753,1169.8,20170329,35.06,55.04,42.44,15.434885999999999,250.0,36.90951,,0.0,0.0
84013,CUT BANK MUNI AP,MT,48.6033,-112.3753,1169.8,20170401,33.08,59.0,45.32,16.105968,250.0,40.936002,,0.0,0.0
84014,CUT BANK MUNI AP,MT,48.6033,-112.3753,1169.8,20170402,28.22,51.08,42.26,15.434885999999999,250.0,46.97574,,0.0,0.0
84015,CUT BANK MUNI AP,MT,48.6033,-112.3753,1169.8,20170415,26.24,48.02,39.74,25.501116,250.0,51.002232,,0.0,0.0
84016,CUT BANK MUNI AP,MT,48.6033,-112.3753,1169.8,20170417,28.22,53.06,35.24,10.513618,250.0,34.001488,,0.0,0.16929143
84017,CUT BANK MUNI AP,MT,48.6033,-112.3753,1169.8,20170429,31.1,55.94,43.52,11.408394,250.0,31.988242,,0.0,0.0
84018,CUT BANK MUNI AP,MT,48.6033,-112.3753,1169.8,20170430,35.96,57.92,47.3,20.579848000000002,250.0,42.949248,,0.0,0.01968505
84019,CUT BANK MUNI AP,MT,48.6033,-112.3753,1169.8,20170503,32.0,66.92,48.02,16.77705,250.0,42.949248,,0.0,0.0
84020,CUT BANK MUNI AP,MT,48.6033,-112.3753,1169.8,20170508,31.1,62.96,44.6,10.961006,250.0,25.053728,,0.0,0.0
84021,CUT BANK MUNI AP,MT,48.6033,-112.3753,1169.8,20170513,33.98,55.04,46.22,17.224438,250.0,33.106712,0.0,0.0,0.0
84022,CUT BANK MUNI AP,MT,48.6033,-112.3753,1169.8,20170514,31.1,53.96,44.24,20.579848000000002,250.0,42.054472,0.0,0.0,0.0
84023,CUT BANK MUNI AP,MT,48.6033,-112.3753,1169.8,20170524,41.0,62.96,60.26,31.988242,250.0,59.949992,,0.0,0.11023628
84024,CUT BANK MUNI AP,MT,48.6033,-112.3753,1169.8,20170531,48.02,84.92,65.66,11.1847,250.0,53.015478,,0.0,0.0
84025,CUT BANK MUNI AP,MT,48.6033,-112.3753,1169.8,20170602,46.04,71.96,60.62,21.474624,250.0,42.949248,,0.0,0.0
84026,CUT BANK MUNI AP,MT,48.6033,-112.3753,1169.8,20170603,37.04,80.96,60.8,8.276678,250.0,33.106712,,0.0,0.0
84027,CUT BANK MUNI AP,MT,48.6033,-112.3753,1169.8,20170608,51.98,86.0,69.08,10.961006,250.0,44.962494,,0.0,0.20866153
84028,CUT BANK MUNI AP,MT,48.6033,-112.3753,1169.8,20170609,46.94,66.02,58.64,20.132460000000002,250.0,48.988986,,0.0,0.0
84029,CUT BANK MUNI AP,MT,48.6033,-112.3753,1169.8,20170610,42.98,62.96,53.78,18.119214000000003,250.0,35.119958000000004,,0.0,0.0
84030,CUT BANK MUNI AP,MT,48.6033,-112.3753,1169.8,20170611,42.98,68.0,54.32,10.513618,250.0,29.08022,,0.0,0.0
84031,CUT BANK MUNI AP,MT,48.6033,-112.3753,1169.8,20170616,51.08,68.0,58.46,17.448132,250.0,38.02798,0.0,0.0,0.0
84032,CUT BANK MUNI AP,MT,48.6033,-112.3753,1169.8,20170617,46.94,66.02,56.12,14.987498,250.0,35.119958000000004,0.0,0.0,0.0393701
84033,CUT BANK MUNI AP,MT,48.6033,-112.3753,1169.8,20170701,50.0,87.98,70.16,6.71082,250.0,27.96175,,0.0,0.0
84034,CUT BANK MUNI AP,MT,48.6033,-112.3753,1169.8,20170703,53.96,87.08,75.02,15.211192,250.0,34.001488,,0.0,0.0
84035,CUT BANK MUNI AP,MT,48.6033,-112.3753,1169.8,20170713,50.0,96.98,74.84,11.408394,250.0,38.922756,,0.0,0.0
84036,CUT BANK MUNI AP,MT,48.6033,-112.3753,1169.8,20170716,44.96,84.02,75.74,21.474624,250.0,46.97574,,0.0,0.0
84037,CUT BANK MUNI AP,MT,48.6033,-112.3753,1169.8,20170721,50.0,82.04,69.98,14.316416,250.0,31.093465999999996,,0.0,0.0
84038,CUT BANK MUNI AP,MT,48.6033,-112.3753,1169.8,20170729,51.08,93.92,73.94,7.605596,250.0,29.08022,,0.0,0.0
84039,CUT BANK MUNI AP,MT,48.6033,-112.3753,1169.8,20170813,53.06,82.04,67.1,12.974252,250.0,42.054472,,0.0,0.0
84040,CUT BANK MUNI AP,MT,48.6033,-112.3753,1169.8,20170818,53.06,87.98,70.88,13.42164,250.0,36.014734000000004,,0.0,0.0
84041,CUT BANK MUNI AP,MT,48.6033,-112.3753,1169.8,20170827,42.98,91.94,68.72,5.59235,250.0,18.119214000000003,,0.0,0.0
84042,CUT BANK MUNI AP,MT,48.6033,-112.3753,1169.8,20170902,57.92,91.04,73.94,12.974252,250.0,34.001488,,0.0,0.0
84043,CUT BANK MUNI AP,MT,48.6033,-112.3753,1169.8,20170910,53.96,78.08,,16.77705,250.0,36.014734000000004,,0.0,0.0
84044,DILLON AP,MT,45.2575,-112.5545,1585.0,20170211,21.2,35.06,31.64,14.763804,250.0,33.106712,,1.181103,0.0
84045,DILLON AP,MT,45.2575,-112.5545,1585.0,20170307,15.26,37.94,26.24,14.092722,250.0,33.106712,,0.0,0.0
84046,DILLON AP,MT,45.2575,-112.5545,1585.0,20170312,33.08,50.0,41.54,12.750558,250.0,33.106712,,0.0,0.0
84047,DILLON AP,MT,45.2575,-112.5545,1585.0,20170313,33.98,60.98,44.96,14.316416,250.0,35.119958000000004,,0.0,0.0
84048,DILLON AP,MT,45.2575,-112.5545,1585.0,20170328,27.14,51.98,37.94,7.381902,250.0,23.935257999999997,,0.0,0.0
84049,DILLON AP,MT,45.2575,-112.5545,1585.0,20170414,31.1,44.96,36.86,10.289924000000001,250.0,31.988242,,0.0,0.09055123
84050,DILLON AP,MT,45.2575,-112.5545,1585.0,20170415,25.16,46.04,33.98,12.526864,250.0,36.014734000000004,,0.0,0.0
84051,DILLON AP,MT,45.2575,-112.5545,1585.0,20170531,44.06,80.96,62.24,8.500372,250.0,44.962494,,0.0,0.0
84055,GREAT FALLS INTL AP,MT,47.4733,-111.3822,1116.8,20170119,33.98,42.98,40.82,13.42164,250.0,33.106712,0.0,1.181103,0.0
84056,GREAT FALLS INTL AP,MT,47.4733,-111.3822,1116.8,20170126,13.1,33.98,23.9,12.079476,250.0,23.935257999999997,0.0,1.181103,0.0
84057,GREAT FALLS INTL AP,MT,47.4733,-111.3822,1116.8,20170322,31.1,62.06,49.46,14.987498,250.0,40.041226,0.0,0.0,0.0
84058,GREAT FALLS INTL AP,MT,47.4733,-111.3822,1116.8,20170324,24.26,64.94,42.98,14.316416,250.0,38.02798,0.0,0.0,0.0
84059,GREAT FALLS INTL AP,MT,47.4733,-111.3822,1116.8,20170414,35.96,53.96,43.88,16.329662,250.0,38.02798,0.0,0.0,0.1181103
84060,GREAT FALLS INTL AP,MT,47.4733,-111.3822,1116.8,20170415,27.14,51.08,42.26,21.027236,250.0,46.97574,0.0,0.0,0.0
84061,GREAT FALLS INTL AP,MT,47.4733,-111.3822,1116.8,20170504,41.0,80.06,59.54,9.395147999999999,250.0,25.053728,0.0,0.0,0.0
84062,GREAT FALLS INTL AP,MT,47.4733,-111.3822,1116.8,20170524,42.08,66.92,64.76,27.514362,250.0,53.910254,0.0,0.0,0.0
84063,GREAT FALLS INTL AP,MT,47.4733,-111.3822,1116.8,20170608,57.02,91.04,74.12,10.513618,250.0,35.119958000000004,0.0,0.0,0.0
84064,GREAT FALLS INTL AP,MT,47.4733,-111.3822,1116.8,20170609,46.04,71.96,65.12,15.211192,250.0,38.922756,0.0,0.0,0.0
84065,GREAT FALLS INTL AP,MT,47.4733,-111.3822,1116.8,20170615,44.06,69.08,57.92,12.526864,250.0,35.119958000000004,0.0,0.0,0.0
84066,GREAT FALLS INTL AP,MT,47.4733,-111.3822,1116.8,20170620,53.96,87.08,68.9,8.500372,250.0,36.014734000000004,0.0,0.0,0.0
84067,GREAT FALLS INTL AP,MT,47.4733,-111.3822,1116.8,20170721,53.96,87.08,73.22,11.408394,250.0,33.106712,0.0,0.0,0.0
84068,GREAT FALLS INTL AP,MT,47.4733,-111.3822,1116.8,20170831,59.0,91.04,77.54,11.1847,250.0,35.119958000000004,0.0,0.0,0.0
84069,HELENA RGNL AP,MT,46.6056,-111.9636,1166.8,20170120,11.12,37.04,30.56,1.342164,250.0,10.066230000000001,0.0,5.905515,0.0
84070,HELENA RGNL AP,MT,46.6056,-111.9636,1166.8,20170202,-11.74,8.24,2.12,1.789552,250.0,8.94776,0.0,7.086618,0.0
84071,HELENA RGNL AP,MT,46.6056,-111.9636,1166.8,20170222,31.1,42.98,40.46,10.066230000000001,250.0,29.08022,0.0,0.0,0.0
84072,HELENA RGNL AP,MT,46.6056,-111.9636,1166.8,20170225,19.22,32.0,26.6,11.855782000000001,250.0,40.041226,0.0,0.0,0.0
84073,HELENA RGNL AP,MT,46.6056,-111.9636,1166.8,20170302,28.22,44.06,37.04,4.026492,250.0,14.987498,0.0,1.181103,0.0
84074,HELENA RGNL AP,MT,46.6056,-111.9636,1166.8,20170313,33.98,60.08,45.5,7.829289999999999,250.0,34.001488,0.0,0.0,0.0
84075,HELENA RGNL AP,MT,46.6056,-111.9636,1166.8,20170314,41.0,62.06,48.38,5.368656,250.0,21.922012,0.0,0.0,0.0
84076,HELENA RGNL AP,MT,46.6056,-111.9636,1166.8,20170316,33.08,55.04,51.98,13.42164,250.0,40.041226,0.0,0.0,0.0
84077,HELENA RGNL AP,MT,46.6056,-111.9636,1166.8,20170408,35.06,57.02,46.58,7.605596,250.0,36.014734000000004,0.0,0.0,0.18110246
84078,HELENA RGNL AP,MT,46.6056,-111.9636,1166.8,20170419,39.02,62.06,50.36,9.842536,250.0,29.974996,0.0,0.0,0.0
84079,HELENA RGNL AP,MT,46.6056,-111.9636,1166.8,20170421,39.02,48.92,44.42,11.855782000000001,250.0,29.08022,0.0,0.0,0.01181103
84080,HELENA RGNL AP,MT,46.6056,-111.9636,1166.8,20170427,35.96,51.08,45.14,12.750558,250.0,33.106712,0.0,0.0,0.0
84081,HELENA RGNL AP,MT,46.6056,-111.9636,1166.8,20170512,42.98,86.0,66.38,10.289924000000001,250.0,46.97574,0.0,0.0,0.01181103
84082,HELENA RGNL AP,MT,46.6056,-111.9636,1166.8,20170516,33.98,62.96,48.74,5.816044000000001,250.0,38.02798,0.0,0.0,0.09055123
84083,HELENA RGNL AP,MT,46.6056,-111.9636,1166.8,20170601,53.96,78.98,65.66,8.276678,250.0,40.936002,0.0,0.0,0.07086618
84084,HELENA RGNL AP,MT,46.6056,-111.9636,1166.8,20170605,48.92,73.04,62.06,8.724066,250.0,38.02798,0.0,0.0,0.05118113
84085,HELENA RGNL AP,MT,46.6056,-111.9636,1166.8,20170613,44.96,59.0,53.42,14.092722,250.0,40.041226,0.0,0.0,0.33858286
84086,HELENA RGNL AP,MT,46.6056,-111.9636,1166.8,20170621,57.92,82.04,74.48,14.763804,250.0,36.014734000000004,0.0,0.0,0.0
84087,HELENA RGNL AP,MT,46.6056,-111.9636,1166.8,20170715,62.06,98.06,83.3,6.71082,250.0,48.09421,0.0,0.0,0.0
84088,HELENA RGNL AP,MT,46.6056,-111.9636,1166.8,20170718,53.96,89.96,73.22,6.934514,250.0,23.935257999999997,0.0,0.0,0.0
84089,HELENA RGNL AP,MT,46.6056,-111.9636,1166.8,20170814,55.04,82.04,66.56,9.171453999999999,250.0,25.948504,0.0,0.0,0.0
84090,HELENA RGNL AP,MT,46.6056,-111.9636,1166.8,20170906,48.92,84.92,64.4,1.789552,250.0,12.079476,0.0,0.0,0.0
84091,HELENA RGNL AP,MT,46.6056,-111.9636,1166.8,20170908,50.0,84.92,67.28,2.013246,250.0,27.96175,0.0,0.0,0.0
84109,LIVINGSTON MISSION FLD,MT,45.6983,-110.4408,1415.2,20170105,-7.78,12.2,,17.000744,250.0,31.988242,,,0.0
84110,LIVINGSTON MISSION FLD,MT,45.6983,-110.4408,1415.2,20170108,12.2,37.94,,19.685072,250.0,51.002232,,,0.03149608
84111,LIVINGSTON MISSION FLD,MT,45.6983,-110.4408,1415.2,20170114,5.18,33.08,,19.01399,250.0,40.041226,,,0.0
84112,LIVINGSTON MISSION FLD,MT,45.6983,-110.4408,1415.2,20170125,18.14,30.2,,8.94776,250.0,25.053728,,,0.0
84113,LIVINGSTON MISSION FLD,MT,45.6983,-110.4408,1415.2,20170126,16.16,33.08,,15.211192,250.0,33.106712,,,0.0
84114,LIVINGSTON MISSION FLD,MT,45.6983,-110.4408,1415.2,20170212,20.12,48.02,,21.474624,250.0,48.09421,,,0.0
84115,LIVINGSTON MISSION FLD,MT,45.6983,-110.4408,1415.2,20170213,24.26,48.02,,12.974252,250.0,35.119958000000004,,,0.0
84116,LIVINGSTON MISSION FLD,MT,45.6983,-110.4408,1415.2,20170328,33.08,53.06,,12.30317,250.0,31.988242,,,0.0
84117,LIVINGSTON MISSION FLD,MT,45.6983,-110.4408,1415.2,20170413,30.2,75.02,,12.526864,250.0,44.962494,,,0.01968505
84118,LIVINGSTON MISSION FLD,MT,45.6983,-110.4408,1415.2,20170418,35.06,60.98,,9.618841999999999,250.0,33.106712,,,0.11023628
84119,LIVINGSTON MISSION FLD,MT,45.6983,-110.4408,1415.2,20170419,28.22,57.92,,12.526864,250.0,35.119958000000004,,,0.11023628
84120,LIVINGSTON MISSION FLD,MT,45.6983,-110.4408,1415.2,20170502,35.96,53.06,,11.408394,250.0,31.988242,,,0.0393701
84121,LIVINGSTON MISSION FLD,MT,45.6983,-110.4408,1415.2,20170503,27.14,68.0,,13.869028,250.0,31.988242,,,0.0
84122,LIVINGSTON MISSION FLD,MT,45.6983,-110.4408,1415.2,20170517,33.08,48.92,,13.869028,250.0,38.922756,,,2.4015761
84123,LIVINGSTON MISSION FLD,MT,45.6983,-110.4408,1415.2,20170527,37.04,69.98,,11.632088000000001,250.0,25.053728,,,0.0
84124,LIVINGSTON MISSION FLD,MT,45.6983,-110.4408,1415.2,20170613,42.98,55.04,,15.211192,250.0,36.90951,,,0.57086645
84125,LIVINGSTON MISSION FLD,MT,45.6983,-110.4408,1415.2,20170709,60.98,95.0,,10.289924000000001,250.0,42.054472,,,0.01968505
84126,LIVINGSTON MISSION FLD,MT,45.6983,-110.4408,1415.2,20170815,48.02,80.06,,8.94776,250.0,31.988242,,,0.0
84127,LIVINGSTON MISSION FLD,MT,45.6983,-110.4408,1415.2,20170828,46.94,95.0,,8.276678,250.0,23.935257999999997,,,0.0
84128,LIVINGSTON MISSION FLD,MT,45.6983,-110.4408,1415.2,20170831,59.0,91.94,,10.289924000000001,250.0,27.96175,,,0.0
84129,LIVINGSTON MISSION FLD,MT,45.6983,-110.4408,1415.2,20170903,57.92,98.06,,10.513618,250.0,27.066974,,,0.0
84130,LIVINGSTON MISSION FLD,MT,45.6983,-110.4408,1415.2,20170911,48.02,91.04,,9.618841999999999,250.0,27.066974,,,0.0
84142,MISSOULA INTL AP,MT,46.9208,-114.0925,972.9,20170204,16.16,30.2,19.04,1.789552,250.0,8.94776,3.3070884,16.141741,0.27952771
84143,MISSOULA INTL AP,MT,46.9208,-114.0925,972.9,20170301,24.26,37.94,28.04,3.802798,250.0,23.935257999999997,0.0,0.0,0.0
84144,MISSOULA INTL AP,MT,46.9208,-114.0925,972.9,20170311,27.14,51.08,37.94,3.579104,250.0,19.908766,0.0,0.0,0.01968505
84145,MISSOULA INTL AP,MT,46.9208,-114.0925,972.9,20170316,30.2,50.0,45.68,8.500372,250.0,31.093465999999996,0.0,0.0,0.07086618
84146,MISSOULA INTL AP,MT,46.9208,-114.0925,972.9,20170402,33.98,51.08,45.86,8.500372,250.0,35.119958000000004,0.0,0.0,0.0
84147,MISSOULA INTL AP,MT,46.9208,-114.0925,972.9,20170719,55.04,93.92,76.28,4.250186,250.0,19.01399,0.0,0.0,0.0
86100,GLASGOW INTL AP,MT,48.2138,-106.6213,696.5,20170824,60.08,96.08,76.82,13.869028,250.0,63.081708,0.0,0.0,0.01181103
86101,HAVRE CITY CO AP,MT,48.5428,-109.7633,787.9,20170113,-19.84,14.18,-8.5,6.71082,250.0,17.000744,0.0,7.87402,0.0
86102,HAVRE CITY CO AP,MT,48.5428,-109.7633,787.9,20170209,-3.82,48.02,2.3,5.816044000000001,250.0,46.97574,0.0,3.93701,0.0
86103,HAVRE CITY CO AP,MT,48.5428,-109.7633,787.9,20170303,30.2,50.0,38.12,9.618841999999999,250.0,29.974996,0.0,0.0,0.0
86104,HAVRE CITY CO AP,MT,48.5428,-109.7633,787.9,20170319,27.14,51.98,47.66,8.052984,250.0,19.01399,0.0,0.0,0.0
86105,HAVRE CITY CO AP,MT,48.5428,-109.7633,787.9,20170405,23.18,60.98,40.82,4.6975739999999995,250.0,17.000744,0.0,0.0,0.0
86106,HAVRE CITY CO AP,MT,48.5428,-109.7633,787.9,20170410,29.12,57.02,41.18,9.395147999999999,250.0,36.90951,0.0,0.0,0.0
86107,HAVRE CITY CO AP,MT,48.5428,-109.7633,787.9,20170430,37.04,64.04,48.38,12.30317,250.0,38.922756,0.0,0.0,0.0
86108,HAVRE CITY CO AP,MT,48.5428,-109.7633,787.9,20170513,42.08,64.94,55.76,16.105968,250.0,29.974996,0.0,0.0,0.0
86109,HAVRE CITY CO AP,MT,48.5428,-109.7633,787.9,20170601,55.94,89.06,74.84,7.381902,250.0,53.910254,0.0,0.0,0.01968505
86110,HAVRE CITY CO AP,MT,48.5428,-109.7633,787.9,20170602,51.98,78.98,65.84,18.119214000000003,250.0,40.041226,0.0,0.0,0.0
86111,HAVRE CITY CO AP,MT,48.5428,-109.7633,787.9,20170609,53.06,78.98,70.34,13.645334,250.0,36.90951,0.0,0.0,0.0
86112,HAVRE CITY CO AP,MT,48.5428,-109.7633,787.9,20170613,55.04,75.92,67.28,11.632088000000001,250.0,35.119958000000004,0.0,0.0,0.18110246
86113,HAVRE CITY CO AP,MT,48.5428,-109.7633,787.9,20170615,44.06,75.92,59.72,12.079476,250.0,29.08022,0.0,0.0,0.0
86114,HAVRE CITY CO AP,MT,48.5428,-109.7633,787.9,20170816,42.08,87.98,66.02,6.487126,250.0,31.093465999999996,0.0,0.0,0.0
86115,HAVRE CITY CO AP,MT,48.5428,-109.7633,787.9,20170902,46.94,95.0,70.16,10.066230000000001,250.0,29.974996,0.0,0.0,0.0
86120,WOLF POINT INTL AP,MT,48.0944,-105.5744,605.3,20170111,-23.8,3.2,,7.829289999999999,250.0,23.935257999999997,0.0,0.0,0.0
86121,WOLF POINT INTL AP,MT,48.0944,-105.5744,605.3,20170126,2.12,20.12,,9.618841999999999,250.0,19.908766,0.0,0.0,0.0
86122,WOLF POINT INTL AP,MT,48.0944,-105.5744,605.3,20170214,20.12,39.92,,4.921268,250.0,14.987498,0.0,0.0,0.0
86123,WOLF POINT INTL AP,MT,48.0944,-105.5744,605.3,20170418,27.14,64.94,,4.47388,250.0,16.105968,0.0,0.0,0.0
86124,WOLF POINT INTL AP,MT,48.0944,-105.5744,605.3,20170524,39.02,84.92,,10.513618,250.0,44.962494,,0.0,0.0
86125,WOLF POINT INTL AP,MT,48.0944,-105.5744,605.3,20170611,46.04,78.08,,11.1847,250.0,33.106712,0.0,0.0,0.0
86126,WOLF POINT INTL AP,MT,48.0944,-105.5744,605.3,20170626,46.04,89.96,,7.605596,250.0,25.948504,,0.0,0.0
86183,JORDAN AP,MT,47.3258,-106.9475,811.4,20170214,26.24,55.04,,6.263432,250.0,17.000744,0.0,0.0,0.0
86184,JORDAN AP,MT,47.3258,-106.9475,811.4,20170504,37.04,78.98,,6.487126,250.0,21.027236,0.0,0.0,0.0
86185,JORDAN AP,MT,47.3258,-106.9475,811.4,20170909,44.96,93.92,,3.131716,250.0,16.105968,0.0,0.0,0.0
86202,BAKER MUNI AP,MT,46.3583,-104.25,905.6,20170117,2.12,35.96,,16.329662,250.0,29.974996,,,0.0
86203,BAKER MUNI AP,MT,46.3583,-104.25,905.6,20170215,26.24,48.92,,8.724066,250.0,23.040482,,,0.0
86204,BAKER MUNI AP,MT,46.3583,-104.25,905.6,20170220,33.98,55.04,,8.500372,250.0,23.935257999999997,,,0.0
86205,BAKER MUNI AP,MT,46.3583,-104.25,905.6,20170225,19.22,32.0,,11.408394,250.0,27.066974,,,0.0
86206,BAKER MUNI AP,MT,46.3583,-104.25,905.6,20170304,26.24,60.98,,8.500372,250.0,21.922012,,,0.0
86910,KALISPELL GLACIER AP,MT,48.3042,-114.2636,901.3,20170119,22.1,37.94,31.28,1.11847,240.0,6.934514,0.1181103,11.023628,0.01181103
86911,KALISPELL GLACIER AP,MT,48.3042,-114.2636,901.3,20170129,-0.76,29.12,11.66,1.565858,240.0,14.092722,0.0,11.023628,0.0
86912,KALISPELL GLACIER AP,MT,48.3042,-114.2636,901.3,20170317,18.14,44.96,32.0,2.9080220000000003,240.0,8.94776,0.0,1.968505,0.0
86913,KALISPELL GLACIER AP,MT,48.3042,-114.2636,901.3,20170407,32.0,53.96,44.24,8.500372,240.0,38.922756,0.0,0.0,0.1181103
86914,KALISPELL GLACIER AP,MT,48.3042,-114.2636,901.3,20170410,21.2,44.96,33.26,6.263432,240.0,25.053728,0.0,0.0,0.0787402
86915,KALISPELL GLACIER AP,MT,48.3042,-114.2636,901.3,20170418,37.04,57.02,44.96,5.816044000000001,240.0,40.936002,0.0,0.0,0.05905515
86916,KALISPELL GLACIER AP,MT,48.3042,-114.2636,901.3,20170601,39.02,68.0,63.14,6.71082,240.0,19.01399,0.0,0.0,0.0
86917,KALISPELL GLACIER AP,MT,48.3042,-114.2636,901.3,20170602,41.0,73.04,62.24,9.171453999999999,240.0,29.08022,0.0,0.0,0.0
86918,KALISPELL GLACIER AP,MT,48.3042,-114.2636,901.3,20170703,48.92,89.06,71.42,6.263432,240.0,27.96175,0.0,0.0,0.0
86919,KALISPELL GLACIER AP,MT,48.3042,-114.2636,901.3,20170708,53.06,96.08,74.3,4.250186,240.0,19.908766,0.0,0.0,0.0
86920,KALISPELL GLACIER AP,MT,48.3042,-114.2636,901.3,20170716,48.02,82.04,70.52,10.066230000000001,240.0,33.106712,0.0,0.0,0.0
86921,KALISPELL GLACIER AP,MT,48.3042,-114.2636,901.3,20170728,46.94,93.02,72.5,5.59235,240.0,23.040482,0.0,0.0,0.0
86922,KALISPELL GLACIER AP,MT,48.3042,-114.2636,901.3,20170820,37.94,78.98,59.54,2.9080220000000003,240.0,14.987498,0.0,0.0,0.0
90582,BILLINGS LOGAN INTL AP,MT,45.8069,-108.5422,1091.5,20170111,-0.76,6.26,0.86,8.500372,240.0,27.96175,1.4173236,9.842525,0.05905515
90583,BILLINGS LOGAN INTL AP,MT,45.8069,-108.5422,1091.5,20170112,2.12,12.2,6.08,12.974252,240.0,31.988242,0.0,9.055123,0.0
90584,BILLINGS LOGAN INTL AP,MT,45.8069,-108.5422,1091.5,20170114,10.22,26.24,16.52,20.132460000000002,240.0,33.106712,0.0,7.87402,0.0
90585,BILLINGS LOGAN INTL AP,MT,45.8069,-108.5422,1091.5,20170115,14.18,30.2,20.12,20.803542,240.0,31.988242,0.0,7.87402,0.0
90586,BILLINGS LOGAN INTL AP,MT,45.8069,-108.5422,1091.5,20170118,30.2,44.96,35.96,20.579848000000002,240.0,40.041226,0.0,5.905515,0.0
90587,BILLINGS LOGAN INTL AP,MT,45.8069,-108.5422,1091.5,20170119,32.0,42.98,36.68,14.092722,240.0,27.066974,0.0,3.93701,0.01181103
90588,BILLINGS LOGAN INTL AP,MT,45.8069,-108.5422,1091.5,20170122,21.2,37.04,29.84,10.513618,240.0,25.948504,0.0,3.149608,0.0
90589,BILLINGS LOGAN INTL AP,MT,45.8069,-108.5422,1091.5,20170124,18.14,26.24,22.46,6.934514,240.0,14.092722,0.1968505,1.968505,0.01181103
90590,BILLINGS LOGAN INTL AP,MT,45.8069,-108.5422,1091.5,20170126,17.24,33.98,23.18,15.211192,240.0,29.974996,0.0,1.968505,0.0
90591,BILLINGS LOGAN INTL AP,MT,45.8069,-108.5422,1091.5,20170130,33.08,51.08,41.18,11.632088000000001,240.0,29.974996,0.0,0.0,0.0
90592,BILLINGS LOGAN INTL AP,MT,45.8069,-108.5422,1091.5,20170203,-6.88,29.12,4.64,10.737312,240.0,29.08022,0.0,5.905515,0.0
90593,BILLINGS LOGAN INTL AP,MT,45.8069,-108.5422,1091.5,20170209,10.22,51.98,21.02,12.079476,240.0,31.988242,0.0,11.023628,0.0
90594,BILLINGS LOGAN INTL AP,MT,45.8069,-108.5422,1091.5,20170212,21.2,42.98,30.92,17.000744,240.0,35.119958000000004,0.0,0.0,0.0
90595,BILLINGS LOGAN INTL AP,MT,45.8069,-108.5422,1091.5,20170213,31.1,51.08,37.04,13.645334,240.0,27.96175,0.0,0.0,0.0
90596,BILLINGS LOGAN INTL AP,MT,45.8069,-108.5422,1091.5,20170214,30.2,48.02,37.94,19.237683999999998,240.0,38.02798,0.0,0.0,0.0
90597,BILLINGS LOGAN INTL AP,MT,45.8069,-108.5422,1091.5,20170215,39.02,57.02,44.78,20.356154,240.0,38.02798,0.0,0.0,0.0
90598,BILLINGS LOGAN INTL AP,MT,45.8069,-108.5422,1091.5,20170405,35.96,59.0,44.78,12.079476,240.0,25.053728,0.0,0.0,0.0
90599,BILLINGS LOGAN INTL AP,MT,45.8069,-108.5422,1091.5,20170411,33.98,57.02,43.7,7.605596,240.0,23.935257999999997,0.0,0.0,0.0
90600,BILLINGS LOGAN INTL AP,MT,45.8069,-108.5422,1091.5,20170504,48.02,78.98,61.52,9.618841999999999,240.0,21.922012,0.0,0.0,0.0
90601,BILLINGS LOGAN INTL AP,MT,45.8069,-108.5422,1091.5,20170526,39.92,64.04,51.44,6.263432,240.0,17.000744,0.0,0.0,0.0
90602,BILLINGS LOGAN INTL AP,MT,45.8069,-108.5422,1091.5,20170711,60.08,86.0,71.06,7.158208,240.0,27.066974,0.0,0.0,0.0393701
90603,BILLINGS LOGAN INTL AP,MT,45.8069,-108.5422,1091.5,20170715,68.0,100.04,82.94,9.618841999999999,240.0,40.041226,0.0,0.0,0.0
90604,BILLINGS LOGAN INTL AP,MT,45.8069,-108.5422,1091.5,20170720,64.04,95.0,80.24,11.408394,240.0,38.922756,0.0,0.0,0.0
90605,BILLINGS LOGAN INTL AP,MT,45.8069,-108.5422,1091.5,20170723,57.92,96.08,77.54,6.934514,240.0,21.027236,0.0,0.0,0.0
90606,BILLINGS LOGAN INTL AP,MT,45.8069,-108.5422,1091.5,20170730,64.04,96.08,79.16,8.724066,240.0,21.922012,0.0,0.0,0.0
90607,BILLINGS LOGAN INTL AP,MT,45.8069,-108.5422,1091.5,20170823,57.02,93.02,74.3,7.605596,240.0,19.908766,0.0,0.0,0.0
90608,BILLINGS LOGAN INTL AP,MT,45.8069,-108.5422,1091.5,20170827,55.94,91.04,72.32,6.71082,240.0,16.105968,0.0,0.0,0.0
90609,BILLINGS LOGAN INTL AP,MT,45.8069,-108.5422,1091.5,20170829,57.92,89.96,75.56,8.052984,240.0,19.908766,0.0,0.0,0.0
90610,LEWISTOWN MUNI AP,MT,47.0492,-109.4578,1263.4,20170105,-10.84,16.16,,3.131716,240.0,10.961006,,3.93701,0.0
90611,LEWISTOWN MUNI AP,MT,47.0492,-109.4578,1263.4,20170108,-2.74,15.26,,5.1449620000000005,240.0,18.119214000000003,,3.149608,0.01181103
90612,LEWISTOWN MUNI AP,MT,47.0492,-109.4578,1263.4,20170117,19.22,46.94,,11.855782000000001,240.0,25.053728,,1.181103,0.0
90613,LEWISTOWN MUNI AP,MT,47.0492,-109.4578,1263.4,20170119,31.1,42.98,,4.921268,240.0,16.105968,0.0,0.0,0.0
90614,LEWISTOWN MUNI AP,MT,47.0492,-109.4578,1263.4,20170121,15.26,33.08,,4.47388,240.0,12.079476,0.0,0.0,0.0
90615,LEWISTOWN MUNI AP,MT,47.0492,-109.4578,1263.4,20170129,33.08,51.08,,14.092722,240.0,36.014734000000004,,0.0,0.0
90616,LEWISTOWN MUNI AP,MT,47.0492,-109.4578,1263.4,20170209,22.1,53.06,,19.01399,240.0,61.963238,,3.93701,0.0
90617,LEWISTOWN MUNI AP,MT,47.0492,-109.4578,1263.4,20170217,28.22,51.08,,13.869028,240.0,35.119958000000004,,0.0,0.0
90618,LEWISTOWN MUNI AP,MT,47.0492,-109.4578,1263.4,20170221,30.2,51.08,,10.961006,240.0,51.002232,,0.0,0.0
90619,LEWISTOWN MUNI AP,MT,47.0492,-109.4578,1263.4,20170303,30.2,44.06,,14.092722,240.0,29.974996,,3.149608,0.0
90620,LEWISTOWN MUNI AP,MT,47.0492,-109.4578,1263.4,20170328,31.1,51.98,,7.158208,240.0,21.922012,,0.0,0.01968505
90621,LEWISTOWN MUNI AP,MT,47.0492,-109.4578,1263.4,20170329,30.2,57.02,,9.618841999999999,240.0,31.988242,,0.0,0.0
90622,LEWISTOWN MUNI AP,MT,47.0492,-109.4578,1263.4,20170402,30.2,53.96,,7.158208,240.0,31.988242,,0.0,0.0
90623,LEWISTOWN MUNI AP,MT,47.0492,-109.4578,1263.4,20170418,32.0,62.96,,6.71082,240.0,29.08022,,0.0,0.0
90624,LEWISTOWN MUNI AP,MT,47.0492,-109.4578,1263.4,20170611,35.06,68.0,,8.276678,240.0,23.040482,,0.0,0.0
90625,LEWISTOWN MUNI AP,MT,47.0492,-109.4578,1263.4,20170714,66.02,91.94,,9.618841999999999,240.0,44.962494,,0.0,0.0
90626,LEWISTOWN MUNI AP,MT,47.0492,-109.4578,1263.4,20170831,59.0,87.08,,5.816044000000001,240.0,16.105968,,0.0,0.0
90627,LEWISTOWN MUNI AP,MT,47.0492,-109.4578,1263.4,20170908,48.92,91.04,,4.921268,240.0,17.000744,,0.0,0.0
90628,MILES CITY F WILEY FLD,MT,46.4267,-105.8825,799.8,20170202,6.26,16.16,,6.487126,240.0,14.987498,,,0.0
90629,MILES CITY F WILEY FLD,MT,46.4267,-105.8825,799.8,20170215,24.26,51.98,,7.829289999999999,240.0,14.092722,,,0.0
90630,MILES CITY F WILEY FLD,MT,46.4267,-105.8825,799.8,20170330,44.06,57.02,,5.816044000000001,240.0,14.987498,,,0.0393701
90631,MILES CITY F WILEY FLD,MT,46.4267,-105.8825,799.8,20170421,37.94,64.94,,8.500372,240.0,34.001488,,,0.01181103
90632,MILES CITY F WILEY FLD,MT,46.4267,-105.8825,799.8,20170506,60.08,87.98,,12.750558,240.0,42.949248,,,0.0
90633,MILES CITY F WILEY FLD,MT,46.4267,-105.8825,799.8,20170610,53.96,80.06,,12.079476,240.0,38.02798,,,0.0787402
90763,BOZEMAN GALLATIN FLD,MT,45.7881,-111.1608,1349.3,20170108,10.22,22.1,,3.35541,240.0,12.079476,0.3149608,5.984255200000001,0.03149608
90764,BOZEMAN GALLATIN FLD,MT,45.7881,-111.1608,1349.3,20170131,15.26,33.98,,7.605596,240.0,18.119214000000003,,5.0000027000000005,0.14960638
90765,BOZEMAN GALLATIN FLD,MT,45.7881,-111.1608,1349.3,20170217,30.2,44.96,,8.052984,240.0,29.974996,0.0,0.9842525,0.0
90766,BOZEMAN GALLATIN FLD,MT,45.7881,-111.1608,1349.3,20170221,33.08,53.06,,12.30317,240.0,40.041226,0.0,0.0,0.0
90767,BOZEMAN GALLATIN FLD,MT,45.7881,-111.1608,1349.3,20170319,39.92,57.02,,6.934514,240.0,36.014734000000004,0.0,0.0,0.31889781
90768,BOZEMAN GALLATIN FLD,MT,45.7881,-111.1608,1349.3,20170430,32.0,60.08,,6.71082,240.0,27.96175,0.0,0.0,0.01181103
90769,BOZEMAN GALLATIN FLD,MT,45.7881,-111.1608,1349.3,20170709,55.04,91.04,,7.605596,240.0,40.936002,0.0,0.0,0.0
90780,BUTTE BERT MOONEY AP,MT,45.9647,-112.5006,1678.2,20170204,15.26,41.0,28.04,5.59235,240.0,29.08022,,,0.05118113
90781,BUTTE BERT MOONEY AP,MT,45.9647,-112.5006,1678.2,20170829,51.98,89.06,69.08,3.802798,240.0,40.936002,,,0.0
90782,BUTTE BERT MOONEY AP,MT,45.9647,-112.5006,1678.2,20170831,48.92,84.02,67.46,7.605596,240.0,29.08022,,,0.0
90783,CUT BANK MUNI AP,MT,48.6033,-112.3753,1169.8,20170210,28.22,39.02,37.22,27.514362,240.0,57.936746,,1.968505,0.0
90784,CUT BANK MUNI AP,MT,48.6033,-112.3753,1169.8,20170220,29.12,48.02,35.96,11.408394,240.0,40.041226,,0.0,0.0
90785,CUT BANK MUNI AP,MT,48.6033,-112.3753,1169.8,20170304,25.16,46.94,38.3,14.092722,240.0,42.054472,,0.0,0.0
90786,CUT BANK MUNI AP,MT,48.6033,-112.3753,1169.8,20170318,33.08,64.94,46.22,19.685072,240.0,57.936746,,0.0,0.0
90787,CUT BANK MUNI AP,MT,48.6033,-112.3753,1169.8,20170319,22.1,48.92,43.88,13.42164,240.0,36.90951,,0.0,0.0
90788,CUT BANK MUNI AP,MT,48.6033,-112.3753,1169.8,20170406,37.94,66.92,50.54,11.855782000000001,240.0,31.988242,0.0,0.0,0.0
90789,CUT BANK MUNI AP,MT,48.6033,-112.3753,1169.8,20170410,21.2,48.92,34.7,12.974252,240.0,38.922756,,0.0,0.0
90790,CUT BANK MUNI AP,MT,48.6033,-112.3753,1169.8,20170414,35.96,51.08,42.8,20.803542,240.0,42.054472,,0.0,0.0
90791,CUT BANK MUNI AP,MT,48.6033,-112.3753,1169.8,20170523,39.92,80.06,61.16,10.289924000000001,240.0,40.041226,,0.0,0.0
90792,CUT BANK MUNI AP,MT,48.6033,-112.3753,1169.8,20170909,55.04,87.98,71.96,12.526864,240.0,36.90951,,0.0,0.0
90793,CUT BANK MUNI AP,MT,48.6033,-112.3753,1169.8,20170917,37.04,66.02,48.56,10.066230000000001,240.0,29.974996,,0.0,0.0
90794,DILLON AP,MT,45.2575,-112.5545,1585.0,20170119,24.26,35.06,37.76,7.381902,240.0,19.908766,,1.968505,0.0
90795,DILLON AP,MT,45.2575,-112.5545,1585.0,20170206,22.1,42.08,38.48,16.329662,240.0,44.962494,,3.149608,0.0
90796,DILLON AP,MT,45.2575,-112.5545,1585.0,20170222,25.16,39.92,33.98,10.737312,240.0,23.040482,,0.0,0.0
90797,DILLON AP,MT,45.2575,-112.5545,1585.0,20170301,20.12,39.92,27.5,16.553356,240.0,40.041226,,0.0,0.0
90798,DILLON AP,MT,45.2575,-112.5545,1585.0,20170420,33.08,50.0,43.34,7.381902,240.0,23.935257999999997,,0.0,0.35826791
90799,DILLON AP,MT,45.2575,-112.5545,1585.0,20170524,42.08,69.98,63.14,15.658579999999999,240.0,44.962494,,0.0,0.0
90800,DILLON AP,MT,45.2575,-112.5545,1585.0,20170530,46.94,78.98,62.24,8.500372,240.0,44.962494,,0.0,0.0
90801,DILLON AP,MT,45.2575,-112.5545,1585.0,20170720,50.0,91.94,71.24,10.289924000000001,240.0,36.014734000000004,,0.0,0.0
90802,DILLON AP,MT,45.2575,-112.5545,1585.0,20170724,51.08,87.08,71.78,10.066230000000001,240.0,36.014734000000004,,0.0,0.0
90803,DILLON AP,MT,45.2575,-112.5545,1585.0,20170812,46.94,82.04,63.68,5.816044000000001,240.0,25.948504,,0.0,0.0
90813,GREAT FALLS INTL AP,MT,47.4733,-111.3822,1116.8,20170210,29.12,48.02,44.06,21.027236,240.0,42.054472,0.0,0.0,0.0
90814,GREAT FALLS INTL AP,MT,47.4733,-111.3822,1116.8,20170219,29.12,51.98,47.48,13.645334,240.0,31.093465999999996,0.0,0.0,0.01181103
90815,GREAT FALLS INTL AP,MT,47.4733,-111.3822,1116.8,20170220,28.22,53.96,38.3,13.645334,240.0,36.90951,0.0,0.0,0.0
90816,GREAT FALLS INTL AP,MT,47.4733,-111.3822,1116.8,20170303,33.08,55.04,42.08,15.882273999999999,240.0,38.02798,0.0,0.0,0.0
90817,GREAT FALLS INTL AP,MT,47.4733,-111.3822,1116.8,20170314,42.98,62.96,48.74,15.211192,240.0,38.02798,0.0,0.0,0.01968505
90818,GREAT FALLS INTL AP,MT,47.4733,-111.3822,1116.8,20170316,25.16,55.94,51.62,19.01399,240.0,44.067718,0.0,0.0,0.0
90819,GREAT FALLS INTL AP,MT,47.4733,-111.3822,1116.8,20170323,26.24,55.94,43.34,11.632088000000001,240.0,35.119958000000004,0.0,0.0,0.0
90820,GREAT FALLS INTL AP,MT,47.4733,-111.3822,1116.8,20170326,29.12,57.02,41.54,10.289924000000001,240.0,27.96175,0.0,0.0,0.0
90821,GREAT FALLS INTL AP,MT,47.4733,-111.3822,1116.8,20170328,29.12,53.06,41.54,15.211192,240.0,31.093465999999996,0.0,0.0,0.0
90822,GREAT FALLS INTL AP,MT,47.4733,-111.3822,1116.8,20170401,35.06,57.92,44.96,17.000744,240.0,36.014734000000004,0.0,0.0,0.0
90823,GREAT FALLS INTL AP,MT,47.4733,-111.3822,1116.8,20170411,31.1,53.06,39.74,11.855782000000001,240.0,25.053728,0.0,0.0,0.0
90824,GREAT FALLS INTL AP,MT,47.4733,-111.3822,1116.8,20170601,51.98,77.0,65.84,8.724066,240.0,53.910254,0.0,0.0,0.25196864
90825,GREAT FALLS INTL AP,MT,47.4733,-111.3822,1116.8,20170610,42.98,66.02,56.48,15.882273999999999,240.0,33.106712,0.0,0.0,0.0
90826,GREAT FALLS INTL AP,MT,47.4733,-111.3822,1116.8,20170616,53.96,69.98,62.06,16.77705,240.0,38.922756,0.0,0.0,0.0
90827,GREAT FALLS INTL AP,MT,47.4733,-111.3822,1116.8,20170617,50.0,69.98,58.82,11.632088000000001,240.0,31.988242,0.0,0.0,0.0
90828,GREAT FALLS INTL AP,MT,47.4733,-111.3822,1116.8,20170713,55.04,98.96,78.26,7.605596,240.0,27.066974,0.0,0.0,0.0
90829,GREAT FALLS INTL AP,MT,47.4733,-111.3822,1116.8,20170715,62.06,100.94,82.76,9.171453999999999,240.0,40.041226,0.0,0.0,0.05905515
90830,GREAT FALLS INTL AP,MT,47.4733,-111.3822,1116.8,20170723,53.06,96.98,77.36,8.500372,240.0,27.066974,0.0,0.0,0.0
90831,GREAT FALLS INTL AP,MT,47.4733,-111.3822,1116.8,20170727,62.96,93.02,78.98,7.605596,240.0,18.119214000000003,0.0,0.0,0.0
90832,GREAT FALLS INTL AP,MT,47.4733,-111.3822,1116.8,20170818,55.04,89.96,72.14,12.974252,240.0,29.974996,0.0,0.0,0.0
90833,HELENA RGNL AP,MT,46.6056,-111.9636,1166.8,20170107,-9.76,8.24,-1.84,1.11847,240.0,6.934514,0.9842525,5.905515,0.09055123
90834,HELENA RGNL AP,MT,46.6056,-111.9636,1166.8,20170208,-3.82,10.22,0.5,0.671082,240.0,6.934514,0.0,9.842525,0.01181103
90835,HELENA RGNL AP,MT,46.6056,-111.9636,1166.8,20170303,28.22,53.96,40.28,6.71082,240.0,31.093465999999996,0.0,0.0,0.0
90836,HELENA RGNL AP,MT,46.6056,-111.9636,1166.8,20170405,28.22,57.92,41.72,4.921268,240.0,29.08022,0.0,0.0,0.0
90837,HELENA RGNL AP,MT,46.6056,-111.9636,1166.8,20170511,44.96,84.02,63.68,4.6975739999999995,240.0,29.08022,0.0,0.0,0.01968505
90838,HELENA RGNL AP,MT,46.6056,-111.9636,1166.8,20170514,33.98,59.0,44.96,7.158208,240.0,35.119958000000004,0.0,0.0,0.0
90839,HELENA RGNL AP,MT,46.6056,-111.9636,1166.8,20170517,39.02,46.04,44.42,10.289924000000001,240.0,27.96175,0.0,0.0,0.83858313
90840,HELENA RGNL AP,MT,46.6056,-111.9636,1166.8,20170608,55.94,91.94,73.76,9.171453999999999,240.0,44.067718,0.0,0.0,0.0
90841,HELENA RGNL AP,MT,46.6056,-111.9636,1166.8,20170803,51.98,87.08,66.74,4.026492,240.0,12.974252,0.0,0.0,0.0
90842,HELENA RGNL AP,MT,46.6056,-111.9636,1166.8,20170916,37.94,53.96,41.18,5.816044000000001,240.0,16.105968,0.0,0.0,0.0787402
90852,LIVINGSTON MISSION FLD,MT,45.6983,-110.4408,1415.2,20170104,-5.8,6.26,,11.632088000000001,240.0,27.96175,,,0.0
90853,LIVINGSTON MISSION FLD,MT,45.6983,-110.4408,1415.2,20170116,10.22,33.98,,19.685072,240.0,40.936002,,,0.0
90854,LIVINGSTON MISSION FLD,MT,45.6983,-110.4408,1415.2,20170117,30.2,44.96,,29.974996,240.0,52.120702,,,0.0
90855,LIVINGSTON MISSION FLD,MT,45.6983,-110.4408,1415.2,20170127,18.14,35.96,,25.277422,240.0,42.054472,,,0.0
90856,LIVINGSTON MISSION FLD,MT,45.6983,-110.4408,1415.2,20170128,31.1,46.94,,24.60634,240.0,46.080964,,,0.0
90857,LIVINGSTON MISSION FLD,MT,45.6983,-110.4408,1415.2,20170305,31.1,53.06,,16.105968,240.0,44.962494,,,0.0
90858,LIVINGSTON MISSION FLD,MT,45.6983,-110.4408,1415.2,20170405,37.94,60.08,,21.698318,240.0,48.09421,,,0.0
90859,LIVINGSTON MISSION FLD,MT,45.6983,-110.4408,1415.2,20170409,24.26,42.08,,13.869028,240.0,31.988242,,,0.0
90860,LIVINGSTON MISSION FLD,MT,45.6983,-110.4408,1415.2,20170420,24.26,60.98,,9.842536,240.0,35.119958000000004,,,0.03149608
90861,LIVINGSTON MISSION FLD,MT,45.6983,-110.4408,1415.2,20170421,35.06,42.98,,12.30317,240.0,34.001488,,,0.24015761
90862,LIVINGSTON MISSION FLD,MT,45.6983,-110.4408,1415.2,20170504,39.02,78.08,,9.618841999999999,240.0,25.948504,,,0.0
90863,LIVINGSTON MISSION FLD,MT,45.6983,-110.4408,1415.2,20170605,53.06,73.04,,13.645334,240.0,25.948504,,,0.03149608
90864,LIVINGSTON MISSION FLD,MT,45.6983,-110.4408,1415.2,20170717,46.94,84.02,,4.921268,240.0,31.988242,,,0.01181103
90865,LIVINGSTON MISSION FLD,MT,45.6983,-110.4408,1415.2,20170730,53.06,98.06,,9.618841999999999,240.0,36.014734000000004,,,0.0
90866,LIVINGSTON MISSION FLD,MT,45.6983,-110.4408,1415.2,20170813,51.08,82.94,,10.513618,240.0,50.107456,,,0.16141741
90867,LIVINGSTON MISSION FLD,MT,45.6983,-110.4408,1415.2,20170816,42.98,86.0,,9.395147999999999,240.0,31.093465999999996,,,0.0
90868,LIVINGSTON MISSION FLD,MT,45.6983,-110.4408,1415.2,20170824,60.08,87.98,,14.54011,240.0,44.067718,,,0.0
90873,MISSOULA INTL AP,MT,46.9208,-114.0925,972.9,20170128,3.2,25.16,14.0,1.11847,240.0,10.066230000000001,0.0,11.81103,0.0
90874,MISSOULA INTL AP,MT,46.9208,-114.0925,972.9,20170523,42.98,84.02,61.88,2.9080220000000003,240.0,25.053728,0.0,0.0,0.0
90875,MISSOULA INTL AP,MT,46.9208,-114.0925,972.9,20170609,48.02,62.96,58.46,6.263432,240.0,27.066974,0.0,0.0,0.05905515
90876,MISSOULA INTL AP,MT,46.9208,-114.0925,972.9,20170812,51.98,89.96,72.32,5.59235,240.0,40.041226,0.0,0.0,0.0
92858,GLASGOW INTL AP,MT,48.2138,-106.6213,696.5,20170328,32.0,60.08,43.16,6.934514,240.0,19.908766,0.0,0.0,0.0
92859,GLASGOW INTL AP,MT,48.2138,-106.6213,696.5,20170626,51.98,89.06,69.08,15.658579999999999,240.0,38.02798,0.0,0.0,0.0
92860,HAVRE CITY CO AP,MT,48.5428,-109.7633,787.9,20170128,27.14,42.08,31.82,19.461378,240.0,35.119958000000004,0.0,1.181103,0.0
92861,HAVRE CITY CO AP,MT,48.5428,-109.7633,787.9,20170202,1.22,20.12,13.28,3.35541,240.0,14.987498,0.0,1.181103,0.0
92862,HAVRE CITY CO AP,MT,48.5428,-109.7633,787.9,20170211,27.14,37.04,34.34,17.224438,240.0,35.119958000000004,0.0,0.0,0.0
92863,HAVRE CITY CO AP,MT,48.5428,-109.7633,787.9,20170215,33.98,57.92,42.62,17.224438,240.0,31.093465999999996,0.0,0.0,0.0
92864,HAVRE CITY CO AP,MT,48.5428,-109.7633,787.9,20170216,35.06,64.04,47.12,13.197946,240.0,36.90951,0.0,0.0,0.0
92865,HAVRE CITY CO AP,MT,48.5428,-109.7633,787.9,20170306,18.14,37.04,23.18,10.066230000000001,240.0,19.908766,0.0,0.0,0.0
92866,HAVRE CITY CO AP,MT,48.5428,-109.7633,787.9,20170322,30.2,64.94,43.34,10.289924000000001,240.0,31.988242,0.0,0.0,0.0
92867,HAVRE CITY CO AP,MT,48.5428,-109.7633,787.9,20170326,27.14,55.04,42.98,8.500372,240.0,23.935257999999997,0.0,0.0,0.0
92868,HAVRE CITY CO AP,MT,48.5428,-109.7633,787.9,20170519,33.08,69.98,52.34,4.921268,240.0,21.922012,0.0,0.0,0.0
92869,HAVRE CITY CO AP,MT,48.5428,-109.7633,787.9,20170521,37.04,77.0,56.3,8.500372,240.0,42.054472,0.0,0.0,0.0
92870,HAVRE CITY CO AP,MT,48.5428,-109.7633,787.9,20170614,46.94,69.08,57.74,15.434885999999999,240.0,34.001488,0.0,0.0,0.12992133
92871,HAVRE CITY CO AP,MT,48.5428,-109.7633,787.9,20170626,51.08,98.06,71.24,8.724066,240.0,38.02798,0.0,0.0,0.0
92872,HAVRE CITY CO AP,MT,48.5428,-109.7633,787.9,20170723,53.96,96.98,77.0,6.263432,240.0,19.908766,0.0,0.0,0.0
92873,HAVRE CITY CO AP,MT,48.5428,-109.7633,787.9,20170729,60.08,96.98,79.88,5.59235,240.0,23.040482,0.0,0.0,0.0
92874,HAVRE CITY CO AP,MT,48.5428,-109.7633,787.9,20170730,55.94,100.94,81.14,8.724066,240.0,33.106712,0.0,0.0,0.0
92875,HAVRE CITY CO AP,MT,48.5428,-109.7633,787.9,20170818,48.02,91.94,70.16,9.395147999999999,240.0,27.066974,0.0,0.0,0.0
92876,HAVRE CITY CO AP,MT,48.5428,-109.7633,787.9,20170824,53.06,87.98,73.04,6.487126,240.0,42.054472,0.0,0.0,0.0
92877,HAVRE CITY CO AP,MT,48.5428,-109.7633,787.9,20170901,50.0,86.0,69.44,6.487126,240.0,27.066974,0.0,0.0,0.0
92878,HAVRE CITY CO AP,MT,48.5428,-109.7633,787.9,20170911,50.0,93.92,68.36,11.408394,240.0,29.974996,0.0,0.0,0.0
92884,WOLF POINT INTL AP,MT,48.0944,-105.5744,605.3,20170103,-20.74,-2.74,,7.605596,240.0,16.105968,,0.0,0.0
92885,WOLF POINT INTL AP,MT,48.0944,-105.5744,605.3,20170113,-23.8,3.2,,6.263432,240.0,21.027236,0.0,0.0,0.0
92886,WOLF POINT INTL AP,MT,48.0944,-105.5744,605.3,20170114,-19.84,3.2,,1.789552,240.0,8.94776,0.0,0.0,0.0
92887,WOLF POINT INTL AP,MT,48.0944,-105.5744,605.3,20170115,-13.9,15.26,,4.921268,240.0,18.119214000000003,0.0,0.0,0.0
92888,WOLF POINT INTL AP,MT,48.0944,-105.5744,605.3,20170116,-2.74,18.14,,6.263432,240.0,16.105968,0.0,0.0,0.0
92889,WOLF POINT INTL AP,MT,48.0944,-105.5744,605.3,20170120,12.2,37.04,,6.263432,240.0,14.987498,0.0,0.0,0.0
92890,WOLF POINT INTL AP,MT,48.0944,-105.5744,605.3,20170210,21.2,44.96,,6.934514,240.0,19.908766,0.0,0.0,0.0
92891,WOLF POINT INTL AP,MT,48.0944,-105.5744,605.3,20170212,11.12,37.94,,4.250186,240.0,17.000744,0.0,0.0,0.0
92892,WOLF POINT INTL AP,MT,48.0944,-105.5744,605.3,20170220,29.12,51.08,,4.921268,240.0,12.974252,,0.0,0.01968505
92893,WOLF POINT INTL AP,MT,48.0944,-105.5744,605.3,20170824,57.02,98.96,,10.066230000000001,240.0,27.96175,0.0,0.0,0.0
92952,JORDAN AP,MT,47.3258,-106.9475,811.4,20170113,-16.78,23.18,,5.1449620000000005,240.0,17.000744,0.0,0.0,0.0
92953,JORDAN AP,MT,47.3258,-106.9475,811.4,20170118,24.26,46.94,,6.934514,240.0,27.96175,0.0,0.0,0.0
92954,JORDAN AP,MT,47.3258,-106.9475,811.4,20170418,28.22,66.02,,5.1449620000000005,240.0,19.01399,0.0,0.0,0.0
92955,JORDAN AP,MT,47.3258,-106.9475,811.4,20170429,26.24,62.06,,5.59235,240.0,29.08022,0.0,0.0,0.0
92956,JORDAN AP,MT,47.3258,-106.9475,811.4,20170514,33.98,68.0,,8.94776,240.0,29.974996,0.0,0.0,0.0
92957,JORDAN AP,MT,47.3258,-106.9475,811.4,20170601,59.0,96.08,,6.263432,240.0,40.041226,0.0,,0.01181103
92958,JORDAN AP,MT,47.3258,-106.9475,811.4,20170816,46.04,91.04,,7.605596,240.0,31.093465999999996,0.0,0.0,0.0
92967,BAKER MUNI AP,MT,46.3583,-104.25,905.6,20170106,-13.9,11.12,,9.395147999999999,240.0,23.935257999999997,,,0.0
92968,BAKER MUNI AP,MT,46.3583,-104.25,905.6,20170114,-9.76,14.18,,1.11847,240.0,12.079476,,,0.0
92969,BAKER MUNI AP,MT,46.3583,-104.25,905.6,20170115,-8.86,31.1,,5.816044000000001,240.0,23.040482,,,0.0
93802,KALISPELL GLACIER AP,MT,48.3042,-114.2636,901.3,20170211,21.2,39.92,33.98,9.395147999999999,230.0,29.08022,0.0,16.929143,0.0
93803,KALISPELL GLACIER AP,MT,48.3042,-114.2636,901.3,20170305,18.14,35.96,32.54,4.921268,230.0,19.908766,0.5905515,11.023628,0.11023628
93804,KALISPELL GLACIER AP,MT,48.3042,-114.2636,901.3,20170308,17.24,39.92,29.48,5.59235,230.0,25.053728,2.7165369,14.960638000000001,0.05118113
93805,KALISPELL GLACIER AP,MT,48.3042,-114.2636,901.3,20170328,33.08,48.02,39.92,8.052984,230.0,19.908766,0.0,0.0,0.0
93806,KALISPELL GLACIER AP,MT,48.3042,-114.2636,901.3,20170415,32.0,50.0,42.08,10.513618,230.0,27.96175,0.0,0.0,0.0
93807,KALISPELL GLACIER AP,MT,48.3042,-114.2636,901.3,20170425,39.02,51.08,43.34,5.59235,230.0,25.948504,0.0,0.0,0.24015761
93808,KALISPELL GLACIER AP,MT,48.3042,-114.2636,901.3,20170430,41.0,57.02,47.84,10.289924000000001,230.0,29.974996,0.0,0.0,0.0
93809,KALISPELL GLACIER AP,MT,48.3042,-114.2636,901.3,20170514,32.0,50.0,43.34,8.276678,230.0,25.948504,0.0,0.0,0.14960638
93810,KALISPELL GLACIER AP,MT,48.3042,-114.2636,901.3,20170721,46.04,84.02,68.72,5.59235,230.0,25.948504,0.0,0.0,0.0
93811,KALISPELL GLACIER AP,MT,48.3042,-114.2636,901.3,20170813,50.0,75.92,64.58,4.250186,230.0,31.988242,0.0,0.0,0.05905515
93812,KALISPELL GLACIER AP,MT,48.3042,-114.2636,901.3,20170830,48.92,91.94,69.08,3.802798,230.0,34.001488,0.0,0.0,0.0
93813,KALISPELL GLACIER AP,MT,48.3042,-114.2636,901.3,20170831,44.06,87.08,67.64,6.263432,230.0,29.08022,0.0,0.0,0.0
97501,BILLINGS LOGAN INTL AP,MT,45.8069,-108.5422,1091.5,20170105,-9.76,5.18,-1.48,20.356154,230.0,38.922756,0.0,9.055123,0.0
97502,BILLINGS LOGAN INTL AP,MT,45.8069,-108.5422,1091.5,20170106,3.2,14.18,5.72,18.119214000000003,230.0,38.922756,0.0,7.87402,0.0
97503,BILLINGS LOGAN INTL AP,MT,45.8069,-108.5422,1091.5,20170113,8.24,25.16,13.28,18.119214000000003,230.0,29.08022,0.0,9.055123,0.0
97504,BILLINGS LOGAN INTL AP,MT,45.8069,-108.5422,1091.5,20170117,23.18,37.04,27.14,25.501116,230.0,42.949248,0.0,7.086618,0.0
97505,BILLINGS LOGAN INTL AP,MT,45.8069,-108.5422,1091.5,20170121,18.14,35.06,26.6,13.869028,230.0,25.948504,0.0,3.149608,0.0
97506,BILLINGS LOGAN INTL AP,MT,45.8069,-108.5422,1091.5,20170125,15.26,29.12,20.48,10.737312,230.0,19.908766,0.0,1.968505,0.0
97507,BILLINGS LOGAN INTL AP,MT,45.8069,-108.5422,1091.5,20170127,16.16,28.22,22.46,20.579848000000002,230.0,35.119958000000004,0.0,1.968505,0.0
97508,BILLINGS LOGAN INTL AP,MT,45.8069,-108.5422,1091.5,20170202,-3.82,12.2,4.46,7.605596,230.0,21.922012,0.0,7.086618,0.0
97509,BILLINGS LOGAN INTL AP,MT,45.8069,-108.5422,1091.5,20170221,39.92,62.06,50.36,13.42164,230.0,48.09421,0.0,0.0,0.0
97510,BILLINGS LOGAN INTL AP,MT,45.8069,-108.5422,1091.5,20170314,35.96,53.06,41.72,5.816044000000001,230.0,19.908766,0.0,1.181103,0.01968505
97511,BILLINGS LOGAN INTL AP,MT,45.8069,-108.5422,1091.5,20170628,57.92,80.06,68.0,11.632088000000001,230.0,31.988242,0.0,0.0,0.05118113
97512,BILLINGS LOGAN INTL AP,MT,45.8069,-108.5422,1091.5,20170701,55.04,87.98,71.42,8.500372,230.0,16.105968,0.0,0.0,0.0
97513,BILLINGS LOGAN INTL AP,MT,45.8069,-108.5422,1091.5,20170707,60.98,95.0,76.64,8.052984,230.0,19.01399,0.0,0.0,0.0
97514,BILLINGS LOGAN INTL AP,MT,45.8069,-108.5422,1091.5,20170727,69.08,91.94,79.16,8.500372,230.0,25.948504,0.0,0.0,0.0
97515,BILLINGS LOGAN INTL AP,MT,45.8069,-108.5422,1091.5,20170828,59.0,93.92,75.02,7.381902,230.0,19.908766,0.0,0.0,0.0
97516,BILLINGS LOGAN INTL AP,MT,45.8069,-108.5422,1091.5,20170902,62.06,93.92,76.28,10.961006,230.0,23.040482,0.0,0.0,0.0
97517,BILLINGS LOGAN INTL AP,MT,45.8069,-108.5422,1091.5,20170907,51.08,86.0,69.08,6.71082,230.0,14.987498,0.0,0.0,0.0
97518,BILLINGS LOGAN INTL AP,MT,45.8069,-108.5422,1091.5,20170909,60.08,93.02,76.28,11.632088000000001,230.0,23.040482,0.0,0.0,0.0
97519,LEWISTOWN MUNI AP,MT,47.0492,-109.4578,1263.4,20170120,21.2,42.08,,3.802798,230.0,14.092722,,0.0,0.0
97520,LEWISTOWN MUNI AP,MT,47.0492,-109.4578,1263.4,20170122,16.16,39.92,,4.921268,230.0,14.092722,0.0,0.0,0.0
97521,LEWISTOWN MUNI AP,MT,47.0492,-109.4578,1263.4,20170214,24.26,59.0,,4.026492,230.0,14.092722,,0.0,0.0
97522,LEWISTOWN MUNI AP,MT,47.0492,-109.4578,1263.4,20170312,16.16,41.0,,7.829289999999999,230.0,27.066974,,3.149608,0.0
97523,LEWISTOWN MUNI AP,MT,47.0492,-109.4578,1263.4,20170324,24.26,64.04,,10.961006,230.0,36.014734000000004,,0.0,0.0
97524,LEWISTOWN MUNI AP,MT,47.0492,-109.4578,1263.4,20170411,27.14,46.94,,10.961006,230.0,25.053728,0.0,0.0,0.0
97525,LEWISTOWN MUNI AP,MT,47.0492,-109.4578,1263.4,20170531,46.94,84.02,,8.500372,230.0,25.948504,,0.0,0.0
97526,LEWISTOWN MUNI AP,MT,47.0492,-109.4578,1263.4,20170706,57.92,89.96,,8.052984,230.0,35.119958000000004,,0.0,0.0
97527,LEWISTOWN MUNI AP,MT,47.0492,-109.4578,1263.4,20170723,51.98,95.0,,6.039738,230.0,27.96175,,0.0,0.0
97528,LEWISTOWN MUNI AP,MT,47.0492,-109.4578,1263.4,20170726,51.08,91.04,,6.487126,230.0,23.040482,,0.0,0.0
97529,MILES CITY F WILEY FLD,MT,46.4267,-105.8825,799.8,20170121,12.2,25.16,,4.6975739999999995,230.0,12.079476,,,0.0
97530,MILES CITY F WILEY FLD,MT,46.4267,-105.8825,799.8,20170703,60.98,100.04,,9.171453999999999,230.0,31.093465999999996,,,0.0
97531,MILES CITY F WILEY FLD,MT,46.4267,-105.8825,799.8,20170818,55.04,91.94,,6.487126,230.0,25.948504,,,0.0
97532,MILES CITY F WILEY FLD,MT,46.4267,-105.8825,799.8,20170905,37.94,75.02,,5.816044000000001,230.0,19.01399,,,0.0
97655,BOZEMAN GALLATIN FLD,MT,45.7881,-111.1608,1349.3,20170109,23.18,42.98,,7.381902,230.0,34.001488,0.0,7.007877799999999,0.0
97656,BOZEMAN GALLATIN FLD,MT,45.7881,-111.1608,1349.3,20170209,20.12,50.0,,6.039738,230.0,25.053728,0.0,10.000005400000001,0.0
97657,BOZEMAN GALLATIN FLD,MT,45.7881,-111.1608,1349.3,20170220,28.22,51.98,,8.052984,230.0,31.093465999999996,0.0,0.0,0.0
97658,BOZEMAN GALLATIN FLD,MT,45.7881,-111.1608,1349.3,20170305,28.22,51.98,,11.1847,230.0,46.080964,0.0,0.0,0.0
97659,BOZEMAN GALLATIN FLD,MT,45.7881,-111.1608,1349.3,20170308,32.0,51.08,,9.842536,230.0,44.067718,0.0,0.0,0.01181103
97660,BOZEMAN GALLATIN FLD,MT,45.7881,-111.1608,1349.3,20170420,27.14,60.98,,6.487126,230.0,34.001488,0.0,0.0,0.09842525
97661,BOZEMAN GALLATIN FLD,MT,45.7881,-111.1608,1349.3,20170720,51.08,95.0,,6.71082,230.0,29.08022,0.0,0.0,0.0
97665,BUTTE BERT MOONEY AP,MT,45.9647,-112.5006,1678.2,20170215,8.24,50.0,24.44,2.23694,230.0,12.079476,,,0.0
97666,BUTTE BERT MOONEY AP,MT,45.9647,-112.5006,1678.2,20170221,32.0,44.96,39.38,9.618841999999999,230.0,38.02798,,,0.05118113
97667,BUTTE BERT MOONEY AP,MT,45.9647,-112.5006,1678.2,20170514,23.18,50.0,35.06,2.9080220000000003,230.0,21.027236,,,0.0
97668,BUTTE BERT MOONEY AP,MT,45.9647,-112.5006,1678.2,20170619,39.02,82.94,59.72,4.47388,230.0,21.922012,,,0.0
97669,BUTTE BERT MOONEY AP,MT,45.9647,-112.5006,1678.2,20170727,50.0,82.94,68.18,4.6975739999999995,230.0,23.935257999999997,,,0.0
97670,CUT BANK MUNI AP,MT,48.6033,-112.3753,1169.8,20170119,33.98,42.98,40.28,11.408394,230.0,33.106712,0.0,0.0,0.0
97671,CUT BANK MUNI AP,MT,48.6033,-112.3753,1169.8,20170216,37.04,55.04,46.76,16.329662,230.0,44.962494,,0.0,0.0
97672,CUT BANK MUNI AP,MT,48.6033,-112.3753,1169.8,20170314,33.08,55.04,40.46,12.30317,230.0,38.02798,,0.0,0.05905515
97673,CUT BANK MUNI AP,MT,48.6033,-112.3753,1169.8,20170315,41.0,57.02,49.46,18.342907999999998,230.0,42.949248,,0.0,0.0
97674,CUT BANK MUNI AP,MT,48.6033,-112.3753,1169.8,20170408,33.08,55.94,43.7,13.645334,230.0,35.119958000000004,,0.0,0.0
97675,CUT BANK MUNI AP,MT,48.6033,-112.3753,1169.8,20170727,55.04,91.04,76.28,9.395147999999999,230.0,29.08022,,0.0,0.0
97676,CUT BANK MUNI AP,MT,48.6033,-112.3753,1169.8,20170911,51.98,87.98,68.72,14.316416,230.0,33.106712,,0.0,0.0
97677,DILLON AP,MT,45.2575,-112.5545,1585.0,20170127,0.14,22.1,10.58,8.052984,230.0,23.040482,,1.968505,0.0
97678,DILLON AP,MT,45.2575,-112.5545,1585.0,20170128,8.24,29.12,17.78,12.079476,230.0,27.066974,,1.968505,0.0
97679,DILLON AP,MT,45.2575,-112.5545,1585.0,20170129,21.2,33.08,26.42,16.105968,230.0,31.988242,,1.968505,0.0
97680,DILLON AP,MT,45.2575,-112.5545,1585.0,20170227,13.1,32.0,21.74,10.737312,230.0,27.96175,,0.0,0.0
97681,DILLON AP,MT,45.2575,-112.5545,1585.0,20170302,21.2,46.04,31.82,13.42164,230.0,29.974996,,0.0,0.0
97682,DILLON AP,MT,45.2575,-112.5545,1585.0,20170308,32.0,51.08,40.28,19.01399,230.0,46.97574,,0.0,0.0
97683,DILLON AP,MT,45.2575,-112.5545,1585.0,20170309,25.16,53.06,40.28,8.052984,230.0,27.066974,,0.0,0.01181103
97684,DILLON AP,MT,45.2575,-112.5545,1585.0,20170314,41.0,66.02,51.26,12.750558,230.0,36.014734000000004,,0.0,0.0
97685,DILLON AP,MT,45.2575,-112.5545,1585.0,20170321,33.08,50.0,37.22,6.263432,230.0,25.053728,,0.0,0.05118113
97686,DILLON AP,MT,45.2575,-112.5545,1585.0,20170322,35.06,53.06,43.34,7.605596,230.0,31.988242,,0.0,0.09842525
97687,DILLON AP,MT,45.2575,-112.5545,1585.0,20170405,30.2,55.04,41.18,11.632088000000001,230.0,29.08022,,0.0,0.0
97688,DILLON AP,MT,45.2575,-112.5545,1585.0,20170417,35.96,55.94,45.32,11.1847,230.0,48.988986,,0.0,0.05905515
97689,DILLON AP,MT,45.2575,-112.5545,1585.0,20170511,42.98,78.08,60.26,10.066230000000001,230.0,46.97574,,0.0,0.01181103
97690,DILLON AP,MT,45.2575,-112.5545,1585.0,20170527,37.94,69.08,53.42,4.921268,230.0,14.987498,,0.0,0.0
97691,DILLON AP,MT,45.2575,-112.5545,1585.0,20170702,51.08,87.08,70.16,7.381902,230.0,29.974996,,0.0,0.0
97692,DILLON AP,MT,45.2575,-112.5545,1585.0,20170704,50.0,89.96,72.32,4.921268,230.0,25.053728,,0.0,0.0
97693,DILLON AP,MT,45.2575,-112.5545,1585.0,20170811,46.04,84.92,64.94,7.158208,230.0,35.119958000000004,,0.0,0.0
97694,DILLON AP,MT,45.2575,-112.5545,1585.0,20170816,44.06,80.96,63.14,7.381902,230.0,23.935257999999997,,0.0,0.0
97701,GREAT FALLS INTL AP,MT,47.4733,-111.3822,1116.8,20170111,-20.74,0.14,-7.6,8.724066,230.0,19.01399,0.0,5.905515,0.0
97702,GREAT FALLS INTL AP,MT,47.4733,-111.3822,1116.8,20170117,31.1,44.96,35.42,25.277422,230.0,44.962494,0.0,3.149608,0.0
97703,GREAT FALLS INTL AP,MT,47.4733,-111.3822,1116.8,20170118,37.94,48.92,41.72,17.000744,230.0,36.014734000000004,0.0,1.181103,0.0
97704,GREAT FALLS INTL AP,MT,47.4733,-111.3822,1116.8,20170120,23.18,42.08,36.5,10.066230000000001,230.0,21.922012,0.0,0.0,0.0
97705,GREAT FALLS INTL AP,MT,47.4733,-111.3822,1116.8,20170124,5.18,30.2,17.96,6.71082,230.0,16.105968,0.0,1.181103,0.0
97706,GREAT FALLS INTL AP,MT,47.4733,-111.3822,1116.8,20170129,37.94,55.04,43.7,19.908766,230.0,40.041226,0.0,0.0,0.0
97707,GREAT FALLS INTL AP,MT,47.4733,-111.3822,1116.8,20170130,30.2,50.0,42.26,14.987498,230.0,44.962494,0.0,0.0,0.0
97708,GREAT FALLS INTL AP,MT,47.4733,-111.3822,1116.8,20170212,27.14,46.94,33.62,19.908766,230.0,36.014734000000004,0.0,0.0,0.0
97709,GREAT FALLS INTL AP,MT,47.4733,-111.3822,1116.8,20170214,30.2,57.02,41.18,14.987498,230.0,29.974996,0.0,0.0,0.0
97710,GREAT FALLS INTL AP,MT,47.4733,-111.3822,1116.8,20170215,39.92,64.04,48.74,21.474624,230.0,46.97574,0.0,0.0,0.0
97711,GREAT FALLS INTL AP,MT,47.4733,-111.3822,1116.8,20170302,19.22,41.0,28.58,10.961006,230.0,29.08022,0.5118113000000001,1.968505,0.01968505
97712,GREAT FALLS INTL AP,MT,47.4733,-111.3822,1116.8,20170304,30.2,55.94,45.32,15.658579999999999,230.0,40.041226,0.0,0.0,0.0
97713,GREAT FALLS INTL AP,MT,47.4733,-111.3822,1116.8,20170313,15.26,57.02,33.08,14.763804,230.0,33.106712,0.0,1.181103,0.0
97714,GREAT FALLS INTL AP,MT,47.4733,-111.3822,1116.8,20170318,39.92,75.02,54.14,13.869028,230.0,52.120702,0.0,0.0,0.0
97715,GREAT FALLS INTL AP,MT,47.4733,-111.3822,1116.8,20170329,35.96,57.92,44.78,18.119214000000003,230.0,38.922756,0.0,0.0,0.0
97716,GREAT FALLS INTL AP,MT,47.4733,-111.3822,1116.8,20170404,21.2,51.98,34.16,11.1847,230.0,23.935257999999997,0.0,1.181103,0.0
97717,GREAT FALLS INTL AP,MT,47.4733,-111.3822,1116.8,20170405,25.16,64.04,42.26,14.987498,230.0,34.001488,0.0,0.0,0.0
97718,GREAT FALLS INTL AP,MT,47.4733,-111.3822,1116.8,20170406,41.0,71.96,54.86,15.434885999999999,230.0,40.041226,0.0,0.0,0.0
97719,GREAT FALLS INTL AP,MT,47.4733,-111.3822,1116.8,20170419,32.0,62.06,49.64,10.513618,230.0,27.96175,0.0,0.0,0.0
97720,GREAT FALLS INTL AP,MT,47.4733,-111.3822,1116.8,20170503,32.0,71.96,48.38,13.869028,230.0,40.041226,0.0,0.0,0.0
97721,GREAT FALLS INTL AP,MT,47.4733,-111.3822,1116.8,20170506,46.04,78.08,64.76,7.829289999999999,230.0,53.910254,0.0,0.0,0.11023628
97722,GREAT FALLS INTL AP,MT,47.4733,-111.3822,1116.8,20170513,37.94,53.06,47.48,14.092722,230.0,27.96175,0.0,0.0,0.0393701
97723,GREAT FALLS INTL AP,MT,47.4733,-111.3822,1116.8,20170523,39.92,80.06,62.24,9.618841999999999,230.0,23.040482,0.0,0.0,0.0
97724,GREAT FALLS INTL AP,MT,47.4733,-111.3822,1116.8,20170603,41.0,80.96,62.24,5.816044000000001,230.0,19.01399,0.0,0.0,0.0
97725,GREAT FALLS INTL AP,MT,47.4733,-111.3822,1116.8,20170716,57.02,91.04,74.3,14.987498,230.0,40.041226,0.0,0.0,0.0
97726,GREAT FALLS INTL AP,MT,47.4733,-111.3822,1116.8,20170729,62.06,96.98,80.78,7.605596,230.0,23.040482,0.0,0.0,0.0
97727,GREAT FALLS INTL AP,MT,47.4733,-111.3822,1116.8,20170816,46.04,84.92,67.82,7.381902,230.0,25.053728,0.0,0.0,0.0
97728,GREAT FALLS INTL AP,MT,47.4733,-111.3822,1116.8,20170902,55.04,93.92,73.94,10.513618,230.0,35.119958000000004,0.0,0.0,0.0
97729,GREAT FALLS INTL AP,MT,47.4733,-111.3822,1116.8,20170908,50.0,91.04,69.98,4.026492,230.0,16.105968,0.0,0.0,0.0
97730,GREAT FALLS INTL AP,MT,47.4733,-111.3822,1116.8,20170910,55.04,82.94,,13.197946,230.0,36.90951,0.0,0.0,0.0
97731,GREAT FALLS INTL AP,MT,47.4733,-111.3822,1116.8,20170911,51.08,89.96,68.9,11.408394,230.0,27.96175,0.0,0.0,0.0
97746,LIVINGSTON MISSION FLD,MT,45.6983,-110.4408,1415.2,20170119,37.04,46.04,,25.72481,230.0,52.120702,,,0.0
97747,LIVINGSTON MISSION FLD,MT,45.6983,-110.4408,1415.2,20170120,16.16,42.98,,11.632088000000001,230.0,33.106712,,,0.0
97748,LIVINGSTON MISSION FLD,MT,45.6983,-110.4408,1415.2,20170122,23.18,44.06,,13.869028,230.0,40.041226,,,0.0
97749,LIVINGSTON MISSION FLD,MT,45.6983,-110.4408,1415.2,20170131,14.18,39.02,,16.77705,230.0,35.119958000000004,,,0.22047256
97750,LIVINGSTON MISSION FLD,MT,45.6983,-110.4408,1415.2,20170217,29.12,53.06,,14.987498,230.0,51.002232,,,0.0
97751,LIVINGSTON MISSION FLD,MT,45.6983,-110.4408,1415.2,20170219,32.0,53.96,,12.974252,230.0,38.922756,,,0.1181103
97752,LIVINGSTON MISSION FLD,MT,45.6983,-110.4408,1415.2,20170227,14.18,29.12,,8.500372,230.0,29.974996,,,0.0
97753,LIVINGSTON MISSION FLD,MT,45.6983,-110.4408,1415.2,20170315,51.08,71.96,,27.738056,230.0,51.002232,,,0.0
97754,LIVINGSTON MISSION FLD,MT,45.6983,-110.4408,1415.2,20170316,35.06,59.0,,19.461378,230.0,51.002232,,,0.07086618
97755,LIVINGSTON MISSION FLD,MT,45.6983,-110.4408,1415.2,20170324,22.1,62.96,,19.01399,230.0,57.04196999999999,,,0.0
97756,LIVINGSTON MISSION FLD,MT,45.6983,-110.4408,1415.2,20170325,28.22,50.0,,10.066230000000001,230.0,48.988986,,,0.03149608
97757,LIVINGSTON MISSION FLD,MT,45.6983,-110.4408,1415.2,20170404,28.22,48.92,,10.289924000000001,230.0,31.988242,,,0.01181103
97758,LIVINGSTON MISSION FLD,MT,45.6983,-110.4408,1415.2,20170407,41.0,68.0,,21.25093,230.0,61.963238,,,0.03149608
97759,LIVINGSTON MISSION FLD,MT,45.6983,-110.4408,1415.2,20170408,37.04,60.08,,14.092722,230.0,36.90951,,,0.0393701
97760,LIVINGSTON MISSION FLD,MT,45.6983,-110.4408,1415.2,20170410,19.22,53.96,,11.855782000000001,230.0,38.922756,,,0.07086618
97761,LIVINGSTON MISSION FLD,MT,45.6983,-110.4408,1415.2,20170417,33.98,53.06,,12.079476,230.0,48.09421,,,0.16141741
97762,LIVINGSTON MISSION FLD,MT,45.6983,-110.4408,1415.2,20170429,30.2,55.94,,7.158208,230.0,36.014734000000004,,,0.0
97763,LIVINGSTON MISSION FLD,MT,45.6983,-110.4408,1415.2,20170612,46.04,75.92,,18.566602,230.0,59.055216,,,0.61023655
97764,LIVINGSTON MISSION FLD,MT,45.6983,-110.4408,1415.2,20170629,42.98,69.08,,8.276678,230.0,33.106712,,,0.0787402
97765,LIVINGSTON MISSION FLD,MT,45.6983,-110.4408,1415.2,20170705,48.02,96.98,,7.605596,230.0,46.080964,,,0.0
97766,LIVINGSTON MISSION FLD,MT,45.6983,-110.4408,1415.2,20170710,53.96,93.02,,13.645334,230.0,44.962494,,,0.37007894
97767,LIVINGSTON MISSION FLD,MT,45.6983,-110.4408,1415.2,20170716,60.08,91.04,,12.974252,230.0,59.055216,,,0.0
97768,LIVINGSTON MISSION FLD,MT,45.6983,-110.4408,1415.2,20170723,46.04,96.98,,6.039738,230.0,48.09421,,,0.0
97769,LIVINGSTON MISSION FLD,MT,45.6983,-110.4408,1415.2,20170829,48.92,93.92,,6.71082,230.0,19.908766,,,0.0
97770,LIVINGSTON MISSION FLD,MT,45.6983,-110.4408,1415.2,20170910,55.94,89.06,,10.066230000000001,230.0,25.948504,,,0.0
97771,LIVINGSTON MISSION FLD,MT,45.6983,-110.4408,1415.2,20170913,51.08,86.0,,8.94776,230.0,35.119958000000004,,,0.18897648
97780,MISSOULA INTL AP,MT,46.9208,-114.0925,972.9,20170126,19.22,31.1,22.64,1.11847,230.0,8.052984,0.0,11.81103,0.0
97781,MISSOULA INTL AP,MT,46.9208,-114.0925,972.9,20170129,10.22,29.12,18.14,1.565858,230.0,10.961006,0.0,11.81103,0.0
97782,MISSOULA INTL AP,MT,46.9208,-114.0925,972.9,20170207,14.18,28.22,24.44,2.9080220000000003,230.0,12.079476,0.7086618,11.023628,0.05905515
97783,MISSOULA INTL AP,MT,46.9208,-114.0925,972.9,20170213,10.22,32.0,19.94,1.342164,230.0,8.052984,0.0,7.87402,0.0
97784,MISSOULA INTL AP,MT,46.9208,-114.0925,972.9,20170314,37.04,51.98,41.18,2.460634,230.0,12.974252,0.0,0.0,0.11023628
97785,MISSOULA INTL AP,MT,46.9208,-114.0925,972.9,20170317,25.16,53.96,36.5,3.579104,230.0,19.908766,0.0,0.0,0.0
97786,MISSOULA INTL AP,MT,46.9208,-114.0925,972.9,20170408,32.0,48.92,40.46,5.816044000000001,230.0,23.935257999999997,0.0,0.0,0.22047256
97787,MISSOULA INTL AP,MT,46.9208,-114.0925,972.9,20170429,33.08,59.0,44.06,3.35541,230.0,21.922012,0.0,0.0,0.0
97788,MISSOULA INTL AP,MT,46.9208,-114.0925,972.9,20170527,42.08,77.0,58.64,2.460634,230.0,16.105968,0.0,0.0,0.0
97789,MISSOULA INTL AP,MT,46.9208,-114.0925,972.9,20170702,53.96,91.04,73.4,2.9080220000000003,230.0,12.079476,0.0,0.0,0.0
99858,GLASGOW INTL AP,MT,48.2138,-106.6213,696.5,20170411,32.0,55.94,45.86,12.079476,230.0,38.922756,0.0,0.0,0.0
99859,GLASGOW INTL AP,MT,48.2138,-106.6213,696.5,20170809,50.0,78.08,63.86,9.842536,230.0,25.948504,0.0,0.0,0.0
99860,GLASGOW INTL AP,MT,48.2138,-106.6213,696.5,20170911,50.0,89.96,67.64,8.724066,230.0,25.948504,0.0,0.0,0.0
99861,HAVRE CITY CO AP,MT,48.5428,-109.7633,787.9,20170103,-19.84,-0.76,-8.32,4.026492,230.0,19.01399,0.0,3.93701,0.0
99862,HAVRE CITY CO AP,MT,48.5428,-109.7633,787.9,20170107,-16.78,7.16,-1.12,3.579104,230.0,14.987498,0.0,5.118113,0.0
99863,HAVRE CITY CO AP,MT,48.5428,-109.7633,787.9,20170111,-28.84,0.14,-13.18,17.89552,230.0,33.106712,0.0,7.87402,0.0
99864,HAVRE CITY CO AP,MT,48.5428,-109.7633,787.9,20170118,33.08,46.04,39.2,12.526864,230.0,27.96175,0.0,3.93701,0.0
99865,HAVRE CITY CO AP,MT,48.5428,-109.7633,787.9,20170119,30.2,42.08,37.4,7.158208,230.0,18.119214000000003,0.0,1.181103,0.0
99866,HAVRE CITY CO AP,MT,48.5428,-109.7633,787.9,20170121,10.22,33.08,21.74,6.934514,230.0,19.908766,0.0,0.0,0.0
99867,HAVRE CITY CO AP,MT,48.5428,-109.7633,787.9,20170122,18.14,30.2,25.16,6.934514,230.0,16.105968,0.0,0.0,0.0
99868,HAVRE CITY CO AP,MT,48.5428,-109.7633,787.9,20170124,17.24,22.1,20.3,6.934514,230.0,14.987498,0.0,1.968505,0.0
99869,HAVRE CITY CO AP,MT,48.5428,-109.7633,787.9,20170125,6.26,25.16,17.24,8.500372,230.0,21.922012,0.0,1.968505,0.0
99870,HAVRE CITY CO AP,MT,48.5428,-109.7633,787.9,20170201,2.12,19.22,11.66,9.171453999999999,230.0,23.040482,0.0,1.181103,0.0
99871,HAVRE CITY CO AP,MT,48.5428,-109.7633,787.9,20170208,-22.9,1.22,-11.56,8.052984,230.0,19.908766,0.0,3.93701,0.0
99872,HAVRE CITY CO AP,MT,48.5428,-109.7633,787.9,20170212,25.16,42.08,31.82,17.000744,230.0,31.988242,0.0,0.0,0.0
99873,HAVRE CITY CO AP,MT,48.5428,-109.7633,787.9,20170213,28.22,44.06,35.24,9.618841999999999,230.0,19.908766,0.0,0.0,0.0
99874,HAVRE CITY CO AP,MT,48.5428,-109.7633,787.9,20170224,12.2,31.1,23.54,3.131716,230.0,12.079476,0.9842525,1.968505,0.01968505
99875,HAVRE CITY CO AP,MT,48.5428,-109.7633,787.9,20170315,35.06,60.08,42.26,10.513618,230.0,27.066974,0.0,0.0,0.0
99876,HAVRE CITY CO AP,MT,48.5428,-109.7633,787.9,20170329,35.96,60.08,46.58,11.408394,230.0,25.948504,0.0,0.0,0.0
99877,HAVRE CITY CO AP,MT,48.5428,-109.7633,787.9,20170401,28.22,64.94,44.78,15.211192,230.0,36.90951,0.0,0.0,0.0
99878,HAVRE CITY CO AP,MT,48.5428,-109.7633,787.9,20170429,28.22,59.0,42.26,6.487126,230.0,31.988242,0.0,0.0,0.01968505
99879,HAVRE CITY CO AP,MT,48.5428,-109.7633,787.9,20170503,31.1,69.98,47.48,12.526864,230.0,27.96175,0.0,0.0,0.0
99880,HAVRE CITY CO AP,MT,48.5428,-109.7633,787.9,20170514,37.94,62.06,49.28,15.211192,230.0,40.936002,0.0,0.0,0.0
99881,HAVRE CITY CO AP,MT,48.5428,-109.7633,787.9,20170603,39.92,87.98,65.48,7.158208,230.0,23.040482,0.0,0.0,0.0
99882,HAVRE CITY CO AP,MT,48.5428,-109.7633,787.9,20170713,60.08,100.04,76.46,8.500372,230.0,23.040482,0.0,0.0,0.0
99883,HAVRE CITY CO AP,MT,48.5428,-109.7633,787.9,20170813,55.04,91.04,72.68,12.526864,230.0,57.936746,0.0,0.0,0.0
99884,HAVRE CITY CO AP,MT,48.5428,-109.7633,787.9,20170815,46.04,80.06,63.86,4.921268,230.0,14.092722,0.0,0.0,0.0
99885,HAVRE CITY CO AP,MT,48.5428,-109.7633,787.9,20170825,50.0,82.94,64.94,4.921268,230.0,14.092722,0.0,0.0,0.0
99886,HAVRE CITY CO AP,MT,48.5428,-109.7633,787.9,20170830,53.96,96.98,75.2,9.395147999999999,230.0,27.96175,0.0,0.0,0.0
99887,HAVRE CITY CO AP,MT,48.5428,-109.7633,787.9,20170912,55.04,80.96,69.44,9.171453999999999,230.0,23.935257999999997,0.0,0.0,0.0
99888,HAVRE CITY CO AP,MT,48.5428,-109.7633,787.9,20170917,35.96,66.02,47.12,7.605596,230.0,27.066974,0.0,0.0,0.0
99893,WOLF POINT INTL AP,MT,48.0944,-105.5744,605.3,20170403,37.04,55.94,,7.605596,230.0,25.053728,,0.0,0.57874047
99894,WOLF POINT INTL AP,MT,48.0944,-105.5744,605.3,20170421,33.08,69.08,,6.039738,230.0,14.987498,0.0,0.0,0.0
99945,JORDAN AP,MT,47.3258,-106.9475,811.4,20170116,3.2,33.08,,4.250186,230.0,12.079476,0.0,0.0,0.0
99946,JORDAN AP,MT,47.3258,-106.9475,811.4,20170117,6.26,44.96,,8.276678,230.0,19.908766,0.0,0.0,0.0
99947,JORDAN AP,MT,47.3258,-106.9475,811.4,20170209,6.26,48.92,,8.724066,230.0,29.974996,0.0,0.0,0.0
99948,JORDAN AP,MT,47.3258,-106.9475,811.4,20170216,35.06,69.08,,8.500372,230.0,35.119958000000004,0.0,0.0,0.0
99949,JORDAN AP,MT,47.3258,-106.9475,811.4,20170421,37.94,60.98,,6.71082,230.0,19.908766,,0.0,0.05905515
99954,BAKER MUNI AP,MT,46.3583,-104.25,905.6,20170118,16.16,44.06,,4.47388,230.0,38.922756,,,0.0
99955,BAKER MUNI AP,MT,46.3583,-104.25,905.6,20170216,33.08,57.92,,6.71082,230.0,19.908766,,,0.0
99956,BAKER MUNI AP,MT,46.3583,-104.25,905.6,20170323,37.04,53.06,,8.052984,230.0,21.027236,,,0.05118113
100906,KALISPELL GLACIER AP,MT,48.3042,-114.2636,901.3,20170224,5.18,32.0,19.76,1.789552,220.0,6.934514,0.0,11.81103,0.0
100907,KALISPELL GLACIER AP,MT,48.3042,-114.2636,901.3,20170225,5.18,29.12,18.32,5.816044000000001,220.0,18.119214000000003,0.0,11.81103,0.0
100908,KALISPELL GLACIER AP,MT,48.3042,-114.2636,901.3,20170319,24.26,48.92,43.88,8.724066,220.0,27.066974,0.0,0.0,0.0
100909,KALISPELL GLACIER AP,MT,48.3042,-114.2636,901.3,20170614,48.02,68.0,54.5,8.94776,220.0,23.040482,0.0,0.0,0.01181103
100910,KALISPELL GLACIER AP,MT,48.3042,-114.2636,901.3,20170620,55.94,80.96,67.28,4.6975739999999995,220.0,25.948504,0.0,0.0,0.05905515
100911,KALISPELL GLACIER AP,MT,48.3042,-114.2636,901.3,20170910,48.02,82.04,,8.052984,220.0,21.922012,0.0,0.0,0.0
105107,BILLINGS LOGAN INTL AP,MT,45.8069,-108.5422,1091.5,20170103,-8.86,3.2,-1.3,7.158208,220.0,17.000744,0.0,9.842525,0.0
105108,BILLINGS LOGAN INTL AP,MT,45.8069,-108.5422,1091.5,20170104,-8.86,7.16,-3.64,11.632088000000001,220.0,21.027236,0.0,9.842525,0.0
105109,BILLINGS LOGAN INTL AP,MT,45.8069,-108.5422,1091.5,20170313,14.18,42.98,22.46,3.579104,220.0,21.922012,0.0,3.93701,0.0
105110,BILLINGS LOGAN INTL AP,MT,45.8069,-108.5422,1091.5,20170322,35.96,64.04,43.52,8.052984,220.0,21.922012,0.0,0.0,0.14173236
105111,BILLINGS LOGAN INTL AP,MT,45.8069,-108.5422,1091.5,20170324,33.98,66.02,46.94,10.289924000000001,220.0,29.08022,0.0,0.0,0.0
105112,BILLINGS LOGAN INTL AP,MT,45.8069,-108.5422,1091.5,20170326,35.06,57.92,46.22,6.934514,220.0,17.000744,0.0,0.0,0.0
105113,BILLINGS LOGAN INTL AP,MT,45.8069,-108.5422,1091.5,20170401,37.94,62.06,46.22,12.30317,220.0,29.08022,0.0,0.0,0.0
105114,BILLINGS LOGAN INTL AP,MT,45.8069,-108.5422,1091.5,20170611,44.06,69.08,58.1,6.934514,220.0,16.105968,0.0,0.0,0.0
105115,BILLINGS LOGAN INTL AP,MT,45.8069,-108.5422,1091.5,20170908,50.0,87.08,68.36,6.71082,220.0,16.105968,0.0,0.0,0.0
105116,LEWISTOWN MUNI AP,MT,47.0492,-109.4578,1263.4,20170112,-11.74,22.1,,11.408394,220.0,27.96175,,3.93701,0.0
105117,LEWISTOWN MUNI AP,MT,47.0492,-109.4578,1263.4,20170118,39.02,48.02,,18.119214000000003,220.0,38.02798,,1.181103,0.0
105118,LEWISTOWN MUNI AP,MT,47.0492,-109.4578,1263.4,20170216,41.0,62.96,,19.237683999999998,220.0,42.054472,,0.0,0.0
105119,LEWISTOWN MUNI AP,MT,47.0492,-109.4578,1263.4,20170218,32.0,59.0,,7.158208,220.0,27.066974,,0.0,0.0
105120,LEWISTOWN MUNI AP,MT,47.0492,-109.4578,1263.4,20170228,7.16,31.1,,12.30317,220.0,27.066974,,3.149608,0.0
105121,LEWISTOWN MUNI AP,MT,47.0492,-109.4578,1263.4,20170302,22.1,37.94,,9.842536,220.0,31.093465999999996,,7.87402,0.01181103
105122,LEWISTOWN MUNI AP,MT,47.0492,-109.4578,1263.4,20170304,31.1,48.02,,10.289924000000001,220.0,31.988242,,1.968505,0.0
105123,LEWISTOWN MUNI AP,MT,47.0492,-109.4578,1263.4,20170305,20.12,50.0,,9.842536,220.0,29.08022,,1.181103,0.0
105124,LEWISTOWN MUNI AP,MT,47.0492,-109.4578,1263.4,20170314,33.08,51.98,,7.829289999999999,220.0,19.01399,,0.0,0.0393701
105125,LEWISTOWN MUNI AP,MT,47.0492,-109.4578,1263.4,20170401,25.16,60.08,,10.737312,220.0,33.106712,,0.0,0.0
105126,LEWISTOWN MUNI AP,MT,47.0492,-109.4578,1263.4,20170410,15.26,42.98,,9.171453999999999,220.0,36.014734000000004,,7.87402,0.0
105127,MILES CITY F WILEY FLD,MT,46.4267,-105.8825,799.8,20170902,57.02,91.94,,6.934514,220.0,21.027236,,,0.0
105276,BOZEMAN GALLATIN FLD,MT,45.7881,-111.1608,1349.3,20170201,-17.86,15.26,,5.816044000000001,220.0,16.105968,,7.9921303,0.01181103
105277,BOZEMAN GALLATIN FLD,MT,45.7881,-111.1608,1349.3,20170205,23.18,46.04,,7.605596,220.0,23.935257999999997,0.0,10.000005400000001,0.0
105278,BOZEMAN GALLATIN FLD,MT,45.7881,-111.1608,1349.3,20170210,22.1,46.94,,6.487126,220.0,29.08022,0.0,5.984255200000001,0.03149608
105279,BOZEMAN GALLATIN FLD,MT,45.7881,-111.1608,1349.3,20170302,30.2,48.02,,10.289924000000001,220.0,31.093465999999996,0.0,0.0,0.0
105280,BOZEMAN GALLATIN FLD,MT,45.7881,-111.1608,1349.3,20170306,20.12,37.04,,9.395147999999999,220.0,33.106712,0.9842525,0.9842525,0.01968505
105281,BOZEMAN GALLATIN FLD,MT,45.7881,-111.1608,1349.3,20170318,35.96,69.08,,8.94776,220.0,31.988242,0.0,0.0,0.0
105282,BOZEMAN GALLATIN FLD,MT,45.7881,-111.1608,1349.3,20170324,23.18,62.96,,7.381902,220.0,31.988242,0.0,0.0,0.0
105283,BOZEMAN GALLATIN FLD,MT,45.7881,-111.1608,1349.3,20170406,30.2,66.92,,6.934514,220.0,35.119958000000004,0.0,0.0,0.0
105284,BOZEMAN GALLATIN FLD,MT,45.7881,-111.1608,1349.3,20170407,35.96,68.0,,13.645334,220.0,57.936746,0.0,0.0,0.07086618
105285,BOZEMAN GALLATIN FLD,MT,45.7881,-111.1608,1349.3,20170410,21.2,51.98,,8.276678,220.0,40.041226,0.0,0.0,0.05905515
105286,BOZEMAN GALLATIN FLD,MT,45.7881,-111.1608,1349.3,20170516,31.1,62.06,,4.921268,220.0,33.106712,0.0,0.0,0.0
105287,BOZEMAN GALLATIN FLD,MT,45.7881,-111.1608,1349.3,20170612,42.98,75.92,,6.934514,220.0,46.97574,0.0,0.0,0.72047283
105288,BOZEMAN GALLATIN FLD,MT,45.7881,-111.1608,1349.3,20170916,33.98,48.92,,5.59235,220.0,14.092722,0.0,0.0,0.0393701
105299,BUTTE BERT MOONEY AP,MT,45.9647,-112.5006,1678.2,20170404,20.12,46.94,30.92,4.026492,220.0,19.908766,,,0.0
105300,BUTTE BERT MOONEY AP,MT,45.9647,-112.5006,1678.2,20170707,51.98,89.96,74.48,5.368656,220.0,31.988242,,,0.0
105301,BUTTE BERT MOONEY AP,MT,45.9647,-112.5006,1678.2,20170709,51.08,87.98,73.58,8.500372,220.0,40.041226,,,0.01968505
105302,BUTTE BERT MOONEY AP,MT,45.9647,-112.5006,1678.2,20170710,50.0,77.0,66.56,5.1449620000000005,220.0,25.053728,,,0.22834658
105303,BUTTE BERT MOONEY AP,MT,45.9647,-112.5006,1678.2,20170811,46.94,84.92,65.84,4.6975739999999995,220.0,21.027236,,,0.0
105304,CUT BANK MUNI AP,MT,48.6033,-112.3753,1169.8,20170118,37.04,51.08,43.88,12.750558,220.0,38.02798,,0.0,0.0
105305,CUT BANK MUNI AP,MT,48.6033,-112.3753,1169.8,20170326,24.26,51.98,37.4,10.737312,220.0,31.093465999999996,,0.0,0.0
105306,CUT BANK MUNI AP,MT,48.6033,-112.3753,1169.8,20170604,46.94,82.94,67.46,10.513618,220.0,53.910254,,0.0,0.44881914
105307,DILLON AP,MT,45.2575,-112.5545,1585.0,20170106,-11.74,15.26,1.22,9.171453999999999,220.0,25.053728,,1.968505,0.0
105308,DILLON AP,MT,45.2575,-112.5545,1585.0,20170109,13.1,39.02,32.18,11.632088000000001,220.0,38.02798,,1.181103,0.05118113
105309,DILLON AP,MT,45.2575,-112.5545,1585.0,20170117,0.14,31.1,22.82,11.632088000000001,220.0,29.08022,,3.149608,0.0
105310,DILLON AP,MT,45.2575,-112.5545,1585.0,20170118,18.14,33.98,31.46,10.066230000000001,220.0,25.948504,,3.149608,0.0
105311,DILLON AP,MT,45.2575,-112.5545,1585.0,20170121,5.18,32.0,25.52,8.276678,220.0,18.119214000000003,,1.968505,0.0
105312,DILLON AP,MT,45.2575,-112.5545,1585.0,20170204,27.14,39.92,32.0,12.526864,220.0,36.90951,,5.118113,0.0
105313,DILLON AP,MT,45.2575,-112.5545,1585.0,20170226,18.14,29.12,22.64,11.855782000000001,220.0,25.053728,,0.0,0.0
105314,DILLON AP,MT,45.2575,-112.5545,1585.0,20170329,29.12,55.94,41.36,11.1847,220.0,29.974996,,0.0,0.05118113
105315,DILLON AP,MT,45.2575,-112.5545,1585.0,20170401,26.24,60.08,42.08,11.408394,220.0,29.08022,,0.0,0.0
105316,DILLON AP,MT,45.2575,-112.5545,1585.0,20170408,33.08,51.08,41.36,7.605596,220.0,29.08022,,0.0,0.25196864
105317,DILLON AP,MT,45.2575,-112.5545,1585.0,20170419,31.1,59.0,43.88,7.605596,220.0,21.922012,,0.0,0.0
105318,DILLON AP,MT,45.2575,-112.5545,1585.0,20170504,39.92,78.08,58.28,7.381902,220.0,18.119214000000003,,0.0,0.0
105319,DILLON AP,MT,45.2575,-112.5545,1585.0,20170507,42.98,60.98,54.5,6.934514,220.0,27.96175,,0.0,0.38188997
105320,DILLON AP,MT,45.2575,-112.5545,1585.0,20170514,24.26,55.04,37.22,5.368656,220.0,21.922012,,0.0,0.0
105321,DILLON AP,MT,45.2575,-112.5545,1585.0,20170602,46.04,71.96,58.82,9.618841999999999,220.0,25.053728,,0.0,0.0
105322,DILLON AP,MT,45.2575,-112.5545,1585.0,20170627,53.06,71.96,65.48,10.289924000000001,220.0,52.120702,,0.0,0.12992133
105323,DILLON AP,MT,45.2575,-112.5545,1585.0,20170701,48.92,84.92,66.38,8.052984,220.0,31.988242,,0.0,0.0
105324,DILLON AP,MT,45.2575,-112.5545,1585.0,20170706,51.98,95.0,71.78,6.934514,220.0,50.107456,,0.0,0.0
105325,DILLON AP,MT,45.2575,-112.5545,1585.0,20170712,48.92,87.98,67.28,5.816044000000001,220.0,23.040482,,0.0,0.0
105326,DILLON AP,MT,45.2575,-112.5545,1585.0,20170822,46.04,89.06,65.3,6.934514,220.0,18.119214000000003,,0.0,0.0
105327,DILLON AP,MT,45.2575,-112.5545,1585.0,20170909,53.96,82.04,67.28,9.618841999999999,220.0,21.922012,,0.0,0.0
105328,DILLON AP,MT,45.2575,-112.5545,1585.0,20170917,32.0,60.98,43.16,6.934514,220.0,23.040482,,0.0,0.0
105342,GREAT FALLS INTL AP,MT,47.4733,-111.3822,1116.8,20170110,-13.9,-2.74,-5.98,5.816044000000001,220.0,14.092722,1.6141741000000003,5.118113,0.09842525
105343,GREAT FALLS INTL AP,MT,47.4733,-111.3822,1116.8,20170112,-12.82,21.2,-3.46,11.408394,220.0,34.001488,0.0,5.118113,0.0
105344,GREAT FALLS INTL AP,MT,47.4733,-111.3822,1116.8,20170113,16.16,27.14,21.2,18.119214000000003,220.0,27.96175,0.0,5.118113,0.0
105345,GREAT FALLS INTL AP,MT,47.4733,-111.3822,1116.8,20170127,21.2,37.94,28.4,18.119214000000003,220.0,31.093465999999996,0.0,1.181103,0.0
105346,GREAT FALLS INTL AP,MT,47.4733,-111.3822,1116.8,20170213,31.1,51.98,40.46,12.30317,220.0,21.922012,0.0,0.0,0.0
105347,GREAT FALLS INTL AP,MT,47.4733,-111.3822,1116.8,20170221,32.0,44.96,39.92,6.487126,220.0,21.922012,0.1968505,0.0,0.05118113
105348,GREAT FALLS INTL AP,MT,47.4733,-111.3822,1116.8,20170301,15.26,44.06,26.06,19.01399,220.0,46.080964,1.8110245999999999,1.181103,0.0787402
105349,GREAT FALLS INTL AP,MT,47.4733,-111.3822,1116.8,20170325,30.2,55.94,48.38,13.869028,220.0,31.988242,0.0,0.0,0.0
105350,GREAT FALLS INTL AP,MT,47.4733,-111.3822,1116.8,20170407,37.94,69.08,51.08,12.974252,220.0,53.910254,0.0,0.0,0.0
105351,GREAT FALLS INTL AP,MT,47.4733,-111.3822,1116.8,20170426,32.0,53.96,41.18,6.487126,220.0,23.040482,0.0,0.0,0.05118113
105352,GREAT FALLS INTL AP,MT,47.4733,-111.3822,1116.8,20170430,37.94,60.98,48.2,16.329662,220.0,35.119958000000004,0.0,0.0,0.0
105353,GREAT FALLS INTL AP,MT,47.4733,-111.3822,1116.8,20170515,35.96,62.06,47.66,7.158208,220.0,27.066974,0.0,0.0,0.0
105354,GREAT FALLS INTL AP,MT,47.4733,-111.3822,1116.8,20170526,35.06,64.94,49.82,6.71082,220.0,18.119214000000003,0.0,0.0,0.01181103
105355,GREAT FALLS INTL AP,MT,47.4733,-111.3822,1116.8,20170611,39.92,71.06,54.5,10.513618,220.0,23.935257999999997,0.0,0.0,0.0
105356,GREAT FALLS INTL AP,MT,47.4733,-111.3822,1116.8,20170627,53.06,82.04,73.4,11.855782000000001,220.0,38.02798,0.0,0.0,0.0
105357,GREAT FALLS INTL AP,MT,47.4733,-111.3822,1116.8,20170703,55.94,91.94,77.0,13.42164,220.0,31.988242,0.0,0.0,0.0
105358,GREAT FALLS INTL AP,MT,47.4733,-111.3822,1116.8,20170714,60.98,93.92,79.7,7.381902,220.0,25.948504,0.0,0.0,0.01181103
105359,GREAT FALLS INTL AP,MT,47.4733,-111.3822,1116.8,20170720,53.96,96.98,77.18,12.079476,220.0,40.936002,0.0,0.0,0.0
105360,GREAT FALLS INTL AP,MT,47.4733,-111.3822,1116.8,20170815,46.04,82.04,62.78,4.921268,220.0,19.01399,0.0,0.0,0.0
105361,GREAT FALLS INTL AP,MT,47.4733,-111.3822,1116.8,20170830,53.96,96.08,75.74,6.263432,220.0,40.041226,0.0,0.0,0.0
105362,HELENA RGNL AP,MT,46.6056,-111.9636,1166.8,20170109,13.1,33.98,15.98,4.47388,220.0,19.01399,2.0078751,7.086618,0.0787402
105363,HELENA RGNL AP,MT,46.6056,-111.9636,1166.8,20170209,6.26,55.94,14.9,5.59235,220.0,38.922756,0.0,9.842525,0.0
105364,HELENA RGNL AP,MT,46.6056,-111.9636,1166.8,20170220,23.18,53.96,35.78,5.816044000000001,220.0,38.02798,0.0,0.0,0.0
105365,HELENA RGNL AP,MT,46.6056,-111.9636,1166.8,20170407,35.96,62.06,48.74,7.829289999999999,220.0,36.90951,0.0,0.0,0.0
105366,HELENA RGNL AP,MT,46.6056,-111.9636,1166.8,20170420,31.1,64.04,46.58,8.276678,220.0,34.001488,0.0,0.0,0.05118113
105367,HELENA RGNL AP,MT,46.6056,-111.9636,1166.8,20170424,41.0,57.92,49.46,6.934514,220.0,23.935257999999997,0.0,0.0,0.0
105368,HELENA RGNL AP,MT,46.6056,-111.9636,1166.8,20170830,59.0,93.92,74.66,5.59235,220.0,31.988242,0.0,0.0,0.0
105401,LIVINGSTON MISSION FLD,MT,45.6983,-110.4408,1415.2,20170106,-1.84,22.1,,25.277422,220.0,53.910254,,,0.0
105402,LIVINGSTON MISSION FLD,MT,45.6983,-110.4408,1415.2,20170129,39.02,51.98,,25.948504,220.0,57.936746,,,0.0
105403,LIVINGSTON MISSION FLD,MT,45.6983,-110.4408,1415.2,20170204,19.22,42.98,,19.685072,220.0,50.107456,,,0.05905515
105404,LIVINGSTON MISSION FLD,MT,45.6983,-110.4408,1415.2,20170205,39.92,44.96,,33.5541,220.0,55.9235,,,0.0
105405,LIVINGSTON MISSION FLD,MT,45.6983,-110.4408,1415.2,20170210,29.12,51.98,,16.553356,220.0,52.120702,,,0.18897648
105406,LIVINGSTON MISSION FLD,MT,45.6983,-110.4408,1415.2,20170216,42.08,60.98,,36.014734000000004,220.0,65.094954,,,0.0
105407,LIVINGSTON MISSION FLD,MT,45.6983,-110.4408,1415.2,20170218,32.0,57.92,,11.855782000000001,220.0,42.949248,,,0.0
105408,LIVINGSTON MISSION FLD,MT,45.6983,-110.4408,1415.2,20170220,33.98,53.06,,26.84328,220.0,55.9235,,,0.0
105409,LIVINGSTON MISSION FLD,MT,45.6983,-110.4408,1415.2,20170221,35.96,57.92,,25.72481,220.0,55.9235,,,0.0
105410,LIVINGSTON MISSION FLD,MT,45.6983,-110.4408,1415.2,20170226,21.2,31.1,,24.830034,220.0,46.080964,,,0.0
105411,LIVINGSTON MISSION FLD,MT,45.6983,-110.4408,1415.2,20170302,33.08,44.06,,25.72481,220.0,61.963238,,,0.0
105412,LIVINGSTON MISSION FLD,MT,45.6983,-110.4408,1415.2,20170303,37.04,55.04,,28.632832,220.0,59.949992,,,0.0
105413,LIVINGSTON MISSION FLD,MT,45.6983,-110.4408,1415.2,20170304,42.08,51.98,,30.198690000000003,220.0,59.949992,,,0.0
105414,LIVINGSTON MISSION FLD,MT,45.6983,-110.4408,1415.2,20170308,28.22,53.06,,20.803542,220.0,52.120702,,,0.0
105415,LIVINGSTON MISSION FLD,MT,45.6983,-110.4408,1415.2,20170311,14.18,48.02,,11.855782000000001,220.0,48.988986,,,0.0
105416,LIVINGSTON MISSION FLD,MT,45.6983,-110.4408,1415.2,20170313,23.18,60.08,,17.224438,220.0,48.988986,,,0.0
105417,LIVINGSTON MISSION FLD,MT,45.6983,-110.4408,1415.2,20170319,41.0,60.98,,14.987498,220.0,46.97574,,,0.09842525
105418,LIVINGSTON MISSION FLD,MT,45.6983,-110.4408,1415.2,20170322,31.1,64.94,,10.513618,220.0,35.119958000000004,,,0.0
105419,LIVINGSTON MISSION FLD,MT,45.6983,-110.4408,1415.2,20170329,27.14,57.02,,18.119214000000003,220.0,48.988986,,,0.0
105420,LIVINGSTON MISSION FLD,MT,45.6983,-110.4408,1415.2,20170406,33.98,71.06,,15.434885999999999,220.0,48.09421,,,0.0
105421,LIVINGSTON MISSION FLD,MT,45.6983,-110.4408,1415.2,20170424,35.06,55.04,,7.829289999999999,220.0,21.922012,,,0.46850419
105422,LIVINGSTON MISSION FLD,MT,45.6983,-110.4408,1415.2,20170512,41.0,80.06,,9.395147999999999,220.0,53.015478,,,0.01968505
105423,LIVINGSTON MISSION FLD,MT,45.6983,-110.4408,1415.2,20170516,33.08,64.04,,8.276678,220.0,38.02798,,,0.0
105424,LIVINGSTON MISSION FLD,MT,45.6983,-110.4408,1415.2,20170523,33.08,78.08,,7.829289999999999,220.0,34.001488,,,0.0
105425,LIVINGSTON MISSION FLD,MT,45.6983,-110.4408,1415.2,20170601,44.96,82.94,,12.974252,220.0,38.922756,,,0.0
105426,LIVINGSTON MISSION FLD,MT,45.6983,-110.4408,1415.2,20170616,51.98,73.94,,18.119214000000003,220.0,40.041226,,,0.0
105427,LIVINGSTON MISSION FLD,MT,45.6983,-110.4408,1415.2,20170729,57.02,91.94,,7.158208,220.0,23.935257999999997,,,0.0
105428,LIVINGSTON MISSION FLD,MT,45.6983,-110.4408,1415.2,20170830,53.06,93.92,,8.276678,220.0,31.093465999999996,,,0.0
105432,MISSOULA INTL AP,MT,46.9208,-114.0925,972.9,20170205,21.2,46.94,30.2,6.263432,220.0,25.053728,0.0,16.141741,0.0
105433,MISSOULA INTL AP,MT,46.9208,-114.0925,972.9,20170215,9.14,37.04,22.64,1.565858,220.0,10.961006,0.0,7.87402,0.0
105434,MISSOULA INTL AP,MT,46.9208,-114.0925,972.9,20170306,13.1,35.96,26.78,4.921268,220.0,21.922012,0.9842525,3.149608,0.07086618
105435,MISSOULA INTL AP,MT,46.9208,-114.0925,972.9,20170326,27.14,53.96,40.28,3.35541,220.0,25.053728,0.0,0.0,0.0393701
105436,MISSOULA INTL AP,MT,46.9208,-114.0925,972.9,20170420,31.1,51.08,43.16,3.579104,220.0,27.066974,0.0,0.0,0.0787402
105437,MISSOULA INTL AP,MT,46.9208,-114.0925,972.9,20170626,50.0,93.92,71.06,5.816044000000001,220.0,40.041226,0.0,0.0,0.0
107971,GLASGOW INTL AP,MT,48.2138,-106.6213,696.5,20170430,35.96,64.94,50.54,10.066230000000001,220.0,23.935257999999997,0.0,0.0,0.05905515
107972,GLASGOW INTL AP,MT,48.2138,-106.6213,696.5,20170708,62.06,102.92,81.86,11.1847,220.0,31.988242,0.0,0.0,0.0
107973,HAVRE CITY CO AP,MT,48.5428,-109.7633,787.9,20170105,-8.86,18.14,2.3,16.105968,220.0,31.093465999999996,0.1968505,3.93701,0.01968505
107974,HAVRE CITY CO AP,MT,48.5428,-109.7633,787.9,20170110,-16.78,2.12,-0.94,10.737312,220.0,23.040482,0.5118113000000001,7.87402,0.05118113
107975,HAVRE CITY CO AP,MT,48.5428,-109.7633,787.9,20170115,6.26,30.2,13.64,14.987498,220.0,34.001488,0.0,7.87402,0.0
107976,HAVRE CITY CO AP,MT,48.5428,-109.7633,787.9,20170116,7.16,31.1,16.52,10.513618,220.0,36.014734000000004,0.0,7.87402,0.0
107977,HAVRE CITY CO AP,MT,48.5428,-109.7633,787.9,20170120,18.14,39.92,34.52,6.039738,220.0,18.119214000000003,0.0,0.0,0.0
107978,HAVRE CITY CO AP,MT,48.5428,-109.7633,787.9,20170126,6.26,28.22,16.52,14.316416,220.0,25.948504,0.0,1.968505,0.0
107979,HAVRE CITY CO AP,MT,48.5428,-109.7633,787.9,20170127,20.12,33.08,24.44,19.685072,220.0,31.988242,0.0,1.968505,0.0
107980,HAVRE CITY CO AP,MT,48.5428,-109.7633,787.9,20170210,31.1,44.96,36.32,18.119214000000003,220.0,38.922756,0.0,3.149608,0.0
107981,HAVRE CITY CO AP,MT,48.5428,-109.7633,787.9,20170214,28.22,51.08,36.14,10.961006,220.0,25.948504,0.0,0.0,0.0
107982,HAVRE CITY CO AP,MT,48.5428,-109.7633,787.9,20170302,17.24,39.02,27.14,3.35541,220.0,14.092722,0.0,0.0,0.0
107983,HAVRE CITY CO AP,MT,48.5428,-109.7633,787.9,20170418,27.14,66.02,41.36,6.039738,220.0,23.935257999999997,0.0,0.0,0.0
107984,HAVRE CITY CO AP,MT,48.5428,-109.7633,787.9,20170508,37.94,66.02,47.66,8.500372,220.0,23.935257999999997,0.0,0.0,0.0
107985,HAVRE CITY CO AP,MT,48.5428,-109.7633,787.9,20170516,33.08,68.0,51.62,6.934514,220.0,42.949248,0.0,0.0,0.0
107986,HAVRE CITY CO AP,MT,48.5428,-109.7633,787.9,20170709,55.94,100.04,80.24,6.71082,220.0,25.053728,0.0,0.0,0.0
107995,WOLF POINT INTL AP,MT,48.0944,-105.5744,605.3,20170304,27.14,50.0,,5.1449620000000005,220.0,23.040482,,0.0,0.0
107996,WOLF POINT INTL AP,MT,48.0944,-105.5744,605.3,20170610,50.0,80.06,,11.1847,220.0,31.988242,0.0,0.0,0.0
107997,WOLF POINT INTL AP,MT,48.0944,-105.5744,605.3,20170803,44.96,78.98,,2.460634,220.0,12.974252,0.0,0.0,0.0
108057,JORDAN AP,MT,47.3258,-106.9475,811.4,20170401,35.06,60.98,,11.408394,220.0,29.974996,0.0,0.0,0.0
108058,JORDAN AP,MT,47.3258,-106.9475,811.4,20170613,55.04,78.98,,11.632088000000001,220.0,46.080964,0.0,0.0,0.0
108059,JORDAN AP,MT,47.3258,-106.9475,811.4,20170708,55.94,104.0,,9.842536,220.0,36.014734000000004,0.0,0.0,0.0
108060,JORDAN AP,MT,47.3258,-106.9475,811.4,20170723,51.98,98.96,,6.263432,220.0,19.908766,0.0,0.0,0.0
108061,JORDAN AP,MT,47.3258,-106.9475,811.4,20170730,55.04,100.94,,5.368656,220.0,23.040482,0.0,0.0,0.0
108062,JORDAN AP,MT,47.3258,-106.9475,811.4,20170911,50.0,91.04,,4.47388,220.0,21.922012,0.0,0.0,0.0
108063,JORDAN AP,MT,47.3258,-106.9475,811.4,20170917,37.04,64.94,,7.381902,220.0,27.066974,0.0,0.0,0.0
108068,BAKER MUNI AP,MT,46.3583,-104.25,905.6,20170209,4.1,44.96,,14.987498,220.0,29.08022,,,0.0
108069,BAKER MUNI AP,MT,46.3583,-104.25,905.6,20170214,22.1,41.0,,5.816044000000001,220.0,19.01399,,,0.0
109040,KALISPELL GLACIER AP,MT,48.3042,-114.2636,901.3,20170113,-13.9,13.1,-1.12,0.671082,210.0,4.921268,0.0,11.023628,0.0
109041,KALISPELL GLACIER AP,MT,48.3042,-114.2636,901.3,20170419,31.1,59.0,44.78,4.6975739999999995,210.0,19.908766,0.0,0.0,0.0
109042,KALISPELL GLACIER AP,MT,48.3042,-114.2636,901.3,20170501,28.22,55.04,44.24,5.1449620000000005,210.0,27.066974,0.0,0.0,0.09842525
109043,KALISPELL GLACIER AP,MT,48.3042,-114.2636,901.3,20170609,42.08,68.0,60.62,10.961006,210.0,27.066974,0.0,0.0,0.0
109044,KALISPELL GLACIER AP,MT,48.3042,-114.2636,901.3,20170707,51.08,98.06,77.18,6.263432,210.0,46.080964,0.0,0.0,0.0
109045,KALISPELL GLACIER AP,MT,48.3042,-114.2636,901.3,20170717,37.94,80.06,61.88,3.802798,210.0,16.105968,0.0,0.0,0.0
113132,BILLINGS LOGAN INTL AP,MT,45.8069,-108.5422,1091.5,20170107,-3.82,18.14,6.8,5.816044000000001,210.0,16.105968,0.0,7.87402,0.0
113133,BILLINGS LOGAN INTL AP,MT,45.8069,-108.5422,1091.5,20170218,33.98,53.96,41.72,5.1449620000000005,210.0,14.987498,0.0,0.0,0.0
113134,BILLINGS LOGAN INTL AP,MT,45.8069,-108.5422,1091.5,20170410,30.2,51.98,36.32,7.381902,210.0,27.066974,0.0,1.181103,0.0
113135,BILLINGS LOGAN INTL AP,MT,45.8069,-108.5422,1091.5,20170531,50.0,84.02,66.56,5.816044000000001,210.0,23.040482,0.0,0.0,0.0
113136,BILLINGS LOGAN INTL AP,MT,45.8069,-108.5422,1091.5,20170704,64.94,93.02,82.22,5.816044000000001,210.0,18.119214000000003,0.0,0.0,0.0
113137,BILLINGS LOGAN INTL AP,MT,45.8069,-108.5422,1091.5,20170906,46.94,84.02,63.32,6.71082,210.0,17.000744,0.0,0.0,0.0
113138,BILLINGS LOGAN INTL AP,MT,45.8069,-108.5422,1091.5,20170911,62.96,89.06,75.02,6.934514,210.0,16.105968,0.0,0.0,0.0
113139,LEWISTOWN MUNI AP,MT,47.0492,-109.4578,1263.4,20170205,5.18,42.08,,10.513618,210.0,29.974996,,0.0,0.0
113140,LEWISTOWN MUNI AP,MT,47.0492,-109.4578,1263.4,20170311,8.24,41.0,,6.263432,210.0,27.96175,,3.93701,0.0
113141,LEWISTOWN MUNI AP,MT,47.0492,-109.4578,1263.4,20170406,33.98,69.08,,9.618841999999999,210.0,31.988242,0.0,0.0,0.0
113142,LEWISTOWN MUNI AP,MT,47.0492,-109.4578,1263.4,20170603,41.0,80.06,,6.71082,210.0,21.027236,,0.0,0.0
113143,MILES CITY F WILEY FLD,MT,46.4267,-105.8825,799.8,20170113,-15.88,9.14,,5.59235,210.0,10.066230000000001,,,0.0
113144,MILES CITY F WILEY FLD,MT,46.4267,-105.8825,799.8,20170827,55.04,91.94,,5.1449620000000005,210.0,17.000744,0.0,0.0,0.0
113263,BOZEMAN GALLATIN FLD,MT,45.7881,-111.1608,1349.3,20170216,24.26,50.0,,7.605596,210.0,48.09421,0.0,2.9921276000000003,0.0
113264,BOZEMAN GALLATIN FLD,MT,45.7881,-111.1608,1349.3,20170219,31.1,41.0,,7.829289999999999,210.0,29.08022,0.0,0.9842525,0.0787402
113265,BOZEMAN GALLATIN FLD,MT,45.7881,-111.1608,1349.3,20170505,35.96,84.02,,6.263432,210.0,21.922012,0.0,0.0,0.0
113266,BOZEMAN GALLATIN FLD,MT,45.7881,-111.1608,1349.3,20170512,41.0,84.02,,11.1847,210.0,46.080964,,0.0,0.01181103
113267,BOZEMAN GALLATIN FLD,MT,45.7881,-111.1608,1349.3,20170724,51.08,91.94,,6.487126,210.0,31.093465999999996,0.0,0.0,0.0
113268,BOZEMAN GALLATIN FLD,MT,45.7881,-111.1608,1349.3,20170727,53.06,89.06,,6.71082,210.0,29.974996,0.0,0.0,0.0
113269,BOZEMAN GALLATIN FLD,MT,45.7881,-111.1608,1349.3,20170913,53.06,82.04,,6.934514,210.0,29.974996,0.0,0.0,0.05905515
113283,BUTTE BERT MOONEY AP,MT,45.9647,-112.5006,1678.2,20170415,22.1,42.08,32.18,7.158208,210.0,25.053728,,,0.0
113284,DILLON AP,MT,45.2575,-112.5545,1585.0,20170103,-16.78,1.22,-9.22,4.6975739999999995,210.0,12.079476,,1.968505,0.0
113285,DILLON AP,MT,45.2575,-112.5545,1585.0,20170108,19.22,33.08,23.9,10.289924000000001,210.0,25.053728,,1.181103,0.0
113286,DILLON AP,MT,45.2575,-112.5545,1585.0,20170113,-9.76,12.2,9.68,10.513618,210.0,21.922012,,3.93701,0.0
113287,DILLON AP,MT,45.2575,-112.5545,1585.0,20170114,-8.86,17.24,10.22,9.618841999999999,210.0,23.040482,,3.149608,0.0
113288,DILLON AP,MT,45.2575,-112.5545,1585.0,20170120,9.14,32.0,33.26,5.1449620000000005,210.0,16.105968,,1.968505,0.0
113289,DILLON AP,MT,45.2575,-112.5545,1585.0,20170130,22.1,37.04,26.96,17.224438,210.0,33.106712,,1.968505,0.0
113290,DILLON AP,MT,45.2575,-112.5545,1585.0,20170215,29.12,50.0,36.14,10.513618,210.0,25.948504,,0.0,0.0
113291,DILLON AP,MT,45.2575,-112.5545,1585.0,20170219,30.2,44.06,39.2,7.381902,210.0,29.08022,,0.0,0.07086618
113292,DILLON AP,MT,45.2575,-112.5545,1585.0,20170305,27.14,44.06,38.3,13.869028,210.0,44.067718,,0.0,0.0
113293,DILLON AP,MT,45.2575,-112.5545,1585.0,20170319,35.06,59.0,50.72,9.171453999999999,210.0,33.106712,,0.0,0.0
113294,DILLON AP,MT,45.2575,-112.5545,1585.0,20170326,27.14,51.98,40.1,9.395147999999999,210.0,36.90951,,0.0,0.0
113295,DILLON AP,MT,45.2575,-112.5545,1585.0,20170506,48.02,73.94,62.24,9.395147999999999,210.0,53.015478,,0.0,0.0
113296,DILLON AP,MT,45.2575,-112.5545,1585.0,20170517,31.1,39.92,37.22,7.605596,210.0,31.988242,,0.0,0.46063017
113297,DILLON AP,MT,45.2575,-112.5545,1585.0,20170715,55.04,91.94,71.78,7.381902,210.0,50.107456,,0.0,0.01181103
113298,DILLON AP,MT,45.2575,-112.5545,1585.0,20170815,46.04,78.98,62.06,3.802798,210.0,17.000744,,0.0,0.0
113299,DILLON AP,MT,45.2575,-112.5545,1585.0,20170827,46.04,91.04,68.54,6.71082,210.0,17.000744,,0.0,0.0
113300,DILLON AP,MT,45.2575,-112.5545,1585.0,20170829,50.0,91.04,69.98,6.934514,210.0,19.908766,,0.0,0.0
113301,DILLON AP,MT,45.2575,-112.5545,1585.0,20170907,46.04,82.04,62.96,6.487126,210.0,14.092722,,0.0,0.0
113302,DILLON AP,MT,45.2575,-112.5545,1585.0,20170910,53.06,82.94,,8.052984,210.0,21.922012,,0.0,0.0
113317,GREAT FALLS INTL AP,MT,47.4733,-111.3822,1116.8,20170103,-14.8,2.12,-6.52,4.921268,210.0,12.079476,0.0,3.93701,0.0
113318,GREAT FALLS INTL AP,MT,47.4733,-111.3822,1116.8,20170105,-2.74,13.1,5.36,18.119214000000003,210.0,29.974996,0.0,3.93701,0.0
113319,GREAT FALLS INTL AP,MT,47.4733,-111.3822,1116.8,20170106,0.14,19.22,12.74,9.618841999999999,210.0,21.922012,0.0,3.149608,0.0
113320,GREAT FALLS INTL AP,MT,47.4733,-111.3822,1116.8,20170114,16.16,30.2,22.64,19.237683999999998,210.0,27.96175,0.0,3.93701,0.0
113321,GREAT FALLS INTL AP,MT,47.4733,-111.3822,1116.8,20170115,20.12,33.08,27.68,19.908766,210.0,31.093465999999996,0.0,3.149608,0.0
113322,GREAT FALLS INTL AP,MT,47.4733,-111.3822,1116.8,20170116,21.2,35.06,25.52,19.461378,210.0,31.093465999999996,0.0,3.149608,0.0
113323,GREAT FALLS INTL AP,MT,47.4733,-111.3822,1116.8,20170125,8.24,31.1,22.28,9.171453999999999,210.0,16.105968,0.0,1.181103,0.0
113324,GREAT FALLS INTL AP,MT,47.4733,-111.3822,1116.8,20170209,1.22,53.06,21.38,16.553356,210.0,42.949248,0.0,3.93701,0.01968505
113325,GREAT FALLS INTL AP,MT,47.4733,-111.3822,1116.8,20170216,42.08,62.96,52.16,20.803542,210.0,50.107456,0.0,0.0,0.0
113326,GREAT FALLS INTL AP,MT,47.4733,-111.3822,1116.8,20170217,30.2,51.08,45.68,17.000744,210.0,42.949248,0.0,0.0,0.0
113327,GREAT FALLS INTL AP,MT,47.4733,-111.3822,1116.8,20170317,23.18,59.0,39.38,7.381902,210.0,18.119214000000003,0.0,0.0,0.0
113328,GREAT FALLS INTL AP,MT,47.4733,-111.3822,1116.8,20170531,51.98,87.08,68.54,7.829289999999999,210.0,25.053728,0.0,0.0,0.0
113329,GREAT FALLS INTL AP,MT,47.4733,-111.3822,1116.8,20170612,37.94,77.0,60.08,8.052984,210.0,36.90951,0.0,0.0,0.77952798
113330,GREAT FALLS INTL AP,MT,47.4733,-111.3822,1116.8,20170701,48.92,89.96,71.24,7.605596,210.0,21.922012,0.0,0.0,0.0
113331,GREAT FALLS INTL AP,MT,47.4733,-111.3822,1116.8,20170706,57.02,96.08,79.52,6.487126,210.0,21.922012,0.0,0.0,0.0
113332,GREAT FALLS INTL AP,MT,47.4733,-111.3822,1116.8,20170823,50.0,93.02,73.22,5.59235,210.0,27.96175,0.0,0.0,0.0
113333,GREAT FALLS INTL AP,MT,47.4733,-111.3822,1116.8,20170909,59.0,89.96,75.02,12.526864,210.0,31.093465999999996,0.0,0.0,0.0
113334,GREAT FALLS INTL AP,MT,47.4733,-111.3822,1116.8,20170917,39.02,64.94,49.82,14.092722,210.0,34.001488,0.0,0.0,0.0
113335,HELENA RGNL AP,MT,46.6056,-111.9636,1166.8,20170115,-9.76,7.16,-2.38,0.894776,210.0,8.94776,0.0,7.87402,0.0
113336,HELENA RGNL AP,MT,46.6056,-111.9636,1166.8,20170129,16.16,35.96,26.24,4.026492,210.0,12.974252,0.0,5.905515,0.0
113385,LIVINGSTON MISSION FLD,MT,45.6983,-110.4408,1415.2,20170109,13.1,46.04,,18.119214000000003,210.0,53.015478,,,0.07086618
113386,LIVINGSTON MISSION FLD,MT,45.6983,-110.4408,1415.2,20170118,39.02,48.02,,29.08022,210.0,55.9235,,,0.0
113387,LIVINGSTON MISSION FLD,MT,45.6983,-110.4408,1415.2,20170130,37.04,51.98,,25.72481,210.0,55.9235,,,0.0
113388,LIVINGSTON MISSION FLD,MT,45.6983,-110.4408,1415.2,20170203,-19.84,42.08,,11.408394,210.0,42.949248,,,0.0
113389,LIVINGSTON MISSION FLD,MT,45.6983,-110.4408,1415.2,20170206,13.1,46.04,,18.119214000000003,210.0,57.936746,,,0.24015761
113390,LIVINGSTON MISSION FLD,MT,45.6983,-110.4408,1415.2,20170209,17.24,53.96,,29.751302000000003,210.0,59.055216,,,0.0
113391,LIVINGSTON MISSION FLD,MT,45.6983,-110.4408,1415.2,20170314,44.96,66.02,,20.356154,210.0,46.080964,,,0.0
113392,LIVINGSTON MISSION FLD,MT,45.6983,-110.4408,1415.2,20170318,31.1,75.02,,23.48787,210.0,61.963238,,,0.0
113393,LIVINGSTON MISSION FLD,MT,45.6983,-110.4408,1415.2,20170326,26.24,57.92,,12.750558,210.0,36.90951,,,0.0
113394,LIVINGSTON MISSION FLD,MT,45.6983,-110.4408,1415.2,20170422,33.98,60.98,,8.052984,210.0,29.08022,,,0.0
113395,LIVINGSTON MISSION FLD,MT,45.6983,-110.4408,1415.2,20170430,32.0,57.02,,15.882273999999999,210.0,40.041226,,,0.0
113396,LIVINGSTON MISSION FLD,MT,45.6983,-110.4408,1415.2,20170514,33.08,59.0,,11.1847,210.0,29.974996,,,0.0
113397,LIVINGSTON MISSION FLD,MT,45.6983,-110.4408,1415.2,20170524,41.0,73.94,,23.48787,210.0,48.09421,,,0.0
113398,LIVINGSTON MISSION FLD,MT,45.6983,-110.4408,1415.2,20170702,53.06,87.98,,12.526864,210.0,44.962494,,,0.0
113399,LIVINGSTON MISSION FLD,MT,45.6983,-110.4408,1415.2,20170706,57.92,96.08,,10.066230000000001,210.0,38.922756,,,0.0
113400,LIVINGSTON MISSION FLD,MT,45.6983,-110.4408,1415.2,20170720,50.0,96.98,,10.513618,210.0,29.974996,,,0.0
113401,LIVINGSTON MISSION FLD,MT,45.6983,-110.4408,1415.2,20170726,44.06,87.08,,4.47388,210.0,29.08022,,,0.0
113402,LIVINGSTON MISSION FLD,MT,45.6983,-110.4408,1415.2,20170823,46.04,91.94,,8.94776,210.0,31.988242,,,0.0
113403,LIVINGSTON MISSION FLD,MT,45.6983,-110.4408,1415.2,20170825,50.0,89.06,,12.30317,210.0,52.120702,,,0.0
113404,LIVINGSTON MISSION FLD,MT,45.6983,-110.4408,1415.2,20170908,41.0,87.98,,9.618841999999999,210.0,36.90951,,,0.0
113405,LIVINGSTON MISSION FLD,MT,45.6983,-110.4408,1415.2,20170912,46.04,91.94,,10.737312,210.0,46.080964,,,0.0
113412,MISSOULA INTL AP,MT,46.9208,-114.0925,972.9,20170227,21.2,33.08,27.32,4.47388,210.0,17.000744,1.4960638000000002,1.968505,0.05118113
113413,MISSOULA INTL AP,MT,46.9208,-114.0925,972.9,20170505,42.08,78.98,62.42,5.816044000000001,210.0,40.041226,0.0,0.0,0.01968505
116308,GLASGOW INTL AP,MT,48.2138,-106.6213,696.5,20170214,25.16,44.96,34.34,6.71082,210.0,18.119214000000003,0.0,0.0,0.0
116309,GLASGOW INTL AP,MT,48.2138,-106.6213,696.5,20170628,48.92,78.98,65.12,15.211192,210.0,35.119958000000004,0.0,0.0,0.01181103
116310,GLASGOW INTL AP,MT,48.2138,-106.6213,696.5,20170810,48.92,78.98,63.32,6.263432,210.0,17.000744,0.0,0.0,0.0
116311,HAVRE CITY CO AP,MT,48.5428,-109.7633,787.9,20170104,-14.8,11.12,-3.46,12.526864,210.0,27.96175,0.0,3.93701,0.0
116312,HAVRE CITY CO AP,MT,48.5428,-109.7633,787.9,20170117,31.1,44.06,32.18,23.48787,210.0,40.936002,0.0,7.87402,0.0
116313,HAVRE CITY CO AP,MT,48.5428,-109.7633,787.9,20170220,30.2,51.98,38.12,10.513618,210.0,23.935257999999997,0.0,0.0,0.0
116314,HAVRE CITY CO AP,MT,48.5428,-109.7633,787.9,20170221,33.08,39.92,38.48,6.71082,210.0,23.935257999999997,0.0,0.0,0.0787402
116315,HAVRE CITY CO AP,MT,48.5428,-109.7633,787.9,20170318,33.98,75.02,50.36,11.408394,210.0,31.988242,0.0,0.0,0.0
116316,HAVRE CITY CO AP,MT,48.5428,-109.7633,787.9,20170404,26.24,51.98,37.76,10.961006,210.0,29.08022,0.0,0.0,0.0
116317,HAVRE CITY CO AP,MT,48.5428,-109.7633,787.9,20170506,48.02,82.94,70.34,5.368656,210.0,44.067718,0.0,0.0,0.01968505
116318,HAVRE CITY CO AP,MT,48.5428,-109.7633,787.9,20170604,48.92,96.08,71.78,7.605596,210.0,44.067718,0.0,0.0,0.09055123
116322,WOLF POINT INTL AP,MT,48.0944,-105.5744,605.3,20170401,42.08,64.04,,9.171453999999999,210.0,27.066974,0.0,0.0,0.0
116323,WOLF POINT INTL AP,MT,48.0944,-105.5744,605.3,20170412,27.14,60.98,,3.802798,210.0,14.987498,0.0,0.0,0.0
116324,WOLF POINT INTL AP,MT,48.0944,-105.5744,605.3,20170719,60.98,96.08,,6.71082,210.0,29.974996,0.0,0.0,0.0393701
116325,WOLF POINT INTL AP,MT,48.0944,-105.5744,605.3,20170917,37.04,66.02,,5.1449620000000005,210.0,19.908766,0.0,0.0,0.0
116375,JORDAN AP,MT,47.3258,-106.9475,811.4,20170220,27.14,57.02,,6.71082,210.0,23.935257999999997,0.0,0.0,0.0
116376,JORDAN AP,MT,47.3258,-106.9475,811.4,20170221,31.1,51.08,,5.816044000000001,210.0,23.935257999999997,,0.0,0.05118113
116377,JORDAN AP,MT,47.3258,-106.9475,811.4,20170603,42.98,87.08,,7.381902,210.0,18.119214000000003,0.0,0.0,0.0
116378,JORDAN AP,MT,47.3258,-106.9475,811.4,20170824,64.94,98.06,,10.066230000000001,210.0,38.922756,0.0,0.0,0.01968505
117314,KALISPELL GLACIER AP,MT,48.3042,-114.2636,901.3,20170126,6.26,27.14,19.94,0.894776,200.0,6.934514,0.0,12.992133,0.0
117315,KALISPELL GLACIER AP,MT,48.3042,-114.2636,901.3,20170302,25.16,41.0,32.72,6.263432,200.0,25.948504,0.0,16.141741,0.0
117316,KALISPELL GLACIER AP,MT,48.3042,-114.2636,901.3,20170311,21.2,48.02,34.52,2.9080220000000003,200.0,16.105968,0.0,11.023628,0.01181103
117317,KALISPELL GLACIER AP,MT,48.3042,-114.2636,901.3,20170428,37.94,51.08,42.62,4.921268,200.0,18.119214000000003,0.0,0.0,0.07086618
117318,KALISPELL GLACIER AP,MT,48.3042,-114.2636,901.3,20170623,37.94,75.92,57.74,3.35541,200.0,14.092722,0.0,0.0,0.0
121319,BILLINGS LOGAN INTL AP,MT,45.8069,-108.5422,1091.5,20170220,33.08,55.94,43.88,13.869028,200.0,31.093465999999996,0.0,0.0,0.0
121320,BILLINGS LOGAN INTL AP,MT,45.8069,-108.5422,1091.5,20170626,53.06,93.02,71.78,7.605596,200.0,29.08022,0.0,0.0,0.0
121321,LEWISTOWN MUNI AP,MT,47.0492,-109.4578,1263.4,20170111,-16.78,0.14,,4.47388,200.0,14.987498,,3.93701,0.01968505
121322,LEWISTOWN MUNI AP,MT,47.0492,-109.4578,1263.4,20170523,35.96,75.02,,5.368656,200.0,16.105968,,0.0,0.0
121323,LEWISTOWN MUNI AP,MT,47.0492,-109.4578,1263.4,20170613,44.06,64.94,,9.171453999999999,200.0,36.90951,,0.0,0.37007894
121324,LEWISTOWN MUNI AP,MT,47.0492,-109.4578,1263.4,20170626,48.02,91.94,,8.276678,200.0,25.948504,,0.0,0.01968505
121325,LEWISTOWN MUNI AP,MT,47.0492,-109.4578,1263.4,20170701,48.02,87.98,,5.368656,200.0,17.000744,,0.0,0.01181103
121326,LEWISTOWN MUNI AP,MT,47.0492,-109.4578,1263.4,20170713,55.04,96.08,,6.487126,200.0,18.119214000000003,,0.0,0.0
121327,MILES CITY F WILEY FLD,MT,46.4267,-105.8825,799.8,20170620,55.04,91.94,,9.171453999999999,200.0,23.935257999999997,,,0.03149608
121412,BOZEMAN GALLATIN FLD,MT,45.7881,-111.1608,1349.3,20170114,-17.86,9.14,,2.9080220000000003,200.0,10.066230000000001,0.0,7.9921303,0.0
121413,BOZEMAN GALLATIN FLD,MT,45.7881,-111.1608,1349.3,20170213,6.26,39.02,,3.802798,200.0,12.974252,0.0,2.9921276000000003,0.0
121414,BOZEMAN GALLATIN FLD,MT,45.7881,-111.1608,1349.3,20170429,28.22,55.94,,5.368656,200.0,19.908766,0.0,0.0,0.0
121415,BOZEMAN GALLATIN FLD,MT,45.7881,-111.1608,1349.3,20170619,42.98,82.04,,4.921268,200.0,14.092722,0.0,0.0,0.0
121416,BOZEMAN GALLATIN FLD,MT,45.7881,-111.1608,1349.3,20170725,51.98,80.96,,6.263432,200.0,18.119214000000003,0.0,0.0,0.0
121417,BOZEMAN GALLATIN FLD,MT,45.7881,-111.1608,1349.3,20170917,32.0,64.94,,4.6975739999999995,200.0,23.935257999999997,0.0,0.0,0.0
121444,BUTTE BERT MOONEY AP,MT,45.9647,-112.5006,1678.2,20170119,19.22,37.94,26.06,3.35541,200.0,18.119214000000003,,,0.0
121445,BUTTE BERT MOONEY AP,MT,45.9647,-112.5006,1678.2,20170122,1.22,31.1,14.54,2.013246,200.0,19.908766,,,0.0
121446,BUTTE BERT MOONEY AP,MT,45.9647,-112.5006,1678.2,20170124,-0.76,23.18,13.46,2.013246,200.0,8.052984,,,0.0
121447,BUTTE BERT MOONEY AP,MT,45.9647,-112.5006,1678.2,20170411,21.2,50.0,34.34,5.59235,200.0,21.922012,,,0.0
121448,BUTTE BERT MOONEY AP,MT,45.9647,-112.5006,1678.2,20170531,41.0,80.96,61.52,7.158208,200.0,44.962494,,,0.01968505
121449,BUTTE BERT MOONEY AP,MT,45.9647,-112.5006,1678.2,20170704,44.96,87.98,68.72,5.368656,200.0,23.935257999999997,,,0.0
121450,BUTTE BERT MOONEY AP,MT,45.9647,-112.5006,1678.2,20170720,46.04,89.06,70.52,9.171453999999999,200.0,34.001488,,,0.0
121451,BUTTE BERT MOONEY AP,MT,45.9647,-112.5006,1678.2,20170723,46.94,91.04,69.44,4.47388,200.0,19.908766,,,0.0
121452,CUT BANK MUNI AP,MT,48.6033,-112.3753,1169.8,20170505,39.02,82.04,60.44,10.289924000000001,200.0,44.962494,,0.0,0.01181103
121453,DILLON AP,MT,45.2575,-112.5545,1585.0,20170105,-21.82,-2.74,-13.36,6.71082,200.0,16.105968,,1.968505,0.0
121454,DILLON AP,MT,45.2575,-112.5545,1585.0,20170107,0.14,21.2,6.44,9.395147999999999,200.0,19.01399,,1.181103,0.0
121455,DILLON AP,MT,45.2575,-112.5545,1585.0,20170115,-10.84,17.24,12.74,10.289924000000001,200.0,21.027236,,3.149608,0.0
121456,DILLON AP,MT,45.2575,-112.5545,1585.0,20170116,-7.78,24.26,15.98,8.052984,200.0,19.01399,,3.149608,0.0
121457,DILLON AP,MT,45.2575,-112.5545,1585.0,20170122,8.24,31.1,,5.59235,200.0,14.092722,,1.968505,0.0
121458,DILLON AP,MT,45.2575,-112.5545,1585.0,20170125,10.22,22.1,14.18,6.263432,200.0,18.119214000000003,,1.968505,0.0
121459,DILLON AP,MT,45.2575,-112.5545,1585.0,20170126,6.26,27.14,19.4,7.605596,200.0,16.105968,,1.968505,0.0
121460,DILLON AP,MT,45.2575,-112.5545,1585.0,20170208,10.22,39.02,23.36,6.487126,200.0,19.01399,,3.149608,0.0
121461,DILLON AP,MT,45.2575,-112.5545,1585.0,20170212,15.26,35.96,24.98,5.816044000000001,200.0,19.908766,,0.0,0.0
121462,DILLON AP,MT,45.2575,-112.5545,1585.0,20170214,20.12,44.06,30.02,7.381902,200.0,19.01399,,0.0,0.0
121463,DILLON AP,MT,45.2575,-112.5545,1585.0,20170217,31.1,46.94,37.94,6.934514,200.0,19.01399,,0.0,0.0
121464,DILLON AP,MT,45.2575,-112.5545,1585.0,20170220,28.22,46.94,36.32,11.1847,200.0,44.067718,,0.0,0.0
121465,DILLON AP,MT,45.2575,-112.5545,1585.0,20170304,31.1,48.92,39.56,11.632088000000001,200.0,40.936002,,0.0,0.0
121466,DILLON AP,MT,45.2575,-112.5545,1585.0,20170426,35.96,50.0,42.98,11.1847,200.0,35.119958000000004,,0.0,0.01181103
121467,DILLON AP,MT,45.2575,-112.5545,1585.0,20170429,32.0,57.02,41.72,6.263432,200.0,23.040482,,0.0,0.0
121468,DILLON AP,MT,45.2575,-112.5545,1585.0,20170430,37.04,59.0,47.12,13.42164,200.0,31.988242,,0.0,0.0
121469,DILLON AP,MT,45.2575,-112.5545,1585.0,20170503,29.12,69.08,46.94,5.1449620000000005,200.0,17.000744,,0.0,0.0
121470,DILLON AP,MT,45.2575,-112.5545,1585.0,20170516,32.0,53.96,43.34,8.500372,200.0,34.001488,,0.0,0.0
121471,DILLON AP,MT,45.2575,-112.5545,1585.0,20170703,51.98,89.96,71.24,8.276678,200.0,25.053728,,0.0,0.0
121472,DILLON AP,MT,45.2575,-112.5545,1585.0,20170708,59.0,95.0,75.92,7.605596,200.0,27.96175,,0.0,0.0
121473,DILLON AP,MT,45.2575,-112.5545,1585.0,20170709,57.02,89.06,73.58,10.513618,200.0,53.910254,,0.0,0.01968505
121474,DILLON AP,MT,45.2575,-112.5545,1585.0,20170722,48.92,87.98,68.18,5.816044000000001,200.0,14.092722,,0.0,0.0
121475,DILLON AP,MT,45.2575,-112.5545,1585.0,20170726,53.06,82.94,65.48,8.052984,200.0,18.119214000000003,,0.0,0.0
121476,DILLON AP,MT,45.2575,-112.5545,1585.0,20170823,48.02,87.08,68.72,6.71082,200.0,19.01399,,0.0,0.0
121477,DILLON AP,MT,45.2575,-112.5545,1585.0,20170830,55.94,87.08,72.32,8.724066,200.0,42.949248,,0.0,0.0
121478,DILLON AP,MT,45.2575,-112.5545,1585.0,20170903,51.08,95.0,72.14,7.381902,200.0,19.01399,,0.0,0.0
121479,DILLON AP,MT,45.2575,-112.5545,1585.0,20170906,46.04,80.06,60.44,5.368656,200.0,16.105968,,0.0,0.0
121480,DILLON AP,MT,45.2575,-112.5545,1585.0,20170916,32.0,46.94,35.24,6.71082,200.0,16.105968,,3.149608,0.12992133
121493,GREAT FALLS INTL AP,MT,47.4733,-111.3822,1116.8,20170121,14.18,35.96,25.52,5.816044000000001,200.0,12.079476,0.0,0.0,0.0
121494,GREAT FALLS INTL AP,MT,47.4733,-111.3822,1116.8,20170202,-1.84,13.1,8.06,5.816044000000001,200.0,21.027236,0.0,3.149608,0.0
121495,GREAT FALLS INTL AP,MT,47.4733,-111.3822,1116.8,20170227,6.26,22.1,15.26,6.934514,200.0,14.987498,0.393701,3.149608,0.05118113
121496,GREAT FALLS INTL AP,MT,47.4733,-111.3822,1116.8,20170429,30.2,57.92,42.26,9.618841999999999,200.0,25.948504,0.0,0.0,0.0
121497,GREAT FALLS INTL AP,MT,47.4733,-111.3822,1116.8,20170607,53.06,82.94,67.1,9.395147999999999,200.0,25.948504,0.0,0.0,0.0
121498,GREAT FALLS INTL AP,MT,47.4733,-111.3822,1116.8,20170630,44.96,82.04,63.32,8.500372,200.0,23.040482,0.0,0.0,0.0
121499,GREAT FALLS INTL AP,MT,47.4733,-111.3822,1116.8,20170708,62.06,98.96,83.3,7.829289999999999,200.0,21.027236,0.0,0.0,0.0
121500,GREAT FALLS INTL AP,MT,47.4733,-111.3822,1116.8,20170709,53.96,98.96,79.52,7.605596,200.0,25.948504,0.0,0.0,0.0
121501,HELENA RGNL AP,MT,46.6056,-111.9636,1166.8,20170506,57.02,80.96,68.0,7.158208,200.0,48.09421,0.0,0.0,0.01181103
121543,LIVINGSTON MISSION FLD,MT,45.6983,-110.4408,1415.2,20170215,6.08,59.0,,32.883018,200.0,63.976484,,,0.0
121544,LIVINGSTON MISSION FLD,MT,45.6983,-110.4408,1415.2,20170301,22.1,39.92,,25.72481,200.0,53.015478,,,0.0
121545,LIVINGSTON MISSION FLD,MT,45.6983,-110.4408,1415.2,20170505,39.02,82.94,,6.487126,200.0,25.948504,,,0.0
121546,LIVINGSTON MISSION FLD,MT,45.6983,-110.4408,1415.2,20170609,46.04,66.92,,15.882273999999999,200.0,48.09421,,,0.16929143
121547,LIVINGSTON MISSION FLD,MT,45.6983,-110.4408,1415.2,20170708,53.96,98.96,,10.737312,200.0,46.97574,,,0.0
121548,LIVINGSTON MISSION FLD,MT,45.6983,-110.4408,1415.2,20170724,53.06,95.0,,14.316416,200.0,50.107456,,,0.0
121549,LIVINGSTON MISSION FLD,MT,45.6983,-110.4408,1415.2,20170727,57.92,89.96,,13.869028,200.0,48.988986,,,0.0
121553,MISSOULA INTL AP,MT,46.9208,-114.0925,972.9,20170531,50.0,89.06,68.54,4.921268,200.0,35.119958000000004,0.0,0.0,0.05905515
124179,GLASGOW INTL AP,MT,48.2138,-106.6213,696.5,20170719,66.02,93.92,79.16,8.276678,200.0,23.040482,0.0,0.0,0.0
124180,GLASGOW INTL AP,MT,48.2138,-106.6213,696.5,20170803,50.0,78.08,62.96,7.829289999999999,200.0,18.119214000000003,0.0,0.0,0.0
124181,HAVRE CITY CO AP,MT,48.5428,-109.7633,787.9,20170407,35.06,75.92,55.58,12.30317,200.0,52.120702,0.0,0.0,0.01181103
124182,HAVRE CITY CO AP,MT,48.5428,-109.7633,787.9,20170515,32.0,64.04,48.56,7.605596,200.0,31.093465999999996,0.0,0.0,0.0
124183,HAVRE CITY CO AP,MT,48.5428,-109.7633,787.9,20170909,50.0,93.92,71.78,8.052984,200.0,21.922012,0.0,0.0,0.0
124190,WOLF POINT INTL AP,MT,48.0944,-105.5744,605.3,20170318,33.08,71.06,,7.158208,200.0,16.105968,0.0,0.0,0.0
124191,WOLF POINT INTL AP,MT,48.0944,-105.5744,605.3,20170406,39.92,71.96,,9.171453999999999,200.0,29.08022,0.0,0.0,0.0
124192,WOLF POINT INTL AP,MT,48.0944,-105.5744,605.3,20170708,57.02,104.0,,6.71082,200.0,27.066974,0.0,0.0,0.0
124253,JORDAN AP,MT,47.3258,-106.9475,811.4,20170318,31.1,71.96,,8.276678,200.0,27.96175,0.0,0.0,0.0
124254,JORDAN AP,MT,47.3258,-106.9475,811.4,20170410,33.08,53.96,,8.500372,200.0,23.935257999999997,0.0,0.0,0.0
124255,JORDAN AP,MT,47.3258,-106.9475,811.4,20170709,59.0,98.96,,6.039738,200.0,21.922012,0.0,0.0,0.0
124256,JORDAN AP,MT,47.3258,-106.9475,811.4,20170716,62.06,100.94,,5.816044000000001,200.0,27.066974,0.0,0.0,0.0
124257,JORDAN AP,MT,47.3258,-106.9475,811.4,20170818,46.94,93.02,,3.579104,200.0,25.948504,0.0,0.0,0.0
124273,BAKER MUNI AP,MT,46.3583,-104.25,905.6,20170511,39.92,75.02,,8.500372,200.0,25.948504,,,0.0
124274,BAKER MUNI AP,MT,46.3583,-104.25,905.6,20170708,53.06,98.06,,8.94776,200.0,21.922012,,,0.0
124275,BAKER MUNI AP,MT,46.3583,-104.25,905.6,20170808,53.96,84.92,,10.066230000000001,200.0,36.014734000000004,,,0.20866153
124276,BAKER MUNI AP,MT,46.3583,-104.25,905.6,20170906,42.98,82.94,,3.35541,200.0,16.105968,,,0.0
125046,KALISPELL GLACIER AP,MT,48.3042,-114.2636,901.3,20170125,18.14,30.2,22.28,1.11847,190.0,8.052984,3.7007894,11.023628,0.12992133
125047,KALISPELL GLACIER AP,MT,48.3042,-114.2636,901.3,20170128,7.16,31.1,26.06,3.131716,190.0,14.987498,0.0,12.992133,0.0
125048,KALISPELL GLACIER AP,MT,48.3042,-114.2636,901.3,20170216,32.0,41.0,33.98,2.23694,190.0,19.01399,0.0,16.141741,0.05905515
125049,KALISPELL GLACIER AP,MT,48.3042,-114.2636,901.3,20170304,32.0,42.08,37.22,6.039738,190.0,21.027236,0.0,11.81103,0.09055123
128965,BILLINGS LOGAN INTL AP,MT,45.8069,-108.5422,1091.5,20170315,39.92,73.04,53.96,10.513618,190.0,23.935257999999997,0.0,0.0,0.0
128966,BILLINGS LOGAN INTL AP,MT,45.8069,-108.5422,1091.5,20170816,53.96,89.96,71.6,10.066230000000001,190.0,29.08022,0.0,0.0,0.0
128967,LEWISTOWN MUNI AP,MT,47.0492,-109.4578,1263.4,20170422,37.04,59.0,,5.1449620000000005,190.0,14.987498,,0.0,0.0
128968,LEWISTOWN MUNI AP,MT,47.0492,-109.4578,1263.4,20170426,28.22,48.92,,6.934514,190.0,17.000744,,0.0,0.14960638
128969,LEWISTOWN MUNI AP,MT,47.0492,-109.4578,1263.4,20170512,46.04,80.96,,9.618841999999999,190.0,38.922756,0.0,0.0,0.0
128970,MILES CITY F WILEY FLD,MT,46.4267,-105.8825,799.8,20170117,-1.84,30.2,,8.724066,190.0,18.119214000000003,,,0.0
128971,MILES CITY F WILEY FLD,MT,46.4267,-105.8825,799.8,20170917,37.04,64.94,,8.276678,190.0,17.000744,,,0.0
129067,BOZEMAN GALLATIN FLD,MT,45.7881,-111.1608,1349.3,20170102,-15.88,5.18,,2.23694,190.0,10.066230000000001,1.181103,5.984255200000001,0.01181103
129068,BOZEMAN GALLATIN FLD,MT,45.7881,-111.1608,1349.3,20170104,-14.8,-0.76,,2.460634,190.0,10.066230000000001,0.0,5.984255200000001,0.0
129069,BOZEMAN GALLATIN FLD,MT,45.7881,-111.1608,1349.3,20170112,-13.9,12.2,,2.9080220000000003,190.0,10.066230000000001,0.3149608,7.9921303,0.01181103
129070,BOZEMAN GALLATIN FLD,MT,45.7881,-111.1608,1349.3,20170123,3.2,25.16,,3.802798,190.0,12.079476,0.0,2.9921276000000003,0.0
129071,BOZEMAN GALLATIN FLD,MT,45.7881,-111.1608,1349.3,20170127,-8.86,20.12,,3.802798,190.0,12.974252,0.0,4.0157502,0.0
129072,BOZEMAN GALLATIN FLD,MT,45.7881,-111.1608,1349.3,20170202,-25.78,5.18,,2.013246,190.0,8.94776,0.0,10.000005400000001,0.0
129073,BOZEMAN GALLATIN FLD,MT,45.7881,-111.1608,1349.3,20170203,-27.76,14.18,,2.23694,190.0,10.961006,0.0,10.000005400000001,0.0
129074,BOZEMAN GALLATIN FLD,MT,45.7881,-111.1608,1349.3,20170215,10.22,46.04,,4.47388,190.0,12.974252,0.0,2.9921276000000003,0.0
129075,BOZEMAN GALLATIN FLD,MT,45.7881,-111.1608,1349.3,20170705,50.0,93.92,,6.263432,190.0,57.936746,0.0,0.0,0.0
129076,BOZEMAN GALLATIN FLD,MT,45.7881,-111.1608,1349.3,20170904,51.08,71.06,,6.039738,190.0,27.066974,0.0,0.0,0.0
129090,BUTTE BERT MOONEY AP,MT,45.9647,-112.5006,1678.2,20170118,6.26,44.06,20.3,3.802798,190.0,16.105968,,,0.0
129091,BUTTE BERT MOONEY AP,MT,45.9647,-112.5006,1678.2,20170220,24.26,42.98,34.16,7.605596,190.0,29.974996,,,0.0
129092,BUTTE BERT MOONEY AP,MT,45.9647,-112.5006,1678.2,20170226,20.12,26.24,21.74,7.829289999999999,190.0,21.922012,,,0.0
129093,BUTTE BERT MOONEY AP,MT,45.9647,-112.5006,1678.2,20170506,48.92,75.92,59.9,6.487126,190.0,55.9235,,,0.09842525
129094,BUTTE BERT MOONEY AP,MT,45.9647,-112.5006,1678.2,20170612,37.94,66.02,52.52,5.59235,190.0,36.90951,,,0.83858313
129095,CUT BANK MUNI AP,MT,48.6033,-112.3753,1169.8,20170518,35.06,57.92,44.24,8.052984,190.0,23.040482,,0.0,0.0
129096,CUT BANK MUNI AP,MT,48.6033,-112.3753,1169.8,20170830,50.0,93.02,72.68,8.052984,190.0,36.014734000000004,,0.0,0.0
129097,DILLON AP,MT,45.2575,-112.5545,1585.0,20170104,-18.76,-0.76,-7.42,3.131716,190.0,12.974252,,1.968505,0.0
129098,DILLON AP,MT,45.2575,-112.5545,1585.0,20170112,-6.88,12.2,3.56,3.35541,190.0,19.908766,,3.93701,0.0
129099,DILLON AP,MT,45.2575,-112.5545,1585.0,20170205,27.14,42.08,34.88,19.01399,190.0,46.080964,,3.149608,0.0
129100,DILLON AP,MT,45.2575,-112.5545,1585.0,20170324,26.24,57.02,40.1,13.42164,190.0,44.067718,,0.0,0.0
129101,DILLON AP,MT,45.2575,-112.5545,1585.0,20170412,31.1,64.04,44.06,6.934514,190.0,31.093465999999996,,0.0,0.0
129102,DILLON AP,MT,45.2575,-112.5545,1585.0,20170413,33.08,66.92,52.52,12.079476,190.0,53.910254,,0.0,0.48818924
129103,DILLON AP,MT,45.2575,-112.5545,1585.0,20170512,35.06,78.08,63.14,14.316416,190.0,52.120702,,0.0,0.22834658
129104,DILLON AP,MT,45.2575,-112.5545,1585.0,20170603,42.08,80.06,59.9,6.487126,190.0,21.027236,,0.0,0.0
129105,DILLON AP,MT,45.2575,-112.5545,1585.0,20170612,39.02,64.94,52.52,9.618841999999999,190.0,35.119958000000004,,0.0,0.20078751
129106,DILLON AP,MT,45.2575,-112.5545,1585.0,20170713,53.06,93.92,72.32,6.71082,190.0,19.01399,,0.0,0.0
129107,DILLON AP,MT,45.2575,-112.5545,1585.0,20170723,46.94,93.02,70.52,6.934514,190.0,19.01399,,0.0,0.0
129117,GREAT FALLS INTL AP,MT,47.4733,-111.3822,1116.8,20170203,1.22,27.14,11.12,9.171453999999999,190.0,18.119214000000003,0.5905515,3.149608,0.05118113
129118,GREAT FALLS INTL AP,MT,47.4733,-111.3822,1116.8,20170321,33.08,55.94,40.46,8.052984,190.0,25.948504,0.0,0.0,0.0
129119,GREAT FALLS INTL AP,MT,47.4733,-111.3822,1116.8,20170420,27.14,64.04,47.48,10.066230000000001,190.0,34.001488,0.0,0.0,0.09842525
129120,HELENA RGNL AP,MT,46.6056,-111.9636,1166.8,20170203,-15.88,14.18,-2.74,1.342164,190.0,8.052984,0.0,7.086618,0.01181103
129121,HELENA RGNL AP,MT,46.6056,-111.9636,1166.8,20170324,26.24,64.04,42.26,8.052984,190.0,38.02798,0.0,0.0,0.0
129122,HELENA RGNL AP,MT,46.6056,-111.9636,1166.8,20170530,48.92,82.94,66.38,5.1449620000000005,190.0,27.96175,0.0,0.0,0.0
129123,HELENA RGNL AP,MT,46.6056,-111.9636,1166.8,20170702,60.08,91.04,76.82,6.487126,190.0,38.02798,0.0,0.0,0.0
129124,HELENA RGNL AP,MT,46.6056,-111.9636,1166.8,20170728,62.06,93.92,78.26,7.381902,190.0,40.936002,0.0,0.0,0.0
129149,LIVINGSTON MISSION FLD,MT,45.6983,-110.4408,1415.2,20170506,44.06,80.06,,11.1847,190.0,42.054472,,,0.0
129154,MISSOULA INTL AP,MT,46.9208,-114.0925,972.9,20170302,30.2,48.02,36.14,2.460634,190.0,12.079476,0.0,0.0,0.0
131599,GLASGOW INTL AP,MT,48.2138,-106.6213,696.5,20170119,18.14,37.04,27.32,6.263432,190.0,14.987498,0.0,3.149608,0.0
131600,GLASGOW INTL AP,MT,48.2138,-106.6213,696.5,20170410,30.2,55.04,39.02,11.855782000000001,190.0,25.053728,0.0,0.0,0.0
131601,GLASGOW INTL AP,MT,48.2138,-106.6213,696.5,20170511,46.94,80.06,62.96,8.94776,190.0,19.01399,0.0,0.0,0.0
131602,GLASGOW INTL AP,MT,48.2138,-106.6213,696.5,20170902,51.08,91.94,69.98,7.829289999999999,190.0,29.974996,0.0,0.0,0.0
131603,GLASGOW INTL AP,MT,48.2138,-106.6213,696.5,20170917,39.02,64.94,49.46,8.276678,190.0,21.922012,0.0,0.0,0.0
131605,WOLF POINT INTL AP,MT,48.0944,-105.5744,605.3,20170324,29.12,68.0,,6.039738,190.0,23.040482,0.0,0.0,0.0
131606,WOLF POINT INTL AP,MT,48.0944,-105.5744,605.3,20170505,42.08,87.98,,5.816044000000001,190.0,19.01399,0.0,0.0,0.0
131607,WOLF POINT INTL AP,MT,48.0944,-105.5744,605.3,20170519,30.2,64.94,,7.605596,190.0,19.908766,0.0,0.0,0.0
131608,WOLF POINT INTL AP,MT,48.0944,-105.5744,605.3,20170620,50.0,86.0,,5.59235,190.0,18.119214000000003,0.0,0.0,0.0
131609,WOLF POINT INTL AP,MT,48.0944,-105.5744,605.3,20170723,53.96,100.04,,6.039738,190.0,21.922012,0.0,0.0,0.0
131667,JORDAN AP,MT,47.3258,-106.9475,811.4,20170203,3.2,25.16,,7.381902,190.0,21.027236,0.0,0.0,0.0
131668,JORDAN AP,MT,47.3258,-106.9475,811.4,20170330,39.02,60.08,,5.59235,190.0,17.000744,0.0,0.0,0.0
131669,JORDAN AP,MT,47.3258,-106.9475,811.4,20170626,42.08,91.04,,11.1847,190.0,38.922756,0.0,0.0,0.0
131682,BAKER MUNI AP,MT,46.3583,-104.25,905.6,20170213,24.26,39.02,,11.408394,190.0,35.119958000000004,,,0.0
131683,BAKER MUNI AP,MT,46.3583,-104.25,905.6,20170305,26.24,66.02,,11.408394,190.0,29.08022,,,0.0
132515,KALISPELL GLACIER AP,MT,48.3042,-114.2636,901.3,20170114,12.2,18.14,13.64,1.342164,180.0,6.934514,0.0,11.023628,0.01181103
132516,KALISPELL GLACIER AP,MT,48.3042,-114.2636,901.3,20170212,5.18,35.96,23.0,2.9080220000000003,180.0,12.974252,0.0,16.929143,0.0
132517,KALISPELL GLACIER AP,MT,48.3042,-114.2636,901.3,20170213,6.26,39.92,18.5,0.447388,180.0,8.052984,0.0,16.141741,0.0
132518,KALISPELL GLACIER AP,MT,48.3042,-114.2636,901.3,20170306,12.2,33.08,24.44,5.59235,180.0,23.935257999999997,0.0,11.81103,0.01181103
132519,KALISPELL GLACIER AP,MT,48.3042,-114.2636,901.3,20170326,25.16,51.08,38.84,4.921268,180.0,17.000744,0.0,0.0,0.07086618
132520,KALISPELL GLACIER AP,MT,48.3042,-114.2636,901.3,20170516,39.02,51.98,46.4,5.1449620000000005,180.0,18.119214000000003,0.0,0.0,0.0393701
132521,KALISPELL GLACIER AP,MT,48.3042,-114.2636,901.3,20170715,55.94,89.96,74.48,5.816044000000001,180.0,25.948504,0.0,0.0,0.03149608
132522,KALISPELL GLACIER AP,MT,48.3042,-114.2636,901.3,20170828,42.98,89.06,66.02,3.131716,180.0,14.987498,0.0,0.0,0.0
136613,BILLINGS LOGAN INTL AP,MT,45.8069,-108.5422,1091.5,20170406,41.0,71.06,53.42,9.395147999999999,180.0,23.935257999999997,0.0,0.0,0.0
136614,LEWISTOWN MUNI AP,MT,47.0492,-109.4578,1263.4,20170114,3.2,31.1,,5.368656,180.0,12.079476,,1.968505,0.0
136615,LEWISTOWN MUNI AP,MT,47.0492,-109.4578,1263.4,20170612,42.98,75.92,,14.316416,180.0,57.936746,,0.0,0.90944931
136616,MILES CITY F WILEY FLD,MT,46.4267,-105.8825,799.8,20170831,69.08,96.08,,10.737312,180.0,29.08022,,,0.0
136728,BOZEMAN GALLATIN FLD,MT,45.7881,-111.1608,1349.3,20170126,-0.76,25.16,,3.579104,180.0,8.94776,0.0,4.0157502,0.0
136729,BOZEMAN GALLATIN FLD,MT,45.7881,-111.1608,1349.3,20170304,33.08,51.08,,8.500372,180.0,33.106712,0.0,0.0,0.0
136730,BOZEMAN GALLATIN FLD,MT,45.7881,-111.1608,1349.3,20170506,44.96,78.08,,5.59235,180.0,29.08022,0.0,0.0,0.0
136731,BOZEMAN GALLATIN FLD,MT,45.7881,-111.1608,1349.3,20170609,46.04,69.98,,7.605596,180.0,36.014734000000004,0.0,0.0,0.18897648
136732,BOZEMAN GALLATIN FLD,MT,45.7881,-111.1608,1349.3,20170726,51.98,86.0,,6.934514,180.0,36.90951,0.0,0.0,0.0
136733,BOZEMAN GALLATIN FLD,MT,45.7881,-111.1608,1349.3,20170728,51.08,91.04,,5.59235,180.0,18.119214000000003,0.0,0.0,0.0
136734,BOZEMAN GALLATIN FLD,MT,45.7881,-111.1608,1349.3,20170729,59.0,91.04,,5.816044000000001,180.0,17.000744,0.0,0.0,0.0
136740,BUTTE BERT MOONEY AP,MT,45.9647,-112.5006,1678.2,20170205,22.1,44.96,36.68,8.052984,180.0,35.119958000000004,,,0.0
136741,BUTTE BERT MOONEY AP,MT,45.9647,-112.5006,1678.2,20170209,25.16,50.0,35.78,6.263432,180.0,25.053728,,,0.0
136742,BUTTE BERT MOONEY AP,MT,45.9647,-112.5006,1678.2,20170218,32.0,44.96,37.22,9.842536,180.0,33.106712,,,0.0
136743,BUTTE BERT MOONEY AP,MT,45.9647,-112.5006,1678.2,20170303,29.12,48.92,39.02,7.605596,180.0,25.948504,,,0.0
136744,BUTTE BERT MOONEY AP,MT,45.9647,-112.5006,1678.2,20170407,32.0,57.92,46.4,11.408394,180.0,46.97574,,,0.09055123
136745,BUTTE BERT MOONEY AP,MT,45.9647,-112.5006,1678.2,20170603,37.94,78.98,59.18,5.1449620000000005,180.0,23.935257999999997,,,0.0
136746,BUTTE BERT MOONEY AP,MT,45.9647,-112.5006,1678.2,20170708,53.06,93.02,74.48,5.816044000000001,180.0,25.948504,,,0.0
136747,BUTTE BERT MOONEY AP,MT,45.9647,-112.5006,1678.2,20170809,51.98,78.98,65.12,5.1449620000000005,180.0,23.935257999999997,,,0.07086618
136748,BUTTE BERT MOONEY AP,MT,45.9647,-112.5006,1678.2,20170917,29.12,60.08,40.46,5.368656,180.0,18.119214000000003,,,0.0
136749,CUT BANK MUNI AP,MT,48.6033,-112.3753,1169.8,20170202,-6.88,14.18,3.2,4.250186,180.0,18.119214000000003,,1.968505,0.0
136750,DILLON AP,MT,45.2575,-112.5545,1585.0,20170209,33.08,46.04,39.56,13.42164,180.0,35.119958000000004,,3.149608,0.0
136751,DILLON AP,MT,45.2575,-112.5545,1585.0,20170407,37.04,57.92,50.9,15.658579999999999,180.0,51.002232,,0.0,0.03149608
136752,DILLON AP,MT,45.2575,-112.5545,1585.0,20170601,51.08,77.0,63.32,9.171453999999999,180.0,40.041226,,0.0,0.14173236
136753,DILLON AP,MT,45.2575,-112.5545,1585.0,20170814,51.98,75.02,62.24,4.026492,180.0,21.922012,,0.0,0.18110246
136754,DILLON AP,MT,45.2575,-112.5545,1585.0,20170911,44.96,87.08,66.02,5.816044000000001,180.0,16.105968,,0.0,0.0
136767,GREAT FALLS INTL AP,MT,47.4733,-111.3822,1116.8,20170710,60.08,89.96,78.98,12.30317,180.0,33.106712,0.0,0.0,0.01181103
136768,GREAT FALLS INTL AP,MT,47.4733,-111.3822,1116.8,20170719,62.96,91.94,78.26,10.066230000000001,180.0,27.96175,0.0,0.0,0.0
136769,HELENA RGNL AP,MT,46.6056,-111.9636,1166.8,20170216,32.0,55.04,38.3,7.605596,180.0,48.09421,0.0,3.93701,0.0
136770,HELENA RGNL AP,MT,46.6056,-111.9636,1166.8,20170304,33.98,51.98,46.22,7.381902,180.0,31.093465999999996,0.0,0.0,0.0
136771,HELENA RGNL AP,MT,46.6056,-111.9636,1166.8,20170329,42.08,57.02,47.48,5.816044000000001,180.0,23.040482,0.0,0.0,0.0
136772,HELENA RGNL AP,MT,46.6056,-111.9636,1166.8,20170607,51.98,89.06,68.18,5.816044000000001,180.0,38.02798,0.0,0.0,0.01181103
136773,HELENA RGNL AP,MT,46.6056,-111.9636,1166.8,20170612,46.04,77.0,60.98,5.816044000000001,180.0,44.962494,0.0,0.0,0.61811057
136774,HELENA RGNL AP,MT,46.6056,-111.9636,1166.8,20170705,57.92,98.96,78.8,6.263432,180.0,52.120702,0.0,0.0,0.01968505
136775,HELENA RGNL AP,MT,46.6056,-111.9636,1166.8,20170707,64.94,98.06,80.42,5.816044000000001,180.0,21.922012,0.0,0.0,0.0
136776,HELENA RGNL AP,MT,46.6056,-111.9636,1166.8,20170726,57.02,93.02,76.46,6.934514,180.0,36.90951,0.0,0.0,0.0
136777,HELENA RGNL AP,MT,46.6056,-111.9636,1166.8,20170909,55.94,89.96,73.76,4.250186,180.0,34.001488,0.0,0.0,0.01968505
136790,MISSOULA INTL AP,MT,46.9208,-114.0925,972.9,20170607,50.0,89.96,67.46,5.368656,180.0,38.922756,0.0,0.0,0.0
136791,MISSOULA INTL AP,MT,46.9208,-114.0925,972.9,20170612,44.06,75.02,60.44,10.513618,180.0,44.067718,0.0,0.0,0.25984266
136792,MISSOULA INTL AP,MT,46.9208,-114.0925,972.9,20170715,57.92,91.94,77.9,8.94776,180.0,38.922756,0.0,0.0,0.0
136793,MISSOULA INTL AP,MT,46.9208,-114.0925,972.9,20170916,39.92,57.92,45.14,5.59235,180.0,17.000744,0.0,0.0,0.0
139157,GLASGOW INTL AP,MT,48.2138,-106.6213,696.5,20170324,27.14,64.94,44.42,11.632088000000001,180.0,27.066974,0.0,0.0,0.0
139158,GLASGOW INTL AP,MT,48.2138,-106.6213,696.5,20170601,57.02,93.92,73.58,11.1847,180.0,33.106712,0.0,0.0,0.03149608
139159,GLASGOW INTL AP,MT,48.2138,-106.6213,696.5,20170729,66.02,89.96,78.98,9.842536,180.0,23.040482,0.0,0.0,0.0
139160,HAVRE CITY CO AP,MT,48.5428,-109.7633,787.9,20170426,37.04,55.04,43.88,5.816044000000001,180.0,14.987498,0.0,0.0,0.01968505
139162,WOLF POINT INTL AP,MT,48.0944,-105.5744,605.3,20170429,29.12,64.04,,3.802798,180.0,19.908766,,0.0,0.0
139163,WOLF POINT INTL AP,MT,48.0944,-105.5744,605.3,20170702,59.0,93.92,,8.94776,180.0,27.066974,0.0,0.0,0.01968505
139164,WOLF POINT INTL AP,MT,48.0944,-105.5744,605.3,20170730,57.92,100.94,,4.921268,180.0,19.01399,0.0,0.0,0.0
139165,WOLF POINT INTL AP,MT,48.0944,-105.5744,605.3,20170807,44.06,84.02,,4.026492,180.0,18.119214000000003,0.0,0.0,0.0
139247,JORDAN AP,MT,47.3258,-106.9475,811.4,20170302,20.12,35.96,,6.263432,180.0,19.01399,0.0,0.0,0.0
139248,JORDAN AP,MT,47.3258,-106.9475,811.4,20170807,41.0,84.02,,4.47388,180.0,27.066974,0.0,0.0,0.0
139249,JORDAN AP,MT,47.3258,-106.9475,811.4,20170906,37.94,87.08,,2.460634,180.0,14.092722,0.0,0.0,0.0
139266,BAKER MUNI AP,MT,46.3583,-104.25,905.6,20170320,33.08,50.0,,10.737312,180.0,25.053728,,,0.0393701
139267,BAKER MUNI AP,MT,46.3583,-104.25,905.6,20170401,30.2,60.08,,9.618841999999999,180.0,21.922012,,,0.0
139268,BAKER MUNI AP,MT,46.3583,-104.25,905.6,20170429,31.1,59.0,,5.816044000000001,180.0,18.119214000000003,,,0.0
139269,BAKER MUNI AP,MT,46.3583,-104.25,905.6,20170620,44.96,86.0,,13.869028,180.0,29.08022,,,0.0393701
140087,KALISPELL GLACIER AP,MT,48.3042,-114.2636,901.3,20170220,28.22,41.0,33.08,3.802798,170.0,21.027236,0.0,14.173236,0.11023628
140088,KALISPELL GLACIER AP,MT,48.3042,-114.2636,901.3,20170222,20.12,42.98,33.08,2.460634,170.0,16.105968,0.0,14.173236,0.0
140089,KALISPELL GLACIER AP,MT,48.3042,-114.2636,901.3,20170312,35.96,46.04,40.46,8.500372,170.0,18.119214000000003,0.0,9.055123,0.0
140090,KALISPELL GLACIER AP,MT,48.3042,-114.2636,901.3,20170314,33.08,42.08,36.32,2.460634,170.0,14.987498,0.0,5.905515,0.27165369
140091,KALISPELL GLACIER AP,MT,48.3042,-114.2636,901.3,20170315,35.96,44.96,39.74,4.47388,170.0,18.119214000000003,0.0,3.93701,0.20866153
140092,KALISPELL GLACIER AP,MT,48.3042,-114.2636,901.3,20170411,26.24,53.06,38.12,5.368656,170.0,16.105968,0.0,0.0,0.0
140093,KALISPELL GLACIER AP,MT,48.3042,-114.2636,901.3,20170416,22.1,55.94,39.74,2.684328,170.0,14.092722,0.0,0.0,0.0
140094,KALISPELL GLACIER AP,MT,48.3042,-114.2636,901.3,20170429,37.04,53.96,42.98,5.816044000000001,170.0,19.908766,0.0,0.0,0.07086618
140095,KALISPELL GLACIER AP,MT,48.3042,-114.2636,901.3,20170503,28.22,62.96,45.14,4.47388,170.0,21.027236,0.0,0.0,0.0
140096,KALISPELL GLACIER AP,MT,48.3042,-114.2636,901.3,20170507,35.06,50.0,48.56,4.921268,170.0,14.987498,0.0,0.0,0.14960638
140097,KALISPELL GLACIER AP,MT,48.3042,-114.2636,901.3,20170511,41.0,80.96,60.44,6.934514,170.0,21.922012,0.0,0.0,0.0
140098,KALISPELL GLACIER AP,MT,48.3042,-114.2636,901.3,20170515,26.24,57.92,42.08,4.47388,170.0,16.105968,0.0,0.0,0.0
140099,KALISPELL GLACIER AP,MT,48.3042,-114.2636,901.3,20170527,35.96,75.92,57.02,5.1449620000000005,170.0,18.119214000000003,0.0,0.0,0.0
140100,KALISPELL GLACIER AP,MT,48.3042,-114.2636,901.3,20170531,48.02,87.98,67.46,5.816044000000001,170.0,29.974996,0.0,0.0,0.01181103
140101,KALISPELL GLACIER AP,MT,48.3042,-114.2636,901.3,20170605,44.96,69.98,58.82,7.158208,170.0,19.908766,0.0,0.0,0.05118113
140102,KALISPELL GLACIER AP,MT,48.3042,-114.2636,901.3,20170630,44.06,82.04,63.5,4.6975739999999995,170.0,19.908766,0.0,0.0,0.0
140103,KALISPELL GLACIER AP,MT,48.3042,-114.2636,901.3,20170809,50.0,87.98,70.34,3.579104,170.0,16.105968,0.0,0.0,0.0
140104,KALISPELL GLACIER AP,MT,48.3042,-114.2636,901.3,20170821,39.02,80.06,61.52,2.684328,170.0,14.092722,0.0,0.0,0.0
140105,KALISPELL GLACIER AP,MT,48.3042,-114.2636,901.3,20170822,42.08,89.06,64.4,3.131716,170.0,18.119214000000003,0.0,0.0,0.0
140106,KALISPELL GLACIER AP,MT,48.3042,-114.2636,901.3,20170826,35.06,82.04,61.88,2.684328,170.0,14.092722,0.0,0.0,0.0
140107,KALISPELL GLACIER AP,MT,48.3042,-114.2636,901.3,20170829,46.04,93.02,68.72,3.579104,170.0,31.988242,0.0,0.0,0.0
140108,KALISPELL GLACIER AP,MT,48.3042,-114.2636,901.3,20170917,27.14,66.02,46.04,5.816044000000001,170.0,23.935257999999997,0.0,0.0,0.0
144159,LEWISTOWN MUNI AP,MT,47.0492,-109.4578,1263.4,20170601,48.02,82.94,,4.921268,170.0,25.948504,,0.0,0.0
144160,MILES CITY F WILEY FLD,MT,46.4267,-105.8825,799.8,20170216,32.0,51.98,,9.395147999999999,170.0,14.987498,,,0.0
144161,MILES CITY F WILEY FLD,MT,46.4267,-105.8825,799.8,20170315,33.08,62.96,,5.368656,170.0,10.961006,,,0.0
144162,MILES CITY F WILEY FLD,MT,46.4267,-105.8825,799.8,20170603,48.02,86.0,,6.487126,170.0,19.908766,,,0.0
144163,MILES CITY F WILEY FLD,MT,46.4267,-105.8825,799.8,20170713,64.94,96.98,,12.974252,170.0,27.96175,,,0.0
144164,MILES CITY F WILEY FLD,MT,46.4267,-105.8825,799.8,20170718,66.02,91.04,,7.605596,170.0,23.935257999999997,,,0.0
144165,MILES CITY F WILEY FLD,MT,46.4267,-105.8825,799.8,20170816,53.06,89.96,,7.605596,170.0,19.908766,,,0.0
144166,MILES CITY F WILEY FLD,MT,46.4267,-105.8825,799.8,20170908,51.98,93.92,,11.632088000000001,170.0,27.96175,,,0.0
144325,BOZEMAN GALLATIN FLD,MT,45.7881,-111.1608,1349.3,20170103,-18.76,0.14,,2.013246,170.0,8.94776,0.0,5.984255200000001,0.0
144326,BOZEMAN GALLATIN FLD,MT,45.7881,-111.1608,1349.3,20170105,-27.76,-3.82,,2.23694,170.0,6.934514,0.0,5.984255200000001,0.0
144327,BOZEMAN GALLATIN FLD,MT,45.7881,-111.1608,1349.3,20170113,-15.88,10.22,,3.131716,170.0,10.961006,0.0,7.9921303,0.0
144328,BOZEMAN GALLATIN FLD,MT,45.7881,-111.1608,1349.3,20170214,10.22,39.02,,3.131716,170.0,12.079476,0.0,2.9921276000000003,0.0
144329,BOZEMAN GALLATIN FLD,MT,45.7881,-111.1608,1349.3,20170419,33.08,57.92,,5.1449620000000005,170.0,19.908766,0.0,0.0,0.05118113
144330,BOZEMAN GALLATIN FLD,MT,45.7881,-111.1608,1349.3,20170504,35.96,77.0,,5.816044000000001,170.0,14.987498,0.0,0.0,0.0
144331,BOZEMAN GALLATIN FLD,MT,45.7881,-111.1608,1349.3,20170714,55.94,95.0,,3.802798,170.0,18.119214000000003,0.0,0.0,0.0
144332,BOZEMAN GALLATIN FLD,MT,45.7881,-111.1608,1349.3,20170719,51.98,91.94,,6.039738,170.0,17.000744,0.0,0.0,0.0
144333,BOZEMAN GALLATIN FLD,MT,45.7881,-111.1608,1349.3,20170822,42.98,87.98,,4.6975739999999995,170.0,18.119214000000003,0.0,0.0,0.0
144334,BOZEMAN GALLATIN FLD,MT,45.7881,-111.1608,1349.3,20170825,50.0,87.08,,5.59235,170.0,29.08022,0.0,0.0,0.0
144335,BOZEMAN GALLATIN FLD,MT,45.7881,-111.1608,1349.3,20170827,44.96,89.96,,4.6975739999999995,170.0,16.105968,0.0,0.0,0.0
144336,BOZEMAN GALLATIN FLD,MT,45.7881,-111.1608,1349.3,20170906,39.02,82.94,,4.6975739999999995,170.0,10.961006,0.0,0.0,0.0
144339,BUTTE BERT MOONEY AP,MT,45.9647,-112.5006,1678.2,20170105,-31.9,-1.84,-20.56,2.460634,170.0,8.94776,,,0.0
144340,BUTTE BERT MOONEY AP,MT,45.9647,-112.5006,1678.2,20170107,-19.84,14.18,-9.22,1.789552,170.0,12.079476,,,0.01968505
144341,BUTTE BERT MOONEY AP,MT,45.9647,-112.5006,1678.2,20170111,2.12,12.2,11.3,3.579104,170.0,18.119214000000003,,,0.03149608
144342,BUTTE BERT MOONEY AP,MT,45.9647,-112.5006,1678.2,20170117,-1.84,30.2,6.62,3.131716,170.0,12.079476,,,0.0
144343,BUTTE BERT MOONEY AP,MT,45.9647,-112.5006,1678.2,20170120,4.1,32.0,22.46,5.1449620000000005,170.0,23.040482,,,0.0
144344,BUTTE BERT MOONEY AP,MT,45.9647,-112.5006,1678.2,20170203,-22.9,26.24,-1.48,2.684328,170.0,12.079476,,,0.0
144345,BUTTE BERT MOONEY AP,MT,45.9647,-112.5006,1678.2,20170214,6.26,41.0,20.66,2.23694,170.0,8.94776,,,0.0
144346,BUTTE BERT MOONEY AP,MT,45.9647,-112.5006,1678.2,20170304,26.24,44.06,38.84,5.1449620000000005,170.0,27.066974,,,0.01968505
144347,BUTTE BERT MOONEY AP,MT,45.9647,-112.5006,1678.2,20170317,25.16,55.04,36.32,4.026492,170.0,21.027236,,,0.0
144348,BUTTE BERT MOONEY AP,MT,45.9647,-112.5006,1678.2,20170321,32.0,53.06,37.4,7.605596,170.0,23.935257999999997,,,0.0
144349,BUTTE BERT MOONEY AP,MT,45.9647,-112.5006,1678.2,20170326,23.18,50.0,36.86,4.026492,170.0,29.974996,,,0.0
144350,BUTTE BERT MOONEY AP,MT,45.9647,-112.5006,1678.2,20170422,27.14,59.0,40.28,8.052984,170.0,31.093465999999996,,,0.0
144351,BUTTE BERT MOONEY AP,MT,45.9647,-112.5006,1678.2,20170508,27.14,62.06,41.18,4.921268,170.0,19.01399,,,0.0
144352,BUTTE BERT MOONEY AP,MT,45.9647,-112.5006,1678.2,20170715,51.08,91.04,70.88,6.039738,170.0,40.936002,,,0.03149608
144353,BUTTE BERT MOONEY AP,MT,45.9647,-112.5006,1678.2,20170810,39.92,80.96,61.34,4.026492,170.0,23.040482,,,0.0
144354,BUTTE BERT MOONEY AP,MT,45.9647,-112.5006,1678.2,20170907,41.0,84.02,62.42,4.47388,170.0,19.01399,,,0.0
144355,DILLON AP,MT,45.2575,-112.5545,1585.0,20170213,18.14,42.08,27.68,6.263432,170.0,16.105968,,0.0,0.0
144356,DILLON AP,MT,45.2575,-112.5545,1585.0,20170317,24.26,60.98,38.48,7.829289999999999,170.0,29.974996,,0.0,0.0
144357,DILLON AP,MT,45.2575,-112.5545,1585.0,20170318,37.04,64.94,51.26,12.974252,170.0,40.936002,,0.0,0.0
144358,DILLON AP,MT,45.2575,-112.5545,1585.0,20170422,28.22,60.98,39.92,8.052984,170.0,25.948504,,0.0,0.0
144359,DILLON AP,MT,45.2575,-112.5545,1585.0,20170505,46.94,82.04,64.04,11.408394,170.0,29.08022,,0.0,0.0
144360,DILLON AP,MT,45.2575,-112.5545,1585.0,20170630,41.0,80.96,56.84,6.039738,170.0,19.01399,,0.0,0.0
144361,DILLON AP,MT,45.2575,-112.5545,1585.0,20170901,46.94,86.0,66.38,5.368656,170.0,16.105968,,0.0,0.0
144368,GREAT FALLS INTL AP,MT,47.4733,-111.3822,1116.8,20170218,31.1,55.94,37.94,6.039738,170.0,25.948504,0.0,0.0,0.0
144369,GREAT FALLS INTL AP,MT,47.4733,-111.3822,1116.8,20170408,30.2,60.08,45.86,7.605596,170.0,31.093465999999996,0.0,0.0,0.48031522
144370,GREAT FALLS INTL AP,MT,47.4733,-111.3822,1116.8,20170422,35.06,62.06,44.42,8.500372,170.0,23.935257999999997,0.0,0.0,0.0
144371,HELENA RGNL AP,MT,46.6056,-111.9636,1166.8,20170215,14.18,44.96,27.5,1.565858,170.0,8.94776,0.0,3.93701,0.0
144372,HELENA RGNL AP,MT,46.6056,-111.9636,1166.8,20170727,66.02,93.02,78.08,4.6975739999999995,170.0,23.040482,0.0,0.0,0.0
144384,LIVINGSTON MISSION FLD,MT,45.6983,-110.4408,1415.2,20170531,37.94,80.96,,6.263432,170.0,46.97574,,,0.0
144385,LIVINGSTON MISSION FLD,MT,45.6983,-110.4408,1415.2,20170604,46.04,87.08,,8.500372,170.0,52.120702,,,0.01968505
144389,MISSOULA INTL AP,MT,46.9208,-114.0925,972.9,20170120,20.12,37.94,32.9,3.131716,170.0,12.974252,0.0,11.81103,0.0
144390,MISSOULA INTL AP,MT,46.9208,-114.0925,972.9,20170517,32.0,42.98,38.3,3.802798,170.0,19.908766,2.7165369,1.181103,0.77952798
144391,MISSOULA INTL AP,MT,46.9208,-114.0925,972.9,20170627,60.08,84.02,73.04,9.842536,170.0,31.988242,0.0,0.0,0.03149608
144392,MISSOULA INTL AP,MT,46.9208,-114.0925,972.9,20170726,51.08,93.92,72.32,5.1449620000000005,170.0,29.974996,0.0,0.0,0.0
144393,MISSOULA INTL AP,MT,46.9208,-114.0925,972.9,20170728,55.04,91.04,73.76,5.816044000000001,170.0,25.053728,0.0,0.0,0.0
144394,MISSOULA INTL AP,MT,46.9208,-114.0925,972.9,20170822,48.02,89.96,67.46,2.23694,170.0,10.961006,0.0,0.0,0.0
144395,MISSOULA INTL AP,MT,46.9208,-114.0925,972.9,20170830,53.06,87.08,71.96,5.59235,170.0,36.014734000000004,0.0,0.0,0.0
144396,MISSOULA INTL AP,MT,46.9208,-114.0925,972.9,20170901,48.02,86.0,66.38,2.684328,170.0,14.092722,0.0,0.0,0.0
144397,MISSOULA INTL AP,MT,46.9208,-114.0925,972.9,20170908,48.92,80.96,65.3,4.6975739999999995,170.0,29.08022,0.0,0.0,0.0
146675,GLASGOW INTL AP,MT,48.2138,-106.6213,696.5,20170406,37.04,71.06,49.64,17.000744,170.0,31.093465999999996,0.0,0.0,0.0
146676,GLASGOW INTL AP,MT,48.2138,-106.6213,696.5,20170429,31.1,60.98,47.48,5.368656,170.0,29.08022,0.0,0.0,0.0
146677,GLASGOW INTL AP,MT,48.2138,-106.6213,696.5,20170818,53.96,89.96,70.88,7.829289999999999,170.0,16.105968,0.0,0.0,0.0
146678,GLASGOW INTL AP,MT,48.2138,-106.6213,696.5,20170828,57.02,96.08,76.1,9.618841999999999,170.0,19.01399,0.0,0.0,0.0
146679,HAVRE CITY CO AP,MT,48.5428,-109.7633,787.9,20170707,50.0,96.98,75.92,8.052984,170.0,21.922012,0.0,0.0,0.0
146680,HAVRE CITY CO AP,MT,48.5428,-109.7633,787.9,20170823,48.02,93.92,71.6,4.921268,170.0,19.908766,0.0,0.0,0.0
146681,HAVRE CITY CO AP,MT,48.5428,-109.7633,787.9,20170916,37.94,50.0,45.32,3.35541,170.0,10.066230000000001,0.0,0.0,0.05905515
146759,JORDAN AP,MT,47.3258,-106.9475,811.4,20170324,25.16,64.94,,8.94776,170.0,29.974996,0.0,0.0,0.0
146760,JORDAN AP,MT,47.3258,-106.9475,811.4,20170406,39.02,73.04,,10.961006,170.0,29.974996,0.0,0.0,0.0
146761,JORDAN AP,MT,47.3258,-106.9475,811.4,20170505,37.94,86.0,,7.605596,170.0,23.935257999999997,0.0,0.0,0.0
146762,JORDAN AP,MT,47.3258,-106.9475,811.4,20170509,29.12,71.06,,4.250186,170.0,19.01399,0.0,0.0,0.0
146763,JORDAN AP,MT,47.3258,-106.9475,811.4,20170510,46.94,73.94,,6.487126,170.0,21.027236,,0.0,0.01181103
146764,JORDAN AP,MT,47.3258,-106.9475,811.4,20170523,32.0,73.94,,8.500372,170.0,23.040482,0.0,0.0,0.0
146765,JORDAN AP,MT,47.3258,-106.9475,811.4,20170702,60.98,96.98,,7.381902,170.0,31.988242,0.0,0.0,0.0
146766,JORDAN AP,MT,47.3258,-106.9475,811.4,20170713,62.96,100.04,,12.750558,170.0,29.974996,0.0,0.0,0.0
146767,JORDAN AP,MT,47.3258,-106.9475,811.4,20170823,50.0,96.08,,4.921268,170.0,18.119214000000003,0.0,0.0,0.0
146791,BAKER MUNI AP,MT,46.3583,-104.25,905.6,20170412,33.98,59.0,,9.395147999999999,170.0,29.974996,,,0.0
146792,BAKER MUNI AP,MT,46.3583,-104.25,905.6,20170421,33.98,62.06,,12.079476,170.0,29.974996,,,0.0
146793,BAKER MUNI AP,MT,46.3583,-104.25,905.6,20170509,33.98,57.02,,7.158208,170.0,21.027236,,,0.18897648
146794,BAKER MUNI AP,MT,46.3583,-104.25,905.6,20170702,55.04,95.0,,15.211192,170.0,53.015478,,,0.53937037
146795,BAKER MUNI AP,MT,46.3583,-104.25,905.6,20170726,57.02,91.94,,8.500372,170.0,25.053728,,,0.0
146796,BAKER MUNI AP,MT,46.3583,-104.25,905.6,20170815,51.08,69.08,,4.026492,170.0,14.092722,,,0.24015761
146797,BAKER MUNI AP,MT,46.3583,-104.25,905.6,20170917,35.06,62.96,,6.934514,170.0,21.027236,,,0.0
147519,KALISPELL GLACIER AP,MT,48.3042,-114.2636,901.3,20170127,21.2,30.2,24.44,2.684328,160.0,12.974252,0.0,12.992133,0.0
147520,KALISPELL GLACIER AP,MT,48.3042,-114.2636,901.3,20170307,12.2,37.04,25.52,5.368656,160.0,21.922012,1.4960638000000002,12.992133,0.16929143
147521,KALISPELL GLACIER AP,MT,48.3042,-114.2636,901.3,20170313,33.98,44.06,38.48,4.921268,160.0,19.01399,0.0,7.086618,0.29921276
147522,KALISPELL GLACIER AP,MT,48.3042,-114.2636,901.3,20170318,33.98,50.0,40.46,8.94776,160.0,31.093465999999996,0.0,0.0,0.01968505
147523,KALISPELL GLACIER AP,MT,48.3042,-114.2636,901.3,20170331,31.1,59.0,46.04,5.1449620000000005,160.0,14.987498,0.0,0.0,0.0
147524,KALISPELL GLACIER AP,MT,48.3042,-114.2636,901.3,20170404,22.1,50.0,34.16,4.921268,160.0,21.027236,0.0,0.0,0.0
147525,KALISPELL GLACIER AP,MT,48.3042,-114.2636,901.3,20170406,35.06,60.08,45.68,2.684328,160.0,14.987498,0.0,0.0,0.05118113
147526,KALISPELL GLACIER AP,MT,48.3042,-114.2636,901.3,20170409,25.16,46.94,39.56,8.724066,160.0,19.01399,0.0,0.0,0.14173236
147527,KALISPELL GLACIER AP,MT,48.3042,-114.2636,901.3,20170426,37.04,48.02,41.72,5.1449620000000005,160.0,21.922012,0.0,0.0,0.29133874
147528,KALISPELL GLACIER AP,MT,48.3042,-114.2636,901.3,20170508,30.2,62.06,44.06,3.131716,160.0,14.092722,0.0,0.0,0.0
147529,KALISPELL GLACIER AP,MT,48.3042,-114.2636,901.3,20170521,35.06,71.96,53.78,4.6975739999999995,160.0,17.000744,0.0,0.0,0.0
147530,KALISPELL GLACIER AP,MT,48.3042,-114.2636,901.3,20170613,50.0,64.94,61.16,10.513618,160.0,25.948504,0.0,0.0,0.48031522
147531,KALISPELL GLACIER AP,MT,48.3042,-114.2636,901.3,20170615,44.96,60.98,53.78,3.131716,160.0,14.092722,0.0,0.0,0.0
147532,KALISPELL GLACIER AP,MT,48.3042,-114.2636,901.3,20170619,51.08,80.96,62.78,4.026492,160.0,14.092722,0.0,0.0,0.0
147533,KALISPELL GLACIER AP,MT,48.3042,-114.2636,901.3,20170710,48.02,86.0,72.14,3.579104,160.0,40.041226,0.0,0.0,0.0393701
147534,KALISPELL GLACIER AP,MT,48.3042,-114.2636,901.3,20170713,44.96,95.0,70.16,6.039738,160.0,23.935257999999997,0.0,0.0,0.0
147535,KALISPELL GLACIER AP,MT,48.3042,-114.2636,901.3,20170726,46.04,91.04,70.88,4.026492,160.0,14.987498,0.0,0.0,0.0
147536,KALISPELL GLACIER AP,MT,48.3042,-114.2636,901.3,20170730,46.04,95.0,72.14,6.487126,160.0,23.040482,0.0,0.0,0.0
147537,KALISPELL GLACIER AP,MT,48.3042,-114.2636,901.3,20170731,42.98,93.02,71.24,5.1449620000000005,160.0,21.922012,0.0,0.0,0.0
147538,KALISPELL GLACIER AP,MT,48.3042,-114.2636,901.3,20170823,42.98,89.96,66.56,5.368656,160.0,23.935257999999997,0.0,0.0,0.0
147539,KALISPELL GLACIER AP,MT,48.3042,-114.2636,901.3,20170824,51.08,75.92,68.18,6.263432,160.0,21.027236,0.0,0.0,0.0787402
147540,KALISPELL GLACIER AP,MT,48.3042,-114.2636,901.3,20170825,39.02,80.96,63.5,5.1449620000000005,160.0,21.027236,0.0,0.0,0.0
147541,KALISPELL GLACIER AP,MT,48.3042,-114.2636,901.3,20170902,44.06,89.96,67.64,5.1449620000000005,160.0,23.040482,0.0,0.0,0.0
147542,KALISPELL GLACIER AP,MT,48.3042,-114.2636,901.3,20170911,35.96,82.04,61.34,4.47388,160.0,21.922012,0.0,0.0,0.0
147543,KALISPELL GLACIER AP,MT,48.3042,-114.2636,901.3,20170912,35.96,84.02,58.46,3.131716,160.0,21.922012,0.0,0.0,0.0
151372,BILLINGS LOGAN INTL AP,MT,45.8069,-108.5422,1091.5,20170429,33.08,57.02,42.62,7.605596,160.0,21.922012,0.0,0.0,0.0
151373,LEWISTOWN MUNI AP,MT,47.0492,-109.4578,1263.4,20170420,31.1,64.04,,11.408394,160.0,29.974996,,0.0,0.0
151374,LEWISTOWN MUNI AP,MT,47.0492,-109.4578,1263.4,20170505,44.06,82.04,,10.289924000000001,160.0,25.053728,,0.0,0.0
151375,MILES CITY F WILEY FLD,MT,46.4267,-105.8825,799.8,20170114,-13.9,11.12,,6.71082,160.0,19.01399,,,0.0
151376,MILES CITY F WILEY FLD,MT,46.4267,-105.8825,799.8,20170118,18.14,35.06,,9.618841999999999,160.0,17.000744,,,0.0
151377,MILES CITY F WILEY FLD,MT,46.4267,-105.8825,799.8,20170318,35.96,78.08,,13.197946,160.0,27.066974,,,0.0
151378,MILES CITY F WILEY FLD,MT,46.4267,-105.8825,799.8,20170413,46.94,78.98,,19.237683999999998,160.0,40.041226,,,0.0
151379,MILES CITY F WILEY FLD,MT,46.4267,-105.8825,799.8,20170505,50.0,82.94,,9.842536,160.0,21.922012,,,0.0
151380,MILES CITY F WILEY FLD,MT,46.4267,-105.8825,799.8,20170510,37.94,71.96,,6.71082,160.0,19.01399,,,0.0
151381,MILES CITY F WILEY FLD,MT,46.4267,-105.8825,799.8,20170519,35.96,60.98,,8.724066,160.0,25.053728,,,0.0
151382,MILES CITY F WILEY FLD,MT,46.4267,-105.8825,799.8,20170523,37.04,71.06,,7.381902,160.0,21.027236,,,0.0
151383,MILES CITY F WILEY FLD,MT,46.4267,-105.8825,799.8,20170607,48.92,86.0,,8.052984,160.0,23.040482,,,0.0
151384,MILES CITY F WILEY FLD,MT,46.4267,-105.8825,799.8,20170612,57.92,84.92,,13.197946,160.0,59.055216,,,0.20866153
151385,MILES CITY F WILEY FLD,MT,46.4267,-105.8825,799.8,20170824,68.0,96.98,,13.869028,160.0,40.041226,,,0.0
151386,MILES CITY F WILEY FLD,MT,46.4267,-105.8825,799.8,20170830,62.96,96.08,,13.645334,160.0,31.988242,,,0.0
151520,BOZEMAN GALLATIN FLD,MT,45.7881,-111.1608,1349.3,20170317,26.24,60.98,,3.35541,160.0,10.961006,0.0,0.0,0.0
151521,BOZEMAN GALLATIN FLD,MT,45.7881,-111.1608,1349.3,20170629,44.06,66.02,,8.052984,160.0,27.96175,0.0,0.0,0.07086618
151522,BOZEMAN GALLATIN FLD,MT,45.7881,-111.1608,1349.3,20170704,53.06,89.96,,5.816044000000001,160.0,14.987498,0.0,0.0,0.0
151523,BOZEMAN GALLATIN FLD,MT,45.7881,-111.1608,1349.3,20170708,55.04,96.98,,4.6975739999999995,160.0,27.96175,0.0,0.0,0.0
151524,BOZEMAN GALLATIN FLD,MT,45.7881,-111.1608,1349.3,20170713,50.0,95.0,,4.47388,160.0,18.119214000000003,0.0,0.0,0.0
151525,BOZEMAN GALLATIN FLD,MT,45.7881,-111.1608,1349.3,20170716,51.08,91.94,,6.934514,160.0,29.08022,0.0,0.0,0.0
151526,BOZEMAN GALLATIN FLD,MT,45.7881,-111.1608,1349.3,20170717,48.92,84.02,,6.039738,160.0,27.066974,0.0,0.0,0.0
151527,BOZEMAN GALLATIN FLD,MT,45.7881,-111.1608,1349.3,20170815,48.02,80.06,,4.6975739999999995,160.0,19.908766,0.0,0.0,0.0
151528,BOZEMAN GALLATIN FLD,MT,45.7881,-111.1608,1349.3,20170821,42.08,80.06,,4.921268,160.0,12.079476,0.0,0.0,0.0
151529,BOZEMAN GALLATIN FLD,MT,45.7881,-111.1608,1349.3,20170908,41.0,87.08,,4.250186,160.0,19.01399,0.0,0.0,0.0
151530,BOZEMAN GALLATIN FLD,MT,45.7881,-111.1608,1349.3,20170911,48.02,86.0,,4.921268,160.0,16.105968,0.0,0.0,0.0
151534,BUTTE BERT MOONEY AP,MT,45.9647,-112.5006,1678.2,20170103,-23.8,6.26,-6.16,2.23694,160.0,8.94776,,,0.0
151535,BUTTE BERT MOONEY AP,MT,45.9647,-112.5006,1678.2,20170112,-11.74,15.26,5.54,2.23694,160.0,8.94776,,,0.0
151536,BUTTE BERT MOONEY AP,MT,45.9647,-112.5006,1678.2,20170116,-14.8,18.14,-2.38,1.789552,160.0,8.94776,,,0.0
151537,BUTTE BERT MOONEY AP,MT,45.9647,-112.5006,1678.2,20170212,1.22,31.1,14.72,2.23694,160.0,8.94776,,,0.0
151538,BUTTE BERT MOONEY AP,MT,45.9647,-112.5006,1678.2,20170213,4.1,39.02,19.58,3.131716,160.0,10.961006,,,0.0
151539,BUTTE BERT MOONEY AP,MT,45.9647,-112.5006,1678.2,20170320,32.0,41.0,35.96,3.131716,160.0,21.922012,,0.0,0.05118113
151540,BUTTE BERT MOONEY AP,MT,45.9647,-112.5006,1678.2,20170324,21.2,55.94,36.5,9.395147999999999,160.0,40.041226,,,0.0
151541,BUTTE BERT MOONEY AP,MT,45.9647,-112.5006,1678.2,20170406,32.0,62.06,45.32,8.500372,160.0,42.054472,,,0.0
151542,BUTTE BERT MOONEY AP,MT,45.9647,-112.5006,1678.2,20170512,33.08,78.08,60.98,12.079476,160.0,46.97574,,,0.01181103
151543,BUTTE BERT MOONEY AP,MT,45.9647,-112.5006,1678.2,20170518,32.0,48.02,36.14,3.579104,160.0,12.079476,,,0.01968505
151544,BUTTE BERT MOONEY AP,MT,45.9647,-112.5006,1678.2,20170608,51.98,87.08,69.98,12.30317,160.0,42.054472,,,0.0
151545,BUTTE BERT MOONEY AP,MT,45.9647,-112.5006,1678.2,20170611,28.22,66.02,44.78,4.921268,160.0,21.027236,,,0.0
151546,BUTTE BERT MOONEY AP,MT,45.9647,-112.5006,1678.2,20170625,39.92,84.02,62.78,4.026492,160.0,18.119214000000003,,,0.0
151547,BUTTE BERT MOONEY AP,MT,45.9647,-112.5006,1678.2,20170714,51.08,93.02,73.76,6.263432,160.0,38.922756,,,0.16929143
151548,BUTTE BERT MOONEY AP,MT,45.9647,-112.5006,1678.2,20170904,44.96,69.98,61.52,3.802798,160.0,19.908766,,,0.0
151549,BUTTE BERT MOONEY AP,MT,45.9647,-112.5006,1678.2,20170905,37.04,80.96,56.66,4.6975739999999995,160.0,17.000744,,,0.0
151550,CUT BANK MUNI AP,MT,48.6033,-112.3753,1169.8,20170511,37.94,80.96,59.18,8.724066,160.0,53.910254,0.0,0.0,0.0
151551,CUT BANK MUNI AP,MT,48.6033,-112.3753,1169.8,20170704,53.06,87.98,68.54,10.513618,160.0,29.08022,,0.0,0.0
151552,CUT BANK MUNI AP,MT,48.6033,-112.3753,1169.8,20170803,39.92,82.94,60.62,6.039738,160.0,18.119214000000003,,0.0,0.0
151553,DILLON AP,MT,45.2575,-112.5545,1585.0,20170411,21.2,53.06,35.42,6.71082,160.0,29.08022,,0.0,0.0
151554,DILLON AP,MT,45.2575,-112.5545,1585.0,20170608,48.92,87.08,67.64,12.526864,160.0,46.97574,,0.0,0.0
151555,DILLON AP,MT,45.2575,-112.5545,1585.0,20170609,42.08,68.0,61.34,12.750558,160.0,36.90951,,0.0,0.1181103
151556,DILLON AP,MT,45.2575,-112.5545,1585.0,20170626,48.92,89.06,68.0,9.171453999999999,160.0,33.106712,,0.0,0.0
151561,GREAT FALLS INTL AP,MT,47.4733,-111.3822,1116.8,20170511,42.08,80.96,62.24,7.381902,160.0,27.066974,0.0,0.0,0.0
151562,GREAT FALLS INTL AP,MT,47.4733,-111.3822,1116.8,20170604,51.98,84.92,68.18,10.289924000000001,160.0,31.988242,0.0,0.0,0.01181103
151563,HELENA RGNL AP,MT,46.6056,-111.9636,1166.8,20170218,32.0,51.08,37.58,4.250186,160.0,25.948504,0.0,1.968505,0.0
151564,HELENA RGNL AP,MT,46.6056,-111.9636,1166.8,20170515,41.0,60.98,50.0,6.039738,160.0,29.974996,0.0,0.0,0.0
151577,LIVINGSTON MISSION FLD,MT,45.6983,-110.4408,1415.2,20170715,55.94,91.94,,9.395147999999999,160.0,42.949248,,,0.01968505
151578,LIVINGSTON MISSION FLD,MT,45.6983,-110.4408,1415.2,20170719,53.96,93.92,,9.171453999999999,160.0,21.922012,,,0.0
151579,LIVINGSTON MISSION FLD,MT,45.6983,-110.4408,1415.2,20170728,53.96,91.04,,10.961006,160.0,29.08022,,,0.0
151583,MISSOULA INTL AP,MT,46.9208,-114.0925,972.9,20170122,14.18,31.1,22.1,3.579104,160.0,23.040482,0.787402,11.023628,0.05118113
151584,MISSOULA INTL AP,MT,46.9208,-114.0925,972.9,20170208,23.18,28.22,25.34,0.447388,160.0,6.039738,3.1889781000000004,11.81103,0.25196864
151585,MISSOULA INTL AP,MT,46.9208,-114.0925,972.9,20170218,28.22,42.98,33.98,2.013246,160.0,12.079476,0.0,5.905515,0.0
151586,MISSOULA INTL AP,MT,46.9208,-114.0925,972.9,20170404,26.24,53.06,35.06,2.460634,160.0,12.079476,0.0,0.0,0.0
151587,MISSOULA INTL AP,MT,46.9208,-114.0925,972.9,20170518,39.02,62.06,45.5,3.802798,160.0,18.119214000000003,0.0,0.0,0.0
151588,MISSOULA INTL AP,MT,46.9208,-114.0925,972.9,20170709,55.94,98.06,79.16,4.47388,160.0,19.01399,0.0,0.0,0.0
153722,GLASGOW INTL AP,MT,48.2138,-106.6213,696.5,20170114,-15.88,7.16,-5.26,5.816044000000001,160.0,14.092722,0.0,5.118113,0.0
153723,GLASGOW INTL AP,MT,48.2138,-106.6213,696.5,20170412,32.0,57.92,44.42,9.395147999999999,160.0,23.040482,0.0,0.0,0.0
153724,GLASGOW INTL AP,MT,48.2138,-106.6213,696.5,20170505,48.02,87.08,66.56,11.632088000000001,160.0,25.053728,0.0,0.0,0.0
153725,GLASGOW INTL AP,MT,48.2138,-106.6213,696.5,20170506,55.04,86.0,69.98,14.316416,160.0,23.040482,0.0,0.0,0.0
153726,GLASGOW INTL AP,MT,48.2138,-106.6213,696.5,20170510,42.98,73.04,58.82,10.737312,160.0,21.922012,0.0,0.0,0.0
153727,GLASGOW INTL AP,MT,48.2138,-106.6213,696.5,20170806,51.98,75.92,63.32,6.71082,160.0,23.935257999999997,0.0,0.0,0.0
153728,GLASGOW INTL AP,MT,48.2138,-106.6213,696.5,20170822,51.08,84.92,65.66,9.171453999999999,160.0,21.027236,0.0,0.0,0.0
153729,HAVRE CITY CO AP,MT,48.5428,-109.7633,787.9,20170523,39.92,82.94,60.98,8.052984,160.0,23.935257999999997,0.0,0.0,0.0
153730,HAVRE CITY CO AP,MT,48.5428,-109.7633,787.9,20170708,66.02,102.92,86.36,9.618841999999999,160.0,25.948504,0.0,0.0,0.0
153736,WOLF POINT INTL AP,MT,48.0944,-105.5744,605.3,20170410,30.2,55.04,,7.158208,160.0,21.922012,0.0,0.0,0.0
153737,WOLF POINT INTL AP,MT,48.0944,-105.5744,605.3,20170413,37.94,75.92,,15.658579999999999,160.0,36.014734000000004,0.0,0.0,0.0
153738,WOLF POINT INTL AP,MT,48.0944,-105.5744,605.3,20170523,35.96,77.0,,5.816044000000001,160.0,19.01399,0.0,0.0,0.0
153739,WOLF POINT INTL AP,MT,48.0944,-105.5744,605.3,20170531,39.02,86.0,,6.487126,160.0,19.908766,,0.0,0.0
153740,WOLF POINT INTL AP,MT,48.0944,-105.5744,605.3,20170703,60.08,102.02,,4.026492,160.0,16.105968,0.0,0.0,0.0
153741,WOLF POINT INTL AP,MT,48.0944,-105.5744,605.3,20170713,55.94,96.08,,8.500372,160.0,23.040482,0.0,0.0,0.0
153742,WOLF POINT INTL AP,MT,48.0944,-105.5744,605.3,20170727,64.04,91.94,,10.961006,160.0,34.001488,0.0,0.0,0.0
153743,WOLF POINT INTL AP,MT,48.0944,-105.5744,605.3,20170814,55.94,73.94,,6.71082,160.0,27.066974,0.0,0.0,0.07086618
153840,BAKER MUNI AP,MT,46.3583,-104.25,905.6,20170330,42.98,57.92,,5.816044000000001,160.0,18.119214000000003,,,0.16929143
153841,BAKER MUNI AP,MT,46.3583,-104.25,905.6,20170523,35.96,68.0,,6.71082,160.0,23.040482,,,0.0
153842,BAKER MUNI AP,MT,46.3583,-104.25,905.6,20170714,66.92,104.0,,13.645334,160.0,34.001488,,,0.0
153843,BAKER MUNI AP,MT,46.3583,-104.25,905.6,20170831,64.04,93.92,,15.434885999999999,160.0,35.119958000000004,,,0.0
153844,BAKER MUNI AP,MT,46.3583,-104.25,905.6,20170911,55.04,91.94,,10.289924000000001,160.0,33.106712,,,0.0
154423,KALISPELL GLACIER AP,MT,48.3042,-114.2636,901.3,20170209,17.24,41.0,21.02,5.59235,150.0,29.08022,2.5196864,24.015760999999998,0.46063017
154424,KALISPELL GLACIER AP,MT,48.3042,-114.2636,901.3,20170214,2.12,39.92,17.78,0.894776,150.0,10.961006,0.0,16.141741,0.0
154425,KALISPELL GLACIER AP,MT,48.3042,-114.2636,901.3,20170217,29.12,44.06,37.76,6.263432,150.0,18.119214000000003,0.0,14.960638000000001,0.0
154426,KALISPELL GLACIER AP,MT,48.3042,-114.2636,901.3,20170221,30.2,37.94,33.62,1.565858,150.0,16.105968,0.393701,12.992133,0.27165369
154427,KALISPELL GLACIER AP,MT,48.3042,-114.2636,901.3,20170303,33.08,42.08,37.4,8.052984,150.0,21.027236,0.0,11.81103,0.05118113
154428,KALISPELL GLACIER AP,MT,48.3042,-114.2636,901.3,20170324,23.18,44.96,34.34,2.013246,150.0,14.092722,0.0,0.0,0.07086618
154429,KALISPELL GLACIER AP,MT,48.3042,-114.2636,901.3,20170327,35.96,44.96,41.9,6.487126,150.0,25.948504,0.0,0.0,0.18110246
154430,KALISPELL GLACIER AP,MT,48.3042,-114.2636,901.3,20170329,39.02,44.96,41.9,8.052984,150.0,19.01399,0.0,0.0,0.14960638
154431,KALISPELL GLACIER AP,MT,48.3042,-114.2636,901.3,20170417,37.94,46.04,42.26,5.816044000000001,150.0,17.000744,0.0,0.0,0.11023628
154432,KALISPELL GLACIER AP,MT,48.3042,-114.2636,901.3,20170424,39.92,53.96,44.96,4.6975739999999995,150.0,17.000744,0.0,0.0,0.05118113
154433,KALISPELL GLACIER AP,MT,48.3042,-114.2636,901.3,20170427,27.14,42.98,41.0,11.408394,150.0,29.08022,0.0,0.0,0.29921276
154434,KALISPELL GLACIER AP,MT,48.3042,-114.2636,901.3,20170504,35.06,75.92,54.14,3.802798,150.0,17.000744,0.0,0.0,0.0
154435,KALISPELL GLACIER AP,MT,48.3042,-114.2636,901.3,20170513,37.04,53.06,44.78,8.052984,150.0,23.935257999999997,0.0,0.0,0.01181103
154436,KALISPELL GLACIER AP,MT,48.3042,-114.2636,901.3,20170523,42.08,80.06,62.06,8.052984,150.0,25.948504,0.0,0.0,0.0
154437,KALISPELL GLACIER AP,MT,48.3042,-114.2636,901.3,20170704,42.98,87.08,68.18,4.250186,150.0,16.105968,0.0,0.0,0.0
154438,KALISPELL GLACIER AP,MT,48.3042,-114.2636,901.3,20170719,44.96,89.06,67.82,3.579104,150.0,17.000744,0.0,0.0,0.0
154439,KALISPELL GLACIER AP,MT,48.3042,-114.2636,901.3,20170723,48.92,93.92,71.42,6.487126,150.0,23.040482,0.0,0.0,0.0
154440,KALISPELL GLACIER AP,MT,48.3042,-114.2636,901.3,20170816,37.94,82.04,61.34,5.1449620000000005,150.0,19.01399,0.0,0.0,0.0
154441,KALISPELL GLACIER AP,MT,48.3042,-114.2636,901.3,20170901,39.92,89.06,64.04,7.158208,150.0,27.066974,0.0,0.0,0.0
154442,KALISPELL GLACIER AP,MT,48.3042,-114.2636,901.3,20170916,33.08,60.08,48.92,8.052984,150.0,25.053728,0.0,0.0,0.0
158644,BILLINGS LOGAN INTL AP,MT,45.8069,-108.5422,1091.5,20170422,39.92,60.08,46.04,6.039738,150.0,19.908766,0.0,0.0,0.0
158645,BILLINGS LOGAN INTL AP,MT,45.8069,-108.5422,1091.5,20170510,44.96,71.06,57.74,6.934514,150.0,19.01399,0.0,0.0,0.0
158646,BILLINGS LOGAN INTL AP,MT,45.8069,-108.5422,1091.5,20170523,42.98,73.04,57.92,8.276678,150.0,23.040482,0.0,0.0,0.0
158647,MILES CITY F WILEY FLD,MT,46.4267,-105.8825,799.8,20170115,-9.76,18.14,,8.052984,150.0,21.922012,,,0.0
158648,MILES CITY F WILEY FLD,MT,46.4267,-105.8825,799.8,20170119,17.24,31.1,,7.829289999999999,150.0,19.01399,,,0.0
158649,MILES CITY F WILEY FLD,MT,46.4267,-105.8825,799.8,20170209,8.24,39.02,,6.934514,150.0,21.027236,,,0.0
158650,MILES CITY F WILEY FLD,MT,46.4267,-105.8825,799.8,20170308,20.12,29.12,,8.052984,150.0,19.908766,,,0.01181103
158651,MILES CITY F WILEY FLD,MT,46.4267,-105.8825,799.8,20170310,10.22,21.2,,9.618841999999999,150.0,21.922012,,,0.1181103
158652,MILES CITY F WILEY FLD,MT,46.4267,-105.8825,799.8,20170324,31.1,64.94,,9.842536,150.0,29.08022,,,0.0
158653,MILES CITY F WILEY FLD,MT,46.4267,-105.8825,799.8,20170401,41.0,62.06,,8.500372,150.0,21.027236,,,0.0
158654,MILES CITY F WILEY FLD,MT,46.4267,-105.8825,799.8,20170405,30.2,60.98,,9.171453999999999,150.0,27.066974,,,0.0
158655,MILES CITY F WILEY FLD,MT,46.4267,-105.8825,799.8,20170410,33.98,48.92,,8.724066,150.0,21.027236,,,0.01181103
158656,MILES CITY F WILEY FLD,MT,46.4267,-105.8825,799.8,20170509,39.92,60.08,,6.71082,150.0,23.040482,,,0.05905515
158657,MILES CITY F WILEY FLD,MT,46.4267,-105.8825,799.8,20170512,50.0,87.98,,14.763804,150.0,31.093465999999996,,,0.0
158658,MILES CITY F WILEY FLD,MT,46.4267,-105.8825,799.8,20170516,39.92,68.0,,7.158208,150.0,21.922012,,,0.0
158659,MILES CITY F WILEY FLD,MT,46.4267,-105.8825,799.8,20170715,66.02,100.04,,13.197946,150.0,29.974996,,,0.0
158660,MILES CITY F WILEY FLD,MT,46.4267,-105.8825,799.8,20170723,60.08,98.96,,7.829289999999999,150.0,21.922012,,,0.0
158661,MILES CITY F WILEY FLD,MT,46.4267,-105.8825,799.8,20170726,62.06,95.0,,6.71082,150.0,23.935257999999997,,,0.0
158662,MILES CITY F WILEY FLD,MT,46.4267,-105.8825,799.8,20170730,62.96,98.96,,5.816044000000001,150.0,19.908766,,,0.0
158663,MILES CITY F WILEY FLD,MT,46.4267,-105.8825,799.8,20170807,50.0,82.94,,7.158208,150.0,19.908766,,,0.0
158664,MILES CITY F WILEY FLD,MT,46.4267,-105.8825,799.8,20170814,57.92,77.0,,8.500372,150.0,27.066974,,,0.0
158783,BOZEMAN GALLATIN FLD,MT,45.7881,-111.1608,1349.3,20170115,-12.82,16.16,,3.579104,150.0,10.961006,0.0,7.9921303,0.0
158784,BOZEMAN GALLATIN FLD,MT,45.7881,-111.1608,1349.3,20170116,-11.74,17.24,,3.579104,150.0,12.079476,0.0,7.9921303,0.0
158785,BOZEMAN GALLATIN FLD,MT,45.7881,-111.1608,1349.3,20170117,-2.74,27.14,,3.579104,150.0,14.092722,0.0,7.9921303,0.0
158786,BOZEMAN GALLATIN FLD,MT,45.7881,-111.1608,1349.3,20170119,19.22,35.96,,3.802798,150.0,14.092722,0.0,4.0157502,0.0
158787,BOZEMAN GALLATIN FLD,MT,45.7881,-111.1608,1349.3,20170218,28.22,48.92,,4.6975739999999995,150.0,19.01399,0.0,0.9842525,0.0
158788,BOZEMAN GALLATIN FLD,MT,45.7881,-111.1608,1349.3,20170515,37.04,51.98,,5.368656,150.0,17.000744,0.0,0.0,0.01181103
158789,BOZEMAN GALLATIN FLD,MT,45.7881,-111.1608,1349.3,20170523,37.04,77.0,,4.6975739999999995,150.0,17.000744,0.0,0.0,0.0
158790,BOZEMAN GALLATIN FLD,MT,45.7881,-111.1608,1349.3,20170606,42.08,78.08,,4.026492,150.0,21.027236,0.0,0.0,0.0
158791,BOZEMAN GALLATIN FLD,MT,45.7881,-111.1608,1349.3,20170812,46.94,86.0,,4.026492,150.0,17.000744,0.0,0.0,0.0
158792,BOZEMAN GALLATIN FLD,MT,45.7881,-111.1608,1349.3,20170903,48.92,95.0,,5.59235,150.0,12.974252,0.0,0.0,0.0
158793,BOZEMAN GALLATIN FLD,MT,45.7881,-111.1608,1349.3,20170905,39.92,80.06,,3.802798,150.0,17.000744,0.0,0.0,0.0
158794,BOZEMAN GALLATIN FLD,MT,45.7881,-111.1608,1349.3,20170907,42.98,86.0,,3.802798,150.0,12.079476,0.0,0.0,0.0
158796,BUTTE BERT MOONEY AP,MT,45.9647,-112.5006,1678.2,20170114,-17.86,13.1,-6.52,2.460634,150.0,8.052984,,,0.0
158797,BUTTE BERT MOONEY AP,MT,45.9647,-112.5006,1678.2,20170125,9.14,21.2,13.46,1.789552,150.0,6.934514,,,0.01181103
158798,BUTTE BERT MOONEY AP,MT,45.9647,-112.5006,1678.2,20170128,-4.9,31.1,9.14,2.460634,150.0,8.052984,,,0.0
158799,BUTTE BERT MOONEY AP,MT,45.9647,-112.5006,1678.2,20170510,32.0,75.02,52.7,3.802798,150.0,19.908766,,,0.0
158800,BUTTE BERT MOONEY AP,MT,45.9647,-112.5006,1678.2,20170511,35.96,75.92,57.02,4.921268,150.0,38.02798,,,0.0
158801,BUTTE BERT MOONEY AP,MT,45.9647,-112.5006,1678.2,20170606,39.92,73.94,57.2,6.487126,150.0,27.96175,,,0.0
158802,BUTTE BERT MOONEY AP,MT,45.9647,-112.5006,1678.2,20170725,46.94,82.94,68.18,5.816044000000001,150.0,23.040482,,,0.0
158803,BUTTE BERT MOONEY AP,MT,45.9647,-112.5006,1678.2,20170802,46.94,78.98,64.22,7.381902,150.0,27.96175,,,0.0
158804,CUT BANK MUNI AP,MT,48.6033,-112.3753,1169.8,20170218,24.26,41.0,31.82,4.250186,150.0,10.961006,,0.0,0.0
158805,CUT BANK MUNI AP,MT,48.6033,-112.3753,1169.8,20170227,3.2,20.12,11.12,7.381902,150.0,21.027236,,1.968505,0.0
158806,CUT BANK MUNI AP,MT,48.6033,-112.3753,1169.8,20170321,26.24,51.08,33.8,14.316416,150.0,29.08022,,0.0,0.0
158807,CUT BANK MUNI AP,MT,48.6033,-112.3753,1169.8,20170422,30.2,57.92,40.82,10.737312,150.0,34.001488,,0.0,0.0
158808,CUT BANK MUNI AP,MT,48.6033,-112.3753,1169.8,20170625,44.96,80.06,62.06,7.158208,150.0,21.922012,,0.0,0.0
158809,CUT BANK MUNI AP,MT,48.6033,-112.3753,1169.8,20170809,39.92,80.06,60.98,7.158208,150.0,23.040482,,0.0,0.0
158810,CUT BANK MUNI AP,MT,48.6033,-112.3753,1169.8,20170907,41.0,87.98,65.12,7.381902,150.0,19.908766,,0.0,0.0
158811,DILLON AP,MT,45.2575,-112.5545,1585.0,20170203,-11.74,35.96,-0.76,3.131716,150.0,17.000744,,3.93701,0.0
158812,DILLON AP,MT,45.2575,-112.5545,1585.0,20170216,31.1,50.0,38.48,13.645334,150.0,44.067718,,0.0,0.0
158813,DILLON AP,MT,45.2575,-112.5545,1585.0,20170315,37.04,66.02,50.18,12.526864,150.0,33.106712,,0.0,0.0
158814,DILLON AP,MT,45.2575,-112.5545,1585.0,20170406,35.96,66.02,47.84,11.855782000000001,150.0,38.922756,,0.0,0.0
158815,DILLON AP,MT,45.2575,-112.5545,1585.0,20170705,53.96,89.06,70.88,8.724066,150.0,44.962494,,0.0,0.01968505
158816,DILLON AP,MT,45.2575,-112.5545,1585.0,20170908,46.94,87.98,64.22,8.500372,150.0,38.02798,,0.0,0.0
158820,HELENA RGNL AP,MT,46.6056,-111.9636,1166.8,20170320,30.2,46.04,40.82,5.59235,150.0,19.01399,0.0,0.0,0.0
158821,HELENA RGNL AP,MT,46.6056,-111.9636,1166.8,20170812,53.96,89.96,71.96,5.1449620000000005,150.0,19.01399,0.0,0.0,0.0
158828,MISSOULA INTL AP,MT,46.9208,-114.0925,972.9,20170304,32.0,48.92,39.56,5.816044000000001,150.0,23.040482,0.0,0.0,0.09055123
158829,MISSOULA INTL AP,MT,46.9208,-114.0925,972.9,20170511,37.94,82.94,60.62,5.1449620000000005,150.0,27.066974,0.0,0.0,0.0
160961,GLASGOW INTL AP,MT,48.2138,-106.6213,696.5,20170118,22.1,39.92,29.66,10.961006,150.0,17.000744,0.0,3.93701,0.0
160962,GLASGOW INTL AP,MT,48.2138,-106.6213,696.5,20170519,35.96,64.94,49.64,12.526864,150.0,29.08022,0.0,0.0,0.0
160963,GLASGOW INTL AP,MT,48.2138,-106.6213,696.5,20170523,37.94,73.04,55.94,9.842536,150.0,27.066974,0.0,0.0,0.0
160964,GLASGOW INTL AP,MT,48.2138,-106.6213,696.5,20170603,48.02,84.02,67.46,7.381902,150.0,21.922012,0.0,0.0,0.0
160965,GLASGOW INTL AP,MT,48.2138,-106.6213,696.5,20170620,55.94,87.08,68.72,11.1847,150.0,23.040482,0.0,0.0,0.01181103
160966,GLASGOW INTL AP,MT,48.2138,-106.6213,696.5,20170723,59.0,98.06,75.92,11.1847,150.0,25.948504,0.0,0.0,0.0
160967,GLASGOW INTL AP,MT,48.2138,-106.6213,696.5,20170820,46.04,82.04,64.76,7.605596,150.0,27.066974,0.0,0.0,0.0
160968,HAVRE CITY CO AP,MT,48.5428,-109.7633,787.9,20170420,29.12,69.98,48.56,8.500372,150.0,27.066974,0.0,0.0,0.0
160978,WOLF POINT INTL AP,MT,48.0944,-105.5744,605.3,20170820,44.96,84.92,,4.47388,150.0,18.119214000000003,0.0,0.0,0.0
161048,JORDAN AP,MT,47.3258,-106.9475,811.4,20170313,10.22,31.1,,6.934514,150.0,19.01399,,0.0,0.01181103
161049,JORDAN AP,MT,47.3258,-106.9475,811.4,20170511,39.02,82.04,,4.250186,150.0,23.040482,0.0,0.0,0.0
161050,JORDAN AP,MT,47.3258,-106.9475,811.4,20170519,25.16,62.06,,8.052984,150.0,25.948504,0.0,0.0,0.0
161051,JORDAN AP,MT,47.3258,-106.9475,811.4,20170612,42.08,84.02,,13.869028,150.0,42.949248,0.0,0.0,0.0
161052,JORDAN AP,MT,47.3258,-106.9475,811.4,20170813,46.04,86.0,,8.94776,150.0,27.96175,0.0,0.0,0.0
161084,BAKER MUNI AP,MT,46.3583,-104.25,905.6,20170205,-1.84,25.16,,11.408394,150.0,27.96175,,,0.0
161085,BAKER MUNI AP,MT,46.3583,-104.25,905.6,20170325,39.92,59.0,,8.724066,150.0,25.948504,,,0.01968505
161086,BAKER MUNI AP,MT,46.3583,-104.25,905.6,20170327,33.08,62.96,,9.171453999999999,150.0,23.935257999999997,,,0.0
161087,BAKER MUNI AP,MT,46.3583,-104.25,905.6,20170406,29.12,64.04,,19.237683999999998,150.0,36.014734000000004,,,0.0
161088,BAKER MUNI AP,MT,46.3583,-104.25,905.6,20170505,42.98,80.06,,6.71082,150.0,19.908766,,,0.0
161089,BAKER MUNI AP,MT,46.3583,-104.25,905.6,20170506,48.02,84.92,,20.579848000000002,150.0,42.054472,,,0.0
161090,BAKER MUNI AP,MT,46.3583,-104.25,905.6,20170512,44.96,82.04,,14.987498,150.0,31.093465999999996,,,0.0
161091,BAKER MUNI AP,MT,46.3583,-104.25,905.6,20170524,42.08,78.08,,20.132460000000002,150.0,44.067718,,,0.05118113
161092,BAKER MUNI AP,MT,46.3583,-104.25,905.6,20170531,35.96,78.98,,14.54011,150.0,33.106712,,,0.0
161093,BAKER MUNI AP,MT,46.3583,-104.25,905.6,20170626,44.96,84.02,,16.105968,150.0,36.90951,,,0.0
161094,BAKER MUNI AP,MT,46.3583,-104.25,905.6,20170710,68.0,98.06,,14.987498,150.0,48.988986,,,0.0
161095,BAKER MUNI AP,MT,46.3583,-104.25,905.6,20170718,60.08,87.08,,10.513618,150.0,25.053728,,,0.01181103
161096,BAKER MUNI AP,MT,46.3583,-104.25,905.6,20170723,53.96,93.02,,10.513618,150.0,31.988242,,,0.0
161097,BAKER MUNI AP,MT,46.3583,-104.25,905.6,20170724,66.02,98.96,,11.1847,150.0,34.001488,,,0.0
161098,BAKER MUNI AP,MT,46.3583,-104.25,905.6,20170727,62.06,89.96,,15.211192,150.0,42.054472,,,0.0
161099,BAKER MUNI AP,MT,46.3583,-104.25,905.6,20170803,42.08,75.02,,5.1449620000000005,150.0,16.105968,,,0.0
161100,BAKER MUNI AP,MT,46.3583,-104.25,905.6,20170804,46.94,82.94,,13.197946,150.0,27.96175,,,0.0
161101,BAKER MUNI AP,MT,46.3583,-104.25,905.6,20170825,60.98,82.94,,8.94776,150.0,38.02798,,,0.09055123
161102,BAKER MUNI AP,MT,46.3583,-104.25,905.6,20170909,55.94,95.0,,14.316416,150.0,31.093465999999996,,,0.0
161755,KALISPELL GLACIER AP,MT,48.3042,-114.2636,901.3,20170122,18.14,37.04,25.34,1.342164,140.0,8.94776,0.3149608,11.023628,0.0
161756,KALISPELL GLACIER AP,MT,48.3042,-114.2636,901.3,20170322,31.1,53.06,41.72,6.039738,140.0,23.040482,0.0,0.0,0.22047256
161757,KALISPELL GLACIER AP,MT,48.3042,-114.2636,901.3,20170405,27.14,57.02,39.74,3.579104,140.0,23.935257999999997,0.0,0.0,0.0
161758,KALISPELL GLACIER AP,MT,48.3042,-114.2636,901.3,20170408,28.22,53.06,41.18,5.816044000000001,140.0,21.922012,0.0,0.0,0.01181103
161759,KALISPELL GLACIER AP,MT,48.3042,-114.2636,901.3,20170413,35.96,51.08,43.52,4.921268,140.0,23.040482,0.0,0.0,0.33070884
161760,KALISPELL GLACIER AP,MT,48.3042,-114.2636,901.3,20170420,28.22,53.06,42.08,6.039738,140.0,18.119214000000003,0.0,0.0,0.25196864
161761,KALISPELL GLACIER AP,MT,48.3042,-114.2636,901.3,20170422,28.22,62.06,44.6,5.368656,140.0,23.040482,0.0,0.0,0.0
161762,KALISPELL GLACIER AP,MT,48.3042,-114.2636,901.3,20170423,39.02,55.04,48.74,6.039738,140.0,19.908766,0.0,0.0,0.01968505
161763,KALISPELL GLACIER AP,MT,48.3042,-114.2636,901.3,20170502,35.96,53.96,43.88,5.816044000000001,140.0,19.908766,0.0,0.0,0.0393701
161764,KALISPELL GLACIER AP,MT,48.3042,-114.2636,901.3,20170510,35.96,73.94,54.68,3.802798,140.0,14.092722,0.0,0.0,0.0
161765,KALISPELL GLACIER AP,MT,48.3042,-114.2636,901.3,20170603,37.04,80.96,59.18,4.921268,140.0,18.119214000000003,0.0,0.0,0.0
161766,KALISPELL GLACIER AP,MT,48.3042,-114.2636,901.3,20170611,37.94,69.08,52.88,4.47388,140.0,17.000744,0.0,0.0,0.0
161767,KALISPELL GLACIER AP,MT,48.3042,-114.2636,901.3,20170705,42.98,93.92,68.9,3.35541,140.0,16.105968,0.0,0.0,0.0
161768,KALISPELL GLACIER AP,MT,48.3042,-114.2636,901.3,20170718,44.06,84.92,64.76,3.802798,140.0,14.987498,0.0,0.0,0.0
161769,KALISPELL GLACIER AP,MT,48.3042,-114.2636,901.3,20170727,48.02,91.94,71.96,5.1449620000000005,140.0,19.908766,0.0,0.0,0.0
161770,KALISPELL GLACIER AP,MT,48.3042,-114.2636,901.3,20170806,46.94,86.0,66.02,2.460634,140.0,10.961006,0.0,0.0,0.0
161771,KALISPELL GLACIER AP,MT,48.3042,-114.2636,901.3,20170814,44.96,78.08,60.8,5.1449620000000005,140.0,23.935257999999997,0.0,0.0,0.0
161772,KALISPELL GLACIER AP,MT,48.3042,-114.2636,901.3,20170817,44.06,84.02,66.92,4.921268,140.0,23.040482,0.0,0.0,0.0
161773,KALISPELL GLACIER AP,MT,48.3042,-114.2636,901.3,20170827,37.94,89.06,62.78,3.579104,140.0,17.000744,0.0,0.0,0.0
165453,BILLINGS LOGAN INTL AP,MT,45.8069,-108.5422,1091.5,20170413,39.02,80.06,55.94,8.500372,140.0,40.041226,0.0,0.0,0.0
165454,BILLINGS LOGAN INTL AP,MT,45.8069,-108.5422,1091.5,20170604,57.02,91.04,73.4,8.500372,140.0,44.962494,0.0,0.0,0.0
165455,LEWISTOWN MUNI AP,MT,47.0492,-109.4578,1263.4,20170408,33.98,55.94,,5.816044000000001,140.0,19.01399,,0.0,0.12992133
165456,LEWISTOWN MUNI AP,MT,47.0492,-109.4578,1263.4,20170530,39.92,75.02,,8.276678,140.0,19.908766,,0.0,0.0
165457,LEWISTOWN MUNI AP,MT,47.0492,-109.4578,1263.4,20170912,48.92,84.92,,7.381902,140.0,17.000744,,0.0,0.0
165458,MILES CITY F WILEY FLD,MT,46.4267,-105.8825,799.8,20170203,-1.84,20.12,,9.395147999999999,140.0,23.040482,,,0.0
165459,MILES CITY F WILEY FLD,MT,46.4267,-105.8825,799.8,20170322,33.08,60.08,,8.500372,140.0,27.96175,,,0.0
165460,MILES CITY F WILEY FLD,MT,46.4267,-105.8825,799.8,20170406,42.08,71.96,,13.869028,140.0,29.08022,,,0.0
165461,MILES CITY F WILEY FLD,MT,46.4267,-105.8825,799.8,20170420,33.08,64.04,,8.276678,140.0,21.027236,,,0.0
165462,MILES CITY F WILEY FLD,MT,46.4267,-105.8825,799.8,20170426,33.98,48.92,,7.158208,140.0,19.01399,,,0.0
165463,MILES CITY F WILEY FLD,MT,46.4267,-105.8825,799.8,20170428,33.98,53.96,,6.487126,140.0,14.987498,,,0.0
165464,MILES CITY F WILEY FLD,MT,46.4267,-105.8825,799.8,20170511,48.02,78.98,,7.158208,140.0,17.000744,,,0.0
165465,MILES CITY F WILEY FLD,MT,46.4267,-105.8825,799.8,20170604,57.02,96.98,,6.934514,140.0,23.040482,,,0.0
165466,MILES CITY F WILEY FLD,MT,46.4267,-105.8825,799.8,20170608,60.08,95.0,,,140.0,29.08022,,,0.0
165467,MILES CITY F WILEY FLD,MT,46.4267,-105.8825,799.8,20170626,53.96,91.04,,12.526864,140.0,31.093465999999996,,,0.0
165468,MILES CITY F WILEY FLD,MT,46.4267,-105.8825,799.8,20170813,53.06,86.0,,10.513618,140.0,23.040482,,,0.0
165469,MILES CITY F WILEY FLD,MT,46.4267,-105.8825,799.8,20170906,46.04,84.92,,6.487126,140.0,14.092722,,,0.0
165470,MILES CITY F WILEY FLD,MT,46.4267,-105.8825,799.8,20170909,60.98,93.92,,6.934514,140.0,23.935257999999997,,,0.0
165570,BOZEMAN GALLATIN FLD,MT,45.7881,-111.1608,1349.3,20170106,-10.84,11.12,,2.684328,140.0,10.066230000000001,0.0,5.984255200000001,0.0
165571,BOZEMAN GALLATIN FLD,MT,45.7881,-111.1608,1349.3,20170212,6.26,35.06,,5.1449620000000005,140.0,14.092722,0.0,2.9921276000000003,0.0
165572,BOZEMAN GALLATIN FLD,MT,45.7881,-111.1608,1349.3,20170422,31.1,62.96,,4.6975739999999995,140.0,14.987498,0.0,0.0,0.0
165573,BOZEMAN GALLATIN FLD,MT,45.7881,-111.1608,1349.3,20170510,35.96,73.94,,4.026492,140.0,12.974252,0.0,0.0,0.0
165574,BOZEMAN GALLATIN FLD,MT,45.7881,-111.1608,1349.3,20170531,44.96,84.92,,6.934514,140.0,38.922756,0.0,0.0,0.0
165575,BOZEMAN GALLATIN FLD,MT,45.7881,-111.1608,1349.3,20170603,39.92,84.02,,5.368656,140.0,16.105968,0.0,0.0,0.0
165576,BOZEMAN GALLATIN FLD,MT,45.7881,-111.1608,1349.3,20170712,48.92,87.98,,4.921268,140.0,14.987498,0.0,0.0,0.0
165577,BOZEMAN GALLATIN FLD,MT,45.7881,-111.1608,1349.3,20170723,48.02,93.92,,5.1449620000000005,140.0,16.105968,0.0,0.0,0.0
165578,BOZEMAN GALLATIN FLD,MT,45.7881,-111.1608,1349.3,20170802,48.92,80.96,,8.276678,140.0,27.96175,0.0,0.0,0.0
165579,BOZEMAN GALLATIN FLD,MT,45.7881,-111.1608,1349.3,20170803,46.94,84.02,,3.802798,140.0,19.01399,0.0,0.0,0.0
165580,BOZEMAN GALLATIN FLD,MT,45.7881,-111.1608,1349.3,20170829,51.98,91.04,,3.802798,140.0,34.001488,0.0,0.0,0.0
165583,BUTTE BERT MOONEY AP,MT,45.9647,-112.5006,1678.2,20170102,-11.74,2.12,-2.74,1.789552,140.0,12.079476,,,0.01181103
165584,BUTTE BERT MOONEY AP,MT,45.9647,-112.5006,1678.2,20170113,-17.86,10.22,-6.34,2.013246,140.0,8.052984,0.0,,0.0
165585,BUTTE BERT MOONEY AP,MT,45.9647,-112.5006,1678.2,20170121,1.22,33.08,13.46,2.23694,140.0,10.961006,,,0.0
165586,BUTTE BERT MOONEY AP,MT,45.9647,-112.5006,1678.2,20170504,32.0,78.08,54.86,4.47388,140.0,19.908766,0.0,0.0,0.0
165587,BUTTE BERT MOONEY AP,MT,45.9647,-112.5006,1678.2,20170624,37.04,77.0,58.28,4.921268,140.0,19.01399,,,0.0
165588,BUTTE BERT MOONEY AP,MT,45.9647,-112.5006,1678.2,20170719,48.92,87.98,69.98,4.6975739999999995,140.0,19.908766,,,0.0
165589,BUTTE BERT MOONEY AP,MT,45.9647,-112.5006,1678.2,20170808,48.92,82.94,66.74,4.921268,140.0,25.948504,,,0.0
165590,BUTTE BERT MOONEY AP,MT,45.9647,-112.5006,1678.2,20170830,53.06,89.06,73.76,6.934514,140.0,46.97574,,,0.0
165591,CUT BANK MUNI AP,MT,48.6033,-112.3753,1169.8,20170516,37.94,55.94,46.04,9.618841999999999,140.0,29.974996,,0.0,0.09055123
165592,CUT BANK MUNI AP,MT,48.6033,-112.3753,1169.8,20170530,44.96,78.98,62.96,8.052984,140.0,23.040482,,0.0,0.0
165593,CUT BANK MUNI AP,MT,48.6033,-112.3753,1169.8,20170606,41.0,71.96,55.58,9.618841999999999,140.0,31.093465999999996,,0.0,0.0
165594,CUT BANK MUNI AP,MT,48.6033,-112.3753,1169.8,20170726,46.04,89.06,69.08,7.158208,140.0,25.053728,,0.0,0.0
165595,CUT BANK MUNI AP,MT,48.6033,-112.3753,1169.8,20170806,41.0,78.08,58.82,5.59235,140.0,17.000744,,0.0,0.0
165596,CUT BANK MUNI AP,MT,48.6033,-112.3753,1169.8,20170812,46.94,84.02,66.74,6.263432,140.0,21.027236,,0.0,0.0
165597,CUT BANK MUNI AP,MT,48.6033,-112.3753,1169.8,20170829,50.0,91.94,72.14,6.71082,140.0,21.027236,,0.0,0.0
165598,CUT BANK MUNI AP,MT,48.6033,-112.3753,1169.8,20170905,37.04,78.08,57.74,7.158208,140.0,23.935257999999997,,0.0,0.0
165599,CUT BANK MUNI AP,MT,48.6033,-112.3753,1169.8,20170916,37.04,53.96,41.72,8.94776,140.0,25.053728,,0.0,0.0
165600,DILLON AP,MT,45.2575,-112.5545,1585.0,20170303,24.26,50.0,34.7,12.30317,140.0,38.02798,,0.0,0.0
165601,DILLON AP,MT,45.2575,-112.5545,1585.0,20170607,44.96,86.0,63.68,7.605596,140.0,33.106712,,0.0,0.0
165602,DILLON AP,MT,45.2575,-112.5545,1585.0,20170725,55.94,80.96,66.74,7.381902,140.0,29.08022,,0.0,0.0
165603,DILLON AP,MT,45.2575,-112.5545,1585.0,20170728,50.0,87.98,65.48,6.263432,140.0,25.053728,,0.0,0.0
165605,GREAT FALLS INTL AP,MT,47.4733,-111.3822,1116.8,20170530,46.94,78.98,64.04,6.71082,140.0,18.119214000000003,0.0,0.0,0.0
165606,GREAT FALLS INTL AP,MT,47.4733,-111.3822,1116.8,20170707,53.96,96.98,77.72,6.039738,140.0,23.040482,0.0,0.0,0.0
165610,MISSOULA INTL AP,MT,46.9208,-114.0925,972.9,20170108,7.16,20.12,10.22,1.11847,140.0,8.052984,5.3149635,9.842525,0.40944904
165611,MISSOULA INTL AP,MT,46.9208,-114.0925,972.9,20170119,27.14,35.06,29.12,1.342164,140.0,8.052984,0.0,12.992133,0.03149608
165612,MISSOULA INTL AP,MT,46.9208,-114.0925,972.9,20170201,6.26,20.12,18.32,10.513618,140.0,25.053728,0.0,11.81103,0.0
165613,MISSOULA INTL AP,MT,46.9208,-114.0925,972.9,20170422,30.2,64.94,45.14,7.158208,140.0,29.08022,0.0,0.0,0.0
165614,MISSOULA INTL AP,MT,46.9208,-114.0925,972.9,20170828,48.92,93.92,69.62,2.013246,140.0,17.000744,0.0,0.0,0.0
167409,GLASGOW INTL AP,MT,48.2138,-106.6213,696.5,20170322,32.0,60.08,39.02,10.513618,140.0,31.093465999999996,0.0,0.0,0.0
167410,GLASGOW INTL AP,MT,48.2138,-106.6213,696.5,20170426,33.08,51.08,39.92,12.079476,140.0,29.08022,0.0,0.0,0.0
167411,GLASGOW INTL AP,MT,48.2138,-106.6213,696.5,20170512,53.96,87.98,69.44,17.224438,140.0,34.001488,0.0,0.0,0.0
167412,GLASGOW INTL AP,MT,48.2138,-106.6213,696.5,20170807,51.08,82.94,66.38,8.500372,140.0,23.040482,0.0,0.0,0.0
167413,GLASGOW INTL AP,MT,48.2138,-106.6213,696.5,20170908,55.04,93.02,72.14,15.658579999999999,140.0,29.08022,0.0,0.0,0.0
167414,HAVRE CITY CO AP,MT,48.5428,-109.7633,787.9,20170531,48.92,89.96,68.54,9.842536,140.0,19.908766,0.0,0.0,0.0
167426,WOLF POINT INTL AP,MT,48.0944,-105.5744,605.3,20170322,33.98,60.98,,5.1449620000000005,140.0,19.908766,0.0,0.0,0.0
167427,WOLF POINT INTL AP,MT,48.0944,-105.5744,605.3,20170818,48.92,91.04,,4.6975739999999995,140.0,17.000744,0.0,0.0,0.0
167479,JORDAN AP,MT,47.3258,-106.9475,811.4,20170322,33.08,66.92,,7.158208,140.0,27.066974,0.0,0.0,0.0
167480,JORDAN AP,MT,47.3258,-106.9475,811.4,20170405,20.12,60.08,,6.487126,140.0,25.053728,0.0,0.0,0.0
167481,JORDAN AP,MT,47.3258,-106.9475,811.4,20170412,32.0,59.0,,6.934514,140.0,25.948504,0.0,0.0,0.0
167482,JORDAN AP,MT,47.3258,-106.9475,811.4,20170417,21.2,60.98,,11.408394,140.0,29.974996,0.0,0.0,0.0
167483,JORDAN AP,MT,47.3258,-106.9475,811.4,20170426,30.2,50.0,,8.94776,140.0,19.908766,0.0,0.0,0.0
167484,JORDAN AP,MT,47.3258,-106.9475,811.4,20170803,42.98,78.98,,5.1449620000000005,140.0,23.040482,0.0,0.0,0.0
167485,JORDAN AP,MT,47.3258,-106.9475,811.4,20170822,41.0,87.98,,5.1449620000000005,140.0,21.922012,0.0,0.0,0.0
167486,JORDAN AP,MT,47.3258,-106.9475,811.4,20170830,55.94,96.98,,12.30317,140.0,33.106712,0.0,0.0,0.0
167487,JORDAN AP,MT,47.3258,-106.9475,811.4,20170908,39.02,93.02,,8.052984,140.0,25.948504,0.0,0.0,0.0
167517,BAKER MUNI AP,MT,46.3583,-104.25,905.6,20170107,-15.88,3.2,,16.105968,140.0,31.988242,,,0.0
167518,BAKER MUNI AP,MT,46.3583,-104.25,905.6,20170203,-10.84,14.18,,12.750558,140.0,29.08022,,,0.0
167519,BAKER MUNI AP,MT,46.3583,-104.25,905.6,20170224,13.1,30.2,,7.381902,140.0,23.040482,,,0.0
167520,BAKER MUNI AP,MT,46.3583,-104.25,905.6,20170227,19.22,32.0,,12.974252,140.0,23.935257999999997,,,0.0
167521,BAKER MUNI AP,MT,46.3583,-104.25,905.6,20170313,-2.74,22.1,,17.671826,140.0,31.988242,,,0.0
167522,BAKER MUNI AP,MT,46.3583,-104.25,905.6,20170314,20.12,37.04,,11.1847,140.0,23.935257999999997,,,0.0
167523,BAKER MUNI AP,MT,46.3583,-104.25,905.6,20170318,31.1,71.06,,17.89552,140.0,33.106712,,,0.0
167524,BAKER MUNI AP,MT,46.3583,-104.25,905.6,20170322,28.22,55.94,,13.645334,140.0,50.107456,,,0.0
167525,BAKER MUNI AP,MT,46.3583,-104.25,905.6,20170324,27.14,60.98,,8.500372,140.0,29.08022,,,0.0
167526,BAKER MUNI AP,MT,46.3583,-104.25,905.6,20170413,37.04,69.08,,29.751302000000003,140.0,55.9235,,,0.0
167527,BAKER MUNI AP,MT,46.3583,-104.25,905.6,20170414,35.96,60.98,,15.211192,140.0,40.041226,,,0.0
167528,BAKER MUNI AP,MT,46.3583,-104.25,905.6,20170417,22.1,57.02,,18.790295999999998,140.0,46.080964,,,0.09842525
167529,BAKER MUNI AP,MT,46.3583,-104.25,905.6,20170419,33.98,44.96,,10.513618,140.0,29.974996,,,0.40944904
167530,BAKER MUNI AP,MT,46.3583,-104.25,905.6,20170601,51.08,91.94,,12.526864,140.0,29.08022,,,0.0
167531,BAKER MUNI AP,MT,46.3583,-104.25,905.6,20170703,55.94,95.0,,12.30317,140.0,38.922756,,,0.0
167532,BAKER MUNI AP,MT,46.3583,-104.25,905.6,20170814,53.06,77.0,,14.54011,140.0,31.093465999999996,,,0.0
167533,BAKER MUNI AP,MT,46.3583,-104.25,905.6,20170908,46.94,87.98,,18.119214000000003,140.0,35.119958000000004,,,0.0
168108,KALISPELL GLACIER AP,MT,48.3042,-114.2636,901.3,20170701,50.0,87.08,68.0,4.6975739999999995,130.0,21.922012,0.0,0.0,0.0
168109,KALISPELL GLACIER AP,MT,48.3042,-114.2636,901.3,20170712,48.02,87.08,69.08,6.039738,130.0,23.040482,0.0,0.0,0.0
168110,KALISPELL GLACIER AP,MT,48.3042,-114.2636,901.3,20170722,44.06,86.0,66.92,5.368656,130.0,23.040482,0.0,0.0,0.0
171083,BILLINGS LOGAN INTL AP,MT,45.8069,-108.5422,1091.5,20170519,35.06,59.0,46.22,5.816044000000001,130.0,19.908766,0.0,0.0,0.0
171084,BILLINGS LOGAN INTL AP,MT,45.8069,-108.5422,1091.5,20170612,53.06,82.04,64.76,10.066230000000001,130.0,42.054472,0.0,0.0,1.11023682
171085,BILLINGS LOGAN INTL AP,MT,45.8069,-108.5422,1091.5,20170807,51.98,82.04,65.48,4.921268,130.0,17.000744,0.0,0.0,0.0
171086,LEWISTOWN MUNI AP,MT,47.0492,-109.4578,1263.4,20170202,-5.8,12.2,,4.921268,130.0,12.974252,,1.968505,0.0
171087,LEWISTOWN MUNI AP,MT,47.0492,-109.4578,1263.4,20170208,-14.8,22.1,,4.6975739999999995,130.0,14.987498,,3.93701,0.01968505
171088,LEWISTOWN MUNI AP,MT,47.0492,-109.4578,1263.4,20170510,35.06,71.06,,5.59235,130.0,16.105968,,0.0,0.0
171089,LEWISTOWN MUNI AP,MT,47.0492,-109.4578,1263.4,20170727,57.92,87.98,,6.263432,130.0,19.01399,,0.0,0.0
171090,MILES CITY F WILEY FLD,MT,46.4267,-105.8825,799.8,20170311,7.16,23.18,,6.71082,130.0,18.119214000000003,,,0.01181103
171091,MILES CITY F WILEY FLD,MT,46.4267,-105.8825,799.8,20170313,9.14,29.12,,5.816044000000001,130.0,17.000744,,,0.01181103
171092,MILES CITY F WILEY FLD,MT,46.4267,-105.8825,799.8,20170321,32.0,37.94,,15.211192,130.0,33.106712,,,0.0
171093,MILES CITY F WILEY FLD,MT,46.4267,-105.8825,799.8,20170412,39.92,62.06,,7.829289999999999,130.0,21.922012,,,0.01181103
171094,MILES CITY F WILEY FLD,MT,46.4267,-105.8825,799.8,20170708,64.04,102.92,,9.171453999999999,130.0,29.08022,,,0.0
171095,MILES CITY F WILEY FLD,MT,46.4267,-105.8825,799.8,20170829,55.94,96.08,,5.59235,130.0,25.948504,,,0.0
171185,BOZEMAN GALLATIN FLD,MT,45.7881,-111.1608,1349.3,20170120,5.18,33.98,,3.802798,130.0,12.974252,0.0,4.0157502,0.0
171186,BOZEMAN GALLATIN FLD,MT,45.7881,-111.1608,1349.3,20170121,-0.76,27.14,,2.684328,130.0,10.961006,0.0,4.0157502,0.0
171187,BOZEMAN GALLATIN FLD,MT,45.7881,-111.1608,1349.3,20170128,0.14,31.1,,3.802798,130.0,12.079476,0.0,4.0157502,0.0
171188,BOZEMAN GALLATIN FLD,MT,45.7881,-111.1608,1349.3,20170411,21.2,51.98,,4.6975739999999995,130.0,19.908766,0.0,0.0,0.03149608
171189,BOZEMAN GALLATIN FLD,MT,45.7881,-111.1608,1349.3,20170511,39.02,80.06,,4.921268,130.0,25.948504,0.0,0.0,0.0
171190,BOZEMAN GALLATIN FLD,MT,45.7881,-111.1608,1349.3,20170529,37.94,75.92,,3.579104,130.0,16.105968,0.0,0.0,0.0
171191,BOZEMAN GALLATIN FLD,MT,45.7881,-111.1608,1349.3,20170530,39.92,80.96,,6.487126,130.0,23.935257999999997,0.0,0.0,0.0
171192,BOZEMAN GALLATIN FLD,MT,45.7881,-111.1608,1349.3,20170607,48.02,87.98,,6.934514,130.0,36.90951,0.0,0.0,0.03149608
171193,BOZEMAN GALLATIN FLD,MT,45.7881,-111.1608,1349.3,20170707,53.96,95.0,,4.921268,130.0,19.908766,0.0,0.0,0.0
171195,BUTTE BERT MOONEY AP,MT,45.9647,-112.5006,1678.2,20170202,-20.74,11.12,-0.58,1.342164,130.0,8.052984,,,0.0
171196,BUTTE BERT MOONEY AP,MT,45.9647,-112.5006,1678.2,20170702,51.98,84.02,68.54,5.59235,130.0,36.014734000000004,,,0.01181103
171197,BUTTE BERT MOONEY AP,MT,45.9647,-112.5006,1678.2,20170807,39.92,82.04,63.14,4.250186,130.0,21.922012,,,0.0
171198,CUT BANK MUNI AP,MT,48.6033,-112.3753,1169.8,20170412,35.96,51.08,40.82,8.500372,130.0,19.908766,0.0,0.0,0.14173236
171199,CUT BANK MUNI AP,MT,48.6033,-112.3753,1169.8,20170510,33.98,71.96,52.88,5.1449620000000005,130.0,19.908766,,0.0,0.0
171200,CUT BANK MUNI AP,MT,48.6033,-112.3753,1169.8,20170612,39.02,77.0,59.0,9.395147999999999,130.0,29.08022,,0.0,0.03149608
171201,CUT BANK MUNI AP,MT,48.6033,-112.3753,1169.8,20170725,42.98,80.96,62.42,6.934514,130.0,19.908766,,0.0,0.0
171202,DILLON AP,MT,45.2575,-112.5545,1585.0,20170218,32.0,48.92,38.3,10.737312,130.0,44.067718,,0.0,0.0
171203,GREAT FALLS INTL AP,MT,47.4733,-111.3822,1116.8,20170625,44.06,82.04,63.68,6.487126,130.0,18.119214000000003,0.0,0.0,0.0
171204,GREAT FALLS INTL AP,MT,47.4733,-111.3822,1116.8,20170829,51.98,89.96,72.68,7.158208,130.0,18.119214000000003,0.0,0.0,0.0
171205,HELENA RGNL AP,MT,46.6056,-111.9636,1166.8,20170912,48.92,89.96,69.44,2.9080220000000003,130.0,17.000744,0.0,0.0,0.0
171209,LIVINGSTON MISSION FLD,MT,45.6983,-110.4408,1415.2,20170731,53.06,96.08,,8.052984,130.0,25.948504,,,0.0
171210,LIVINGSTON MISSION FLD,MT,45.6983,-110.4408,1415.2,20170811,51.98,87.98,,7.381902,130.0,29.08022,,,0.03149608
171212,MISSOULA INTL AP,MT,46.9208,-114.0925,972.9,20170105,-18.76,1.22,-9.22,0.894776,130.0,6.934514,0.0,9.055123,0.0
171213,MISSOULA INTL AP,MT,46.9208,-114.0925,972.9,20170112,0.14,20.12,13.46,1.565858,130.0,10.066230000000001,0.0,14.173236,0.0
171214,MISSOULA INTL AP,MT,46.9208,-114.0925,972.9,20170114,-13.9,7.16,-2.38,0.0,130.0,6.039738,0.0,14.173236,0.0
171215,MISSOULA INTL AP,MT,46.9208,-114.0925,972.9,20170116,-11.74,12.2,-0.4,0.894776,130.0,12.974252,0.0,14.173236,0.0
171216,MISSOULA INTL AP,MT,46.9208,-114.0925,972.9,20170315,39.02,57.92,45.86,5.59235,130.0,16.105968,0.0,0.0,0.01968505
171217,MISSOULA INTL AP,MT,46.9208,-114.0925,972.9,20170321,37.94,53.06,44.42,11.408394,130.0,31.093465999999996,0.0,0.0,0.09842525
171218,MISSOULA INTL AP,MT,46.9208,-114.0925,972.9,20170504,39.92,82.94,58.1,1.789552,130.0,12.079476,0.0,0.0,0.0
171219,MISSOULA INTL AP,MT,46.9208,-114.0925,972.9,20170806,53.06,86.0,71.78,7.605596,130.0,23.040482,0.0,0.0,0.0
171220,MISSOULA INTL AP,MT,46.9208,-114.0925,972.9,20170824,57.92,75.92,70.34,4.47388,130.0,21.922012,0.0,0.0,0.05905515
171221,MISSOULA INTL AP,MT,46.9208,-114.0925,972.9,20170827,44.06,91.04,66.74,2.23694,130.0,14.987498,0.0,0.0,0.0
171222,MISSOULA INTL AP,MT,46.9208,-114.0925,972.9,20170907,48.02,84.02,64.22,2.013246,130.0,10.961006,0.0,0.0,0.0
172698,GLASGOW INTL AP,MT,48.2138,-106.6213,696.5,20170203,-4.9,17.24,6.44,11.1847,130.0,23.935257999999997,0.3149608,1.968505,0.01181103
172699,GLASGOW INTL AP,MT,48.2138,-106.6213,696.5,20170413,42.08,75.92,54.68,23.48787,130.0,44.962494,0.0,0.0,0.0
172700,GLASGOW INTL AP,MT,48.2138,-106.6213,696.5,20170427,31.1,55.94,42.44,12.974252,130.0,23.040482,0.0,0.0,0.0
172701,GLASGOW INTL AP,MT,48.2138,-106.6213,696.5,20170516,33.08,69.98,50.72,6.934514,130.0,21.027236,0.0,0.0,0.0
172702,GLASGOW INTL AP,MT,48.2138,-106.6213,696.5,20170531,44.96,84.92,62.96,13.645334,130.0,27.066974,0.0,0.0,0.0
172703,GLASGOW INTL AP,MT,48.2138,-106.6213,696.5,20170730,62.06,100.04,80.06,11.408394,130.0,34.001488,0.0,0.0,0.0
172704,GLASGOW INTL AP,MT,48.2138,-106.6213,696.5,20170831,66.02,86.0,77.54,9.171453999999999,130.0,27.066974,0.0,0.0,0.01181103
172705,HAVRE CITY CO AP,MT,48.5428,-109.7633,787.9,20170321,30.2,48.92,36.32,18.342907999999998,130.0,35.119958000000004,0.0,0.0,0.0
172706,HAVRE CITY CO AP,MT,48.5428,-109.7633,787.9,20170607,50.0,86.0,69.26,13.645334,130.0,27.96175,0.0,0.0,0.0
172707,HAVRE CITY CO AP,MT,48.5428,-109.7633,787.9,20170807,46.94,87.08,69.44,4.47388,130.0,17.000744,0.0,0.0,0.0
172718,WOLF POINT INTL AP,MT,48.0944,-105.5744,605.3,20170506,53.06,87.98,,9.842536,130.0,18.119214000000003,0.0,0.0,0.0
172719,WOLF POINT INTL AP,MT,48.0944,-105.5744,605.3,20170810,46.94,80.96,,3.802798,130.0,16.105968,0.0,0.0,0.0
172720,WOLF POINT INTL AP,MT,48.0944,-105.5744,605.3,20170813,53.06,82.04,,9.618841999999999,130.0,23.040482,0.0,0.0,0.0
172721,WOLF POINT INTL AP,MT,48.0944,-105.5744,605.3,20170908,53.06,93.02,,8.724066,130.0,27.96175,0.0,0.0,0.0
172756,JORDAN AP,MT,47.3258,-106.9475,811.4,20170308,16.16,27.14,,8.052984,130.0,19.908766,,0.0,0.0787402
172757,JORDAN AP,MT,47.3258,-106.9475,811.4,20170321,30.2,39.02,,15.882273999999999,130.0,31.988242,0.0,0.0,0.0
172758,JORDAN AP,MT,47.3258,-106.9475,811.4,20170413,42.08,77.0,,16.105968,130.0,38.922756,0.0,0.0,0.0
172759,JORDAN AP,MT,47.3258,-106.9475,811.4,20170420,26.24,64.94,,7.829289999999999,130.0,25.053728,0.0,0.0,0.0
172760,JORDAN AP,MT,47.3258,-106.9475,811.4,20170726,50.0,95.0,,4.921268,130.0,23.040482,0.0,0.0,0.0
172761,JORDAN AP,MT,47.3258,-106.9475,811.4,20170820,51.08,84.02,,6.263432,130.0,25.053728,0.0,0.0,0.0
172762,JORDAN AP,MT,47.3258,-106.9475,811.4,20170828,44.96,96.08,,4.47388,130.0,19.01399,0.0,0.0,0.0
172789,BAKER MUNI AP,MT,46.3583,-104.25,905.6,20170109,1.22,17.24,,17.224438,130.0,36.014734000000004,,,0.07086618
172790,BAKER MUNI AP,MT,46.3583,-104.25,905.6,20170112,-10.84,2.12,,12.079476,130.0,27.066974,,,0.0
172791,BAKER MUNI AP,MT,46.3583,-104.25,905.6,20170113,-10.84,19.22,,8.052984,130.0,21.027236,,,0.0
172792,BAKER MUNI AP,MT,46.3583,-104.25,905.6,20170123,18.14,22.1,,7.829289999999999,130.0,25.053728,,,0.0
172793,BAKER MUNI AP,MT,46.3583,-104.25,905.6,20170219,29.12,59.0,,7.158208,130.0,14.987498,,,0.0
172794,BAKER MUNI AP,MT,46.3583,-104.25,905.6,20170309,7.16,27.14,,8.052984,130.0,19.908766,,,0.0
172795,BAKER MUNI AP,MT,46.3583,-104.25,905.6,20170311,7.16,19.22,,11.408394,130.0,38.02798,,,0.0
172796,BAKER MUNI AP,MT,46.3583,-104.25,905.6,20170321,26.24,33.98,,22.3694,130.0,48.988986,,,0.0
172797,BAKER MUNI AP,MT,46.3583,-104.25,905.6,20170515,44.06,71.06,,13.197946,130.0,40.041226,,,0.5511814
172798,BAKER MUNI AP,MT,46.3583,-104.25,905.6,20170519,33.08,53.96,,8.500372,130.0,21.922012,,,0.0
172799,BAKER MUNI AP,MT,46.3583,-104.25,905.6,20170604,53.06,93.02,,9.842536,130.0,27.066974,,,0.0
172800,BAKER MUNI AP,MT,46.3583,-104.25,905.6,20170607,41.0,80.96,,7.829289999999999,130.0,23.935257999999997,,,0.0
172801,BAKER MUNI AP,MT,46.3583,-104.25,905.6,20170713,55.94,91.04,,16.553356,130.0,33.106712,,,0.0
172802,BAKER MUNI AP,MT,46.3583,-104.25,905.6,20170807,42.98,80.06,,7.381902,130.0,21.027236,,,0.0
172803,BAKER MUNI AP,MT,46.3583,-104.25,905.6,20170810,44.06,77.0,,5.59235,130.0,18.119214000000003,,,0.0
172804,BAKER MUNI AP,MT,46.3583,-104.25,905.6,20170816,46.94,84.02,,5.368656,130.0,21.027236,,,0.0
172805,BAKER MUNI AP,MT,46.3583,-104.25,905.6,20170820,51.98,82.04,,13.645334,130.0,35.119958000000004,,,0.0
172806,BAKER MUNI AP,MT,46.3583,-104.25,905.6,20170824,57.92,91.94,,19.461378,130.0,40.041226,,,0.0
172807,BAKER MUNI AP,MT,46.3583,-104.25,905.6,20170830,55.94,91.04,,17.000744,130.0,35.119958000000004,,,0.0
173334,KALISPELL GLACIER AP,MT,48.3042,-114.2636,901.3,20170215,4.1,37.94,18.14,0.671082,120.0,6.934514,0.0,16.141741,0.0
173335,KALISPELL GLACIER AP,MT,48.3042,-114.2636,901.3,20170702,46.94,89.06,69.62,2.9080220000000003,120.0,14.987498,0.0,0.0,0.0
173336,KALISPELL GLACIER AP,MT,48.3042,-114.2636,901.3,20170729,48.92,95.0,73.04,4.6975739999999995,120.0,23.040482,0.0,0.0,0.0
173337,KALISPELL GLACIER AP,MT,48.3042,-114.2636,901.3,20170815,35.96,78.98,58.82,2.460634,120.0,16.105968,0.0,0.0,0.0
175899,BILLINGS LOGAN INTL AP,MT,45.8069,-108.5422,1091.5,20170317,33.98,53.96,44.24,7.605596,120.0,21.922012,0.0,0.0,0.0
175900,BILLINGS LOGAN INTL AP,MT,45.8069,-108.5422,1091.5,20170412,39.02,60.98,49.28,8.052984,120.0,27.066974,0.0,0.0,0.0
175901,BILLINGS LOGAN INTL AP,MT,45.8069,-108.5422,1091.5,20170505,51.98,84.92,67.64,8.276678,120.0,25.053728,0.0,0.0,0.0
175902,BILLINGS LOGAN INTL AP,MT,45.8069,-108.5422,1091.5,20170603,53.06,82.94,68.9,6.263432,120.0,19.908766,0.0,0.0,0.0
175903,BILLINGS LOGAN INTL AP,MT,45.8069,-108.5422,1091.5,20170822,51.98,87.98,69.44,6.039738,120.0,17.000744,0.0,0.0,0.0
175904,LEWISTOWN MUNI AP,MT,47.0492,-109.4578,1263.4,20170103,-17.86,-1.84,,3.802798,120.0,10.961006,,3.149608,0.0
175905,LEWISTOWN MUNI AP,MT,47.0492,-109.4578,1263.4,20170227,5.18,23.18,,7.381902,120.0,19.01399,,3.93701,0.01181103
175906,LEWISTOWN MUNI AP,MT,47.0492,-109.4578,1263.4,20170516,32.0,62.06,,8.500372,120.0,25.948504,,0.0,0.16141741
175907,LEWISTOWN MUNI AP,MT,47.0492,-109.4578,1263.4,20170707,53.96,93.02,,5.59235,120.0,17.000744,,0.0,0.0
175908,LEWISTOWN MUNI AP,MT,47.0492,-109.4578,1263.4,20170715,62.96,98.06,,12.526864,120.0,36.90951,,0.0,0.0
175909,LEWISTOWN MUNI AP,MT,47.0492,-109.4578,1263.4,20170801,57.92,86.0,,8.276678,120.0,18.119214000000003,,0.0,0.0
175910,MILES CITY F WILEY FLD,MT,46.4267,-105.8825,799.8,20170418,35.06,64.94,,5.1449620000000005,120.0,14.987498,,,0.0
175911,MILES CITY F WILEY FLD,MT,46.4267,-105.8825,799.8,20170531,51.08,84.92,,12.30317,120.0,25.053728,,,0.0
175982,BOZEMAN GALLATIN FLD,MT,45.7881,-111.1608,1349.3,20170118,4.1,35.06,,4.6975739999999995,120.0,14.092722,0.0,5.984255200000001,0.0
175983,BOZEMAN GALLATIN FLD,MT,45.7881,-111.1608,1349.3,20170412,32.0,64.04,,7.605596,120.0,23.935257999999997,0.0,0.0,0.01968505
175984,BOZEMAN GALLATIN FLD,MT,45.7881,-111.1608,1349.3,20170715,59.0,93.92,,8.052984,120.0,36.90951,0.0,0.0,0.0
175985,BUTTE BERT MOONEY AP,MT,45.9647,-112.5006,1678.2,20170812,44.06,84.02,66.2,4.47388,120.0,18.119214000000003,,,0.0
175986,CUT BANK MUNI AP,MT,48.6033,-112.3753,1169.8,20170607,46.94,80.96,62.96,7.605596,120.0,27.96175,,0.0,0.0
175987,CUT BANK MUNI AP,MT,48.6033,-112.3753,1169.8,20170613,48.02,62.96,59.0,11.632088000000001,120.0,40.041226,,0.0,1.37007948
175988,CUT BANK MUNI AP,MT,48.6033,-112.3753,1169.8,20170712,44.96,82.04,62.24,8.052984,120.0,27.066974,,0.0,0.0
175989,CUT BANK MUNI AP,MT,48.6033,-112.3753,1169.8,20170822,44.96,86.0,65.66,3.802798,120.0,14.987498,,0.0,0.0
175997,LIVINGSTON MISSION FLD,MT,45.6983,-110.4408,1415.2,20170208,5.18,29.12,,7.605596,120.0,18.119214000000003,,,0.01181103
175998,LIVINGSTON MISSION FLD,MT,45.6983,-110.4408,1415.2,20170331,35.06,51.98,,10.961006,120.0,25.053728,,,0.0787402
175999,LIVINGSTON MISSION FLD,MT,45.6983,-110.4408,1415.2,20170714,59.0,95.0,,9.618841999999999,120.0,25.053728,,,0.0
176001,MISSOULA INTL AP,MT,46.9208,-114.0925,972.9,20170101,-1.84,21.2,9.14,8.052984,120.0,29.08022,1.1023628,9.842525,0.05118113
176002,MISSOULA INTL AP,MT,46.9208,-114.0925,972.9,20170102,7.16,13.1,10.76,19.461378,120.0,31.988242,0.0,9.842525,0.0
176003,MISSOULA INTL AP,MT,46.9208,-114.0925,972.9,20170103,2.12,11.12,8.6,8.052984,120.0,21.922012,0.0,9.055123,0.0
176004,MISSOULA INTL AP,MT,46.9208,-114.0925,972.9,20170113,-10.84,10.22,2.48,0.894776,120.0,8.052984,0.0,14.173236,0.0
176005,MISSOULA INTL AP,MT,46.9208,-114.0925,972.9,20170117,-4.9,18.14,4.1,2.013246,120.0,12.079476,0.0,14.173236,0.0
176006,MISSOULA INTL AP,MT,46.9208,-114.0925,972.9,20170121,15.26,26.24,22.64,1.342164,120.0,10.066230000000001,0.5118113000000001,11.81103,0.03149608
176007,MISSOULA INTL AP,MT,46.9208,-114.0925,972.9,20170124,15.26,29.12,24.62,3.802798,120.0,12.079476,0.0,12.992133,0.0
176008,MISSOULA INTL AP,MT,46.9208,-114.0925,972.9,20170125,20.12,26.24,23.36,2.684328,120.0,8.052984,0.0,11.81103,0.0
176009,MISSOULA INTL AP,MT,46.9208,-114.0925,972.9,20170127,12.2,27.14,22.46,4.250186,120.0,17.000744,0.0,11.81103,0.0
176010,MISSOULA INTL AP,MT,46.9208,-114.0925,972.9,20170202,-2.74,21.2,9.86,4.921268,120.0,18.119214000000003,0.0,11.81103,0.0
176011,MISSOULA INTL AP,MT,46.9208,-114.0925,972.9,20170303,33.98,51.08,41.18,2.9080220000000003,120.0,12.974252,0.0,0.0,0.0
176012,MISSOULA INTL AP,MT,46.9208,-114.0925,972.9,20170320,27.14,51.08,38.66,10.066230000000001,120.0,29.974996,0.0,0.0,0.0
176013,MISSOULA INTL AP,MT,46.9208,-114.0925,972.9,20170405,32.0,60.98,42.08,3.802798,120.0,19.908766,0.0,0.0,0.0
176014,MISSOULA INTL AP,MT,46.9208,-114.0925,972.9,20170413,39.02,51.08,47.84,7.158208,120.0,27.066974,0.0,0.0,0.27952771
176015,MISSOULA INTL AP,MT,46.9208,-114.0925,972.9,20170606,42.08,80.96,60.08,4.921268,120.0,19.01399,0.0,0.0,0.0
176016,MISSOULA INTL AP,MT,46.9208,-114.0925,972.9,20170625,48.02,89.96,67.46,3.131716,120.0,10.961006,0.0,0.0,0.0
176017,MISSOULA INTL AP,MT,46.9208,-114.0925,972.9,20170714,57.02,100.04,78.62,4.6975739999999995,120.0,31.988242,0.0,0.0,0.0
176018,MISSOULA INTL AP,MT,46.9208,-114.0925,972.9,20170808,51.08,91.04,72.68,6.039738,120.0,25.053728,0.0,0.0,0.0
176019,MISSOULA INTL AP,MT,46.9208,-114.0925,972.9,20170820,46.04,80.96,62.6,3.802798,120.0,19.908766,0.0,0.0,0.0
176020,MISSOULA INTL AP,MT,46.9208,-114.0925,972.9,20170905,48.02,82.94,65.48,4.6975739999999995,120.0,17.000744,0.0,0.0,0.0
176021,MISSOULA INTL AP,MT,46.9208,-114.0925,972.9,20170917,35.06,66.92,47.66,1.789552,120.0,12.974252,0.0,0.0,0.0
177275,GLASGOW INTL AP,MT,48.2138,-106.6213,696.5,20170116,-0.76,19.22,6.98,7.605596,120.0,18.119214000000003,0.0,5.118113,0.0
177276,GLASGOW INTL AP,MT,48.2138,-106.6213,696.5,20170117,7.16,35.96,15.62,8.724066,120.0,16.105968,0.0,5.118113,0.0
177277,GLASGOW INTL AP,MT,48.2138,-106.6213,696.5,20170215,22.1,51.98,33.62,7.605596,120.0,21.027236,0.0,0.0,0.0
177278,GLASGOW INTL AP,MT,48.2138,-106.6213,696.5,20170224,19.22,31.1,26.42,8.500372,120.0,18.119214000000003,0.1968505,0.0,0.0
177279,GLASGOW INTL AP,MT,48.2138,-106.6213,696.5,20170309,8.24,18.14,15.62,12.526864,120.0,23.935257999999997,0.0,0.0,0.0
177280,GLASGOW INTL AP,MT,48.2138,-106.6213,696.5,20170317,32.0,42.98,37.4,8.052984,120.0,23.040482,0.0,0.0,0.0
177281,GLASGOW INTL AP,MT,48.2138,-106.6213,696.5,20170417,18.14,55.04,32.18,14.54011,120.0,34.001488,0.0,0.0,0.0
177282,GLASGOW INTL AP,MT,48.2138,-106.6213,696.5,20170607,50.0,82.04,65.12,9.618841999999999,120.0,21.027236,0.0,0.0,0.0
177283,GLASGOW INTL AP,MT,48.2138,-106.6213,696.5,20170612,50.0,84.92,67.46,17.000744,120.0,40.936002,0.0,0.0,0.0
177284,GLASGOW INTL AP,MT,48.2138,-106.6213,696.5,20170712,57.02,75.92,64.4,10.066230000000001,120.0,19.01399,0.0,0.0,0.0
177285,GLASGOW INTL AP,MT,48.2138,-106.6213,696.5,20170713,57.92,98.06,72.86,16.105968,120.0,33.106712,0.0,0.0,0.0
177286,GLASGOW INTL AP,MT,48.2138,-106.6213,696.5,20170715,57.92,95.0,76.64,17.000744,120.0,33.106712,0.0,0.0,0.0
177287,GLASGOW INTL AP,MT,48.2138,-106.6213,696.5,20170718,60.98,87.98,73.58,12.750558,120.0,25.053728,0.0,0.0,0.0
177288,GLASGOW INTL AP,MT,48.2138,-106.6213,696.5,20170727,66.92,93.02,80.06,18.119214000000003,120.0,31.988242,0.0,0.0,0.0
177289,GLASGOW INTL AP,MT,48.2138,-106.6213,696.5,20170830,64.04,96.98,79.16,19.01399,120.0,31.988242,0.0,0.0,0.0
177290,GLASGOW INTL AP,MT,48.2138,-106.6213,696.5,20170909,57.92,91.04,75.92,9.618841999999999,120.0,23.040482,0.0,0.0,0.0
177291,GLASGOW INTL AP,MT,48.2138,-106.6213,696.5,20170916,42.98,48.92,45.32,5.1449620000000005,120.0,12.079476,0.0,0.0,0.40944904
177305,WOLF POINT INTL AP,MT,48.0944,-105.5744,605.3,20170520,39.02,71.96,,3.579104,120.0,16.105968,0.0,0.0,0.0
177306,WOLF POINT INTL AP,MT,48.0944,-105.5744,605.3,20170830,60.98,96.08,,10.066230000000001,120.0,27.066974,0.0,0.0,0.0
177343,JORDAN AP,MT,47.3258,-106.9475,811.4,20170311,4.1,19.22,,7.605596,120.0,19.01399,,0.0,0.01181103
177344,JORDAN AP,MT,47.3258,-106.9475,811.4,20170317,25.16,46.94,,7.381902,120.0,19.01399,0.0,0.0,0.0
177345,JORDAN AP,MT,47.3258,-106.9475,811.4,20170531,46.94,87.08,,11.632088000000001,120.0,27.066974,0.0,0.0,0.0
177346,JORDAN AP,MT,47.3258,-106.9475,811.4,20170907,37.04,89.06,,4.250186,120.0,19.01399,0.0,0.0,0.0
177362,BAKER MUNI AP,MT,46.3583,-104.25,905.6,20170310,6.26,11.12,,23.935257999999997,120.0,40.936002,,,0.0
177363,BAKER MUNI AP,MT,46.3583,-104.25,905.6,20170312,-2.74,19.22,,11.1847,120.0,36.014734000000004,,,0.0
177364,BAKER MUNI AP,MT,46.3583,-104.25,905.6,20170420,32.0,59.0,,8.94776,120.0,23.040482,,,0.0
177365,BAKER MUNI AP,MT,46.3583,-104.25,905.6,20170426,25.16,46.04,,4.47388,120.0,12.079476,,,0.0
177366,BAKER MUNI AP,MT,46.3583,-104.25,905.6,20170427,24.26,51.08,,11.1847,120.0,27.066974,,,0.0
177367,BAKER MUNI AP,MT,46.3583,-104.25,905.6,20170608,55.94,87.98,,19.908766,120.0,38.02798,,,0.0
177368,BAKER MUNI AP,MT,46.3583,-104.25,905.6,20170612,48.92,80.96,,19.685072,120.0,42.054472,,,0.0
177369,BAKER MUNI AP,MT,46.3583,-104.25,905.6,20170813,51.08,78.98,,10.513618,120.0,23.040482,,,0.0
180151,BILLINGS LOGAN INTL AP,MT,45.8069,-108.5422,1091.5,20170511,46.94,78.98,62.06,5.816044000000001,110.0,18.119214000000003,0.0,0.0,0.0
180152,BILLINGS LOGAN INTL AP,MT,45.8069,-108.5422,1091.5,20170608,62.96,93.02,76.64,8.94776,110.0,27.066974,0.0,0.0,0.0
180153,BILLINGS LOGAN INTL AP,MT,45.8069,-108.5422,1091.5,20170712,59.0,86.0,70.7,9.171453999999999,110.0,21.922012,0.0,0.0,0.0
180154,BILLINGS LOGAN INTL AP,MT,45.8069,-108.5422,1091.5,20170713,60.08,98.96,77.72,5.816044000000001,110.0,19.01399,0.0,0.0,0.0
180155,BILLINGS LOGAN INTL AP,MT,45.8069,-108.5422,1091.5,20170722,59.0,89.96,75.56,5.368656,110.0,18.119214000000003,0.0,0.0,0.0
180156,BILLINGS LOGAN INTL AP,MT,45.8069,-108.5422,1091.5,20170803,53.06,77.0,63.14,6.263432,110.0,27.066974,0.0,0.0,0.0
180157,BILLINGS LOGAN INTL AP,MT,45.8069,-108.5422,1091.5,20170912,60.08,91.94,75.92,9.395147999999999,110.0,23.935257999999997,0.0,0.0,0.0
180158,LEWISTOWN MUNI AP,MT,47.0492,-109.4578,1263.4,20170106,2.12,22.1,,5.59235,110.0,17.000744,,3.93701,0.0
180159,LEWISTOWN MUNI AP,MT,47.0492,-109.4578,1263.4,20170308,18.14,37.04,,9.395147999999999,110.0,27.066974,,0.0,0.01181103
180160,LEWISTOWN MUNI AP,MT,47.0492,-109.4578,1263.4,20170310,7.16,24.26,,8.276678,110.0,25.948504,,3.93701,0.03149608
180161,LEWISTOWN MUNI AP,MT,47.0492,-109.4578,1263.4,20170320,23.18,44.06,,9.618841999999999,110.0,27.96175,,0.0,0.0
180162,LEWISTOWN MUNI AP,MT,47.0492,-109.4578,1263.4,20170416,23.18,51.08,,9.618841999999999,110.0,27.066974,,0.0,0.0
180163,LEWISTOWN MUNI AP,MT,47.0492,-109.4578,1263.4,20170620,55.94,80.06,,8.276678,110.0,23.040482,0.0,0.0,0.0
180164,LEWISTOWN MUNI AP,MT,47.0492,-109.4578,1263.4,20170712,46.94,84.92,,8.276678,110.0,25.053728,,0.0,0.0
180165,MILES CITY F WILEY FLD,MT,46.4267,-105.8825,799.8,20170427,33.08,55.94,,6.934514,110.0,19.01399,,,0.0
180207,BUTTE BERT MOONEY AP,MT,45.9647,-112.5006,1678.2,20170115,-13.9,18.14,-2.38,2.013246,110.0,8.052984,,,0.0
180208,BUTTE BERT MOONEY AP,MT,45.9647,-112.5006,1678.2,20170412,32.0,59.0,43.52,8.724066,110.0,33.106712,,,0.0
180209,BUTTE BERT MOONEY AP,MT,45.9647,-112.5006,1678.2,20170607,48.92,84.92,66.74,7.829289999999999,110.0,36.90951,,,0.0
180210,CUT BANK MUNI AP,MT,48.6033,-112.3753,1169.8,20170320,19.22,42.08,30.38,11.1847,110.0,23.935257999999997,,0.0,0.0
180211,CUT BANK MUNI AP,MT,48.6033,-112.3753,1169.8,20170416,20.12,50.0,33.98,8.500372,110.0,25.948504,,0.0,0.0
180214,HELENA RGNL AP,MT,46.6056,-111.9636,1166.8,20170619,48.02,84.02,64.94,5.368656,110.0,21.922012,0.0,0.0,0.0
180215,HELENA RGNL AP,MT,46.6056,-111.9636,1166.8,20170729,59.0,95.0,77.36,5.368656,110.0,23.040482,0.0,0.0,0.0
180216,HELENA RGNL AP,MT,46.6056,-111.9636,1166.8,20170911,48.92,89.96,70.16,4.026492,110.0,16.105968,0.0,0.0,0.0
180221,LIVINGSTON MISSION FLD,MT,45.6983,-110.4408,1415.2,20170515,33.98,57.02,,5.1449620000000005,110.0,21.027236,,,0.27952771
180222,LIVINGSTON MISSION FLD,MT,45.6983,-110.4408,1415.2,20170625,35.96,82.04,,3.579104,110.0,14.987498,,,0.0
180223,LIVINGSTON MISSION FLD,MT,45.6983,-110.4408,1415.2,20170804,44.96,93.02,,8.724066,110.0,23.935257999999997,,,0.0
180224,LIVINGSTON MISSION FLD,MT,45.6983,-110.4408,1415.2,20170808,46.04,84.92,,8.724066,110.0,25.948504,,,0.0
180228,MISSOULA INTL AP,MT,46.9208,-114.0925,972.9,20170110,10.22,26.24,20.66,2.23694,110.0,23.935257999999997,0.5905515,14.960638000000001,0.01968505
180229,MISSOULA INTL AP,MT,46.9208,-114.0925,972.9,20170111,9.14,20.12,17.42,6.487126,110.0,31.093465999999996,0.1968505,14.960638000000001,0.0
180230,MISSOULA INTL AP,MT,46.9208,-114.0925,972.9,20170115,-11.74,7.16,-2.74,0.894776,110.0,6.934514,0.0,14.173236,0.0
180231,MISSOULA INTL AP,MT,46.9208,-114.0925,972.9,20170226,24.26,32.0,28.04,5.816044000000001,110.0,17.000744,0.393701,0.0,0.01968505
181440,GLASGOW INTL AP,MT,48.2138,-106.6213,696.5,20170107,-7.78,2.12,-3.46,14.316416,110.0,23.040482,0.0,5.118113,0.0
181441,GLASGOW INTL AP,MT,48.2138,-106.6213,696.5,20170113,-18.76,2.12,-10.48,5.59235,110.0,18.119214000000003,0.0,5.905515,0.0
181442,GLASGOW INTL AP,MT,48.2138,-106.6213,696.5,20170209,-8.86,30.2,2.12,11.408394,110.0,25.053728,0.0,3.93701,0.0
181443,GLASGOW INTL AP,MT,48.2138,-106.6213,696.5,20170227,12.2,19.22,16.88,10.289924000000001,110.0,21.922012,1.2992133,1.181103,0.05118113
181444,GLASGOW INTL AP,MT,48.2138,-106.6213,696.5,20170302,17.24,33.08,24.44,9.395147999999999,110.0,25.053728,0.0,1.181103,0.0
181445,GLASGOW INTL AP,MT,48.2138,-106.6213,696.5,20170313,-1.84,20.12,5.36,16.105968,110.0,27.066974,0.0,3.149608,0.0
181446,GLASGOW INTL AP,MT,48.2138,-106.6213,696.5,20170315,28.22,55.94,35.06,8.724066,110.0,19.01399,0.0,1.968505,0.0
181447,GLASGOW INTL AP,MT,48.2138,-106.6213,696.5,20170318,33.08,69.08,41.18,14.316416,110.0,25.053728,0.0,0.0,0.0
181448,GLASGOW INTL AP,MT,48.2138,-106.6213,696.5,20170321,25.16,42.08,30.38,19.237683999999998,110.0,34.001488,0.0,0.0,0.0
181449,GLASGOW INTL AP,MT,48.2138,-106.6213,696.5,20170405,27.14,59.0,41.72,10.513618,110.0,21.922012,0.0,0.0,0.0
181450,GLASGOW INTL AP,MT,48.2138,-106.6213,696.5,20170418,28.22,64.04,43.88,6.934514,110.0,18.119214000000003,0.0,0.0,0.0
181451,GLASGOW INTL AP,MT,48.2138,-106.6213,696.5,20170420,30.2,62.06,45.5,10.513618,110.0,25.053728,0.0,0.0,0.0
181452,GLASGOW INTL AP,MT,48.2138,-106.6213,696.5,20170425,29.12,44.96,33.62,12.079476,110.0,21.922012,0.0,0.0,0.0
181453,GLASGOW INTL AP,MT,48.2138,-106.6213,696.5,20170613,55.04,78.08,70.16,18.119214000000003,110.0,44.067718,0.0,0.0,0.0
181454,GLASGOW INTL AP,MT,48.2138,-106.6213,696.5,20170701,53.96,89.96,73.4,8.500372,110.0,23.935257999999997,0.0,0.0,0.0
181455,GLASGOW INTL AP,MT,48.2138,-106.6213,696.5,20170702,60.98,95.0,75.74,11.408394,110.0,25.948504,0.0,0.0,0.0
181456,GLASGOW INTL AP,MT,48.2138,-106.6213,696.5,20170813,53.06,82.94,65.66,15.211192,110.0,27.96175,0.0,0.0,0.0
181457,GLASGOW INTL AP,MT,48.2138,-106.6213,696.5,20170814,57.02,75.92,68.54,12.30317,110.0,23.935257999999997,0.0,0.0,0.05118113
181458,GLASGOW INTL AP,MT,48.2138,-106.6213,696.5,20170906,48.92,84.02,64.4,6.487126,110.0,14.987498,0.0,0.0,0.0
181459,HAVRE CITY CO AP,MT,48.5428,-109.7633,787.9,20170412,35.06,57.02,44.6,12.750558,110.0,29.08022,0.0,0.0,0.0
181460,HAVRE CITY CO AP,MT,48.5428,-109.7633,787.9,20170530,44.96,82.94,63.5,9.618841999999999,110.0,21.922012,0.0,0.0,0.0
181472,WOLF POINT INTL AP,MT,48.0944,-105.5744,605.3,20170321,24.26,42.98,,12.974252,110.0,29.08022,0.0,0.0,0.0
181473,WOLF POINT INTL AP,MT,48.0944,-105.5744,605.3,20170510,39.02,73.94,,5.1449620000000005,110.0,17.000744,0.0,0.0,0.0
181474,WOLF POINT INTL AP,MT,48.0944,-105.5744,605.3,20170512,46.94,89.06,,10.513618,110.0,25.053728,,,0.0
181475,WOLF POINT INTL AP,MT,48.0944,-105.5744,605.3,20170712,57.92,78.98,,8.276678,110.0,18.119214000000003,0.0,0.0,0.0
181476,WOLF POINT INTL AP,MT,48.0944,-105.5744,605.3,20170715,55.94,95.0,,10.066230000000001,110.0,25.948504,0.0,0.0,0.0
181477,WOLF POINT INTL AP,MT,48.0944,-105.5744,605.3,20170826,55.94,89.06,,5.59235,110.0,23.040482,0.0,0.0,0.0
181514,JORDAN AP,MT,47.3258,-106.9475,811.4,20170706,60.98,93.92,,8.94776,110.0,23.935257999999997,0.0,0.0,0.0
181515,JORDAN AP,MT,47.3258,-106.9475,811.4,20170715,57.02,98.96,,12.750558,110.0,33.106712,0.0,0.0,0.03149608
181533,BAKER MUNI AP,MT,46.3583,-104.25,905.6,20170206,5.18,11.12,,11.408394,110.0,23.935257999999997,,,0.0
181534,BAKER MUNI AP,MT,46.3583,-104.25,905.6,20170218,30.2,51.08,,8.94776,110.0,21.027236,,,0.0
181535,BAKER MUNI AP,MT,46.3583,-104.25,905.6,20170510,33.08,66.92,,4.250186,110.0,14.987498,,,0.0
181536,BAKER MUNI AP,MT,46.3583,-104.25,905.6,20170730,57.02,93.92,,7.381902,110.0,19.908766,,,0.0
181537,BAKER MUNI AP,MT,46.3583,-104.25,905.6,20170801,62.96,89.06,,16.553356,110.0,29.974996,,,0.0
181538,BAKER MUNI AP,MT,46.3583,-104.25,905.6,20170811,48.92,87.08,,10.513618,110.0,29.08022,,,0.0
181539,BAKER MUNI AP,MT,46.3583,-104.25,905.6,20170823,51.98,91.94,,8.724066,110.0,18.119214000000003,,,0.0
184013,BILLINGS LOGAN INTL AP,MT,45.8069,-108.5422,1091.5,20170420,35.06,66.02,50.72,11.632088000000001,100.0,35.119958000000004,0.0,0.0,0.0
184014,LEWISTOWN MUNI AP,MT,47.0492,-109.4578,1263.4,20170718,51.98,86.0,,7.829289999999999,100.0,23.935257999999997,,0.0,0.0
184015,LEWISTOWN MUNI AP,MT,47.0492,-109.4578,1263.4,20170812,46.04,82.94,,6.934514,100.0,21.922012,,0.0,0.0
184016,LEWISTOWN MUNI AP,MT,47.0492,-109.4578,1263.4,20170905,37.94,77.0,,6.263432,100.0,14.987498,,0.0,0.0
184017,LEWISTOWN MUNI AP,MT,47.0492,-109.4578,1263.4,20170907,44.06,87.08,,6.71082,100.0,21.922012,,0.0,0.0
184062,BOZEMAN GALLATIN FLD,MT,45.7881,-111.1608,1349.3,20170107,-13.9,12.2,,2.9080220000000003,100.0,8.94776,0.1968505,,0.01181103
184063,BOZEMAN GALLATIN FLD,MT,45.7881,-111.1608,1349.3,20170503,27.14,66.92,,3.579104,100.0,12.974252,0.0,0.0,0.0
184066,BUTTE BERT MOONEY AP,MT,45.9647,-112.5006,1678.2,20170106,-16.78,10.22,-4.72,2.684328,100.0,8.94776,,,0.0
184067,BUTTE BERT MOONEY AP,MT,45.9647,-112.5006,1678.2,20170416,21.2,53.06,35.24,6.263432,100.0,25.948504,,,0.0
184069,HELENA RGNL AP,MT,46.6056,-111.9636,1166.8,20170117,-1.84,24.26,7.34,2.013246,100.0,12.079476,0.0,5.905515,0.0
184070,HELENA RGNL AP,MT,46.6056,-111.9636,1166.8,20170416,26.24,57.02,42.44,6.934514,100.0,25.948504,0.0,0.0,0.0
184071,HELENA RGNL AP,MT,46.6056,-111.9636,1166.8,20170422,35.06,66.02,45.32,6.934514,100.0,27.96175,0.0,0.0,0.0
184072,HELENA RGNL AP,MT,46.6056,-111.9636,1166.8,20170508,32.0,64.94,47.12,3.35541,100.0,12.974252,0.0,0.0,0.0
184073,HELENA RGNL AP,MT,46.6056,-111.9636,1166.8,20170518,41.0,60.98,47.66,5.59235,100.0,19.908766,0.0,0.0,0.07086618
184074,HELENA RGNL AP,MT,46.6056,-111.9636,1166.8,20170523,44.96,82.04,61.88,4.47388,100.0,23.935257999999997,0.0,0.0,0.0
184077,LIVINGSTON MISSION FLD,MT,45.6983,-110.4408,1415.2,20170611,33.98,64.94,,7.381902,100.0,17.000744,,,0.0
184078,LIVINGSTON MISSION FLD,MT,45.6983,-110.4408,1415.2,20170810,39.02,84.92,,5.1449620000000005,100.0,17.000744,,,0.0
184079,LIVINGSTON MISSION FLD,MT,45.6983,-110.4408,1415.2,20170821,39.92,80.96,,4.250186,100.0,12.974252,,,0.0
184091,MISSOULA INTL AP,MT,46.9208,-114.0925,972.9,20170212,14.18,32.0,25.34,2.684328,100.0,10.961006,0.0,7.87402,0.0
184092,MISSOULA INTL AP,MT,46.9208,-114.0925,972.9,20170412,42.98,55.94,48.74,6.71082,100.0,21.027236,0.0,0.0,0.0
184093,MISSOULA INTL AP,MT,46.9208,-114.0925,972.9,20170416,25.16,59.0,38.84,4.921268,100.0,21.922012,0.0,0.0,0.0
184094,MISSOULA INTL AP,MT,46.9208,-114.0925,972.9,20170619,50.0,84.92,63.32,2.013246,100.0,21.027236,0.0,0.0,0.0
184095,MISSOULA INTL AP,MT,46.9208,-114.0925,972.9,20170904,55.94,77.0,71.6,8.500372,100.0,25.948504,0.0,0.0,0.0
184096,MISSOULA INTL AP,MT,46.9208,-114.0925,972.9,20170914,44.96,64.04,61.16,9.395147999999999,100.0,25.053728,0.0,0.0,0.14960638
185199,GLASGOW INTL AP,MT,48.2138,-106.6213,696.5,20170308,13.1,24.26,18.68,10.961006,100.0,33.106712,0.0,1.181103,0.0
185200,GLASGOW INTL AP,MT,48.2138,-106.6213,696.5,20170314,12.2,32.0,20.3,11.632088000000001,100.0,21.922012,0.0,1.968505,0.0
185201,GLASGOW INTL AP,MT,48.2138,-106.6213,696.5,20170423,32.0,44.96,40.82,21.698318,100.0,36.90951,0.0,0.0,0.0393701
185202,GLASGOW INTL AP,MT,48.2138,-106.6213,696.5,20170608,60.08,91.04,73.4,21.698318,100.0,36.90951,0.0,0.0,0.0
185203,GLASGOW INTL AP,MT,48.2138,-106.6213,696.5,20170706,60.98,91.94,79.88,9.171453999999999,100.0,21.027236,0.0,0.0,0.0
185204,HAVRE CITY CO AP,MT,48.5428,-109.7633,787.9,20170803,48.92,84.92,65.12,6.039738,100.0,19.908766,0.0,0.0,0.0
185205,HAVRE CITY CO AP,MT,48.5428,-109.7633,787.9,20170806,57.02,80.06,66.92,5.816044000000001,100.0,21.922012,0.0,0.0,0.0
185207,WOLF POINT INTL AP,MT,48.0944,-105.5744,605.3,20170426,31.1,53.96,,7.829289999999999,100.0,21.027236,0.0,0.0,0.0
185208,WOLF POINT INTL AP,MT,48.0944,-105.5744,605.3,20170608,53.06,91.04,,12.750558,100.0,31.093465999999996,0.0,0.0,0.0
185209,WOLF POINT INTL AP,MT,48.0944,-105.5744,605.3,20170612,46.04,86.0,,10.513618,100.0,36.014734000000004,,0.0,0.09055123
185242,JORDAN AP,MT,47.3258,-106.9475,811.4,20170309,10.22,20.12,,8.94776,100.0,19.908766,,0.0,0.05118113
185243,JORDAN AP,MT,47.3258,-106.9475,811.4,20170427,33.08,55.94,,7.605596,100.0,19.908766,0.0,0.0,0.0
185244,JORDAN AP,MT,47.3258,-106.9475,811.4,20170516,28.22,69.98,,7.605596,100.0,27.066974,0.0,0.0,0.0
185245,JORDAN AP,MT,47.3258,-106.9475,811.4,20170530,33.08,78.08,,6.039738,100.0,17.000744,0.0,0.0,0.0
185246,JORDAN AP,MT,47.3258,-106.9475,811.4,20170607,39.92,84.92,,8.94776,100.0,25.053728,0.0,0.0,0.0
185247,JORDAN AP,MT,47.3258,-106.9475,811.4,20170608,60.08,95.0,,14.316416,100.0,29.974996,0.0,0.0,0.0
185248,JORDAN AP,MT,47.3258,-106.9475,811.4,20170718,59.0,93.02,,7.381902,100.0,23.935257999999997,0.0,0.0,0.0
185249,JORDAN AP,MT,47.3258,-106.9475,811.4,20170727,62.06,93.02,,9.395147999999999,100.0,36.014734000000004,0.0,0.0,0.0
185250,JORDAN AP,MT,47.3258,-106.9475,811.4,20170810,41.0,82.94,,3.35541,100.0,14.987498,0.0,0.0,0.0
185265,BAKER MUNI AP,MT,46.3583,-104.25,905.6,20170423,33.08,44.96,,19.01399,100.0,31.093465999999996,,,0.0
185712,GLASGOW INTL AP,MT,48.2138,-106.6213,696.5,20170826,60.08,87.98,72.68,7.605596,99.0,16.105968,0.0,0.0,0.0
185850,KALISPELL GLACIER AP,MT,48.3042,-114.2636,901.3,20170118,20.12,32.0,23.18,1.565858,90.0,8.052984,0.0,11.023628,0.0393701
187659,BILLINGS LOGAN INTL AP,MT,45.8069,-108.5422,1091.5,20170311,13.1,23.18,17.42,4.921268,90.0,12.974252,0.0,5.905515,0.0
187660,BILLINGS LOGAN INTL AP,MT,45.8069,-108.5422,1091.5,20170607,53.96,84.92,67.1,6.487126,90.0,21.922012,0.0,0.0,0.0
187661,BILLINGS LOGAN INTL AP,MT,45.8069,-108.5422,1091.5,20170808,55.94,84.02,70.52,8.052984,90.0,23.935257999999997,0.0,0.0,0.0
187662,BILLINGS LOGAN INTL AP,MT,45.8069,-108.5422,1091.5,20170810,51.08,82.04,67.64,5.368656,90.0,17.000744,0.0,0.0,0.0
187663,LEWISTOWN MUNI AP,MT,47.0492,-109.4578,1263.4,20170101,3.2,18.14,,10.066230000000001,90.0,29.08022,,1.968505,0.18110246
187664,LEWISTOWN MUNI AP,MT,47.0492,-109.4578,1263.4,20170206,2.12,11.12,,7.158208,90.0,18.119214000000003,,0.0,0.18897648
187665,LEWISTOWN MUNI AP,MT,47.0492,-109.4578,1263.4,20170223,18.14,27.14,,7.605596,90.0,18.119214000000003,,1.968505,0.11023628
187666,LEWISTOWN MUNI AP,MT,47.0492,-109.4578,1263.4,20170309,8.24,22.1,,10.513618,90.0,25.053728,,3.149608,0.05905515
187667,LEWISTOWN MUNI AP,MT,47.0492,-109.4578,1263.4,20170321,29.12,44.06,,17.000744,90.0,33.106712,,0.0,0.0
187668,LEWISTOWN MUNI AP,MT,47.0492,-109.4578,1263.4,20170412,35.06,53.06,,14.987498,90.0,29.974996,0.0,0.0,0.0
187669,LEWISTOWN MUNI AP,MT,47.0492,-109.4578,1263.4,20170425,31.1,46.04,,10.961006,90.0,21.922012,,0.0,0.22047256
187670,LEWISTOWN MUNI AP,MT,47.0492,-109.4578,1263.4,20170606,39.02,71.96,,8.94776,90.0,25.053728,,0.0,0.0
187671,LEWISTOWN MUNI AP,MT,47.0492,-109.4578,1263.4,20170607,50.0,82.04,,12.30317,90.0,27.96175,,0.0,0.0
187672,LEWISTOWN MUNI AP,MT,47.0492,-109.4578,1263.4,20170608,57.02,89.96,,12.30317,90.0,31.988242,,0.0,0.0
187673,LEWISTOWN MUNI AP,MT,47.0492,-109.4578,1263.4,20170806,44.06,73.94,,5.816044000000001,90.0,25.948504,,0.0,0.0
187674,LEWISTOWN MUNI AP,MT,47.0492,-109.4578,1263.4,20170809,44.96,80.06,,6.263432,90.0,19.908766,,0.0,0.0
187675,LEWISTOWN MUNI AP,MT,47.0492,-109.4578,1263.4,20170822,48.02,87.08,,6.487126,90.0,18.119214000000003,,0.0,0.0
187676,LEWISTOWN MUNI AP,MT,47.0492,-109.4578,1263.4,20170825,51.08,82.04,,6.487126,90.0,21.922012,,0.0,0.0
187677,LEWISTOWN MUNI AP,MT,47.0492,-109.4578,1263.4,20170904,42.08,68.0,,6.039738,90.0,25.053728,,0.0,0.0
187678,LEWISTOWN MUNI AP,MT,47.0492,-109.4578,1263.4,20170914,44.06,50.0,,7.829289999999999,90.0,21.027236,,0.0,0.77165396
187679,MILES CITY F WILEY FLD,MT,46.4267,-105.8825,799.8,20170517,44.96,64.94,,16.553356,90.0,38.922756,,,0.0
187722,BOZEMAN GALLATIN FLD,MT,45.7881,-111.1608,1349.3,20170518,33.98,53.06,,6.71082,90.0,23.040482,0.0,0.0,0.01181103
187726,DILLON AP,MT,45.2575,-112.5545,1585.0,20170526,39.92,62.96,50.18,10.066230000000001,90.0,29.974996,,0.0,0.0
187728,GREAT FALLS INTL AP,MT,47.4733,-111.3822,1116.8,20170109,-13.9,4.1,1.22,4.921268,90.0,14.092722,0.393701,3.93701,0.01968505
187729,GREAT FALLS INTL AP,MT,47.4733,-111.3822,1116.8,20170311,11.12,23.18,14.9,6.263432,90.0,12.079476,0.1181103,1.968505,0.0
187730,GREAT FALLS INTL AP,MT,47.4733,-111.3822,1116.8,20170412,37.94,55.04,45.14,9.171453999999999,90.0,19.01399,0.0,0.0,0.0
187731,GREAT FALLS INTL AP,MT,47.4733,-111.3822,1116.8,20170704,50.0,91.04,71.24,6.263432,90.0,19.01399,0.0,0.0,0.0
187732,GREAT FALLS INTL AP,MT,47.4733,-111.3822,1116.8,20170712,48.02,87.08,66.56,6.934514,90.0,19.01399,0.0,0.0,0.0
187733,GREAT FALLS INTL AP,MT,47.4733,-111.3822,1116.8,20170807,46.94,84.02,67.64,5.816044000000001,90.0,16.105968,0.0,0.0,0.0
187734,GREAT FALLS INTL AP,MT,47.4733,-111.3822,1116.8,20170821,46.04,80.06,64.22,6.71082,90.0,16.105968,0.0,0.0,0.0
187735,GREAT FALLS INTL AP,MT,47.4733,-111.3822,1116.8,20170822,48.02,89.06,68.36,5.816044000000001,90.0,14.987498,0.0,0.0,0.0
187736,GREAT FALLS INTL AP,MT,47.4733,-111.3822,1116.8,20170906,46.04,84.02,64.22,4.47388,90.0,16.105968,0.0,0.0,0.0
187737,HELENA RGNL AP,MT,46.6056,-111.9636,1166.8,20170504,42.08,80.96,62.6,6.934514,90.0,21.027236,0.0,0.0,0.0
187738,HELENA RGNL AP,MT,46.6056,-111.9636,1166.8,20170704,51.08,93.02,76.82,6.039738,90.0,23.935257999999997,0.0,0.0,0.0
187739,HELENA RGNL AP,MT,46.6056,-111.9636,1166.8,20170713,59.0,98.06,77.36,4.47388,90.0,21.027236,0.0,0.0,0.0
187740,HELENA RGNL AP,MT,46.6056,-111.9636,1166.8,20170725,57.92,89.06,73.76,7.605596,90.0,21.922012,0.0,0.0,0.0
187747,LIVINGSTON MISSION FLD,MT,45.6983,-110.4408,1415.2,20170101,6.26,21.2,,10.737312,90.0,25.053728,,,0.07086618
187748,LIVINGSTON MISSION FLD,MT,45.6983,-110.4408,1415.2,20170110,-1.84,33.98,,13.42164,90.0,42.054472,,,0.01181103
187749,LIVINGSTON MISSION FLD,MT,45.6983,-110.4408,1415.2,20170207,5.18,18.14,,10.289924000000001,90.0,27.066974,,,0.12992133
187750,LIVINGSTON MISSION FLD,MT,45.6983,-110.4408,1415.2,20170223,21.2,29.12,,17.448132,90.0,31.093465999999996,,,0.05905515
187751,LIVINGSTON MISSION FLD,MT,45.6983,-110.4408,1415.2,20170224,18.14,28.22,,4.6975739999999995,90.0,16.105968,,,0.0393701
187752,LIVINGSTON MISSION FLD,MT,45.6983,-110.4408,1415.2,20170508,39.92,62.96,,9.395147999999999,90.0,21.922012,,,0.0
187753,LIVINGSTON MISSION FLD,MT,45.6983,-110.4408,1415.2,20170725,50.0,75.92,,8.94776,90.0,27.066974,,,0.0
187754,LIVINGSTON MISSION FLD,MT,45.6983,-110.4408,1415.2,20170904,53.06,69.98,,12.750558,90.0,31.093465999999996,,,0.0
187755,LIVINGSTON MISSION FLD,MT,45.6983,-110.4408,1415.2,20170907,37.94,87.98,,6.487126,90.0,17.000744,,,0.0
187756,LIVINGSTON MISSION FLD,MT,45.6983,-110.4408,1415.2,20170915,35.96,42.98,,16.105968,90.0,29.08022,,,0.48818924
187769,MISSOULA INTL AP,MT,46.9208,-114.0925,972.9,20170107,-12.82,7.16,-4.0,0.894776,90.0,8.94776,2.0078751,7.87402,0.14173236
187770,MISSOULA INTL AP,MT,46.9208,-114.0925,972.9,20170307,18.14,33.08,26.42,5.1449620000000005,90.0,19.908766,1.1023628,3.93701,0.05905515
187771,MISSOULA INTL AP,MT,46.9208,-114.0925,972.9,20170329,39.02,51.98,43.52,5.816044000000001,90.0,17.000744,0.0,0.0,0.01181103
187772,MISSOULA INTL AP,MT,46.9208,-114.0925,972.9,20170603,42.98,82.94,61.16,2.460634,90.0,14.987498,0.0,0.0,0.0
187773,MISSOULA INTL AP,MT,46.9208,-114.0925,972.9,20170803,55.04,91.94,73.76,6.71082,90.0,23.040482,0.0,0.0,0.0
187774,MISSOULA INTL AP,MT,46.9208,-114.0925,972.9,20170809,57.02,89.06,75.02,6.934514,90.0,21.922012,0.0,0.0,0.0
188779,GLASGOW INTL AP,MT,48.2138,-106.6213,696.5,20170109,2.12,9.14,4.64,16.329662,90.0,29.974996,6.4173263,7.086618,0.25196864
188780,GLASGOW INTL AP,MT,48.2138,-106.6213,696.5,20170205,8.24,13.1,11.48,10.737312,90.0,23.935257999999997,0.0,3.93701,0.0
188781,GLASGOW INTL AP,MT,48.2138,-106.6213,696.5,20170206,0.14,10.22,8.06,13.42164,90.0,27.066974,3.3070884,3.93701,0.09842525
188782,GLASGOW INTL AP,MT,48.2138,-106.6213,696.5,20170218,30.2,41.0,36.5,13.42164,90.0,31.988242,0.0,0.0,0.0
188783,GLASGOW INTL AP,MT,48.2138,-106.6213,696.5,20170219,25.16,35.96,33.62,10.737312,90.0,27.96175,0.0,0.0,0.0
188784,GLASGOW INTL AP,MT,48.2138,-106.6213,696.5,20170310,2.12,10.22,7.88,21.027236,90.0,36.90951,2.4015761,0.0,0.16141741
188785,GLASGOW INTL AP,MT,48.2138,-106.6213,696.5,20170311,-4.9,14.18,6.08,14.092722,90.0,29.974996,0.0,1.968505,0.0
188786,GLASGOW INTL AP,MT,48.2138,-106.6213,696.5,20170312,-1.84,16.16,12.38,12.079476,90.0,31.988242,2.5984266,3.149608,0.16141741
188787,GLASGOW INTL AP,MT,48.2138,-106.6213,696.5,20170327,30.2,57.92,44.06,9.618841999999999,90.0,19.01399,0.0,0.0,0.0
188788,GLASGOW INTL AP,MT,48.2138,-106.6213,696.5,20170421,37.04,64.04,48.92,8.94776,90.0,21.027236,0.0,0.0,0.0
188789,GLASGOW INTL AP,MT,48.2138,-106.6213,696.5,20170509,37.94,71.06,54.5,7.829289999999999,90.0,29.08022,0.0,0.0,0.0
188790,GLASGOW INTL AP,MT,48.2138,-106.6213,696.5,20170604,55.94,93.92,74.66,12.30317,90.0,35.119958000000004,0.0,0.0,0.0
188791,GLASGOW INTL AP,MT,48.2138,-106.6213,696.5,20170726,55.94,91.94,74.12,10.513618,90.0,29.974996,0.0,0.0,0.0
188792,GLASGOW INTL AP,MT,48.2138,-106.6213,696.5,20170804,53.06,82.04,67.46,14.316416,90.0,27.96175,0.0,0.0,0.0
188793,GLASGOW INTL AP,MT,48.2138,-106.6213,696.5,20170823,57.02,93.02,73.04,9.618841999999999,90.0,25.948504,0.0,0.0,0.0
188794,GLASGOW INTL AP,MT,48.2138,-106.6213,696.5,20170829,57.02,96.08,76.46,11.408394,90.0,27.96175,0.0,0.0,0.0
188795,GLASGOW INTL AP,MT,48.2138,-106.6213,696.5,20170907,48.02,87.98,68.18,5.816044000000001,90.0,18.119214000000003,0.0,0.0,0.0
188796,HAVRE CITY CO AP,MT,48.5428,-109.7633,787.9,20170106,5.18,17.24,14.54,13.197946,90.0,21.922012,0.787402,5.118113,0.09055123
188797,HAVRE CITY CO AP,MT,48.5428,-109.7633,787.9,20170206,-7.78,9.14,6.98,9.171453999999999,90.0,19.01399,0.9842525,3.93701,0.11023628
188798,HAVRE CITY CO AP,MT,48.5428,-109.7633,787.9,20170227,8.24,27.14,16.88,6.71082,90.0,18.119214000000003,0.5118113000000001,1.968505,0.01181103
188799,HAVRE CITY CO AP,MT,48.5428,-109.7633,787.9,20170308,17.24,33.98,23.18,14.316416,90.0,35.119958000000004,0.0,0.0,0.0
188800,HAVRE CITY CO AP,MT,48.5428,-109.7633,787.9,20170309,7.16,17.24,16.16,14.316416,90.0,31.093465999999996,0.0,0.0,0.01181103
188801,HAVRE CITY CO AP,MT,48.5428,-109.7633,787.9,20170310,8.24,15.26,12.38,15.658579999999999,90.0,35.119958000000004,0.9842525,1.181103,0.09055123
188802,HAVRE CITY CO AP,MT,48.5428,-109.7633,787.9,20170320,22.1,44.96,34.34,9.618841999999999,90.0,25.053728,0.0,0.0,0.0
188803,HAVRE CITY CO AP,MT,48.5428,-109.7633,787.9,20170413,42.98,73.94,53.06,17.000744,90.0,36.014734000000004,0.0,0.0,0.05905515
188804,HAVRE CITY CO AP,MT,48.5428,-109.7633,787.9,20170423,37.94,50.0,46.22,15.211192,90.0,33.106712,0.0,0.0,0.05905515
188805,HAVRE CITY CO AP,MT,48.5428,-109.7633,787.9,20170511,39.02,82.04,62.06,6.487126,90.0,19.01399,0.0,0.0,0.0
188806,HAVRE CITY CO AP,MT,48.5428,-109.7633,787.9,20170701,48.02,91.94,71.06,6.263432,90.0,23.935257999999997,0.0,0.0,0.0
188807,HAVRE CITY CO AP,MT,48.5428,-109.7633,787.9,20170720,55.04,98.06,77.18,9.395147999999999,90.0,27.066974,0.0,0.0,0.0
188808,HAVRE CITY CO AP,MT,48.5428,-109.7633,787.9,20170827,42.08,93.02,65.84,3.131716,90.0,12.974252,0.0,0.0,0.0
188809,HAVRE CITY CO AP,MT,48.5428,-109.7633,787.9,20170829,55.04,95.0,74.84,10.289924000000001,90.0,25.948504,0.0,0.0,0.0
188813,WOLF POINT INTL AP,MT,48.0944,-105.5744,605.3,20170227,5.18,19.22,,9.842536,90.0,18.119214000000003,,0.0,0.01181103
188814,WOLF POINT INTL AP,MT,48.0944,-105.5744,605.3,20170311,-0.76,18.14,,10.961006,90.0,23.935257999999997,,0.0,0.0
188815,WOLF POINT INTL AP,MT,48.0944,-105.5744,605.3,20170313,-4.9,22.1,,10.066230000000001,90.0,17.000744,,0.0,0.0
188816,WOLF POINT INTL AP,MT,48.0944,-105.5744,605.3,20170417,18.14,57.92,,12.079476,90.0,31.093465999999996,0.0,0.0,0.0
188817,WOLF POINT INTL AP,MT,48.0944,-105.5744,605.3,20170420,35.96,62.96,,5.816044000000001,90.0,19.908766,0.0,0.0,0.0
188818,WOLF POINT INTL AP,MT,48.0944,-105.5744,605.3,20170423,33.08,44.06,,19.461378,90.0,34.001488,,0.0,0.01181103
188819,WOLF POINT INTL AP,MT,48.0944,-105.5744,605.3,20170427,27.14,57.02,,10.737312,90.0,27.96175,0.0,0.0,0.0
188820,WOLF POINT INTL AP,MT,48.0944,-105.5744,605.3,20170604,51.08,96.98,,11.1847,90.0,23.935257999999997,0.0,0.0,0.0
188821,WOLF POINT INTL AP,MT,48.0944,-105.5744,605.3,20170822,41.0,87.08,,4.250186,90.0,18.119214000000003,0.0,0.0,0.0
188822,WOLF POINT INTL AP,MT,48.0944,-105.5744,605.3,20170828,51.08,96.98,,5.368656,90.0,17.000744,0.0,0.0,0.0
188873,JORDAN AP,MT,47.3258,-106.9475,811.4,20170107,-3.82,10.22,,5.816044000000001,90.0,14.987498,0.0,0.0,0.0
188874,JORDAN AP,MT,47.3258,-106.9475,811.4,20170310,7.16,17.24,,11.1847,90.0,21.922012,,0.0,0.27165369
188875,JORDAN AP,MT,47.3258,-106.9475,811.4,20170422,41.0,60.08,,8.724066,90.0,23.040482,0.0,0.0,0.0
188876,JORDAN AP,MT,47.3258,-106.9475,811.4,20170712,53.06,80.96,,8.276678,90.0,21.027236,0.0,0.0,0.0
188891,BAKER MUNI AP,MT,46.3583,-104.25,905.6,20170101,-1.84,17.24,,15.211192,90.0,31.093465999999996,,,0.0
188892,BAKER MUNI AP,MT,46.3583,-104.25,905.6,20170715,60.98,93.92,,13.42164,90.0,25.948504,,,0.0
188893,BAKER MUNI AP,MT,46.3583,-104.25,905.6,20170907,42.08,87.98,,4.921268,90.0,17.000744,,,0.0
191609,BILLINGS LOGAN INTL AP,MT,45.8069,-108.5422,1091.5,20170517,44.96,51.08,50.18,14.316416,80.0,38.02798,0.0,0.0,1.01968559
191610,BILLINGS LOGAN INTL AP,MT,45.8069,-108.5422,1091.5,20170530,46.04,77.0,63.14,5.368656,80.0,18.119214000000003,0.0,0.0,0.0
191611,BILLINGS LOGAN INTL AP,MT,45.8069,-108.5422,1091.5,20170606,51.08,73.94,62.78,7.829289999999999,80.0,25.053728,0.0,0.0,0.0
191612,BILLINGS LOGAN INTL AP,MT,45.8069,-108.5422,1091.5,20170714,69.98,98.06,86.72,9.171453999999999,80.0,21.922012,0.0,0.0,0.0
191613,BILLINGS LOGAN INTL AP,MT,45.8069,-108.5422,1091.5,20170819,60.98,86.0,75.92,10.961006,80.0,25.053728,0.0,0.0,0.0
191614,BILLINGS LOGAN INTL AP,MT,45.8069,-108.5422,1091.5,20170905,46.94,75.02,61.52,5.1449620000000005,80.0,16.105968,0.0,0.0,0.0
191615,LEWISTOWN MUNI AP,MT,47.0492,-109.4578,1263.4,20170317,23.18,51.98,,7.605596,80.0,21.922012,,0.0,0.0
191616,LEWISTOWN MUNI AP,MT,47.0492,-109.4578,1263.4,20170725,48.02,82.94,,7.605596,80.0,23.040482,,0.0,0.0
191617,LEWISTOWN MUNI AP,MT,47.0492,-109.4578,1263.4,20170815,46.04,78.08,,6.934514,80.0,14.987498,,0.0,0.0
191618,MILES CITY F WILEY FLD,MT,46.4267,-105.8825,799.8,20170801,69.98,96.08,,12.750558,80.0,27.96175,,,0.0
191619,MILES CITY F WILEY FLD,MT,46.4267,-105.8825,799.8,20170907,42.08,89.06,,4.6975739999999995,80.0,12.974252,,,0.0
191655,BOZEMAN GALLATIN FLD,MT,45.7881,-111.1608,1349.3,20170522,39.92,68.0,,4.921268,80.0,19.908766,0.0,0.0,0.0
191665,BUTTE BERT MOONEY AP,MT,45.9647,-112.5006,1678.2,20170322,30.2,53.06,42.62,4.026492,80.0,19.01399,,0.0,0.05118113
191666,BUTTE BERT MOONEY AP,MT,45.9647,-112.5006,1678.2,20170806,42.08,78.08,59.54,4.026492,80.0,21.922012,,,0.0
191667,CUT BANK MUNI AP,MT,48.6033,-112.3753,1169.8,20170624,46.04,71.06,58.64,4.47388,80.0,18.119214000000003,,0.0,0.0
191670,GREAT FALLS INTL AP,MT,47.4733,-111.3822,1116.8,20170606,44.06,73.04,58.28,6.934514,80.0,19.908766,0.0,0.0,0.0
191671,GREAT FALLS INTL AP,MT,47.4733,-111.3822,1116.8,20170619,48.02,77.0,62.78,9.171453999999999,80.0,21.027236,0.0,0.0,0.0
191672,GREAT FALLS INTL AP,MT,47.4733,-111.3822,1116.8,20170812,46.94,86.0,68.0,6.934514,80.0,19.908766,0.0,0.0,0.0
191673,GREAT FALLS INTL AP,MT,47.4733,-111.3822,1116.8,20170907,46.04,89.06,66.74,4.921268,80.0,14.092722,0.0,0.0,0.0
191674,HELENA RGNL AP,MT,46.6056,-111.9636,1166.8,20170317,25.16,57.92,40.82,4.921268,80.0,19.908766,0.0,0.0,0.0
191675,HELENA RGNL AP,MT,46.6056,-111.9636,1166.8,20170321,33.08,53.06,40.28,3.579104,80.0,17.000744,0.0,0.0,0.0
191676,HELENA RGNL AP,MT,46.6056,-111.9636,1166.8,20170411,22.1,53.96,37.76,4.026492,80.0,21.027236,0.0,0.0,0.0
191677,HELENA RGNL AP,MT,46.6056,-111.9636,1166.8,20170809,55.94,84.92,68.72,5.816044000000001,80.0,14.092722,0.0,0.0,0.0
191694,LIVINGSTON MISSION FLD,MT,45.6983,-110.4408,1415.2,20170111,-0.76,13.1,,9.618841999999999,80.0,21.027236,,,0.0
191695,LIVINGSTON MISSION FLD,MT,45.6983,-110.4408,1415.2,20170123,13.1,29.12,,7.605596,80.0,29.08022,,,0.0
191696,LIVINGSTON MISSION FLD,MT,45.6983,-110.4408,1415.2,20170124,12.2,25.16,,8.052984,80.0,14.987498,,,0.01181103
191697,LIVINGSTON MISSION FLD,MT,45.6983,-110.4408,1415.2,20170309,14.18,33.98,,13.42164,80.0,25.948504,,,0.31889781
191698,LIVINGSTON MISSION FLD,MT,45.6983,-110.4408,1415.2,20170317,29.12,57.02,,7.605596,80.0,23.040482,,,0.0
191699,LIVINGSTON MISSION FLD,MT,45.6983,-110.4408,1415.2,20170320,32.0,42.98,,14.316416,80.0,27.96175,,,0.09842525
191700,LIVINGSTON MISSION FLD,MT,45.6983,-110.4408,1415.2,20170412,35.96,60.08,,13.869028,80.0,31.093465999999996,,,0.01968505
191701,LIVINGSTON MISSION FLD,MT,45.6983,-110.4408,1415.2,20170416,31.1,57.92,,13.42164,80.0,29.08022,,,0.0
191702,LIVINGSTON MISSION FLD,MT,45.6983,-110.4408,1415.2,20170428,33.98,44.06,,7.158208,80.0,27.066974,,,0.16929143
191703,LIVINGSTON MISSION FLD,MT,45.6983,-110.4408,1415.2,20170520,31.1,62.96,,9.618841999999999,80.0,31.093465999999996,,,0.05118113
191704,LIVINGSTON MISSION FLD,MT,45.6983,-110.4408,1415.2,20170522,37.94,64.94,,8.500372,80.0,29.974996,,,0.0
191705,LIVINGSTON MISSION FLD,MT,45.6983,-110.4408,1415.2,20170528,37.04,73.04,,7.605596,80.0,35.119958000000004,,,0.05118113
191706,LIVINGSTON MISSION FLD,MT,45.6983,-110.4408,1415.2,20170623,32.0,71.96,,5.816044000000001,80.0,23.040482,,,0.0
191707,LIVINGSTON MISSION FLD,MT,45.6983,-110.4408,1415.2,20170707,51.98,95.0,,6.71082,80.0,29.08022,,,0.0
191708,LIVINGSTON MISSION FLD,MT,45.6983,-110.4408,1415.2,20170718,46.94,91.94,,5.816044000000001,80.0,17.000744,,,0.0
191709,LIVINGSTON MISSION FLD,MT,45.6983,-110.4408,1415.2,20170805,48.92,78.08,,10.289924000000001,80.0,27.96175,,,0.0
191710,LIVINGSTON MISSION FLD,MT,45.6983,-110.4408,1415.2,20170807,41.0,84.92,,4.921268,80.0,19.908766,,,0.0
191711,LIVINGSTON MISSION FLD,MT,45.6983,-110.4408,1415.2,20170914,42.98,53.96,,15.211192,80.0,29.974996,,,0.46063017
191712,LIVINGSTON MISSION FLD,MT,45.6983,-110.4408,1415.2,20170916,33.98,48.92,,11.408394,80.0,29.08022,,,0.03149608
191719,MISSOULA INTL AP,MT,46.9208,-114.0925,972.9,20170106,-4.9,10.22,0.68,1.342164,80.0,6.039738,0.0,7.87402,0.0
191720,MISSOULA INTL AP,MT,46.9208,-114.0925,972.9,20170802,59.0,89.06,75.2,12.30317,80.0,34.001488,0.0,0.0,0.0
191721,MISSOULA INTL AP,MT,46.9208,-114.0925,972.9,20170804,53.06,93.02,73.04,5.1449620000000005,80.0,29.974996,0.0,0.0,0.0
191722,MISSOULA INTL AP,MT,46.9208,-114.0925,972.9,20170805,62.96,84.02,73.94,11.632088000000001,80.0,29.974996,0.0,0.0,0.0
192829,GLASGOW INTL AP,MT,48.2138,-106.6213,696.5,20170304,31.1,55.04,39.38,8.276678,80.0,21.027236,0.0,0.0,0.0
192830,GLASGOW INTL AP,MT,48.2138,-106.6213,696.5,20170422,37.94,51.08,47.12,10.961006,80.0,33.106712,0.0,0.0,0.01181103
192831,GLASGOW INTL AP,MT,48.2138,-106.6213,696.5,20170424,30.2,48.92,36.5,11.855782000000001,80.0,27.066974,0.0,0.0,0.0
192832,GLASGOW INTL AP,MT,48.2138,-106.6213,696.5,20170707,62.96,95.0,79.88,9.842536,80.0,23.040482,0.0,0.0,0.0
192833,GLASGOW INTL AP,MT,48.2138,-106.6213,696.5,20170709,64.04,96.08,82.76,10.737312,80.0,23.040482,0.0,0.0,0.0
192834,HAVRE CITY CO AP,MT,48.5428,-109.7633,787.9,20170109,-2.74,7.16,2.84,9.842536,80.0,31.988242,0.9842525,7.086618,0.18897648
192835,HAVRE CITY CO AP,MT,48.5428,-109.7633,787.9,20170218,27.14,48.92,36.14,14.54011,80.0,27.96175,0.0,0.0,0.0
192836,HAVRE CITY CO AP,MT,48.5428,-109.7633,787.9,20170219,28.22,48.92,36.32,5.816044000000001,80.0,27.066974,0.0,0.0,0.01181103
192837,HAVRE CITY CO AP,MT,48.5428,-109.7633,787.9,20170222,30.2,37.04,33.62,7.605596,80.0,17.000744,1.1023628,1.181103,0.11023628
192838,HAVRE CITY CO AP,MT,48.5428,-109.7633,787.9,20170228,12.2,25.16,16.34,8.052984,80.0,19.01399,0.1181103,1.968505,0.03149608
192839,HAVRE CITY CO AP,MT,48.5428,-109.7633,787.9,20170313,5.18,29.12,13.82,5.1449620000000005,80.0,14.987498,0.0,1.181103,0.0
192840,HAVRE CITY CO AP,MT,48.5428,-109.7633,787.9,20170314,19.22,35.96,25.88,6.71082,80.0,18.119214000000003,0.0,0.0,0.01968505
192841,HAVRE CITY CO AP,MT,48.5428,-109.7633,787.9,20170317,27.14,50.0,38.48,7.605596,80.0,23.935257999999997,0.0,0.0,0.0
192842,HAVRE CITY CO AP,MT,48.5428,-109.7633,787.9,20170417,24.26,37.94,32.54,10.737312,80.0,29.974996,0.0,0.0,0.22834658
192843,HAVRE CITY CO AP,MT,48.5428,-109.7633,787.9,20170422,42.08,57.92,46.76,10.513618,80.0,35.119958000000004,0.0,0.0,0.0
192844,HAVRE CITY CO AP,MT,48.5428,-109.7633,787.9,20170424,33.98,57.02,42.26,9.395147999999999,80.0,34.001488,0.0,0.0,0.0
192845,HAVRE CITY CO AP,MT,48.5428,-109.7633,787.9,20170425,32.0,50.0,40.1,17.000744,80.0,33.106712,0.0,0.0,0.0
192846,HAVRE CITY CO AP,MT,48.5428,-109.7633,787.9,20170518,33.08,64.94,49.1,6.487126,80.0,21.027236,0.0,0.0,0.0
192847,HAVRE CITY CO AP,MT,48.5428,-109.7633,787.9,20170606,39.02,77.0,58.64,7.605596,80.0,23.040482,0.0,0.0,0.0
192848,HAVRE CITY CO AP,MT,48.5428,-109.7633,787.9,20170612,48.02,84.02,65.48,15.211192,80.0,36.90951,0.0,0.0,0.0
192849,HAVRE CITY CO AP,MT,48.5428,-109.7633,787.9,20170712,51.08,86.0,66.2,10.289924000000001,80.0,29.974996,0.0,0.0,0.0
192850,HAVRE CITY CO AP,MT,48.5428,-109.7633,787.9,20170714,62.96,95.0,80.06,10.289924000000001,80.0,23.935257999999997,0.0,0.0,0.0
192851,HAVRE CITY CO AP,MT,48.5428,-109.7633,787.9,20170810,46.94,84.02,64.58,5.59235,80.0,18.119214000000003,0.0,0.0,0.0
192852,HAVRE CITY CO AP,MT,48.5428,-109.7633,787.9,20170821,51.98,78.98,67.64,7.605596,80.0,23.040482,0.0,0.0,0.0
192853,HAVRE CITY CO AP,MT,48.5428,-109.7633,787.9,20170822,46.94,89.06,67.64,4.6975739999999995,80.0,12.974252,0.0,0.0,0.0
192858,WOLF POINT INTL AP,MT,48.0944,-105.5744,605.3,20170109,4.1,13.1,,11.408394,80.0,23.935257999999997,,0.0,0.0787402
192859,WOLF POINT INTL AP,MT,48.0944,-105.5744,605.3,20170118,12.2,39.02,,2.460634,80.0,8.052984,0.0,0.0,0.0
192860,WOLF POINT INTL AP,MT,48.0944,-105.5744,605.3,20170205,9.14,15.26,,10.066230000000001,80.0,21.922012,,0.0,0.0
192861,WOLF POINT INTL AP,MT,48.0944,-105.5744,605.3,20170218,23.18,37.04,,8.94776,80.0,21.027236,0.0,0.0,0.0
192862,WOLF POINT INTL AP,MT,48.0944,-105.5744,605.3,20170219,31.1,35.06,,8.500372,80.0,23.935257999999997,0.0,0.0,0.0
192863,WOLF POINT INTL AP,MT,48.0944,-105.5744,605.3,20170308,12.2,22.1,,9.171453999999999,80.0,19.908766,0.0,0.0,0.0
192864,WOLF POINT INTL AP,MT,48.0944,-105.5744,605.3,20170310,4.1,12.2,,17.448132,80.0,33.106712,,0.0,0.0
192865,WOLF POINT INTL AP,MT,48.0944,-105.5744,605.3,20170327,31.1,60.08,,9.171453999999999,80.0,27.066974,,0.0,0.0
192866,WOLF POINT INTL AP,MT,48.0944,-105.5744,605.3,20170328,35.06,57.02,,4.47388,80.0,14.987498,0.0,0.0,0.0
192867,WOLF POINT INTL AP,MT,48.0944,-105.5744,605.3,20170405,25.16,60.08,,8.052984,80.0,23.040482,0.0,0.0,0.0
192868,WOLF POINT INTL AP,MT,48.0944,-105.5744,605.3,20170425,31.1,46.04,,11.408394,80.0,23.040482,0.0,0.0,0.0
192869,WOLF POINT INTL AP,MT,48.0944,-105.5744,605.3,20170518,33.08,62.96,,7.829289999999999,80.0,23.040482,0.0,0.0,0.0
192870,WOLF POINT INTL AP,MT,48.0944,-105.5744,605.3,20170613,57.02,73.94,,14.092722,80.0,31.093465999999996,0.0,0.0,0.01181103
192871,WOLF POINT INTL AP,MT,48.0944,-105.5744,605.3,20170726,55.04,95.0,,8.94776,80.0,23.040482,0.0,0.0,0.0
192872,WOLF POINT INTL AP,MT,48.0944,-105.5744,605.3,20170804,51.98,82.94,,8.94776,80.0,25.053728,0.0,0.0,0.0
192873,WOLF POINT INTL AP,MT,48.0944,-105.5744,605.3,20170816,46.94,89.96,,6.263432,80.0,21.922012,0.0,0.0,0.0
192949,JORDAN AP,MT,47.3258,-106.9475,811.4,20170218,25.16,51.98,,6.039738,80.0,19.908766,0.0,0.0,0.0
192950,JORDAN AP,MT,47.3258,-106.9475,811.4,20170731,53.06,96.98,,7.829289999999999,80.0,25.053728,0.0,0.0,0.0
192951,JORDAN AP,MT,47.3258,-106.9475,811.4,20170806,48.92,73.94,,6.487126,80.0,19.01399,0.0,0.0,0.0
192967,BAKER MUNI AP,MT,46.3583,-104.25,905.6,20170712,55.04,82.04,,8.500372,80.0,23.040482,,,0.0
192968,BAKER MUNI AP,MT,46.3583,-104.25,905.6,20170822,46.04,86.0,,6.934514,80.0,21.922012,,,0.0
195493,BILLINGS LOGAN INTL AP,MT,45.8069,-108.5422,1091.5,20170207,3.2,10.22,8.6,10.066230000000001,70.0,19.908766,4.2126007,7.086618,0.20078751
195494,BILLINGS LOGAN INTL AP,MT,45.8069,-108.5422,1091.5,20170731,66.92,96.08,83.48,8.500372,70.0,23.040482,0.0,0.0,0.0
195495,BILLINGS LOGAN INTL AP,MT,45.8069,-108.5422,1091.5,20170821,55.94,80.96,69.8,6.039738,70.0,14.092722,0.0,0.0,0.0
195496,LEWISTOWN MUNI AP,MT,47.0492,-109.4578,1263.4,20170517,42.98,51.08,,14.987498,70.0,40.041226,,0.0,0.42913409
195497,LEWISTOWN MUNI AP,MT,47.0492,-109.4578,1263.4,20170518,35.96,53.96,,10.513618,70.0,21.027236,,0.0,0.0
195498,LEWISTOWN MUNI AP,MT,47.0492,-109.4578,1263.4,20170729,62.96,91.94,,5.368656,70.0,18.119214000000003,,0.0,0.0
195499,LEWISTOWN MUNI AP,MT,47.0492,-109.4578,1263.4,20170915,35.96,44.06,,5.59235,70.0,17.000744,,0.0,0.96850446
195500,MILES CITY F WILEY FLD,MT,46.4267,-105.8825,799.8,20170122,9.14,25.16,,4.921268,70.0,10.961006,,,0.0
195501,MILES CITY F WILEY FLD,MT,46.4267,-105.8825,799.8,20170224,24.26,33.98,,5.816044000000001,70.0,12.974252,,,0.0
195543,BOZEMAN GALLATIN FLD,MT,45.7881,-111.1608,1349.3,20170330,39.02,55.04,,5.816044000000001,70.0,18.119214000000003,0.0,0.0,0.40944904
195544,BOZEMAN GALLATIN FLD,MT,45.7881,-111.1608,1349.3,20170611,33.08,66.02,,3.35541,70.0,14.092722,0.0,0.0,0.0
195545,BOZEMAN GALLATIN FLD,MT,45.7881,-111.1608,1349.3,20170809,51.98,80.06,,6.263432,70.0,31.988242,0.0,0.0,0.0
195552,BUTTE BERT MOONEY AP,MT,45.9647,-112.5006,1678.2,20170911,41.0,84.92,62.24,4.250186,70.0,12.974252,,,0.0
195553,DILLON AP,MT,45.2575,-112.5545,1585.0,20170817,50.0,82.94,66.56,4.921268,70.0,14.987498,,0.0,0.0
195554,DILLON AP,MT,45.2575,-112.5545,1585.0,20170905,42.08,77.0,57.38,4.921268,70.0,10.066230000000001,,0.0,0.0
195556,GREAT FALLS INTL AP,MT,47.4733,-111.3822,1116.8,20170508,33.08,62.06,44.24,7.829289999999999,70.0,17.000744,0.0,0.0,0.0
195557,GREAT FALLS INTL AP,MT,47.4733,-111.3822,1116.8,20170905,39.92,78.98,59.18,5.59235,70.0,18.119214000000003,0.0,0.0,0.0
195558,HELENA RGNL AP,MT,46.6056,-111.9636,1166.8,20170510,39.92,77.0,57.92,4.921268,70.0,23.040482,0.0,0.0,0.0
195559,HELENA RGNL AP,MT,46.6056,-111.9636,1166.8,20170625,48.92,86.0,67.1,5.368656,70.0,18.119214000000003,0.0,0.0,0.0
195560,HELENA RGNL AP,MT,46.6056,-111.9636,1166.8,20170630,46.04,82.94,63.5,4.250186,70.0,23.040482,0.0,0.0,0.0
195561,HELENA RGNL AP,MT,46.6056,-111.9636,1166.8,20170712,57.92,89.96,71.78,6.71082,70.0,19.01399,0.0,0.0,0.0
195573,LIVINGSTON MISSION FLD,MT,45.6983,-110.4408,1415.2,20170102,-11.74,6.26,,8.052984,70.0,21.027236,,,0.0
195574,LIVINGSTON MISSION FLD,MT,45.6983,-110.4408,1415.2,20170321,30.2,37.04,,13.42164,70.0,25.948504,,,0.0
195575,LIVINGSTON MISSION FLD,MT,45.6983,-110.4408,1415.2,20170510,32.0,71.96,,6.71082,70.0,19.01399,,,0.0
195576,LIVINGSTON MISSION FLD,MT,45.6983,-110.4408,1415.2,20170518,30.2,51.08,,11.408394,70.0,23.935257999999997,,,0.14960638
195577,LIVINGSTON MISSION FLD,MT,45.6983,-110.4408,1415.2,20170606,46.94,73.04,,13.645334,70.0,31.988242,,,0.0
195578,LIVINGSTON MISSION FLD,MT,45.6983,-110.4408,1415.2,20170607,42.08,82.04,,7.829289999999999,70.0,23.935257999999997,,,0.0
195579,LIVINGSTON MISSION FLD,MT,45.6983,-110.4408,1415.2,20170608,51.08,87.98,,8.724066,70.0,21.922012,,,0.0
195580,LIVINGSTON MISSION FLD,MT,45.6983,-110.4408,1415.2,20170624,35.06,77.0,,7.829289999999999,70.0,27.96175,,,0.0
195581,LIVINGSTON MISSION FLD,MT,45.6983,-110.4408,1415.2,20170802,55.94,71.96,,15.882273999999999,70.0,34.001488,,,0.0
195582,LIVINGSTON MISSION FLD,MT,45.6983,-110.4408,1415.2,20170806,46.94,78.08,,8.500372,70.0,25.948504,,,0.0
195583,LIVINGSTON MISSION FLD,MT,45.6983,-110.4408,1415.2,20170812,44.96,87.98,,5.816044000000001,70.0,21.922012,,,0.0
195586,MISSOULA INTL AP,MT,46.9208,-114.0925,972.9,20170810,51.98,91.04,71.6,2.684328,70.0,23.040482,0.0,0.0,0.0
196587,GLASGOW INTL AP,MT,48.2138,-106.6213,696.5,20170223,23.18,30.2,26.96,9.171453999999999,70.0,25.053728,0.0,0.0,0.0
196588,GLASGOW INTL AP,MT,48.2138,-106.6213,696.5,20170518,32.0,62.06,46.76,9.171453999999999,70.0,19.908766,0.0,0.0,0.0
196589,GLASGOW INTL AP,MT,48.2138,-106.6213,696.5,20170731,62.06,95.0,84.02,13.645334,70.0,27.96175,0.0,0.0,0.0
196590,GLASGOW INTL AP,MT,48.2138,-106.6213,696.5,20170801,62.96,87.98,77.0,14.987498,70.0,35.119958000000004,0.0,0.0,0.0
196591,HAVRE CITY CO AP,MT,48.5428,-109.7633,787.9,20170101,9.14,23.18,17.6,15.658579999999999,70.0,31.093465999999996,2.2834658,1.181103,0.11023628
196592,HAVRE CITY CO AP,MT,48.5428,-109.7633,787.9,20170108,1.22,6.26,0.86,10.961006,70.0,31.093465999999996,0.9842525,5.905515,0.07086618
196593,HAVRE CITY CO AP,MT,48.5428,-109.7633,787.9,20170112,-18.76,0.14,-7.06,7.158208,70.0,21.027236,0.0,7.87402,0.0
196594,HAVRE CITY CO AP,MT,48.5428,-109.7633,787.9,20170311,11.12,22.1,14.18,10.737312,70.0,27.066974,0.0,1.181103,0.0
196595,HAVRE CITY CO AP,MT,48.5428,-109.7633,787.9,20170409,35.96,46.04,44.96,9.618841999999999,70.0,23.935257999999997,0.0,0.0,0.0393701
196596,HAVRE CITY CO AP,MT,48.5428,-109.7633,787.9,20170529,33.08,75.92,58.1,4.921268,70.0,16.105968,0.0,0.0,0.0
196597,HAVRE CITY CO AP,MT,48.5428,-109.7633,787.9,20170726,55.94,93.92,74.12,10.289924000000001,70.0,27.066974,0.0,0.0,0.0
196598,HAVRE CITY CO AP,MT,48.5428,-109.7633,787.9,20170731,51.98,93.02,75.74,8.500372,70.0,25.053728,0.0,0.0,0.0
196599,HAVRE CITY CO AP,MT,48.5428,-109.7633,787.9,20170801,60.08,87.98,77.36,17.671826,70.0,31.988242,0.0,0.0,0.0
196600,HAVRE CITY CO AP,MT,48.5428,-109.7633,787.9,20170809,42.08,80.06,63.32,7.381902,70.0,19.908766,0.0,0.0,0.0
196601,HAVRE CITY CO AP,MT,48.5428,-109.7633,787.9,20170905,35.06,78.98,56.84,4.921268,70.0,14.092722,0.0,0.0,0.0
196602,HAVRE CITY CO AP,MT,48.5428,-109.7633,787.9,20170915,42.98,48.92,45.14,10.066230000000001,70.0,27.066974,0.0,0.0,0.48031522
196611,WOLF POINT INTL AP,MT,48.0944,-105.5744,605.3,20170107,-19.84,-0.76,,7.381902,70.0,18.119214000000003,0.0,0.0,0.0
196612,WOLF POINT INTL AP,MT,48.0944,-105.5744,605.3,20170203,-12.82,19.22,,6.039738,70.0,14.987498,0.0,0.0,0.0
196613,WOLF POINT INTL AP,MT,48.0944,-105.5744,605.3,20170206,4.1,10.22,,13.42164,70.0,27.066974,,0.0,0.03149608
196614,WOLF POINT INTL AP,MT,48.0944,-105.5744,605.3,20170209,-11.74,29.12,,6.263432,70.0,14.987498,0.0,0.0,0.0
196615,WOLF POINT INTL AP,MT,48.0944,-105.5744,605.3,20170301,7.16,30.2,,5.816044000000001,70.0,18.119214000000003,,0.0,0.0
196616,WOLF POINT INTL AP,MT,48.0944,-105.5744,605.3,20170314,13.1,32.0,,7.829289999999999,70.0,14.987498,,0.0,0.0
196617,WOLF POINT INTL AP,MT,48.0944,-105.5744,605.3,20170315,26.24,46.94,,3.579104,70.0,12.079476,0.0,0.0,0.0
196618,WOLF POINT INTL AP,MT,48.0944,-105.5744,605.3,20170422,39.92,55.04,,10.289924000000001,70.0,27.96175,,0.0,0.0
196619,WOLF POINT INTL AP,MT,48.0944,-105.5744,605.3,20170509,32.0,73.04,,4.921268,70.0,25.053728,0.0,0.0,0.0
196620,WOLF POINT INTL AP,MT,48.0944,-105.5744,605.3,20170516,32.0,73.04,,5.59235,70.0,17.000744,0.0,0.0,0.0
196621,WOLF POINT INTL AP,MT,48.0944,-105.5744,605.3,20170517,39.02,64.94,,14.987498,70.0,38.02798,0.0,,0.0
196622,WOLF POINT INTL AP,MT,48.0944,-105.5744,605.3,20170607,39.02,84.02,,6.039738,70.0,19.01399,,0.0,0.0
196623,WOLF POINT INTL AP,MT,48.0944,-105.5744,605.3,20170707,62.06,95.0,,7.605596,70.0,21.922012,0.0,0.0,0.0
196624,WOLF POINT INTL AP,MT,48.0944,-105.5744,605.3,20170718,55.94,89.06,,9.618841999999999,70.0,23.040482,0.0,0.0,0.0
196625,WOLF POINT INTL AP,MT,48.0944,-105.5744,605.3,20170720,53.06,98.06,,13.645334,70.0,42.054472,0.0,0.0,0.0
196626,WOLF POINT INTL AP,MT,48.0944,-105.5744,605.3,20170801,60.08,87.98,,13.197946,70.0,33.106712,0.0,0.0,0.0
196627,WOLF POINT INTL AP,MT,48.0944,-105.5744,605.3,20170805,59.0,71.96,,14.763804,70.0,36.014734000000004,0.0,0.0,0.0
196628,WOLF POINT INTL AP,MT,48.0944,-105.5744,605.3,20170823,50.0,96.08,,4.250186,70.0,16.105968,0.0,0.0,0.0
196629,WOLF POINT INTL AP,MT,48.0944,-105.5744,605.3,20170829,53.06,98.06,,7.381902,70.0,27.066974,0.0,0.0,0.0
196630,WOLF POINT INTL AP,MT,48.0944,-105.5744,605.3,20170831,60.98,87.98,,6.934514,70.0,25.948504,0.0,0.0,0.0
196679,JORDAN AP,MT,47.3258,-106.9475,811.4,20170223,18.14,33.08,,6.934514,70.0,17.000744,0.0,0.0,0.0
196680,JORDAN AP,MT,47.3258,-106.9475,811.4,20170423,39.02,57.02,,11.408394,70.0,23.935257999999997,,0.0,0.07086618
196681,JORDAN AP,MT,47.3258,-106.9475,811.4,20170425,29.12,41.0,,9.618841999999999,70.0,19.01399,0.0,0.0,0.0
196682,JORDAN AP,MT,47.3258,-106.9475,811.4,20170517,42.98,64.94,,16.105968,70.0,40.041226,,0.0,0.03149608
196683,JORDAN AP,MT,47.3258,-106.9475,811.4,20170701,50.0,93.02,,8.276678,70.0,21.027236,0.0,0.0,0.0
196695,BAKER MUNI AP,MT,46.3583,-104.25,905.6,20170223,21.2,31.1,,11.1847,70.0,21.922012,,,0.0
196696,BAKER MUNI AP,MT,46.3583,-104.25,905.6,20170405,26.24,57.02,,6.263432,70.0,23.040482,,,0.0
196697,BAKER MUNI AP,MT,46.3583,-104.25,905.6,20170422,33.08,60.98,,8.052984,70.0,25.053728,,,0.0
196698,BAKER MUNI AP,MT,46.3583,-104.25,905.6,20170424,30.2,48.02,,9.618841999999999,70.0,19.908766,,,0.25984266
196699,BAKER MUNI AP,MT,46.3583,-104.25,905.6,20170425,27.14,33.98,,10.513618,70.0,21.027236,,,0.0
196700,BAKER MUNI AP,MT,46.3583,-104.25,905.6,20170428,24.26,55.04,,6.263432,70.0,19.908766,,,0.0
196701,BAKER MUNI AP,MT,46.3583,-104.25,905.6,20170517,37.94,57.92,,18.342907999999998,70.0,38.02798,,,0.0
196702,BAKER MUNI AP,MT,46.3583,-104.25,905.6,20170706,59.0,93.02,,8.276678,70.0,23.935257999999997,,,0.0
196703,BAKER MUNI AP,MT,46.3583,-104.25,905.6,20170717,64.04,91.94,,11.408394,70.0,29.08022,,,0.0
196704,BAKER MUNI AP,MT,46.3583,-104.25,905.6,20170729,60.98,93.02,,10.513618,70.0,38.02798,,,0.0
196705,BAKER MUNI AP,MT,46.3583,-104.25,905.6,20170812,53.96,80.06,,10.066230000000001,70.0,27.96175,,,0.09842525
196706,BAKER MUNI AP,MT,46.3583,-104.25,905.6,20170829,51.98,96.08,,7.605596,70.0,21.922012,,,0.0
197187,KALISPELL GLACIER AP,MT,48.3042,-114.2636,901.3,20170116,9.14,14.18,12.2,2.013246,60.0,6.934514,0.0,11.023628,0.0
197188,KALISPELL GLACIER AP,MT,48.3042,-114.2636,901.3,20170520,41.0,69.98,54.32,2.23694,60.0,23.040482,0.0,0.0,0.05905515
197189,KALISPELL GLACIER AP,MT,48.3042,-114.2636,901.3,20170714,46.94,96.08,73.58,3.131716,60.0,14.092722,0.0,0.0,0.0
199338,BILLINGS LOGAN INTL AP,MT,45.8069,-108.5422,1091.5,20170416,33.98,57.02,44.6,8.500372,60.0,25.948504,0.0,0.0,0.0
199339,BILLINGS LOGAN INTL AP,MT,45.8069,-108.5422,1091.5,20170424,39.92,57.02,48.74,8.500372,60.0,29.08022,0.0,0.0,0.09055123
199340,BILLINGS LOGAN INTL AP,MT,45.8069,-108.5422,1091.5,20170518,41.0,51.98,45.68,10.289924000000001,60.0,27.96175,0.0,0.0,0.0
199341,BILLINGS LOGAN INTL AP,MT,45.8069,-108.5422,1091.5,20170806,55.94,73.94,63.68,7.605596,60.0,19.908766,0.0,0.0,0.0
199342,BILLINGS LOGAN INTL AP,MT,45.8069,-108.5422,1091.5,20170809,55.94,78.08,68.18,6.934514,60.0,19.01399,0.0,0.0,0.0
199343,MILES CITY F WILEY FLD,MT,46.4267,-105.8825,799.8,20170109,6.26,15.26,,10.289924000000001,60.0,23.040482,,,0.0
199344,MILES CITY F WILEY FLD,MT,46.4267,-105.8825,799.8,20170520,37.04,68.0,,4.47388,60.0,18.119214000000003,,,0.0
199345,MILES CITY F WILEY FLD,MT,46.4267,-105.8825,799.8,20170822,51.98,87.98,,6.039738,60.0,18.119214000000003,,,0.0
199346,MILES CITY F WILEY FLD,MT,46.4267,-105.8825,799.8,20170828,53.96,96.98,,4.921268,60.0,17.000744,,,0.0
199399,BOZEMAN GALLATIN FLD,MT,45.7881,-111.1608,1349.3,20170226,18.14,30.2,,5.816044000000001,60.0,17.000744,0.0,2.0078751,0.0
199407,CUT BANK MUNI AP,MT,48.6033,-112.3753,1169.8,20170426,32.0,50.0,38.48,5.816044000000001,60.0,16.105968,,0.0,0.0393701
199408,CUT BANK MUNI AP,MT,48.6033,-112.3753,1169.8,20170529,41.0,75.92,59.9,6.263432,60.0,19.01399,,0.0,0.0
199409,CUT BANK MUNI AP,MT,48.6033,-112.3753,1169.8,20170706,48.92,93.92,73.04,6.934514,60.0,25.948504,,0.0,0.0
199410,DILLON AP,MT,45.2575,-112.5545,1585.0,20170124,8.24,21.2,17.78,7.158208,60.0,17.000744,,1.968505,0.0
199411,DILLON AP,MT,45.2575,-112.5545,1585.0,20170207,16.16,27.14,24.98,6.71082,60.0,19.908766,,3.149608,0.0393701
199412,DILLON AP,MT,45.2575,-112.5545,1585.0,20170719,50.0,91.94,70.7,4.6975739999999995,60.0,14.987498,,0.0,0.0
199413,DILLON AP,MT,45.2575,-112.5545,1585.0,20170803,48.92,86.0,64.94,6.934514,60.0,21.922012,,0.0,0.0
199416,GREAT FALLS INTL AP,MT,47.4733,-111.3822,1116.8,20170122,20.12,35.06,26.24,6.71082,60.0,19.01399,0.3149608,0.0,0.03149608
199417,GREAT FALLS INTL AP,MT,47.4733,-111.3822,1116.8,20170131,11.12,30.2,24.26,9.842536,60.0,21.922012,3.8188997000000002,3.149608,0.18110246
199418,GREAT FALLS INTL AP,MT,47.4733,-111.3822,1116.8,20170208,-12.82,2.12,-7.06,2.9080220000000003,60.0,10.066230000000001,0.0,5.118113,0.0
199419,GREAT FALLS INTL AP,MT,47.4733,-111.3822,1116.8,20170310,9.14,25.16,13.46,5.1449620000000005,60.0,17.000744,0.0,3.149608,0.0
199420,GREAT FALLS INTL AP,MT,47.4733,-111.3822,1116.8,20170320,20.12,44.96,34.16,10.513618,60.0,25.948504,0.0,0.0,0.0
199421,GREAT FALLS INTL AP,MT,47.4733,-111.3822,1116.8,20170416,23.18,53.06,37.58,8.500372,60.0,23.935257999999997,0.0,0.0,0.0
199422,GREAT FALLS INTL AP,MT,47.4733,-111.3822,1116.8,20170520,41.0,66.92,54.32,10.066230000000001,60.0,27.96175,0.0,0.0,0.01968505
199423,GREAT FALLS INTL AP,MT,47.4733,-111.3822,1116.8,20170529,42.08,77.0,58.46,5.816044000000001,60.0,19.908766,0.0,0.0,0.0
199424,GREAT FALLS INTL AP,MT,47.4733,-111.3822,1116.8,20170705,53.96,95.0,77.18,9.395147999999999,60.0,23.040482,0.0,0.0,0.0
199425,GREAT FALLS INTL AP,MT,47.4733,-111.3822,1116.8,20170725,46.04,84.92,67.64,8.500372,60.0,23.935257999999997,0.0,0.0,0.0
199426,GREAT FALLS INTL AP,MT,47.4733,-111.3822,1116.8,20170806,44.06,78.08,60.08,6.039738,60.0,16.105968,0.0,0.0,0.0
199427,GREAT FALLS INTL AP,MT,47.4733,-111.3822,1116.8,20170825,53.96,84.02,67.82,7.158208,60.0,21.922012,0.0,0.0,0.0
199428,GREAT FALLS INTL AP,MT,47.4733,-111.3822,1116.8,20170916,37.94,50.0,40.46,9.171453999999999,60.0,23.040482,0.0,0.0,0.07086618
199429,HELENA RGNL AP,MT,46.6056,-111.9636,1166.8,20170116,-9.76,12.2,-0.4,1.11847,60.0,6.039738,0.0,7.87402,0.0
199430,HELENA RGNL AP,MT,46.6056,-111.9636,1166.8,20170404,26.24,53.06,35.96,4.250186,60.0,17.000744,0.0,0.0,0.0
199431,HELENA RGNL AP,MT,46.6056,-111.9636,1166.8,20170823,53.96,93.02,74.12,3.131716,60.0,16.105968,0.0,0.0,0.0
199432,HELENA RGNL AP,MT,46.6056,-111.9636,1166.8,20170905,46.04,82.94,61.16,3.35541,60.0,14.092722,0.0,0.0,0.0
199444,LIVINGSTON MISSION FLD,MT,45.6983,-110.4408,1415.2,20170425,33.08,51.08,,7.829289999999999,60.0,21.027236,,,0.35039389
199445,LIVINGSTON MISSION FLD,MT,45.6983,-110.4408,1415.2,20170526,28.22,62.96,,6.263432,60.0,21.027236,,,0.0
199446,LIVINGSTON MISSION FLD,MT,45.6983,-110.4408,1415.2,20170529,37.04,75.02,,4.47388,60.0,21.922012,,,0.0
199447,LIVINGSTON MISSION FLD,MT,45.6983,-110.4408,1415.2,20170530,37.04,77.0,,8.500372,60.0,31.093465999999996,,,0.0
199448,LIVINGSTON MISSION FLD,MT,45.6983,-110.4408,1415.2,20170603,37.04,80.06,,5.816044000000001,60.0,19.908766,,,0.0
199449,LIVINGSTON MISSION FLD,MT,45.6983,-110.4408,1415.2,20170803,44.96,78.98,,10.289924000000001,60.0,25.053728,,,0.0
199450,LIVINGSTON MISSION FLD,MT,45.6983,-110.4408,1415.2,20170905,35.96,77.0,,6.934514,60.0,21.922012,,,0.0
199454,MISSOULA INTL AP,MT,46.9208,-114.0925,972.9,20170525,44.06,66.02,53.06,4.6975739999999995,60.0,23.935257999999997,0.0,0.0,0.0
200532,GLASGOW INTL AP,MT,48.2138,-106.6213,696.5,20170720,57.02,96.98,79.16,16.105968,60.0,38.922756,0.0,0.0,0.0
200533,GLASGOW INTL AP,MT,48.2138,-106.6213,696.5,20170805,53.06,73.04,65.84,12.079476,60.0,31.988242,0.0,0.0,0.0
200534,GLASGOW INTL AP,MT,48.2138,-106.6213,696.5,20170812,53.06,82.04,66.56,10.737312,60.0,25.053728,0.0,0.0,0.0
200535,HAVRE CITY CO AP,MT,48.5428,-109.7633,787.9,20170223,16.16,30.2,27.86,11.408394,60.0,19.908766,0.9842525,1.968505,0.01968505
200536,HAVRE CITY CO AP,MT,48.5428,-109.7633,787.9,20170510,39.02,75.02,56.84,5.816044000000001,60.0,19.908766,0.0,0.0,0.0
200537,HAVRE CITY CO AP,MT,48.5428,-109.7633,787.9,20170704,55.04,89.96,75.02,7.381902,60.0,21.922012,0.0,0.0,0.0
200538,HAVRE CITY CO AP,MT,48.5428,-109.7633,787.9,20170718,50.0,89.06,69.08,8.94776,60.0,29.08022,0.0,0.0,0.0
200539,HAVRE CITY CO AP,MT,48.5428,-109.7633,787.9,20170812,44.96,84.92,65.48,6.71082,60.0,21.922012,0.0,0.0,0.0
200540,HAVRE CITY CO AP,MT,48.5428,-109.7633,787.9,20170906,35.06,87.98,60.62,3.131716,60.0,14.092722,0.0,0.0,0.0
200541,HAVRE CITY CO AP,MT,48.5428,-109.7633,787.9,20170907,37.94,89.96,63.68,6.934514,60.0,21.027236,0.0,0.0,0.0
200542,HAVRE CITY CO AP,MT,48.5428,-109.7633,787.9,20170908,44.06,96.08,70.34,4.47388,60.0,16.105968,0.0,0.0,0.0
200545,WOLF POINT INTL AP,MT,48.0944,-105.5744,605.3,20170223,22.1,30.2,,7.158208,60.0,21.922012,,0.0,0.0
200546,WOLF POINT INTL AP,MT,48.0944,-105.5744,605.3,20170312,-0.76,16.16,,13.42164,60.0,27.066974,,0.0,0.01181103
200547,WOLF POINT INTL AP,MT,48.0944,-105.5744,605.3,20170424,31.1,41.0,,11.855782000000001,60.0,23.935257999999997,,0.0,0.03149608
200548,WOLF POINT INTL AP,MT,48.0944,-105.5744,605.3,20170812,55.94,82.04,,8.94776,60.0,25.053728,0.0,0.0,0.0
200549,WOLF POINT INTL AP,MT,48.0944,-105.5744,605.3,20170907,37.04,91.04,,3.802798,60.0,14.987498,0.0,0.0,0.0
200550,WOLF POINT INTL AP,MT,48.0944,-105.5744,605.3,20170915,44.96,51.08,,12.750558,60.0,29.08022,,0.0,0.75196891
200590,JORDAN AP,MT,47.3258,-106.9475,811.4,20170206,6.26,11.12,,7.158208,60.0,17.000744,,0.0,0.0787402
200591,JORDAN AP,MT,47.3258,-106.9475,811.4,20170424,32.0,51.08,,8.276678,60.0,25.948504,0.0,0.0,0.0
200592,JORDAN AP,MT,47.3258,-106.9475,811.4,20170518,31.1,60.98,,6.487126,60.0,23.040482,0.0,0.0,0.0
200593,JORDAN AP,MT,47.3258,-106.9475,811.4,20170604,50.0,96.08,,6.71082,60.0,29.08022,0.0,0.0,0.0
200594,JORDAN AP,MT,47.3258,-106.9475,811.4,20170801,62.96,91.94,,14.763804,60.0,31.988242,0.0,0.0,0.0
200604,BAKER MUNI AP,MT,46.3583,-104.25,905.6,20170102,-8.86,10.22,,13.197946,60.0,25.053728,,,0.0
200605,BAKER MUNI AP,MT,46.3583,-104.25,905.6,20170409,35.06,51.08,,14.987498,60.0,34.001488,,,0.0
200606,BAKER MUNI AP,MT,46.3583,-104.25,905.6,20170518,31.1,55.04,,9.171453999999999,60.0,21.027236,,,0.0
200607,BAKER MUNI AP,MT,46.3583,-104.25,905.6,20170707,53.96,96.98,,10.513618,60.0,29.08022,,,0.0
200608,BAKER MUNI AP,MT,46.3583,-104.25,905.6,20170915,41.0,50.0,,16.105968,60.0,31.093465999999996,,,1.8897648
201105,KALISPELL GLACIER AP,MT,48.3042,-114.2636,901.3,20170310,21.2,46.04,26.96,7.381902,50.0,21.922012,2.0078751,20.866153,0.22047256
201106,KALISPELL GLACIER AP,MT,48.3042,-114.2636,901.3,20170509,35.96,68.0,52.52,2.013246,50.0,14.987498,0.0,0.0,0.0
201107,KALISPELL GLACIER AP,MT,48.3042,-114.2636,901.3,20170522,37.94,80.06,58.82,2.9080220000000003,50.0,10.961006,0.0,0.0,0.0
201108,KALISPELL GLACIER AP,MT,48.3042,-114.2636,901.3,20170706,48.92,95.0,73.76,2.9080220000000003,50.0,14.092722,0.0,0.0,0.0
201109,KALISPELL GLACIER AP,MT,48.3042,-114.2636,901.3,20170807,46.04,89.06,68.54,6.487126,50.0,40.041226,0.0,0.0,0.0
201110,KALISPELL GLACIER AP,MT,48.3042,-114.2636,901.3,20170812,50.0,89.96,69.26,3.579104,50.0,14.987498,0.0,0.0,0.0
203436,BILLINGS LOGAN INTL AP,MT,45.8069,-108.5422,1091.5,20170205,8.24,46.04,18.86,10.737312,50.0,29.08022,0.0,5.905515,0.0
203437,BILLINGS LOGAN INTL AP,MT,45.8069,-108.5422,1091.5,20170206,9.14,15.26,18.5,10.961006,50.0,27.066974,2.5984266,5.118113,0.14173236
203438,BILLINGS LOGAN INTL AP,MT,45.8069,-108.5422,1091.5,20170223,26.24,30.2,28.94,11.408394,50.0,21.922012,0.0,0.0,0.01181103
203439,BILLINGS LOGAN INTL AP,MT,45.8069,-108.5422,1091.5,20170224,22.1,30.2,26.24,6.487126,50.0,12.974252,0.5905515,0.0,0.0393701
203440,BILLINGS LOGAN INTL AP,MT,45.8069,-108.5422,1091.5,20170310,12.2,22.1,15.44,4.921268,50.0,12.079476,0.1968505,7.87402,0.01181103
203441,BILLINGS LOGAN INTL AP,MT,45.8069,-108.5422,1091.5,20170425,32.0,41.0,38.12,10.066230000000001,50.0,27.066974,0.0,0.0,0.0
203442,BILLINGS LOGAN INTL AP,MT,45.8069,-108.5422,1091.5,20170514,37.04,64.04,48.56,10.066230000000001,50.0,23.040482,0.0,0.0,0.0
203443,BILLINGS LOGAN INTL AP,MT,45.8069,-108.5422,1091.5,20170624,51.98,75.92,63.86,6.71082,50.0,23.935257999999997,0.0,0.0,0.0
203444,LEWISTOWN MUNI AP,MT,47.0492,-109.4578,1263.4,20170807,44.06,80.96,,6.039738,50.0,17.000744,,0.0,0.0
203445,LEWISTOWN MUNI AP,MT,47.0492,-109.4578,1263.4,20170819,55.04,78.08,,8.500372,50.0,23.040482,,0.0,0.0
203446,LEWISTOWN MUNI AP,MT,47.0492,-109.4578,1263.4,20170827,46.94,87.98,,5.816044000000001,50.0,12.079476,,0.0,0.0
203447,MILES CITY F WILEY FLD,MT,46.4267,-105.8825,799.8,20170101,0.14,20.12,,15.882273999999999,50.0,29.08022,,,0.0
203448,MILES CITY F WILEY FLD,MT,46.4267,-105.8825,799.8,20170102,-10.84,11.12,,9.618841999999999,50.0,25.948504,,,0.01181103
203449,MILES CITY F WILEY FLD,MT,46.4267,-105.8825,799.8,20170123,21.2,24.26,,4.6975739999999995,50.0,14.092722,,,0.0
203450,MILES CITY F WILEY FLD,MT,46.4267,-105.8825,799.8,20170223,28.22,33.08,,10.513618,50.0,19.908766,,,0.0
203451,MILES CITY F WILEY FLD,MT,46.4267,-105.8825,799.8,20170314,23.18,41.0,,3.802798,50.0,10.961006,,,0.0
203452,MILES CITY F WILEY FLD,MT,46.4267,-105.8825,799.8,20170424,37.04,55.04,,8.94776,50.0,23.935257999999997,,,0.01181103
203453,MILES CITY F WILEY FLD,MT,46.4267,-105.8825,799.8,20170425,31.1,37.94,,10.737312,50.0,25.053728,,,0.0
203454,MILES CITY F WILEY FLD,MT,46.4267,-105.8825,799.8,20170518,37.94,59.0,,8.94776,50.0,25.053728,,,0.0
203455,MILES CITY F WILEY FLD,MT,46.4267,-105.8825,799.8,20170727,68.0,91.04,,10.513618,50.0,31.093465999999996,,,0.0
203456,MILES CITY F WILEY FLD,MT,46.4267,-105.8825,799.8,20170731,69.08,100.94,,11.408394,50.0,31.988242,,,0.0
203457,MILES CITY F WILEY FLD,MT,46.4267,-105.8825,799.8,20170812,55.94,84.02,,8.94776,50.0,31.988242,,,0.0
203458,MILES CITY F WILEY FLD,MT,46.4267,-105.8825,799.8,20170823,53.96,93.92,,6.71082,50.0,18.119214000000003,,,0.0
203519,BOZEMAN GALLATIN FLD,MT,45.7881,-111.1608,1349.3,20170223,24.26,51.08,,4.921268,50.0,19.908766,0.1181103,0.0,0.0
203528,BUTTE BERT MOONEY AP,MT,45.9647,-112.5006,1678.2,20170104,-24.88,-0.76,-14.62,2.9080220000000003,50.0,14.092722,,,0.0
203529,CUT BANK MUNI AP,MT,48.6033,-112.3753,1169.8,20170102,-3.82,5.18,2.3,4.921268,50.0,10.066230000000001,,1.181103,0.0
203530,CUT BANK MUNI AP,MT,48.6033,-112.3753,1169.8,20170906,39.02,84.92,60.62,4.250186,50.0,10.961006,,0.0,0.0
203531,DILLON AP,MT,45.2575,-112.5545,1585.0,20170101,0.14,17.24,9.68,11.1847,50.0,29.974996,,1.181103,0.0
203532,DILLON AP,MT,45.2575,-112.5545,1585.0,20170102,-13.9,3.2,2.48,8.94776,50.0,21.027236,,1.968505,0.0
203533,DILLON AP,MT,45.2575,-112.5545,1585.0,20170110,6.26,31.1,23.36,10.737312,50.0,31.093465999999996,,1.181103,0.0
203534,DILLON AP,MT,45.2575,-112.5545,1585.0,20170111,-0.76,7.16,8.24,9.395147999999999,50.0,31.988242,,3.149608,0.0
203535,DILLON AP,MT,45.2575,-112.5545,1585.0,20170123,2.12,20.12,19.04,7.829289999999999,50.0,21.027236,,1.968505,0.0
203536,DILLON AP,MT,45.2575,-112.5545,1585.0,20170131,13.1,30.2,26.42,14.763804,50.0,34.001488,,1.968505,0.01181103
203537,DILLON AP,MT,45.2575,-112.5545,1585.0,20170202,-15.88,6.26,3.92,8.276678,50.0,21.027236,,3.93701,0.01181103
203538,DILLON AP,MT,45.2575,-112.5545,1585.0,20170224,20.12,29.12,23.54,6.487126,50.0,19.908766,,0.0,0.01968505
203539,DILLON AP,MT,45.2575,-112.5545,1585.0,20170508,39.02,60.08,45.68,5.368656,50.0,19.908766,,0.0,0.0
203540,DILLON AP,MT,45.2575,-112.5545,1585.0,20170806,44.06,78.98,61.16,6.934514,50.0,21.922012,,0.0,0.0
203541,DILLON AP,MT,45.2575,-112.5545,1585.0,20170914,39.02,57.02,51.62,14.316416,50.0,31.093465999999996,,0.0,0.27165369
203543,GREAT FALLS INTL AP,MT,47.4733,-111.3822,1116.8,20170107,-2.74,9.14,3.38,5.816044000000001,50.0,17.000744,0.7086618,1.968505,0.05118113
203544,GREAT FALLS INTL AP,MT,47.4733,-111.3822,1116.8,20170510,35.06,73.94,55.76,7.605596,50.0,17.000744,0.0,0.0,0.0
203545,GREAT FALLS INTL AP,MT,47.4733,-111.3822,1116.8,20170624,42.98,75.02,60.98,7.829289999999999,50.0,27.96175,0.0,0.0,0.0
203546,GREAT FALLS INTL AP,MT,47.4733,-111.3822,1116.8,20170717,44.06,84.02,66.74,7.829289999999999,50.0,27.066974,0.0,0.0,0.0
203547,GREAT FALLS INTL AP,MT,47.4733,-111.3822,1116.8,20170803,53.96,82.94,66.74,5.1449620000000005,50.0,17.000744,0.0,0.0,0.0
203548,GREAT FALLS INTL AP,MT,47.4733,-111.3822,1116.8,20170805,48.92,66.92,59.18,4.6975739999999995,50.0,14.987498,0.0,0.0,0.01968505
203549,GREAT FALLS INTL AP,MT,47.4733,-111.3822,1116.8,20170811,46.94,80.96,66.38,10.961006,50.0,27.066974,0.0,0.0,0.0
203550,HELENA RGNL AP,MT,46.6056,-111.9636,1166.8,20170520,42.98,66.92,54.32,4.921268,50.0,31.093465999999996,0.0,0.0,0.14960638
203551,HELENA RGNL AP,MT,46.6056,-111.9636,1166.8,20170611,39.92,71.96,53.96,5.816044000000001,50.0,19.908766,0.0,0.0,0.0
203552,HELENA RGNL AP,MT,46.6056,-111.9636,1166.8,20170723,59.0,96.98,78.08,5.59235,50.0,19.908766,0.0,0.0,0.0
203553,HELENA RGNL AP,MT,46.6056,-111.9636,1166.8,20170810,46.94,87.98,67.64,4.921268,50.0,40.936002,0.0,0.0,0.0
203554,HELENA RGNL AP,MT,46.6056,-111.9636,1166.8,20170822,51.98,91.04,69.98,3.131716,50.0,16.105968,0.0,0.0,0.0
203564,LIVINGSTON MISSION FLD,MT,45.6983,-110.4408,1415.2,20170330,37.04,53.06,,11.408394,50.0,27.96175,,,0.42913409
203565,LIVINGSTON MISSION FLD,MT,45.6983,-110.4408,1415.2,20170712,55.04,84.02,,9.171453999999999,50.0,23.935257999999997,,,0.0
204687,GLASGOW INTL AP,MT,48.2138,-106.6213,696.5,20170106,-6.88,5.18,2.12,6.934514,50.0,14.092722,0.5905515,5.118113,0.03149608
204688,GLASGOW INTL AP,MT,48.2138,-106.6213,696.5,20170222,24.26,33.08,32.54,5.1449620000000005,50.0,17.000744,0.5905515,0.0,0.07086618
204689,GLASGOW INTL AP,MT,48.2138,-106.6213,696.5,20170517,37.04,64.94,56.48,18.119214000000003,50.0,42.949248,0.0,0.0,0.0
204690,GLASGOW INTL AP,MT,48.2138,-106.6213,696.5,20170825,60.08,84.92,74.84,8.276678,50.0,23.040482,0.0,0.0,0.0
204691,GLASGOW INTL AP,MT,48.2138,-106.6213,696.5,20170915,44.96,48.92,48.02,12.750558,50.0,29.08022,0.0,0.0,0.44094512
204692,HAVRE CITY CO AP,MT,48.5428,-109.7633,787.9,20170802,53.06,75.92,68.0,8.052984,50.0,35.119958000000004,0.0,0.0,0.1181103
204698,WOLF POINT INTL AP,MT,48.0944,-105.5744,605.3,20170309,8.24,18.14,,11.855782000000001,50.0,21.027236,,0.0,0.0
204699,WOLF POINT INTL AP,MT,48.0944,-105.5744,605.3,20170706,62.06,93.92,,7.381902,50.0,19.908766,0.0,0.0,0.0
204742,JORDAN AP,MT,47.3258,-106.9475,811.4,20170812,48.92,84.02,,5.1449620000000005,50.0,23.040482,0.0,0.0,0.0
204743,JORDAN AP,MT,47.3258,-106.9475,811.4,20170829,51.08,96.98,,5.1449620000000005,50.0,21.027236,0.0,0.0,0.0
204744,JORDAN AP,MT,47.3258,-106.9475,811.4,20170915,42.98,48.02,,14.092722,50.0,25.948504,,0.0,0.81889808
204745,JORDAN AP,MT,47.3258,-106.9475,811.4,20170916,37.94,50.0,,5.1449620000000005,50.0,16.105968,,0.0,0.18897648
204758,BAKER MUNI AP,MT,46.3583,-104.25,905.6,20170913,44.96,87.08,,7.158208,50.0,19.908766,,,0.01181103
205281,KALISPELL GLACIER AP,MT,48.3042,-114.2636,901.3,20170101,9.14,25.16,20.84,16.105968,40.0,42.949248,1.4173236,11.023628,0.14173236
205282,KALISPELL GLACIER AP,MT,48.3042,-114.2636,901.3,20170102,3.2,16.16,10.58,10.513618,40.0,23.935257999999997,0.0,9.842525,0.0
205283,KALISPELL GLACIER AP,MT,48.3042,-114.2636,901.3,20170109,12.2,24.26,17.96,1.565858,40.0,14.092722,2.2047256,12.992133,0.18897648
205284,KALISPELL GLACIER AP,MT,48.3042,-114.2636,901.3,20170203,-14.8,14.18,-0.76,4.6975739999999995,40.0,19.908766,10.511816699999999,9.842525,0.42913409
205285,KALISPELL GLACIER AP,MT,48.3042,-114.2636,901.3,20170309,23.18,31.1,29.3,8.052984,40.0,21.027236,4.6850419,14.173236,0.31889781
205286,KALISPELL GLACIER AP,MT,48.3042,-114.2636,901.3,20170412,37.94,50.0,43.34,5.368656,40.0,19.908766,0.0,0.0,0.1181103
205287,KALISPELL GLACIER AP,MT,48.3042,-114.2636,901.3,20170505,46.94,75.02,60.08,6.039738,40.0,21.922012,0.0,0.0,0.0
205288,KALISPELL GLACIER AP,MT,48.3042,-114.2636,901.3,20170518,42.98,62.96,51.62,5.368656,40.0,21.027236,0.0,0.0,0.0
205289,KALISPELL GLACIER AP,MT,48.3042,-114.2636,901.3,20170525,42.08,64.04,50.72,6.039738,40.0,31.988242,0.0,0.0,0.05118113
205290,KALISPELL GLACIER AP,MT,48.3042,-114.2636,901.3,20170530,46.94,86.0,66.2,4.026492,40.0,21.922012,0.0,0.0,0.0
205291,KALISPELL GLACIER AP,MT,48.3042,-114.2636,901.3,20170805,51.08,78.98,69.98,9.395147999999999,40.0,25.948504,0.0,0.0,0.0
205292,KALISPELL GLACIER AP,MT,48.3042,-114.2636,901.3,20170811,57.02,87.08,70.16,6.71082,40.0,19.908766,0.0,0.0,0.01181103
205293,KALISPELL GLACIER AP,MT,48.3042,-114.2636,901.3,20170907,42.98,80.06,59.72,1.789552,40.0,14.092722,0.0,0.0,0.0
205294,KALISPELL GLACIER AP,MT,48.3042,-114.2636,901.3,20170913,41.0,75.92,60.62,9.618841999999999,40.0,38.922756,0.0,0.0,0.0
205295,KALISPELL GLACIER AP,MT,48.3042,-114.2636,901.3,20170915,37.94,55.94,50.36,10.066230000000001,40.0,23.040482,0.0,0.0,0.0
208005,BILLINGS LOGAN INTL AP,MT,45.8069,-108.5422,1091.5,20170109,8.24,21.2,10.4,8.052984,40.0,27.96175,0.7086618,7.086618,0.05905515
208006,BILLINGS LOGAN INTL AP,MT,45.8069,-108.5422,1091.5,20170131,18.14,37.94,27.86,7.829289999999999,40.0,29.974996,5.5905542,0.0,0.27952771
208007,BILLINGS LOGAN INTL AP,MT,45.8069,-108.5422,1091.5,20170208,-1.84,11.12,3.92,4.921268,40.0,16.105968,1.8110245999999999,9.842525,0.12992133
208008,BILLINGS LOGAN INTL AP,MT,45.8069,-108.5422,1091.5,20170227,19.22,29.12,23.72,6.039738,40.0,14.987498,0.0,0.0,0.0
208009,BILLINGS LOGAN INTL AP,MT,45.8069,-108.5422,1091.5,20170309,12.2,32.0,27.14,12.974252,40.0,25.053728,7.9133901,5.118113,0.53937037
208010,BILLINGS LOGAN INTL AP,MT,45.8069,-108.5422,1091.5,20170320,32.0,44.96,42.62,10.737312,40.0,23.040482,0.1968505,0.0,0.05905515
208011,BILLINGS LOGAN INTL AP,MT,45.8069,-108.5422,1091.5,20170321,30.2,39.92,33.98,7.381902,40.0,23.040482,0.3149608,0.0,0.03149608
208012,BILLINGS LOGAN INTL AP,MT,45.8069,-108.5422,1091.5,20170509,44.96,68.0,54.86,4.6975739999999995,40.0,17.000744,0.0,0.0,0.0
208013,BILLINGS LOGAN INTL AP,MT,45.8069,-108.5422,1091.5,20170904,53.96,71.96,66.38,8.94776,40.0,29.974996,0.0,0.0,0.0
208014,MILES CITY F WILEY FLD,MT,46.4267,-105.8825,799.8,20170218,33.98,53.06,,6.71082,40.0,14.987498,,,0.0
208015,MILES CITY F WILEY FLD,MT,46.4267,-105.8825,799.8,20170219,31.1,51.98,,6.263432,40.0,14.092722,,,0.0
208016,MILES CITY F WILEY FLD,MT,46.4267,-105.8825,799.8,20170309,10.22,23.18,,10.961006,40.0,21.027236,,,0.01968505
208017,MILES CITY F WILEY FLD,MT,46.4267,-105.8825,799.8,20170423,39.92,59.0,,13.645334,40.0,34.001488,,,0.18897648
208018,MILES CITY F WILEY FLD,MT,46.4267,-105.8825,799.8,20170704,66.02,98.06,,9.842536,40.0,27.066974,,,0.0
208019,MILES CITY F WILEY FLD,MT,46.4267,-105.8825,799.8,20170706,71.06,96.08,,12.079476,40.0,25.053728,,,0.0
208020,MILES CITY F WILEY FLD,MT,46.4267,-105.8825,799.8,20170709,66.92,102.02,,9.618841999999999,40.0,23.935257999999997,,,0.0
208021,MILES CITY F WILEY FLD,MT,46.4267,-105.8825,799.8,20170712,57.92,82.94,,10.289924000000001,40.0,23.935257999999997,,,0.0
208022,MILES CITY F WILEY FLD,MT,46.4267,-105.8825,799.8,20170806,51.08,73.04,,8.724066,40.0,23.040482,,,0.0
208023,MILES CITY F WILEY FLD,MT,46.4267,-105.8825,799.8,20170810,48.02,80.96,,5.816044000000001,40.0,14.987498,,,0.0
208024,MILES CITY F WILEY FLD,MT,46.4267,-105.8825,799.8,20170811,53.96,89.06,,6.71082,40.0,27.066974,,,0.0
208025,MILES CITY F WILEY FLD,MT,46.4267,-105.8825,799.8,20170916,39.92,46.94,,5.816044000000001,40.0,17.000744,,,0.05905515
208098,BOZEMAN GALLATIN FLD,MT,45.7881,-111.1608,1349.3,20170125,9.14,24.26,,2.013246,40.0,8.94776,0.0,4.0157502,0.0
208099,BOZEMAN GALLATIN FLD,MT,45.7881,-111.1608,1349.3,20170208,3.2,20.12,,2.684328,40.0,12.974252,0.0,10.000005400000001,0.01181103
208104,BUTTE BERT MOONEY AP,MT,45.9647,-112.5006,1678.2,20170529,37.04,73.94,55.94,4.921268,40.0,23.935257999999997,,,0.03149608
208105,CUT BANK MUNI AP,MT,48.6033,-112.3753,1169.8,20170122,17.24,25.16,22.46,6.487126,40.0,14.987498,,0.0,0.0
208106,CUT BANK MUNI AP,MT,48.6033,-112.3753,1169.8,20170223,19.22,26.24,23.36,8.500372,40.0,19.908766,,0.0,0.01181103
208107,DILLON AP,MT,45.2575,-112.5545,1585.0,20170201,5.18,13.1,11.66,16.77705,40.0,25.948504,,3.93701,0.0
208108,DILLON AP,MT,45.2575,-112.5545,1585.0,20170320,33.08,44.96,39.38,10.066230000000001,40.0,25.053728,,0.0,0.0
208109,DILLON AP,MT,45.2575,-112.5545,1585.0,20170518,33.98,51.98,39.74,9.842536,40.0,31.093465999999996,,0.0,0.01181103
208110,DILLON AP,MT,45.2575,-112.5545,1585.0,20170522,35.96,71.06,55.04,8.94776,40.0,23.935257999999997,,0.0,0.0
208111,DILLON AP,MT,45.2575,-112.5545,1585.0,20170625,41.0,82.94,62.6,5.816044000000001,40.0,14.092722,,0.0,0.0
208112,DILLON AP,MT,45.2575,-112.5545,1585.0,20170629,44.06,69.08,56.84,7.381902,40.0,29.974996,,0.0,0.07086618
208113,DILLON AP,MT,45.2575,-112.5545,1585.0,20170802,51.08,80.96,67.1,11.855782000000001,40.0,25.053728,,0.0,0.0
208114,DILLON AP,MT,45.2575,-112.5545,1585.0,20170804,48.92,91.04,69.44,6.71082,40.0,23.935257999999997,,0.0,0.0
208115,DILLON AP,MT,45.2575,-112.5545,1585.0,20170809,48.02,82.04,63.86,6.263432,40.0,25.948504,,0.0,0.0
208116,DILLON AP,MT,45.2575,-112.5545,1585.0,20170821,42.08,78.98,62.78,5.816044000000001,40.0,12.974252,,0.0,0.0
208117,DILLON AP,MT,45.2575,-112.5545,1585.0,20170826,48.92,87.98,68.72,6.039738,40.0,16.105968,,0.0,0.0
208123,GREAT FALLS INTL AP,MT,47.4733,-111.3822,1116.8,20170108,-7.78,4.1,0.32,6.263432,40.0,12.974252,0.9055122999999999,3.149608,0.09842525
208124,GREAT FALLS INTL AP,MT,47.4733,-111.3822,1116.8,20170223,24.26,29.12,27.68,9.395147999999999,40.0,19.01399,0.7086618,0.0,0.03149608
208125,GREAT FALLS INTL AP,MT,47.4733,-111.3822,1116.8,20170424,35.96,57.92,46.22,8.052984,40.0,23.040482,0.0,0.0,0.0
208126,GREAT FALLS INTL AP,MT,47.4733,-111.3822,1116.8,20170518,39.02,59.0,45.86,7.605596,40.0,19.01399,0.0,0.0,0.0
208127,GREAT FALLS INTL AP,MT,47.4733,-111.3822,1116.8,20170809,44.96,80.96,63.68,7.381902,40.0,18.119214000000003,0.0,0.0,0.0
208128,HELENA RGNL AP,MT,46.6056,-111.9636,1166.8,20170108,5.18,14.18,8.06,1.11847,40.0,6.934514,1.4960638000000002,5.905515,0.1181103
208129,HELENA RGNL AP,MT,46.6056,-111.9636,1166.8,20170213,18.14,41.0,28.22,1.565858,40.0,14.092722,0.0,3.93701,0.0
208130,HELENA RGNL AP,MT,46.6056,-111.9636,1166.8,20170330,41.0,59.0,50.0,7.158208,40.0,31.988242,0.0,0.0,0.0
208131,HELENA RGNL AP,MT,46.6056,-111.9636,1166.8,20170529,46.94,80.96,62.06,4.250186,40.0,18.119214000000003,0.0,0.0,0.0
208132,HELENA RGNL AP,MT,46.6056,-111.9636,1166.8,20170827,51.98,93.02,71.42,4.47388,40.0,14.987498,0.0,0.0,0.0
209557,GLASGOW INTL AP,MT,48.2138,-106.6213,696.5,20170101,9.14,22.1,16.88,14.987498,40.0,31.988242,0.9842525,1.968505,0.03149608
209558,GLASGOW INTL AP,MT,48.2138,-106.6213,696.5,20170408,41.0,66.02,54.86,12.30317,40.0,31.988242,0.0,0.0,0.0
209559,GLASGOW INTL AP,MT,48.2138,-106.6213,696.5,20170409,31.1,46.04,43.34,11.632088000000001,40.0,31.988242,0.0,0.0,0.0
209560,GLASGOW INTL AP,MT,48.2138,-106.6213,696.5,20170811,53.06,80.06,67.46,11.855782000000001,40.0,29.08022,0.0,0.0,0.0
209561,GLASGOW INTL AP,MT,48.2138,-106.6213,696.5,20170914,48.92,53.96,54.14,12.079476,40.0,21.027236,0.0,0.0,0.16141741
209562,HAVRE CITY CO AP,MT,48.5428,-109.7633,787.9,20170331,35.06,57.02,46.22,7.381902,40.0,19.01399,0.0,0.0,0.0
209563,HAVRE CITY CO AP,MT,48.5428,-109.7633,787.9,20170625,39.02,82.04,60.98,3.802798,40.0,16.105968,0.0,0.0,0.0
209564,HAVRE CITY CO AP,MT,48.5428,-109.7633,787.9,20170903,55.94,82.04,71.78,8.276678,40.0,35.119958000000004,0.0,0.0,0.0
209565,HAVRE CITY CO AP,MT,48.5428,-109.7633,787.9,20170914,44.06,53.06,53.24,8.94776,40.0,21.027236,0.0,0.0,0.42913409
209572,WOLF POINT INTL AP,MT,48.0944,-105.5744,605.3,20170101,9.14,23.18,,12.974252,40.0,25.948504,,0.0,0.0
209573,WOLF POINT INTL AP,MT,48.0944,-105.5744,605.3,20170106,-14.8,5.18,,3.131716,40.0,10.961006,,0.0,0.01181103
209574,WOLF POINT INTL AP,MT,48.0944,-105.5744,605.3,20170222,24.26,35.96,,5.1449620000000005,40.0,19.01399,,0.0,0.05118113
209575,WOLF POINT INTL AP,MT,48.0944,-105.5744,605.3,20170709,60.98,96.98,,9.171453999999999,40.0,27.066974,0.0,0.0,0.0
209576,WOLF POINT INTL AP,MT,48.0944,-105.5744,605.3,20170731,60.08,96.98,,11.1847,40.0,27.96175,0.0,0.0,0.0
209577,WOLF POINT INTL AP,MT,48.0944,-105.5744,605.3,20170809,51.08,77.0,,9.618841999999999,40.0,29.08022,0.0,0.0,0.0
209578,WOLF POINT INTL AP,MT,48.0944,-105.5744,605.3,20170909,55.04,98.06,,5.816044000000001,40.0,17.000744,0.0,0.0,0.0
209579,WOLF POINT INTL AP,MT,48.0944,-105.5744,605.3,20170916,42.08,51.08,,4.921268,40.0,18.119214000000003,,0.0,0.18110246
209637,JORDAN AP,MT,47.3258,-106.9475,811.4,20170227,3.2,21.2,,6.934514,40.0,16.105968,,0.0,0.09842525
209649,BAKER MUNI AP,MT,46.3583,-104.25,905.6,20170520,31.1,62.96,,4.921268,40.0,19.01399,,,0.0
209650,BAKER MUNI AP,MT,46.3583,-104.25,905.6,20170725,64.04,87.08,,10.513618,40.0,36.014734000000004,,,0.0
210210,KALISPELL GLACIER AP,MT,48.3042,-114.2636,901.3,20170115,12.2,18.14,14.9,2.23694,30.0,8.052984,0.3149608,11.023628,0.0
210211,KALISPELL GLACIER AP,MT,48.3042,-114.2636,901.3,20170123,13.1,33.98,28.76,8.276678,30.0,23.040482,0.3149608,11.023628,0.01181103
210212,KALISPELL GLACIER AP,MT,48.3042,-114.2636,901.3,20170131,11.12,31.1,27.5,8.052984,30.0,25.948504,0.0,9.842525,0.0
210213,KALISPELL GLACIER AP,MT,48.3042,-114.2636,901.3,20170205,16.16,37.94,23.36,7.605596,30.0,40.041226,1.4960638000000002,16.929143,0.14960638
210214,KALISPELL GLACIER AP,MT,48.3042,-114.2636,901.3,20170218,26.24,39.02,32.72,4.250186,30.0,17.000744,0.0,14.173236,0.05118113
210215,KALISPELL GLACIER AP,MT,48.3042,-114.2636,901.3,20170226,19.22,27.14,25.16,14.316416,30.0,29.974996,2.5984266,12.992133,0.22834658
210216,KALISPELL GLACIER AP,MT,48.3042,-114.2636,901.3,20170321,35.96,51.98,42.8,5.368656,30.0,19.01399,0.0,0.0,0.11023628
210217,KALISPELL GLACIER AP,MT,48.3042,-114.2636,901.3,20170403,25.16,46.04,36.68,4.6975739999999995,30.0,16.105968,0.0,0.0,0.01181103
210218,KALISPELL GLACIER AP,MT,48.3042,-114.2636,901.3,20170606,39.92,80.96,59.72,3.802798,30.0,18.119214000000003,0.0,0.0,0.0
210219,KALISPELL GLACIER AP,MT,48.3042,-114.2636,901.3,20170607,46.94,87.98,66.02,4.026492,30.0,19.01399,0.0,0.0,0.0
210220,KALISPELL GLACIER AP,MT,48.3042,-114.2636,901.3,20170618,51.08,62.96,57.2,2.9080220000000003,30.0,12.079476,0.0,0.0,0.01181103
210221,KALISPELL GLACIER AP,MT,48.3042,-114.2636,901.3,20170625,44.06,86.0,66.2,3.35541,30.0,19.908766,0.0,0.0,0.0
210222,KALISPELL GLACIER AP,MT,48.3042,-114.2636,901.3,20170629,48.02,75.92,62.24,4.6975739999999995,30.0,18.119214000000003,0.0,0.0,0.0
210223,KALISPELL GLACIER AP,MT,48.3042,-114.2636,901.3,20170711,50.0,82.04,67.82,4.921268,30.0,18.119214000000003,0.0,0.0,0.0
210224,KALISPELL GLACIER AP,MT,48.3042,-114.2636,901.3,20170801,51.08,91.94,73.76,10.737312,30.0,35.119958000000004,0.0,0.0,0.0
210225,KALISPELL GLACIER AP,MT,48.3042,-114.2636,901.3,20170802,62.96,82.04,74.48,14.987498,30.0,33.106712,0.0,0.0,0.0
210226,KALISPELL GLACIER AP,MT,48.3042,-114.2636,901.3,20170803,53.96,87.08,69.62,5.368656,30.0,18.119214000000003,0.0,0.0,0.0
210227,KALISPELL GLACIER AP,MT,48.3042,-114.2636,901.3,20170804,46.04,87.08,67.46,11.408394,30.0,40.936002,0.0,0.0,0.0
210228,KALISPELL GLACIER AP,MT,48.3042,-114.2636,901.3,20170808,60.98,84.92,74.84,9.618841999999999,30.0,31.093465999999996,0.0,0.0,0.01181103
210229,KALISPELL GLACIER AP,MT,48.3042,-114.2636,901.3,20170810,50.0,89.06,71.78,8.500372,30.0,42.949248,0.0,0.0,0.0
210230,KALISPELL GLACIER AP,MT,48.3042,-114.2636,901.3,20170904,48.92,80.96,70.88,11.408394,30.0,36.90951,0.0,0.0,0.0
210231,KALISPELL GLACIER AP,MT,48.3042,-114.2636,901.3,20170908,42.98,77.0,58.46,0.894776,30.0,8.052984,0.0,0.0,0.0
210232,KALISPELL GLACIER AP,MT,48.3042,-114.2636,901.3,20170914,46.94,55.04,54.68,14.092722,30.0,29.974996,0.0,0.0,0.0
213112,BILLINGS LOGAN INTL AP,MT,45.8069,-108.5422,1091.5,20170101,6.26,18.14,15.44,9.618841999999999,30.0,27.066974,1.4173236,7.87402,0.0393701
213113,BILLINGS LOGAN INTL AP,MT,45.8069,-108.5422,1091.5,20170528,51.98,77.0,63.68,10.289924000000001,30.0,36.90951,0.0,0.0,0.03149608
213114,BILLINGS LOGAN INTL AP,MT,45.8069,-108.5422,1091.5,20170804,53.06,87.98,68.72,8.724066,30.0,38.02798,0.0,0.0,0.01181103
213115,BILLINGS LOGAN INTL AP,MT,45.8069,-108.5422,1091.5,20170811,60.08,86.0,72.32,10.289924000000001,30.0,36.014734000000004,0.0,0.0,0.0
213116,BILLINGS LOGAN INTL AP,MT,45.8069,-108.5422,1091.5,20170914,46.04,57.92,56.66,11.1847,30.0,21.922012,0.0,0.0,0.46850419
213117,LEWISTOWN MUNI AP,MT,47.0492,-109.4578,1263.4,20170529,37.04,69.98,,4.921268,30.0,18.119214000000003,,0.0,0.0
213118,LEWISTOWN MUNI AP,MT,47.0492,-109.4578,1263.4,20170624,44.96,71.06,,5.1449620000000005,30.0,21.922012,,0.0,0.0
213119,LEWISTOWN MUNI AP,MT,47.0492,-109.4578,1263.4,20170625,39.02,78.08,,4.47388,30.0,14.987498,,0.0,0.0
213120,LEWISTOWN MUNI AP,MT,47.0492,-109.4578,1263.4,20170731,53.96,89.06,,6.934514,30.0,21.027236,,0.0,0.0
213121,LEWISTOWN MUNI AP,MT,47.0492,-109.4578,1263.4,20170803,51.98,78.98,,6.934514,30.0,23.935257999999997,,0.0,0.0
213122,LEWISTOWN MUNI AP,MT,47.0492,-109.4578,1263.4,20170810,46.04,80.96,,7.605596,30.0,18.119214000000003,,0.0,0.0
213123,MILES CITY F WILEY FLD,MT,46.4267,-105.8825,799.8,20170107,-7.78,10.22,,8.500372,30.0,18.119214000000003,,,0.0
213124,MILES CITY F WILEY FLD,MT,46.4267,-105.8825,799.8,20170206,6.26,13.1,,9.171453999999999,30.0,23.040482,,,0.01968505
213125,MILES CITY F WILEY FLD,MT,46.4267,-105.8825,799.8,20170227,20.12,28.22,,10.289924000000001,30.0,21.922012,,,0.0
213126,MILES CITY F WILEY FLD,MT,46.4267,-105.8825,799.8,20170409,33.98,51.08,,15.434885999999999,30.0,31.988242,,,0.22834658
213127,MILES CITY F WILEY FLD,MT,46.4267,-105.8825,799.8,20170422,42.08,60.98,,8.276678,30.0,19.01399,,,0.0
213128,MILES CITY F WILEY FLD,MT,46.4267,-105.8825,799.8,20170702,64.94,98.06,,10.066230000000001,30.0,29.08022,,,0.0
213129,MILES CITY F WILEY FLD,MT,46.4267,-105.8825,799.8,20170719,69.98,96.08,,8.724066,30.0,33.106712,,,0.0
213130,MILES CITY F WILEY FLD,MT,46.4267,-105.8825,799.8,20170725,66.92,86.0,,9.171453999999999,30.0,29.08022,,,0.0
213131,MILES CITY F WILEY FLD,MT,46.4267,-105.8825,799.8,20170803,50.0,78.08,,5.816044000000001,30.0,12.974252,,,0.0
213132,MILES CITY F WILEY FLD,MT,46.4267,-105.8825,799.8,20170804,59.0,89.06,,10.961006,30.0,27.96175,,,0.0
213133,MILES CITY F WILEY FLD,MT,46.4267,-105.8825,799.8,20170915,42.08,50.0,,16.105968,30.0,31.093465999999996,,,1.16929197
213222,BOZEMAN GALLATIN FLD,MT,45.7881,-111.1608,1349.3,20170111,2.12,7.16,,3.802798,30.0,21.922012,2.7952771,5.0000027000000005,0.09055123
213225,BUTTE BERT MOONEY AP,MT,45.9647,-112.5006,1678.2,20170208,13.1,33.98,22.28,1.565858,30.0,10.961006,,,0.01181103
213226,BUTTE BERT MOONEY AP,MT,45.9647,-112.5006,1678.2,20170525,39.02,53.06,45.14,7.605596,30.0,21.027236,,,0.0
213227,BUTTE BERT MOONEY AP,MT,45.9647,-112.5006,1678.2,20170528,33.98,71.06,54.32,4.6975739999999995,30.0,25.948504,,,0.0
213228,BUTTE BERT MOONEY AP,MT,45.9647,-112.5006,1678.2,20170804,44.96,87.98,68.36,5.816044000000001,30.0,23.935257999999997,,,0.0
213229,CUT BANK MUNI AP,MT,48.6033,-112.3753,1169.8,20170517,39.92,46.04,42.62,21.027236,30.0,42.949248,,0.0,0.33070884
213230,CUT BANK MUNI AP,MT,48.6033,-112.3753,1169.8,20170528,42.98,73.94,61.52,9.618841999999999,30.0,23.040482,,0.0,0.0
213231,CUT BANK MUNI AP,MT,48.6033,-112.3753,1169.8,20170904,46.94,69.08,59.18,6.039738,30.0,16.105968,,0.0,0.0
213232,CUT BANK MUNI AP,MT,48.6033,-112.3753,1169.8,20170915,37.04,41.0,39.2,11.632088000000001,30.0,21.922012,,0.0,0.33858286
213233,DILLON AP,MT,45.2575,-112.5545,1585.0,20170331,33.08,53.06,43.16,10.289924000000001,30.0,31.093465999999996,,0.0,0.0
213234,DILLON AP,MT,45.2575,-112.5545,1585.0,20170416,24.26,57.92,37.76,6.039738,30.0,21.027236,,0.0,0.0
213235,DILLON AP,MT,45.2575,-112.5545,1585.0,20170428,29.12,51.08,37.76,8.500372,30.0,27.066974,,0.0,0.0
213236,DILLON AP,MT,45.2575,-112.5545,1585.0,20170513,29.12,41.0,39.74,5.816044000000001,30.0,17.000744,,0.0,0.38188997
213237,DILLON AP,MT,45.2575,-112.5545,1585.0,20170525,33.08,57.92,47.12,8.500372,30.0,23.935257999999997,,0.0,0.0
213238,DILLON AP,MT,45.2575,-112.5545,1585.0,20170611,32.0,66.02,47.84,8.052984,30.0,23.935257999999997,,0.0,0.0
213239,DILLON AP,MT,45.2575,-112.5545,1585.0,20170623,37.04,73.04,54.68,4.921268,30.0,16.105968,,0.0,0.0
213240,DILLON AP,MT,45.2575,-112.5545,1585.0,20170711,50.0,86.0,66.02,7.158208,30.0,27.96175,,0.0,0.0
213241,DILLON AP,MT,45.2575,-112.5545,1585.0,20170717,44.96,84.02,66.56,6.487126,30.0,18.119214000000003,,0.0,0.0
213242,DILLON AP,MT,45.2575,-112.5545,1585.0,20170805,51.08,78.98,65.48,10.513618,30.0,27.96175,,0.0,0.0
213243,DILLON AP,MT,45.2575,-112.5545,1585.0,20170807,44.06,82.94,63.14,6.263432,30.0,14.987498,,0.0,0.0
213244,DILLON AP,MT,45.2575,-112.5545,1585.0,20170810,46.04,84.92,62.42,7.158208,30.0,19.908766,,0.0,0.0
213245,DILLON AP,MT,45.2575,-112.5545,1585.0,20170820,44.96,82.04,63.32,4.6975739999999995,30.0,17.000744,,0.0,0.0
213246,DILLON AP,MT,45.2575,-112.5545,1585.0,20170904,50.0,71.06,65.66,12.30317,30.0,31.988242,,0.0,0.0
213247,DILLON AP,MT,45.2575,-112.5545,1585.0,20170915,32.0,39.02,36.32,5.816044000000001,30.0,19.908766,,0.0,1.03149662
213251,GREAT FALLS INTL AP,MT,47.4733,-111.3822,1116.8,20170517,42.08,46.94,46.04,15.434885999999999,30.0,42.949248,0.0,0.0,0.64960665
213252,GREAT FALLS INTL AP,MT,47.4733,-111.3822,1116.8,20170623,37.04,69.08,53.78,4.921268,30.0,14.092722,0.0,0.0,0.0
213253,GREAT FALLS INTL AP,MT,47.4733,-111.3822,1116.8,20170903,53.06,78.98,69.98,9.395147999999999,30.0,29.08022,0.0,0.0,0.0
213254,GREAT FALLS INTL AP,MT,47.4733,-111.3822,1116.8,20170912,51.08,84.02,70.16,8.724066,30.0,21.027236,0.0,0.0,0.0
213255,GREAT FALLS INTL AP,MT,47.4733,-111.3822,1116.8,20170914,41.0,48.02,45.86,11.1847,30.0,21.922012,0.0,0.0,0.88976426
213256,HELENA RGNL AP,MT,46.6056,-111.9636,1166.8,20170112,-11.74,7.16,-1.66,1.789552,30.0,8.94776,0.0,7.87402,0.0
213257,HELENA RGNL AP,MT,46.6056,-111.9636,1166.8,20170128,12.2,30.2,21.2,3.131716,30.0,14.987498,0.0,5.905515,0.0
213258,HELENA RGNL AP,MT,46.6056,-111.9636,1166.8,20170603,42.98,87.08,65.66,4.6975739999999995,30.0,17.000744,0.0,0.0,0.0
213259,HELENA RGNL AP,MT,46.6056,-111.9636,1166.8,20170606,46.04,78.98,61.88,4.6975739999999995,30.0,19.01399,0.0,0.0,0.0
213260,HELENA RGNL AP,MT,46.6056,-111.9636,1166.8,20170623,41.0,75.02,57.56,5.1449620000000005,30.0,23.935257999999997,0.0,0.0,0.0
213261,HELENA RGNL AP,MT,46.6056,-111.9636,1166.8,20170807,50.0,87.98,68.18,4.921268,30.0,14.987498,0.0,0.0,0.0
213288,MISSOULA INTL AP,MT,46.9208,-114.0925,972.9,20170411,24.26,55.94,38.48,3.35541,30.0,17.000744,0.0,0.0,0.0
213289,MISSOULA INTL AP,MT,46.9208,-114.0925,972.9,20170519,35.96,66.02,49.82,3.35541,30.0,23.040482,0.0,0.0,0.0
213290,MISSOULA INTL AP,MT,46.9208,-114.0925,972.9,20170622,42.98,71.96,61.16,8.276678,30.0,31.988242,0.0,0.0,0.0
213291,MISSOULA INTL AP,MT,46.9208,-114.0925,972.9,20170717,46.04,84.02,66.56,5.816044000000001,30.0,25.053728,0.0,0.0,0.0
213292,MISSOULA INTL AP,MT,46.9208,-114.0925,972.9,20170911,46.94,86.0,65.12,2.013246,30.0,19.01399,0.0,0.0,0.0
215004,GLASGOW INTL AP,MT,48.2138,-106.6213,696.5,20170102,-10.84,10.22,9.14,8.500372,30.0,23.935257999999997,2.4015761,3.149608,0.0787402
215005,GLASGOW INTL AP,MT,48.2138,-106.6213,696.5,20170331,33.08,55.04,46.58,10.737312,30.0,25.948504,0.0,0.0,0.11023628
215006,GLASGOW INTL AP,MT,48.2138,-106.6213,696.5,20170802,53.96,75.92,67.82,12.974252,30.0,42.054472,0.0,0.0,0.20866153
215007,HAVRE CITY CO AP,MT,48.5428,-109.7633,787.9,20170102,-11.74,10.22,8.78,5.1449620000000005,30.0,18.119214000000003,1.181103,1.968505,0.01181103
215008,HAVRE CITY CO AP,MT,48.5428,-109.7633,787.9,20170517,42.98,57.92,52.16,18.119214000000003,30.0,38.02798,0.0,0.0,0.0
215009,HAVRE CITY CO AP,MT,48.5428,-109.7633,787.9,20170526,39.02,69.98,52.7,10.737312,30.0,25.053728,0.0,0.0,0.01181103
215018,WOLF POINT INTL AP,MT,48.0944,-105.5744,605.3,20170216,22.1,48.92,,2.9080220000000003,30.0,12.079476,0.0,0.0,0.0
215019,WOLF POINT INTL AP,MT,48.0944,-105.5744,605.3,20170320,25.16,48.92,,9.395147999999999,30.0,25.948504,,0.0,0.0
215020,WOLF POINT INTL AP,MT,48.0944,-105.5744,605.3,20170409,30.2,48.02,,12.526864,30.0,25.053728,0.0,0.0,0.0
215021,WOLF POINT INTL AP,MT,48.0944,-105.5744,605.3,20170530,33.98,75.02,,4.921268,30.0,17.000744,0.0,0.0,0.0
215022,WOLF POINT INTL AP,MT,48.0944,-105.5744,605.3,20170621,55.04,82.94,,12.30317,30.0,38.922756,0.0,0.0,0.09842525
215023,WOLF POINT INTL AP,MT,48.0944,-105.5744,605.3,20170704,59.0,96.08,,6.487126,30.0,19.908766,0.0,0.0,0.0
215024,WOLF POINT INTL AP,MT,48.0944,-105.5744,605.3,20170714,66.92,102.02,,10.289924000000001,30.0,29.08022,0.0,0.0,0.0
215025,WOLF POINT INTL AP,MT,48.0944,-105.5744,605.3,20170728,59.0,98.96,,4.47388,30.0,21.922012,0.0,0.0,0.0
215104,JORDAN AP,MT,47.3258,-106.9475,811.4,20170101,5.18,19.22,,11.632088000000001,30.0,27.066974,,0.0,0.22047256
215105,JORDAN AP,MT,47.3258,-106.9475,811.4,20170102,-4.9,12.2,,8.276678,30.0,18.119214000000003,,0.0,0.09055123
215120,BAKER MUNI AP,MT,46.3583,-104.25,905.6,20170331,39.92,53.06,,7.829289999999999,30.0,21.922012,,,0.05118113
215121,BAKER MUNI AP,MT,46.3583,-104.25,905.6,20170410,26.24,46.04,,6.71082,30.0,19.01399,,,0.0
215122,BAKER MUNI AP,MT,46.3583,-104.25,905.6,20170719,62.06,91.04,,14.092722,30.0,38.922756,,,0.0
215123,BAKER MUNI AP,MT,46.3583,-104.25,905.6,20170731,64.04,100.04,,9.395147999999999,30.0,25.053728,,,0.0
215124,BAKER MUNI AP,MT,46.3583,-104.25,905.6,20170806,48.92,69.08,,8.724066,30.0,19.01399,,,0.07086618
215125,BAKER MUNI AP,MT,46.3583,-104.25,905.6,20170817,48.92,87.08,,5.59235,30.0,21.922012,,,0.0
215752,KALISPELL GLACIER AP,MT,48.3042,-114.2636,901.3,20170106,-11.74,17.24,7.34,0.0,20.0,6.039738,0.0,9.055123,0.0
215753,KALISPELL GLACIER AP,MT,48.3042,-114.2636,901.3,20170110,9.14,28.22,20.84,8.724066,20.0,38.922756,0.0,14.173236,0.01181103
215754,KALISPELL GLACIER AP,MT,48.3042,-114.2636,901.3,20170121,11.12,29.12,19.22,1.789552,20.0,12.974252,0.0,9.842525,0.01181103
215755,KALISPELL GLACIER AP,MT,48.3042,-114.2636,901.3,20170201,-6.88,25.16,14.72,5.816044000000001,20.0,19.01399,0.0,9.842525,0.0
215756,KALISPELL GLACIER AP,MT,48.3042,-114.2636,901.3,20170204,12.2,20.12,14.72,7.605596,20.0,25.053728,5.511814,18.110246,0.38976399
215757,KALISPELL GLACIER AP,MT,48.3042,-114.2636,901.3,20170206,8.24,19.22,17.06,15.658579999999999,20.0,44.067718,2.5196864,18.897648,0.14173236
215758,KALISPELL GLACIER AP,MT,48.3042,-114.2636,901.3,20170227,14.18,28.22,19.22,4.921268,20.0,18.119214000000003,0.5905515,14.960638000000001,0.03149608
215759,KALISPELL GLACIER AP,MT,48.3042,-114.2636,901.3,20170320,21.2,51.08,34.7,10.066230000000001,20.0,27.96175,0.0,0.0,0.0
215760,KALISPELL GLACIER AP,MT,48.3042,-114.2636,901.3,20170421,35.06,55.04,43.16,4.921268,20.0,18.119214000000003,0.0,0.0,0.0393701
215761,KALISPELL GLACIER AP,MT,48.3042,-114.2636,901.3,20170528,41.0,82.04,62.24,3.35541,20.0,19.01399,0.0,0.0,0.0
215762,KALISPELL GLACIER AP,MT,48.3042,-114.2636,901.3,20170604,51.08,77.0,66.56,7.605596,20.0,29.974996,0.0,0.0,0.20866153
215763,KALISPELL GLACIER AP,MT,48.3042,-114.2636,901.3,20170624,42.08,82.04,62.78,2.9080220000000003,20.0,17.000744,0.0,0.0,0.0
215764,KALISPELL GLACIER AP,MT,48.3042,-114.2636,901.3,20170905,39.92,80.06,61.16,2.460634,20.0,19.01399,0.0,0.0,0.0
215765,KALISPELL GLACIER AP,MT,48.3042,-114.2636,901.3,20170906,39.92,78.98,59.36,1.789552,20.0,10.961006,0.0,0.0,0.0
218403,BILLINGS LOGAN INTL AP,MT,45.8069,-108.5422,1091.5,20170108,6.26,14.18,10.58,8.500372,20.0,17.000744,0.0,7.87402,0.0
218404,BILLINGS LOGAN INTL AP,MT,45.8069,-108.5422,1091.5,20170110,-0.76,19.22,6.44,10.513618,20.0,25.053728,0.9842525,7.87402,0.05905515
218405,BILLINGS LOGAN INTL AP,MT,45.8069,-108.5422,1091.5,20170308,22.1,42.98,31.28,8.052984,20.0,23.040482,1.1023628,0.0,0.35826791
218406,BILLINGS LOGAN INTL AP,MT,45.8069,-108.5422,1091.5,20170331,42.98,48.02,45.86,9.618841999999999,20.0,29.08022,0.0,0.0,0.0
218407,LEWISTOWN MUNI AP,MT,47.0492,-109.4578,1263.4,20170330,37.04,53.96,,5.1449620000000005,20.0,17.000744,,0.0,0.0
218408,LEWISTOWN MUNI AP,MT,47.0492,-109.4578,1263.4,20170526,35.06,60.98,,6.934514,20.0,23.040482,,0.0,0.0
218409,LEWISTOWN MUNI AP,MT,47.0492,-109.4578,1263.4,20170717,53.96,84.92,,6.71082,20.0,23.935257999999997,,0.0,0.0
218410,LEWISTOWN MUNI AP,MT,47.0492,-109.4578,1263.4,20170802,51.98,66.02,,5.1449620000000005,20.0,17.000744,,0.0,0.0
218411,LEWISTOWN MUNI AP,MT,47.0492,-109.4578,1263.4,20170811,50.0,80.06,,7.829289999999999,20.0,25.948504,,0.0,0.0
218412,LEWISTOWN MUNI AP,MT,47.0492,-109.4578,1263.4,20170829,53.06,89.06,,6.039738,20.0,17.000744,,0.0,0.0
218413,MILES CITY F WILEY FLD,MT,46.4267,-105.8825,799.8,20170106,-2.74,17.24,,8.94776,20.0,16.105968,,,0.0
218414,MILES CITY F WILEY FLD,MT,46.4267,-105.8825,799.8,20170320,37.04,53.06,,10.066230000000001,20.0,27.066974,,,0.0
218415,MILES CITY F WILEY FLD,MT,46.4267,-105.8825,799.8,20170331,42.08,51.98,,7.605596,20.0,19.01399,,,0.01968505
218416,MILES CITY F WILEY FLD,MT,46.4267,-105.8825,799.8,20170728,59.0,100.04,,5.59235,20.0,23.935257999999997,,,0.0
218417,MILES CITY F WILEY FLD,MT,46.4267,-105.8825,799.8,20170802,57.02,75.92,,13.645334,20.0,31.988242,,,0.14960638
218418,MILES CITY F WILEY FLD,MT,46.4267,-105.8825,799.8,20170820,57.92,87.98,,10.513618,20.0,23.935257999999997,,,0.0
218506,BOZEMAN GALLATIN FLD,MT,45.7881,-111.1608,1349.3,20170122,4.1,31.1,,4.6975739999999995,20.0,14.092722,0.0,4.0157502,0.0
218507,BOZEMAN GALLATIN FLD,MT,45.7881,-111.1608,1349.3,20170331,37.94,53.06,,6.039738,20.0,19.01399,0.0,0.0,0.0
218508,BOZEMAN GALLATIN FLD,MT,45.7881,-111.1608,1349.3,20170404,24.26,48.02,,5.368656,20.0,17.000744,0.0,0.0,0.01181103
218509,BOZEMAN GALLATIN FLD,MT,45.7881,-111.1608,1349.3,20170528,37.04,75.92,,5.368656,20.0,27.96175,0.0,0.0,0.0
218510,BOZEMAN GALLATIN FLD,MT,45.7881,-111.1608,1349.3,20170623,35.96,71.96,,4.026492,20.0,14.092722,0.0,0.0,0.0
218511,BOZEMAN GALLATIN FLD,MT,45.7881,-111.1608,1349.3,20170820,46.94,80.06,,4.6975739999999995,20.0,16.105968,0.0,0.0,0.0
218513,BUTTE BERT MOONEY AP,MT,45.9647,-112.5006,1678.2,20170101,-6.88,16.16,3.02,7.158208,20.0,29.08022,,,0.03149608
218514,BUTTE BERT MOONEY AP,MT,45.9647,-112.5006,1678.2,20170427,30.2,44.06,37.76,12.079476,20.0,31.093465999999996,,,0.0
218515,BUTTE BERT MOONEY AP,MT,45.9647,-112.5006,1678.2,20170520,33.08,57.92,45.68,5.816044000000001,20.0,29.08022,,,0.01968505
218516,BUTTE BERT MOONEY AP,MT,45.9647,-112.5006,1678.2,20170526,30.2,60.98,45.86,5.368656,20.0,29.08022,,,0.0
218517,BUTTE BERT MOONEY AP,MT,45.9647,-112.5006,1678.2,20170712,46.04,84.92,65.66,4.6975739999999995,20.0,17.000744,,,0.0
218518,BUTTE BERT MOONEY AP,MT,45.9647,-112.5006,1678.2,20170805,44.96,77.0,62.96,5.368656,20.0,23.040482,,,0.0
218519,BUTTE BERT MOONEY AP,MT,45.9647,-112.5006,1678.2,20170820,37.04,77.0,59.18,4.921268,20.0,19.01399,,,0.0
218520,CUT BANK MUNI AP,MT,48.6033,-112.3753,1169.8,20170522,42.08,73.94,58.1,6.934514,20.0,19.01399,,0.0,0.0
218521,CUT BANK MUNI AP,MT,48.6033,-112.3753,1169.8,20170619,44.96,73.94,60.26,7.381902,20.0,21.922012,,0.0,0.0
218522,DILLON AP,MT,45.2575,-112.5545,1585.0,20170223,23.18,31.1,27.68,17.000744,20.0,31.988242,,0.0,0.0
218523,DILLON AP,MT,45.2575,-112.5545,1585.0,20170323,28.22,53.96,41.54,4.6975739999999995,20.0,12.974252,,0.0,0.0
218524,DILLON AP,MT,45.2575,-112.5545,1585.0,20170421,32.0,50.0,39.02,5.59235,20.0,23.935257999999997,,0.0,0.0
218525,DILLON AP,MT,45.2575,-112.5545,1585.0,20170509,35.06,66.92,50.0,4.6975739999999995,20.0,17.000744,,0.0,0.0
218526,DILLON AP,MT,45.2575,-112.5545,1585.0,20170521,35.06,64.94,49.82,4.47388,20.0,16.105968,,0.0,0.0
218527,DILLON AP,MT,45.2575,-112.5545,1585.0,20170718,48.02,89.96,68.36,5.816044000000001,20.0,19.01399,,0.0,0.0
218534,GREAT FALLS INTL AP,MT,47.4733,-111.3822,1116.8,20170101,4.1,18.14,14.72,12.079476,20.0,31.093465999999996,3.3070884,1.181103,0.25984266
218535,GREAT FALLS INTL AP,MT,47.4733,-111.3822,1116.8,20170102,-12.82,4.1,1.58,4.921268,20.0,14.092722,0.3149608,3.93701,0.0393701
218536,GREAT FALLS INTL AP,MT,47.4733,-111.3822,1116.8,20170123,17.24,24.26,22.46,5.368656,20.0,12.974252,1.1023628,1.181103,0.07086618
218537,GREAT FALLS INTL AP,MT,47.4733,-111.3822,1116.8,20170312,11.12,26.24,18.68,6.039738,20.0,14.987498,0.0,1.968505,0.0
218538,GREAT FALLS INTL AP,MT,47.4733,-111.3822,1116.8,20170423,37.94,51.98,45.68,5.1449620000000005,20.0,23.935257999999997,0.0,0.0,0.16141741
218539,GREAT FALLS INTL AP,MT,47.4733,-111.3822,1116.8,20170622,46.04,68.0,58.64,8.724066,20.0,31.988242,0.0,0.0,0.0
218540,GREAT FALLS INTL AP,MT,47.4733,-111.3822,1116.8,20170915,37.94,42.98,40.64,14.316416,20.0,27.96175,0.0,0.0,1.09842579
218541,HELENA RGNL AP,MT,46.6056,-111.9636,1166.8,20170509,39.92,71.06,54.86,4.921268,20.0,19.908766,0.0,0.0,0.0
218542,HELENA RGNL AP,MT,46.6056,-111.9636,1166.8,20170522,44.96,75.02,60.8,5.59235,20.0,23.040482,0.0,0.0,0.0
218543,HELENA RGNL AP,MT,46.6056,-111.9636,1166.8,20170821,51.08,84.02,68.36,3.579104,20.0,16.105968,0.0,0.0,0.0
218544,HELENA RGNL AP,MT,46.6056,-111.9636,1166.8,20170829,64.94,91.94,77.54,3.802798,20.0,12.974252,0.0,0.0,0.0
218570,MISSOULA INTL AP,MT,46.9208,-114.0925,972.9,20170308,30.2,37.04,32.72,5.816044000000001,20.0,23.040482,0.9842525,3.149608,0.20866153
218571,MISSOULA INTL AP,MT,46.9208,-114.0925,972.9,20170325,37.94,51.08,44.42,6.487126,20.0,27.066974,0.0,0.0,0.01181103
218572,MISSOULA INTL AP,MT,46.9208,-114.0925,972.9,20170510,37.04,78.08,55.76,2.9080220000000003,20.0,14.987498,0.0,0.0,0.0
218573,MISSOULA INTL AP,MT,46.9208,-114.0925,972.9,20170807,50.0,91.94,71.24,3.35541,20.0,19.01399,0.0,0.0,0.0
218574,MISSOULA INTL AP,MT,46.9208,-114.0925,972.9,20170811,57.02,91.94,74.12,3.802798,20.0,18.119214000000003,0.0,0.0,0.0
218575,MISSOULA INTL AP,MT,46.9208,-114.0925,972.9,20170821,46.94,84.92,64.58,3.35541,20.0,21.027236,0.0,0.0,0.0
218576,MISSOULA INTL AP,MT,46.9208,-114.0925,972.9,20170826,44.06,87.98,64.94,3.35541,20.0,17.000744,0.0,0.0,0.0
218577,MISSOULA INTL AP,MT,46.9208,-114.0925,972.9,20170915,42.08,46.04,45.5,5.59235,20.0,19.908766,,0.0,0.27165369
220085,GLASGOW INTL AP,MT,48.2138,-106.6213,696.5,20170606,46.04,78.08,62.42,11.855782000000001,20.0,31.988242,0.0,0.0,0.0
220092,WOLF POINT INTL AP,MT,48.0944,-105.5744,605.3,20170102,-7.78,11.12,,11.408394,20.0,27.066974,,0.0,0.0
220093,WOLF POINT INTL AP,MT,48.0944,-105.5744,605.3,20170207,-22.9,7.16,,3.802798,20.0,14.092722,,0.0,0.0
220094,WOLF POINT INTL AP,MT,48.0944,-105.5744,605.3,20170221,25.16,42.98,,3.131716,20.0,14.092722,,0.0,0.05118113
220095,WOLF POINT INTL AP,MT,48.0944,-105.5744,605.3,20170331,42.08,48.02,,10.513618,20.0,29.08022,,0.0,0.0
220096,WOLF POINT INTL AP,MT,48.0944,-105.5744,605.3,20170522,42.08,73.04,,10.737312,20.0,34.001488,0.0,0.0,0.0
220097,WOLF POINT INTL AP,MT,48.0944,-105.5744,605.3,20170606,48.02,80.96,,10.066230000000001,20.0,35.119958000000004,0.0,0.0,0.0
220098,WOLF POINT INTL AP,MT,48.0944,-105.5744,605.3,20170825,62.06,87.98,,5.1449620000000005,20.0,21.027236,0.0,0.0,0.0
220099,WOLF POINT INTL AP,MT,48.0944,-105.5744,605.3,20170905,37.04,77.0,,4.250186,20.0,19.908766,0.0,0.0,0.0
220150,JORDAN AP,MT,47.3258,-106.9475,811.4,20170624,42.08,75.92,,7.381902,20.0,23.935257999999997,0.0,0.0,0.0
220151,JORDAN AP,MT,47.3258,-106.9475,811.4,20170707,60.08,96.98,,6.71082,20.0,23.935257999999997,0.0,0.0,0.0
220152,JORDAN AP,MT,47.3258,-106.9475,811.4,20170725,60.08,84.92,,7.381902,20.0,25.948504,0.0,0.0,0.0
220153,JORDAN AP,MT,47.3258,-106.9475,811.4,20170802,50.0,75.02,,11.855782000000001,20.0,38.02798,0.0,0.0,0.0393701
220154,JORDAN AP,MT,47.3258,-106.9475,811.4,20170815,51.98,82.04,,4.026492,20.0,19.908766,0.0,0.0,0.0
220168,BAKER MUNI AP,MT,46.3583,-104.25,905.6,20170916,39.92,44.96,,8.276678,20.0,19.01399,,,0.16141741
220692,KALISPELL GLACIER AP,MT,48.3042,-114.2636,901.3,20170103,-1.84,12.2,5.72,8.500372,10.0,21.922012,0.0,9.842525,0.0
220693,KALISPELL GLACIER AP,MT,48.3042,-114.2636,901.3,20170105,-21.82,8.24,-8.86,0.671082,10.0,8.052984,0.0,9.842525,0.0
220694,KALISPELL GLACIER AP,MT,48.3042,-114.2636,901.3,20170108,-0.76,18.14,10.58,1.342164,10.0,8.052984,5.0000027000000005,9.055123,0.37007894
220695,KALISPELL GLACIER AP,MT,48.3042,-114.2636,901.3,20170111,-18.76,13.1,7.52,8.276678,10.0,35.119958000000004,0.0,14.173236,0.0
220696,KALISPELL GLACIER AP,MT,48.3042,-114.2636,901.3,20170202,-15.88,19.22,0.68,0.894776,10.0,8.94776,0.0,9.842525,0.0
220697,KALISPELL GLACIER AP,MT,48.3042,-114.2636,901.3,20170517,41.0,59.0,48.38,13.42164,10.0,29.974996,0.0,0.0,0.0
220698,KALISPELL GLACIER AP,MT,48.3042,-114.2636,901.3,20170526,42.08,71.06,55.04,6.039738,10.0,19.01399,0.0,0.0,0.0
220699,KALISPELL GLACIER AP,MT,48.3042,-114.2636,901.3,20170612,39.92,82.94,59.54,5.816044000000001,10.0,21.027236,0.0,0.0,0.0
220700,KALISPELL GLACIER AP,MT,48.3042,-114.2636,901.3,20170903,42.08,89.06,65.48,6.487126,10.0,35.119958000000004,0.0,0.0,0.0
223559,BILLINGS LOGAN INTL AP,MT,45.8069,-108.5422,1091.5,20170319,44.06,64.04,57.74,10.066230000000001,10.0,27.96175,0.0,0.0,0.01181103
223560,BILLINGS LOGAN INTL AP,MT,45.8069,-108.5422,1091.5,20170428,37.04,46.94,40.64,7.158208,10.0,23.040482,0.0,0.0,0.11023628
223561,BILLINGS LOGAN INTL AP,MT,45.8069,-108.5422,1091.5,20170725,62.96,75.92,73.94,8.276678,10.0,21.922012,0.0,0.0,0.0
223562,BILLINGS LOGAN INTL AP,MT,45.8069,-108.5422,1091.5,20170805,57.02,73.04,68.18,8.052984,10.0,25.948504,0.0,0.0,0.05118113
223563,BILLINGS LOGAN INTL AP,MT,45.8069,-108.5422,1091.5,20170820,55.04,84.92,69.08,7.829289999999999,10.0,19.908766,0.0,0.0,0.0
223564,BILLINGS LOGAN INTL AP,MT,45.8069,-108.5422,1091.5,20170915,39.92,46.04,45.68,13.645334,10.0,29.08022,0.0,0.0,1.2204731000000002
223565,LEWISTOWN MUNI AP,MT,47.0492,-109.4578,1263.4,20170131,14.18,30.2,,9.395147999999999,10.0,23.935257999999997,,0.0,0.0393701
223566,LEWISTOWN MUNI AP,MT,47.0492,-109.4578,1263.4,20170224,16.16,28.22,,5.816044000000001,10.0,12.974252,,1.968505,0.01181103
223567,LEWISTOWN MUNI AP,MT,47.0492,-109.4578,1263.4,20170913,50.0,80.96,,6.487126,10.0,25.948504,,0.0,0.03149608
223568,MILES CITY F WILEY FLD,MT,46.4267,-105.8825,799.8,20170323,37.04,59.0,,7.605596,10.0,21.027236,,,0.1181103
223569,MILES CITY F WILEY FLD,MT,46.4267,-105.8825,799.8,20170711,66.02,91.04,,12.079476,10.0,34.001488,,,0.0
223570,MILES CITY F WILEY FLD,MT,46.4267,-105.8825,799.8,20170714,71.96,105.08,,14.092722,10.0,33.106712,,,0.0
223571,MILES CITY F WILEY FLD,MT,46.4267,-105.8825,799.8,20170717,66.92,91.04,,8.724066,10.0,27.96175,,,0.0
223676,BOZEMAN GALLATIN FLD,MT,45.7881,-111.1608,1349.3,20170204,9.14,35.96,,3.131716,10.0,16.105968,0.0,10.000005400000001,0.0
223677,BOZEMAN GALLATIN FLD,MT,45.7881,-111.1608,1349.3,20170811,51.98,86.0,,5.816044000000001,10.0,35.119958000000004,0.0,0.0,0.01968505
223678,BOZEMAN GALLATIN FLD,MT,45.7881,-111.1608,1349.3,20170818,44.96,89.06,,4.921268,10.0,18.119214000000003,0.0,0.0,0.0
223680,BUTTE BERT MOONEY AP,MT,45.9647,-112.5006,1678.2,20170201,-15.88,10.22,9.14,3.35541,10.0,17.000744,,,0.0
223681,BUTTE BERT MOONEY AP,MT,45.9647,-112.5006,1678.2,20170530,37.94,78.08,58.64,6.263432,10.0,29.08022,,,0.0
223682,BUTTE BERT MOONEY AP,MT,45.9647,-112.5006,1678.2,20170609,41.0,64.04,59.18,8.052984,10.0,23.040482,,,0.09055123
223683,BUTTE BERT MOONEY AP,MT,45.9647,-112.5006,1678.2,20170630,37.94,78.98,57.38,4.250186,10.0,16.105968,,,0.0
223684,BUTTE BERT MOONEY AP,MT,45.9647,-112.5006,1678.2,20170913,55.04,75.92,64.58,5.816044000000001,10.0,27.066974,,,0.09055123
223685,CUT BANK MUNI AP,MT,48.6033,-112.3753,1169.8,20170101,3.2,21.2,14.18,17.000744,10.0,38.02798,,1.181103,0.05118113
223686,CUT BANK MUNI AP,MT,48.6033,-112.3753,1169.8,20170111,-28.84,9.14,-13.72,7.381902,10.0,27.96175,,5.118113,0.0
223687,CUT BANK MUNI AP,MT,48.6033,-112.3753,1169.8,20170123,2.12,23.18,20.3,8.724066,10.0,21.922012,,1.968505,0.0
223688,CUT BANK MUNI AP,MT,48.6033,-112.3753,1169.8,20170131,-0.76,22.1,20.48,9.171453999999999,10.0,21.922012,,1.968505,0.0
223689,CUT BANK MUNI AP,MT,48.6033,-112.3753,1169.8,20170424,33.98,51.08,42.98,8.94776,10.0,23.935257999999997,,0.0,0.05118113
223690,CUT BANK MUNI AP,MT,48.6033,-112.3753,1169.8,20170425,33.08,42.08,37.76,7.605596,10.0,25.948504,,0.0,0.27165369
223691,CUT BANK MUNI AP,MT,48.6033,-112.3753,1169.8,20170427,33.08,44.06,38.3,8.94776,10.0,23.040482,,0.0,0.11023628
223692,CUT BANK MUNI AP,MT,48.6033,-112.3753,1169.8,20170428,33.08,48.02,37.94,7.605596,10.0,21.027236,,0.0,0.01968505
223693,CUT BANK MUNI AP,MT,48.6033,-112.3753,1169.8,20170527,41.0,75.92,58.1,13.42164,10.0,33.106712,,0.0,0.0
223694,CUT BANK MUNI AP,MT,48.6033,-112.3753,1169.8,20170622,39.02,62.06,53.42,12.079476,10.0,35.119958000000004,,0.0,0.0
223695,CUT BANK MUNI AP,MT,48.6033,-112.3753,1169.8,20170623,39.92,66.02,53.24,5.1449620000000005,10.0,17.000744,,0.0,0.01181103
223696,CUT BANK MUNI AP,MT,48.6033,-112.3753,1169.8,20170801,53.06,82.04,68.72,16.77705,10.0,35.119958000000004,,0.0,0.0
223697,CUT BANK MUNI AP,MT,48.6033,-112.3753,1169.8,20170913,39.92,60.08,53.06,17.448132,10.0,38.922756,,0.0,0.0
223698,DILLON AP,MT,45.2575,-112.5545,1585.0,20170330,35.96,51.98,42.98,11.1847,10.0,35.119958000000004,,0.0,0.31889781
223699,DILLON AP,MT,45.2575,-112.5545,1585.0,20170606,42.98,75.02,58.1,6.71082,10.0,18.119214000000003,,0.0,0.0
223700,DILLON AP,MT,45.2575,-112.5545,1585.0,20170624,42.08,77.0,59.36,6.71082,10.0,17.000744,,0.0,0.0
223701,DILLON AP,MT,45.2575,-112.5545,1585.0,20170828,48.02,93.02,70.34,6.487126,10.0,19.01399,,0.0,0.0
223709,GREAT FALLS INTL AP,MT,47.4733,-111.3822,1116.8,20170711,51.08,84.92,68.0,10.066230000000001,10.0,31.988242,0.0,0.0,0.0
223710,GREAT FALLS INTL AP,MT,47.4733,-111.3822,1116.8,20170904,42.98,69.98,59.72,6.934514,10.0,23.935257999999997,0.0,0.0,0.0
223711,HELENA RGNL AP,MT,46.6056,-111.9636,1166.8,20170114,-12.82,5.18,-4.72,1.11847,10.0,6.039738,0.0,7.87402,0.0
223712,HELENA RGNL AP,MT,46.6056,-111.9636,1166.8,20170811,57.02,89.06,72.32,5.816044000000001,10.0,31.093465999999996,0.0,0.0,0.0
223731,MISSOULA INTL AP,MT,46.9208,-114.0925,972.9,20170508,29.12,66.92,44.06,3.35541,10.0,17.000744,0.0,0.0,0.0
223732,MISSOULA INTL AP,MT,46.9208,-114.0925,972.9,20170514,33.98,55.04,41.36,6.487126,10.0,25.053728,0.0,0.0,0.0
223733,MISSOULA INTL AP,MT,46.9208,-114.0925,972.9,20170522,41.0,78.08,59.54,4.6975739999999995,10.0,23.040482,0.0,0.0,0.0
223734,MISSOULA INTL AP,MT,46.9208,-114.0925,972.9,20170605,50.0,73.04,59.54,3.802798,10.0,18.119214000000003,0.0,0.0,0.01181103
223735,MISSOULA INTL AP,MT,46.9208,-114.0925,972.9,20170623,39.92,78.98,58.82,3.35541,10.0,19.908766,0.0,0.0,0.0
223736,MISSOULA INTL AP,MT,46.9208,-114.0925,972.9,20170705,53.96,98.06,75.02,3.131716,10.0,21.027236,0.0,0.0,0.0
223737,MISSOULA INTL AP,MT,46.9208,-114.0925,972.9,20170706,57.02,98.06,78.08,4.250186,10.0,21.027236,0.0,0.0,0.0
223738,MISSOULA INTL AP,MT,46.9208,-114.0925,972.9,20170725,50.0,91.94,72.68,4.6975739999999995,10.0,23.040482,0.0,0.0,0.0
225360,GLASGOW INTL AP,MT,48.2138,-106.6213,696.5,20170428,39.02,59.0,47.84,7.158208,10.0,23.935257999999997,0.0,0.0,0.0
225361,GLASGOW INTL AP,MT,48.2138,-106.6213,696.5,20170515,37.94,57.02,50.9,9.618841999999999,10.0,27.066974,0.0,0.0,0.01968505
225362,GLASGOW INTL AP,MT,48.2138,-106.6213,696.5,20170618,46.94,80.06,63.5,9.171453999999999,10.0,36.90951,0.0,0.0,0.0
225363,GLASGOW INTL AP,MT,48.2138,-106.6213,696.5,20170716,66.92,98.06,84.38,9.171453999999999,10.0,25.948504,0.0,0.0,0.0
225364,GLASGOW INTL AP,MT,48.2138,-106.6213,696.5,20170903,59.0,84.02,72.68,12.30317,10.0,29.974996,0.0,0.0,0.0
225365,HAVRE CITY CO AP,MT,48.5428,-109.7633,787.9,20170330,33.98,64.94,49.1,7.829289999999999,10.0,18.119214000000003,0.0,0.0,0.0
225366,HAVRE CITY CO AP,MT,48.5428,-109.7633,787.9,20170522,41.0,73.94,59.36,7.605596,10.0,25.053728,0.0,0.0,0.0
225367,HAVRE CITY CO AP,MT,48.5428,-109.7633,787.9,20170527,44.06,80.96,60.26,14.092722,10.0,34.001488,0.0,0.0,0.0
225368,HAVRE CITY CO AP,MT,48.5428,-109.7633,787.9,20170528,42.98,77.0,63.68,10.513618,10.0,31.093465999999996,0.0,0.0,0.0
225369,HAVRE CITY CO AP,MT,48.5428,-109.7633,787.9,20170628,48.92,84.02,68.18,11.408394,10.0,31.093465999999996,0.0,0.0,0.0
225381,WOLF POINT INTL AP,MT,48.0944,-105.5744,605.3,20170224,24.26,32.0,,4.921268,10.0,14.987498,,0.0,0.05118113
225382,WOLF POINT INTL AP,MT,48.0944,-105.5744,605.3,20170228,3.2,35.06,,7.381902,10.0,21.922012,,0.0,0.0
225383,WOLF POINT INTL AP,MT,48.0944,-105.5744,605.3,20170625,39.92,82.04,,6.263432,10.0,19.908766,0.0,0.0,0.0
225384,WOLF POINT INTL AP,MT,48.0944,-105.5744,605.3,20170628,44.06,78.98,,7.829289999999999,10.0,36.014734000000004,,0.0,0.01181103
225385,WOLF POINT INTL AP,MT,48.0944,-105.5744,605.3,20170721,62.06,93.92,,12.079476,10.0,36.014734000000004,0.0,0.0,0.0
225386,WOLF POINT INTL AP,MT,48.0944,-105.5744,605.3,20170729,64.04,89.96,,3.579104,10.0,16.105968,0.0,0.0,0.0
225387,WOLF POINT INTL AP,MT,48.0944,-105.5744,605.3,20170806,51.08,75.92,,3.579104,10.0,19.908766,0.0,0.0,0.09055123
225448,JORDAN AP,MT,47.3258,-106.9475,811.4,20170123,22.1,28.22,,6.71082,10.0,17.000744,,0.0,0.01181103
225449,JORDAN AP,MT,47.3258,-106.9475,811.4,20170314,17.24,42.98,,3.802798,10.0,14.987498,0.0,0.0,0.0
225450,JORDAN AP,MT,47.3258,-106.9475,811.4,20170320,27.14,48.02,,10.066230000000001,10.0,29.974996,0.0,0.0,0.0
225451,JORDAN AP,MT,47.3258,-106.9475,811.4,20170327,32.0,60.98,,6.039738,10.0,23.040482,0.0,0.0,0.0
225452,JORDAN AP,MT,47.3258,-106.9475,811.4,20170331,32.0,53.06,,9.618841999999999,10.0,23.935257999999997,0.0,0.0,0.0
225453,JORDAN AP,MT,47.3258,-106.9475,811.4,20170520,35.96,71.06,,5.1449620000000005,10.0,21.027236,0.0,0.0,0.0
225454,JORDAN AP,MT,47.3258,-106.9475,811.4,20170621,53.96,82.94,,10.513618,10.0,31.988242,0.0,0.0,0.0
225455,JORDAN AP,MT,47.3258,-106.9475,811.4,20170821,48.02,78.08,,4.921268,10.0,17.000744,0.0,0.0,0.0
233771,KALISPELL GLACIER AP,MT,48.3042,-114.2636,901.3,20170909,44.96,87.08,62.78,7.381902,,,0.0,0.0,0.0
233772,KALISPELL GLACIER AP,MT,48.3042,-114.2636,901.3,20170918,,,52.34,,,,,,
233773,KALISPELL GLACIER AP,MT,48.3042,-114.2636,901.3,20170919,,,44.6,,,,,,
265980,Rocky Boy,MT,48.17,-109.65,1432.6,20170101,3.38,19.94,11.12,,,,,7.007877799999999,0.20078751
265981,Rocky Boy,MT,48.17,-109.65,1432.6,20170102,-13.9,11.48,0.5,,,,,7.007877799999999,0.0
265982,Rocky Boy,MT,48.17,-109.65,1432.6,20170103,-15.52,5.18,-6.34,,,,,5.984255200000001,0.0
265983,Rocky Boy,MT,48.17,-109.65,1432.6,20170104,-6.16,5.36,0.68,,,,,7.007877799999999,0.09842525
265984,Rocky Boy,MT,48.17,-109.65,1432.6,20170105,-10.66,18.5,7.34,,,,,7.9921303,0.09842525
265985,Rocky Boy,MT,48.17,-109.65,1432.6,20170106,8.6,22.64,15.08,,,,,9.0157529,0.09842525
265986,Rocky Boy,MT,48.17,-109.65,1432.6,20170107,-3.64,34.16,8.96,,,,,7.9921303,0.0
265987,Rocky Boy,MT,48.17,-109.65,1432.6,20170108,-2.74,22.1,8.24,,,,,9.0157529,0.09842525
265988,Rocky Boy,MT,48.17,-109.65,1432.6,20170109,-4.0,29.84,11.48,,,,,10.9842579,0.09842525
265989,Rocky Boy,MT,48.17,-109.65,1432.6,20170110,-8.86,2.48,-3.46,,,,,12.007880499999999,0.09842525
265990,Rocky Boy,MT,48.17,-109.65,1432.6,20170111,-21.82,14.36,0.32,,,,,10.9842579,0.0
265991,Rocky Boy,MT,48.17,-109.65,1432.6,20170112,-10.3,23.36,11.48,,,,,10.9842579,0.0
265992,Rocky Boy,MT,48.17,-109.65,1432.6,20170113,7.88,29.12,19.76,,,,,10.000005400000001,0.0
265993,Rocky Boy,MT,48.17,-109.65,1432.6,20170114,15.26,34.16,27.14,,,,,10.000005400000001,0.0
265994,Rocky Boy,MT,48.17,-109.65,1432.6,20170115,26.24,37.58,32.54,,,,,10.000005400000001,0.09842525
265995,Rocky Boy,MT,48.17,-109.65,1432.6,20170116,23.54,40.46,33.26,,,,,10.000005400000001,0.0
265996,Rocky Boy,MT,48.17,-109.65,1432.6,20170117,39.02,49.46,44.6,,,,,9.0157529,0.0
265997,Rocky Boy,MT,48.17,-109.65,1432.6,20170118,44.78,52.52,47.84,,,,,7.007877799999999,0.0
265998,Rocky Boy,MT,48.17,-109.65,1432.6,20170119,36.68,45.68,42.08,,,,,7.007877799999999,0.0
265999,Rocky Boy,MT,48.17,-109.65,1432.6,20170120,16.16,39.02,30.02,,,,,7.9921303,0.0
266000,Rocky Boy,MT,48.17,-109.65,1432.6,20170121,12.74,38.12,23.18,,,,,7.9921303,0.0
266001,Rocky Boy,MT,48.17,-109.65,1432.6,20170122,17.06,39.56,26.24,,,,,7.9921303,0.0
266002,Rocky Boy,MT,48.17,-109.65,1432.6,20170123,10.4,28.04,19.94,,,,,9.0157529,0.09842525
266003,Rocky Boy,MT,48.17,-109.65,1432.6,20170124,7.88,25.88,17.6,,,,,9.0157529,0.0
266004,Rocky Boy,MT,48.17,-109.65,1432.6,20170125,5.72,29.66,18.32,,,,,7.9921303,0.0
266005,Rocky Boy,MT,48.17,-109.65,1432.6,20170126,8.42,31.46,22.82,,,,,7.9921303,0.0
266006,Rocky Boy,MT,48.17,-109.65,1432.6,20170127,21.92,37.04,30.38,,,,,7.9921303,0.0
266007,Rocky Boy,MT,48.17,-109.65,1432.6,20170128,33.62,44.24,38.84,,,,,7.9921303,0.09842525
266008,Rocky Boy,MT,48.17,-109.65,1432.6,20170129,38.12,48.2,43.88,,,,,7.007877799999999,0.0
266009,Rocky Boy,MT,48.17,-109.65,1432.6,20170130,20.12,39.38,32.0,,,,,7.007877799999999,0.0
266010,Rocky Boy,MT,48.17,-109.65,1432.6,20170131,4.82,20.12,15.62,,,,,9.0157529,0.20078751
266011,Rocky Boy,MT,48.17,-109.65,1432.6,20170201,2.12,15.44,8.78,,,,,7.9921303,0.0
266012,Rocky Boy,MT,48.17,-109.65,1432.6,20170202,-6.34,15.98,6.98,,,,,9.0157529,0.09842525
266013,Rocky Boy,MT,48.17,-109.65,1432.6,20170203,-3.1,38.66,16.88,,,,,10.000005400000001,0.20078751
266014,Rocky Boy,MT,48.17,-109.65,1432.6,20170204,7.7,17.78,12.38,,,,,10.9842579,0.09842525
266015,Rocky Boy,MT,48.17,-109.65,1432.6,20170205,4.28,38.12,14.0,,,,,10.9842579,0.0
266016,Rocky Boy,MT,48.17,-109.65,1432.6,20170206,-7.42,11.3,5.18,,,,,10.9842579,0.29921276
266017,Rocky Boy,MT,48.17,-109.65,1432.6,20170207,-9.76,8.42,-1.3,,,,,10.9842579,0.09842525
266018,Rocky Boy,MT,48.17,-109.65,1432.6,20170208,-16.96,20.48,4.28,,,,,10.9842579,0.0
266019,Rocky Boy,MT,48.17,-109.65,1432.6,20170209,17.78,50.36,42.44,,,,,7.9921303,0.09842525
266020,Rocky Boy,MT,48.17,-109.65,1432.6,20170210,32.0,46.22,40.1,,,,,9.0157529,0.09842525
266021,Rocky Boy,MT,48.17,-109.65,1432.6,20170211,24.62,34.52,29.12,,,,,9.0157529,0.0
266022,Rocky Boy,MT,48.17,-109.65,1432.6,20170212,24.62,41.36,33.98,,,,,7.9921303,0.0
266023,Rocky Boy,MT,48.17,-109.65,1432.6,20170213,33.98,47.48,39.2,,,,,7.9921303,0.0
266024,Rocky Boy,MT,48.17,-109.65,1432.6,20170214,25.88,53.78,42.62,,,,,7.9921303,0.0
266025,Rocky Boy,MT,48.17,-109.65,1432.6,20170215,45.68,58.46,51.8,,,,,5.984255200000001,0.0
266026,Rocky Boy,MT,48.17,-109.65,1432.6,20170216,43.88,57.38,50.72,,,,,4.0157502,0.0
266027,Rocky Boy,MT,48.17,-109.65,1432.6,20170217,24.8,46.58,37.76,,,,,4.0157502,0.0
266028,Rocky Boy,MT,48.17,-109.65,1432.6,20170218,25.16,47.84,40.82,,,,,2.9921276000000003,0.0
266029,Rocky Boy,MT,48.17,-109.65,1432.6,20170219,27.14,48.2,39.02,,,,,2.0078751,0.0
266030,Rocky Boy,MT,48.17,-109.65,1432.6,20170220,32.9,46.58,38.84,,,,,2.0078751,0.0
266031,Rocky Boy,MT,48.17,-109.65,1432.6,20170221,32.36,41.18,36.5,,,,,7.007877799999999,0.09842525
266032,Rocky Boy,MT,48.17,-109.65,1432.6,20170222,24.44,35.42,30.38,,,,,9.0157529,0.29921276
266033,Rocky Boy,MT,48.17,-109.65,1432.6,20170223,22.28,31.64,24.98,,,,,7.9921303,0.0
266034,Rocky Boy,MT,48.17,-109.65,1432.6,20170224,10.94,30.2,22.82,,,,,7.9921303,0.09842525
266035,Rocky Boy,MT,48.17,-109.65,1432.6,20170225,9.5,26.78,21.56,,,,,10.000005400000001,0.09842525
266036,Rocky Boy,MT,48.17,-109.65,1432.6,20170226,12.56,23.36,18.32,,,,,19.0157583,0.40157502
266037,Rocky Boy,MT,48.17,-109.65,1432.6,20170227,-1.3,25.16,11.48,,,,,15.9842606,0.40157502
266038,Rocky Boy,MT,48.17,-109.65,1432.6,20170228,11.48,32.9,20.48,,,,,14.015755599999999,0.09842525
266039,Rocky Boy,MT,48.17,-109.65,1432.6,20170301,13.64,31.28,24.26,,,,,12.007880499999999,0.0
266040,Rocky Boy,MT,48.17,-109.65,1432.6,20170302,9.14,38.12,26.96,,,,,10.9842579,0.0
266041,Rocky Boy,MT,48.17,-109.65,1432.6,20170303,32.36,46.22,39.02,,,,,10.000005400000001,0.0
266042,Rocky Boy,MT,48.17,-109.65,1432.6,20170304,33.62,49.1,41.9,,,,,9.0157529,0.0
266043,Rocky Boy,MT,48.17,-109.65,1432.6,20170305,18.5,47.66,29.66,,,,,9.0157529,0.0
266044,Rocky Boy,MT,48.17,-109.65,1432.6,20170306,18.68,33.8,26.24,,,,,9.0157529,0.0
266045,Rocky Boy,MT,48.17,-109.65,1432.6,20170307,10.4,24.62,17.42,,,,,9.0157529,0.0
266046,Rocky Boy,MT,48.17,-109.65,1432.6,20170308,13.64,38.48,23.54,,,,,12.007880499999999,0.09842525
266047,Rocky Boy,MT,48.17,-109.65,1432.6,20170309,5.54,19.76,11.66,,,,,12.992133,0.0
266048,Rocky Boy,MT,48.17,-109.65,1432.6,20170310,9.32,30.38,15.8,,,,,12.992133,0.20078751
266049,Rocky Boy,MT,48.17,-109.65,1432.6,20170311,8.96,45.68,27.68,,,,,14.015755599999999,0.0
266050,Rocky Boy,MT,48.17,-109.65,1432.6,20170312,7.88,35.96,19.22,,,,,12.992133,0.0
266051,Rocky Boy,MT,48.17,-109.65,1432.6,20170313,15.44,46.58,38.84,,,,,10.9842579,0.0
266052,Rocky Boy,MT,48.17,-109.65,1432.6,20170314,31.82,51.62,44.06,,,,,9.0157529,0.0
266053,Rocky Boy,MT,48.17,-109.65,1432.6,20170315,47.66,55.58,51.08,,,,,5.984255200000001,0.0
266054,Rocky Boy,MT,48.17,-109.65,1432.6,20170316,34.34,50.36,43.16,,,,,5.0000027000000005,0.0
266055,Rocky Boy,MT,48.17,-109.65,1432.6,20170317,30.38,48.2,38.66,,,,,4.0157502,0.0
266056,Rocky Boy,MT,48.17,-109.65,1432.6,20170318,40.28,68.0,53.42,,,,,2.9921276000000003,0.0
266057,Rocky Boy,MT,48.17,-109.65,1432.6,20170319,24.44,48.2,39.74,,,,,2.9921276000000003,0.0
266058,Rocky Boy,MT,48.17,-109.65,1432.6,20170320,19.94,40.28,30.02,,,,,2.0078751,0.0
266059,Rocky Boy,MT,48.17,-109.65,1432.6,20170321,26.96,36.68,31.28,,,,,2.0078751,0.0
266060,Rocky Boy,MT,48.17,-109.65,1432.6,20170322,30.2,56.3,43.52,,,,,2.0078751,0.0
266061,Rocky Boy,MT,48.17,-109.65,1432.6,20170323,26.6,51.44,38.12,,,,,2.0078751,0.0
266062,Rocky Boy,MT,48.17,-109.65,1432.6,20170324,22.82,57.74,43.52,,,,,0.0,0.0
266063,Rocky Boy,MT,48.17,-109.65,1432.6,20170325,27.5,50.18,40.28,,,,,0.0,0.0
266064,Rocky Boy,MT,48.17,-109.65,1432.6,20170326,26.24,48.38,37.04,,,,,0.0,0.0
266065,Rocky Boy,MT,48.17,-109.65,1432.6,20170327,30.74,53.06,41.54,,,,,0.0,0.0
266066,Rocky Boy,MT,48.17,-109.65,1432.6,20170328,29.66,48.92,40.82,,,,,0.0,0.0
266067,Rocky Boy,MT,48.17,-109.65,1432.6,20170329,32.9,51.8,43.52,,,,,0.0,0.0
266068,Rocky Boy,MT,48.17,-109.65,1432.6,20170330,30.74,54.14,43.88,,,,,0.0,0.0
266069,Rocky Boy,MT,48.17,-109.65,1432.6,20170331,29.66,49.28,37.76,,,,,0.0,0.0
266070,Rocky Boy,MT,48.17,-109.65,1432.6,20170401,29.66,54.14,43.88,,,,,0.0,0.0
266071,Rocky Boy,MT,48.17,-109.65,1432.6,20170402,32.0,50.9,39.02,,,,,0.0,0.0
266072,Rocky Boy,MT,48.17,-109.65,1432.6,20170403,30.38,33.98,32.0,,,,,0.0,0.0
266073,Rocky Boy,MT,48.17,-109.65,1432.6,20170404,18.14,45.68,32.18,,,,,2.9921276000000003,0.20078751
266074,Rocky Boy,MT,48.17,-109.65,1432.6,20170405,18.32,52.7,37.58,,,,,0.9842525,0.0
266075,Rocky Boy,MT,48.17,-109.65,1432.6,20170406,33.8,63.86,50.0,,,,,0.0,0.0
266076,Rocky Boy,MT,48.17,-109.65,1432.6,20170407,34.16,62.42,44.96,,,,,0.0,0.09842525
266077,Rocky Boy,MT,48.17,-109.65,1432.6,20170408,39.92,55.22,45.32,,,,,0.0,0.0
266078,Rocky Boy,MT,48.17,-109.65,1432.6,20170409,30.92,40.1,34.7,,,,,0.0,0.0
266079,Rocky Boy,MT,48.17,-109.65,1432.6,20170410,25.34,46.94,36.5,,,,,0.0,0.09842525
266080,Rocky Boy,MT,48.17,-109.65,1432.6,20170411,28.94,48.56,36.86,,,,,0.0,0.09842525
266081,Rocky Boy,MT,48.17,-109.65,1432.6,20170412,37.4,46.4,41.54,,,,,0.0,0.0
266082,Rocky Boy,MT,48.17,-109.65,1432.6,20170413,39.74,68.0,51.62,,,,,0.0,0.20078751
266083,Rocky Boy,MT,48.17,-109.65,1432.6,20170414,35.24,48.56,40.64,,,,,0.0,0.0
266084,Rocky Boy,MT,48.17,-109.65,1432.6,20170415,31.28,46.4,37.76,,,,,0.0,0.0
266085,Rocky Boy,MT,48.17,-109.65,1432.6,20170416,27.14,43.7,33.8,,,,,0.0,0.09842525
266086,Rocky Boy,MT,48.17,-109.65,1432.6,20170417,31.64,45.14,39.02,,,,,0.0,0.0
266087,Rocky Boy,MT,48.17,-109.65,1432.6,20170418,30.92,59.0,46.22,,,,,0.0,0.09842525
266088,Rocky Boy,MT,48.17,-109.65,1432.6,20170419,27.32,54.14,42.62,,,,,0.0,0.0
266089,Rocky Boy,MT,48.17,-109.65,1432.6,20170420,26.78,59.9,46.4,,,,,0.0,0.0
266090,Rocky Boy,MT,48.17,-109.65,1432.6,20170421,37.4,50.54,41.72,,,,,0.0,0.09842525
266091,Rocky Boy,MT,48.17,-109.65,1432.6,20170422,37.04,53.78,44.06,,,,,0.0,0.0
266092,Rocky Boy,MT,48.17,-109.65,1432.6,20170423,33.44,53.24,42.26,,,,,0.0,0.0
266093,Rocky Boy,MT,48.17,-109.65,1432.6,20170424,31.28,53.24,41.36,,,,,0.0,0.0
266094,Rocky Boy,MT,48.17,-109.65,1432.6,20170425,32.18,44.6,36.68,,,,,0.0,0.0
266095,Rocky Boy,MT,48.17,-109.65,1432.6,20170426,30.92,50.0,38.48,,,,,0.9842525,0.09842525
266096,Rocky Boy,MT,48.17,-109.65,1432.6,20170427,32.36,40.82,36.5,,,,,0.0,0.20078751
266097,Rocky Boy,MT,48.17,-109.65,1432.6,20170428,26.6,45.86,35.78,,,,,0.0,0.09842525
266098,Rocky Boy,MT,48.17,-109.65,1432.6,20170429,25.7,51.08,39.02,,,,,0.0,0.20078751
266099,Rocky Boy,MT,48.17,-109.65,1432.6,20170430,31.1,54.5,43.7,,,,,0.0,0.0
266100,Rocky Boy,MT,48.17,-109.65,1432.6,20170501,32.54,51.62,41.0,,,,,0.0,0.0
266101,Rocky Boy,MT,48.17,-109.65,1432.6,20170502,32.54,47.48,39.74,,,,,0.0,0.0
266102,Rocky Boy,MT,48.17,-109.65,1432.6,20170503,29.84,60.44,46.76,,,,,0.0,0.09842525
266103,Rocky Boy,MT,48.17,-109.65,1432.6,20170504,36.14,72.32,54.32,,,,,0.0,0.09842525
266104,Rocky Boy,MT,48.17,-109.65,1432.6,20170505,41.54,80.78,63.5,,,,,0.0,0.0
266105,Rocky Boy,MT,48.17,-109.65,1432.6,20170506,43.88,76.1,60.08,,,,,0.0,0.0
266106,Rocky Boy,MT,48.17,-109.65,1432.6,20170507,35.96,57.92,44.96,,,,,0.0,0.0
266107,Rocky Boy,MT,48.17,-109.65,1432.6,20170508,33.62,57.02,44.78,,,,,0.0,0.0
266108,Rocky Boy,MT,48.17,-109.65,1432.6,20170509,34.7,61.16,47.66,,,,,0.0,0.0
266109,Rocky Boy,MT,48.17,-109.65,1432.6,20170510,33.26,68.36,51.8,,,,,0.0,0.0
266110,Rocky Boy,MT,48.17,-109.65,1432.6,20170511,37.22,73.04,59.9,,,,,0.0,0.0
266111,Rocky Boy,MT,48.17,-109.65,1432.6,20170512,41.72,76.1,62.6,,,,,0.0,0.09842525
266112,Rocky Boy,MT,48.17,-109.65,1432.6,20170513,37.76,52.34,43.34,,,,,0.0,0.0
266113,Rocky Boy,MT,48.17,-109.65,1432.6,20170514,32.0,53.42,43.16,,,,,0.0,0.0
266114,Rocky Boy,MT,48.17,-109.65,1432.6,20170515,30.2,54.32,41.72,,,,,0.0,0.0
266115,Rocky Boy,MT,48.17,-109.65,1432.6,20170516,30.02,57.74,44.78,,,,,0.0,0.0
266116,Rocky Boy,MT,48.17,-109.65,1432.6,20170517,37.58,49.1,43.7,,,,,0.0,0.0
266117,Rocky Boy,MT,48.17,-109.65,1432.6,20170518,31.28,55.22,43.7,,,,,0.0,0.09842525
266118,Rocky Boy,MT,48.17,-109.65,1432.6,20170519,34.34,59.54,46.22,,,,,0.0,0.0
266119,Rocky Boy,MT,48.17,-109.65,1432.6,20170520,32.0,60.08,48.2,,,,,0.0,0.09842525
266120,Rocky Boy,MT,48.17,-109.65,1432.6,20170521,32.9,64.76,49.64,,,,,0.0,0.0
266121,Rocky Boy,MT,48.17,-109.65,1432.6,20170522,34.34,62.78,50.9,,,,,0.0,0.0
266122,Rocky Boy,MT,48.17,-109.65,1432.6,20170523,35.06,71.06,57.56,,,,,0.0,0.0
266123,Rocky Boy,MT,48.17,-109.65,1432.6,20170524,37.4,63.32,54.32,,,,,0.0,0.0
266124,Rocky Boy,MT,48.17,-109.65,1432.6,20170525,38.12,49.64,42.98,,,,,0.0,1.09842579
266125,Rocky Boy,MT,48.17,-109.65,1432.6,20170526,35.78,58.28,47.12,,,,,0.0,0.20078751
266126,Rocky Boy,MT,48.17,-109.65,1432.6,20170527,35.6,68.54,55.76,,,,,0.0,0.09842525
266127,Rocky Boy,MT,48.17,-109.65,1432.6,20170528,34.7,65.3,53.06,,,,,0.0,0.0
266128,Rocky Boy,MT,48.17,-109.65,1432.6,20170529,30.92,66.74,50.18,,,,,0.0,0.0
266129,Rocky Boy,MT,48.17,-109.65,1432.6,20170530,34.52,70.52,56.3,,,,,0.0,0.0
266130,Rocky Boy,MT,48.17,-109.65,1432.6,20170531,41.9,77.18,62.96,,,,,0.0,0.0
266131,Rocky Boy,MT,48.17,-109.65,1432.6,20170601,47.12,78.98,62.6,,,,,0.0,0.0
266132,Rocky Boy,MT,48.17,-109.65,1432.6,20170602,50.72,65.84,57.92,,,,,0.0,0.0
266133,Rocky Boy,MT,48.17,-109.65,1432.6,20170603,38.84,75.56,58.82,,,,,0.0,0.0
266134,Rocky Boy,MT,48.17,-109.65,1432.6,20170604,42.8,83.66,63.68,,,,,0.0,0.0
266135,Rocky Boy,MT,48.17,-109.65,1432.6,20170605,37.58,57.92,51.62,,,,,0.0,0.0
266136,Rocky Boy,MT,48.17,-109.65,1432.6,20170606,33.26,68.18,54.68,,,,,0.0,0.09842525
266137,Rocky Boy,MT,48.17,-109.65,1432.6,20170607,51.44,74.84,62.96,,,,,0.0,0.0
266138,Rocky Boy,MT,48.17,-109.65,1432.6,20170608,50.18,80.6,68.18,,,,,0.0,0.0
266139,Rocky Boy,MT,48.17,-109.65,1432.6,20170609,45.68,66.38,57.02,,,,,0.0,0.20078751
266140,Rocky Boy,MT,48.17,-109.65,1432.6,20170610,36.14,61.52,50.9,,,,,0.0,0.0
266141,Rocky Boy,MT,48.17,-109.65,1432.6,20170611,35.96,66.38,50.0,,,,,0.0,0.0
266142,Rocky Boy,MT,48.17,-109.65,1432.6,20170612,35.24,72.32,57.56,,,,,0.0,0.0
266143,Rocky Boy,MT,48.17,-109.65,1432.6,20170613,46.58,67.1,55.22,,,,,0.0,0.20078751
266144,Rocky Boy,MT,48.17,-109.65,1432.6,20170614,46.22,59.54,51.08,,,,,0.0,0.70078778
266145,Rocky Boy,MT,48.17,-109.65,1432.6,20170615,48.02,63.86,55.4,,,,,0.0,0.0
266146,Rocky Boy,MT,48.17,-109.65,1432.6,20170616,47.12,65.84,56.48,,,,,0.0,0.09842525
266147,Rocky Boy,MT,48.17,-109.65,1432.6,20170617,38.84,60.44,50.0,,,,,0.0,0.0
266148,Rocky Boy,MT,48.17,-109.65,1432.6,20170618,39.74,63.5,55.04,,,,,0.0,0.09842525
266149,Rocky Boy,MT,48.17,-109.65,1432.6,20170619,41.54,68.36,56.48,,,,,0.0,0.0
266150,Rocky Boy,MT,48.17,-109.65,1432.6,20170620,50.36,77.18,64.4,,,,,0.0,0.0
266151,Rocky Boy,MT,48.17,-109.65,1432.6,20170621,47.3,69.62,57.92,,,,,0.0,0.0
266152,Rocky Boy,MT,48.17,-109.65,1432.6,20170622,38.3,57.02,47.12,,,,,0.0,0.0
266153,Rocky Boy,MT,48.17,-109.65,1432.6,20170623,34.34,60.08,48.02,,,,,0.0,0.0
266154,Rocky Boy,MT,48.17,-109.65,1432.6,20170624,32.9,64.4,49.46,,,,,0.0,0.0
266155,Rocky Boy,MT,48.17,-109.65,1432.6,20170625,33.8,74.84,55.58,,,,,0.0,0.09842525
266156,Rocky Boy,MT,48.17,-109.65,1432.6,20170626,47.12,84.56,62.42,,,,,0.0,0.09842525
266157,Rocky Boy,MT,48.17,-109.65,1432.6,20170627,43.52,69.08,59.0,,,,,0.0,0.0
266158,Rocky Boy,MT,48.17,-109.65,1432.6,20170628,45.5,71.78,59.54,,,,,0.0,0.0
266159,Rocky Boy,MT,48.17,-109.65,1432.6,20170629,35.06,60.8,50.54,,,,,0.0,0.0
266160,Rocky Boy,MT,48.17,-109.65,1432.6,20170630,33.62,74.3,55.58,,,,,0.0,0.0
266161,Rocky Boy,MT,48.17,-109.65,1432.6,20170701,42.26,82.94,66.2,,,,,0.0,0.0
266162,Rocky Boy,MT,48.17,-109.65,1432.6,20170702,50.18,79.16,66.2,,,,,0.0,0.0
266163,Rocky Boy,MT,48.17,-109.65,1432.6,20170703,49.1,84.38,67.28,,,,,0.0,0.0
266164,Rocky Boy,MT,48.17,-109.65,1432.6,20170704,48.2,79.7,64.04,,,,,0.0,0.0
266165,Rocky Boy,MT,48.17,-109.65,1432.6,20170705,44.42,84.2,66.2,,,,,0.0,0.0
266166,Rocky Boy,MT,48.17,-109.65,1432.6,20170706,49.1,87.08,68.54,,,,,0.0,0.0
266167,Rocky Boy,MT,48.17,-109.65,1432.6,20170707,46.76,87.62,68.9,,,,,0.0,0.0
266168,Rocky Boy,MT,48.17,-109.65,1432.6,20170708,51.62,90.68,73.4,,,,,0.0,0.0
266169,Rocky Boy,MT,48.17,-109.65,1432.6,20170709,47.66,90.14,70.7,,,,,0.0,0.0
266170,Rocky Boy,MT,48.17,-109.65,1432.6,20170710,53.42,81.68,70.7,,,,,0.0,0.0
266171,Rocky Boy,MT,48.17,-109.65,1432.6,20170711,46.22,71.24,58.82,,,,,0.0,0.0
266172,Rocky Boy,MT,48.17,-109.65,1432.6,20170712,42.26,77.9,62.6,,,,,0.0,0.0
266173,Rocky Boy,MT,48.17,-109.65,1432.6,20170713,52.88,90.32,72.14,,,,,0.0,0.0
266174,Rocky Boy,MT,48.17,-109.65,1432.6,20170714,54.86,85.28,73.04,,,,,0.0,0.0
266175,Rocky Boy,MT,48.17,-109.65,1432.6,20170715,58.46,89.24,71.78,,,,,0.0,0.0
266176,Rocky Boy,MT,48.17,-109.65,1432.6,20170716,50.0,84.02,68.72,,,,,0.0,0.0
266177,Rocky Boy,MT,48.17,-109.65,1432.6,20170717,41.36,73.94,59.36,,,,,0.0,0.0
266178,Rocky Boy,MT,48.17,-109.65,1432.6,20170718,41.54,78.98,60.98,,,,,0.0,0.0
266179,Rocky Boy,MT,48.17,-109.65,1432.6,20170719,46.4,80.78,66.56,,,,,0.0,0.0
266180,Rocky Boy,MT,48.17,-109.65,1432.6,20170720,47.66,88.16,70.16,,,,,0.0,0.0
266181,Rocky Boy,MT,48.17,-109.65,1432.6,20170721,44.78,76.1,64.58,,,,,0.0,0.0
266182,Rocky Boy,MT,48.17,-109.65,1432.6,20170722,41.36,78.8,60.62,,,,,0.0,0.0
266183,Rocky Boy,MT,48.17,-109.65,1432.6,20170723,46.94,87.8,68.72,,,,,0.0,0.0
266184,Rocky Boy,MT,48.17,-109.65,1432.6,20170724,51.44,80.96,63.32,,,,,0.0,0.0
266185,Rocky Boy,MT,48.17,-109.65,1432.6,20170725,46.58,78.26,61.52,,,,,0.0,0.0
266186,Rocky Boy,MT,48.17,-109.65,1432.6,20170726,43.7,83.48,66.02,,,,,0.0,0.0
266187,Rocky Boy,MT,48.17,-109.65,1432.6,20170727,50.0,86.54,68.0,,,,,0.0,0.0
266188,Rocky Boy,MT,48.17,-109.65,1432.6,20170728,51.8,83.66,67.46,,,,,0.0,0.0
266189,Rocky Boy,MT,48.17,-109.65,1432.6,20170729,51.98,86.9,71.06,,,,,0.0,0.0
266190,Rocky Boy,MT,48.17,-109.65,1432.6,20170730,47.48,89.24,69.98,,,,,0.0,0.0
266191,Rocky Boy,MT,48.17,-109.65,1432.6,20170731,45.86,84.74,66.74,,,,,0.0,0.0
266192,Rocky Boy,MT,48.17,-109.65,1432.6,20170801,54.14,79.88,67.1,,,,,0.0,0.0
266193,Rocky Boy,MT,48.17,-109.65,1432.6,20170802,39.92,63.68,53.06,,,,,0.0,0.0
266194,Rocky Boy,MT,48.17,-109.65,1432.6,20170803,39.2,72.14,58.46,,,,,0.0,0.0
266195,Rocky Boy,MT,48.17,-109.65,1432.6,20170804,42.26,76.46,59.54,,,,,0.0,0.0
266196,Rocky Boy,MT,48.17,-109.65,1432.6,20170805,48.56,64.76,53.96,,,,,0.0,0.0
266197,Rocky Boy,MT,48.17,-109.65,1432.6,20170806,46.04,69.8,56.12,,,,,0.0,0.0
266198,Rocky Boy,MT,48.17,-109.65,1432.6,20170807,44.6,77.72,59.72,,,,,0.0,0.0
266199,Rocky Boy,MT,48.17,-109.65,1432.6,20170808,40.46,68.9,54.86,,,,,0.0,0.0
266200,Rocky Boy,MT,48.17,-109.65,1432.6,20170809,36.5,76.1,56.12,,,,,0.0,0.0
266201,Rocky Boy,MT,48.17,-109.65,1432.6,20170810,40.82,74.84,57.56,,,,,0.0,0.0
266202,Rocky Boy,MT,48.17,-109.65,1432.6,20170811,44.42,71.78,57.2,,,,,0.0,0.0
266203,Rocky Boy,MT,48.17,-109.65,1432.6,20170812,42.44,78.26,61.52,,,,,0.0,0.0
266204,Rocky Boy,MT,48.17,-109.65,1432.6,20170813,54.68,78.26,64.04,,,,,0.0,0.0
266205,Rocky Boy,MT,48.17,-109.65,1432.6,20170814,46.58,72.5,58.1,,,,,0.0,0.0
266206,Rocky Boy,MT,48.17,-109.65,1432.6,20170815,38.48,72.86,54.68,,,,,0.0,0.0
266207,Rocky Boy,MT,48.17,-109.65,1432.6,20170816,41.54,77.18,58.82,,,,,0.0,0.0
266208,Rocky Boy,MT,48.17,-109.65,1432.6,20170817,42.44,77.0,59.72,,,,,0.0,0.0
266209,Rocky Boy,MT,48.17,-109.65,1432.6,20170818,43.52,80.78,62.96,,,,,0.0,0.0
266210,Rocky Boy,MT,48.17,-109.65,1432.6,20170819,41.9,69.62,59.0,,,,,0.0,0.0
266211,Rocky Boy,MT,48.17,-109.65,1432.6,20170820,40.46,70.52,57.92,,,,,0.0,0.0
266212,Rocky Boy,MT,48.17,-109.65,1432.6,20170821,41.9,72.68,57.02,,,,,0.0,0.0
266213,Rocky Boy,MT,48.17,-109.65,1432.6,20170822,39.92,81.86,60.98,,,,,0.0,0.0
266214,Rocky Boy,MT,48.17,-109.65,1432.6,20170823,44.24,86.18,64.04,,,,,0.0,0.0
266215,Rocky Boy,MT,48.17,-109.65,1432.6,20170824,50.72,80.6,63.14,,,,,0.0,0.0
266216,Rocky Boy,MT,48.17,-109.65,1432.6,20170825,44.78,76.46,60.08,,,,,0.0,0.0
266217,Rocky Boy,MT,48.17,-109.65,1432.6,20170826,40.82,76.46,57.56,,,,,0.0,0.0
266218,Rocky Boy,MT,48.17,-109.65,1432.6,20170827,39.02,84.02,61.52,,,,,0.0,0.0
266219,Rocky Boy,MT,48.17,-109.65,1432.6,20170828,45.14,86.9,65.3,,,,,0.0,0.0
266220,Rocky Boy,MT,48.17,-109.65,1432.6,20170829,48.02,88.52,68.0,,,,,0.0,0.0
266221,Rocky Boy,MT,48.17,-109.65,1432.6,20170830,51.26,85.82,72.32,,,,,0.0,0.0
266222,Rocky Boy,MT,48.17,-109.65,1432.6,20170831,49.46,83.12,69.62,,,,,0.0,0.0
266223,Rocky Boy,MT,48.17,-109.65,1432.6,20170901,45.68,74.84,58.64,,,,,0.0,0.0
266224,Rocky Boy,MT,48.17,-109.65,1432.6,20170902,46.04,83.3,64.22,,,,,0.0,0.0
266225,Rocky Boy,MT,48.17,-109.65,1432.6,20170903,49.82,78.26,65.3,,,,,0.0,0.0
266226,Rocky Boy,MT,48.17,-109.65,1432.6,20170904,32.18,64.94,51.62,,,,,0.0,0.0
266227,Rocky Boy,MT,48.17,-109.65,1432.6,20170905,30.74,74.48,51.8,,,,,0.0,0.0
266228,Rocky Boy,MT,48.17,-109.65,1432.6,20170906,35.24,80.6,56.3,,,,,0.0,0.0
266229,Rocky Boy,MT,48.17,-109.65,1432.6,20170907,36.32,83.66,60.98,,,,,0.0,0.0
266230,Rocky Boy,MT,48.17,-109.65,1432.6,20170908,44.6,83.84,65.66,,,,,0.0,0.0
266231,Rocky Boy,MT,48.17,-109.65,1432.6,20170909,48.74,83.66,67.1,,,,,0.0,0.0
266232,Rocky Boy,MT,48.17,-109.65,1432.6,20170910,49.46,75.02,64.4,,,,,0.0,0.0
266233,Rocky Boy,MT,48.17,-109.65,1432.6,20170911,41.18,82.22,61.16,,,,,0.0,0.0
266234,Rocky Boy,MT,48.17,-109.65,1432.6,20170912,51.62,76.46,64.94,,,,,0.0,0.0
266235,Rocky Boy,MT,48.17,-109.65,1432.6,20170913,44.78,72.68,59.0,,,,,0.0,0.0
266236,Rocky Boy,MT,48.17,-109.65,1432.6,20170914,38.84,45.86,42.98,,,,,0.0,0.0
266237,Rocky Boy,MT,48.17,-109.65,1432.6,20170915,36.14,41.0,38.48,,,,,0.0,0.29921276
266238,Rocky Boy,MT,48.17,-109.65,1432.6,20170916,32.36,44.42,37.76,,,,,0.0,0.20078751
266239,Rocky Boy,MT,48.17,-109.65,1432.6,20170917,34.34,58.28,44.78,,,,,0.0,0.09842525
266240,Rocky Boy,MT,48.17,-109.65,1432.6,20170918,34.34,62.96,48.92,,,,,0.0,0.0
266241,Rocky Boy,MT,48.17,-109.65,1432.6,20170919,39.74,52.88,44.6,,,,,0.0,0.0
266242,Rocky Boy,MT,48.17,-109.65,1432.6,20170920,40.46,52.88,45.5,,,,,0.0,0.0
266243,Rocky Boy,MT,48.17,-109.65,1432.6,20170921,34.52,49.64,41.54,,,,,0.0,
266244,Crystal Lake,MT,46.79,-109.51,1844.0,20170101,-0.76,21.38,11.66,,,,,19.0157583,0.20078751
266245,Crystal Lake,MT,46.79,-109.51,1844.0,20170102,-13.54,1.94,-6.34,,,,,19.0157583,0.0
266246,Crystal Lake,MT,46.79,-109.51,1844.0,20170103,-18.04,-0.04,-9.22,,,,,19.0157583,0.09842525
266247,Crystal Lake,MT,46.79,-109.51,1844.0,20170104,-15.88,1.94,-3.1,,,,,19.0157583,0.09842525
266248,Crystal Lake,MT,46.79,-109.51,1844.0,20170105,-14.62,9.32,-1.84,,,,,17.9921357,0.0
266249,Crystal Lake,MT,46.79,-109.51,1844.0,20170106,-0.22,19.76,8.24,,,,,17.9921357,0.0
266250,Crystal Lake,MT,46.79,-109.51,1844.0,20170107,4.1,26.78,15.98,,,,,14.015755599999999,0.09842525
266251,Crystal Lake,MT,46.79,-109.51,1844.0,20170108,24.26,35.6,29.48,,,,,17.9921357,0.20078751
266252,Crystal Lake,MT,46.79,-109.51,1844.0,20170109,22.1,39.92,32.9,,,,,17.9921357,0.0
266253,Crystal Lake,MT,46.79,-109.51,1844.0,20170110,-9.22,26.24,11.84,,,,,19.0157583,0.0
266254,Crystal Lake,MT,46.79,-109.51,1844.0,20170111,-11.92,11.66,-4.36,,,,,19.0157583,0.0
266255,Crystal Lake,MT,46.79,-109.51,1844.0,20170112,-8.14,19.94,6.98,,,,,19.0157583,0.09842525
266256,Crystal Lake,MT,46.79,-109.51,1844.0,20170113,5.72,18.86,10.22,,,,,19.0157583,0.0
266257,Crystal Lake,MT,46.79,-109.51,1844.0,20170114,6.8,23.18,14.36,,,,,17.9921357,0.0
266258,Crystal Lake,MT,46.79,-109.51,1844.0,20170115,13.46,30.56,19.4,,,,,17.9921357,0.0
266259,Crystal Lake,MT,46.79,-109.51,1844.0,20170116,10.94,30.38,19.22,,,,,17.9921357,0.09842525
266260,Crystal Lake,MT,46.79,-109.51,1844.0,20170117,24.08,47.12,35.96,,,,,17.9921357,0.0
266261,Crystal Lake,MT,46.79,-109.51,1844.0,20170118,39.2,48.74,44.96,,,,,17.0078832,0.0
266262,Crystal Lake,MT,46.79,-109.51,1844.0,20170119,32.9,45.32,38.66,,,,,17.0078832,0.0
266263,Crystal Lake,MT,46.79,-109.51,1844.0,20170120,18.32,36.86,27.14,,,,,17.9921357,0.0
266264,Crystal Lake,MT,46.79,-109.51,1844.0,20170121,14.9,32.72,20.48,,,,,17.0078832,0.0
266265,Crystal Lake,MT,46.79,-109.51,1844.0,20170122,14.72,33.08,23.72,,,,,17.0078832,0.0
266266,Crystal Lake,MT,46.79,-109.51,1844.0,20170123,9.5,24.8,19.4,,,,,17.0078832,0.0
266267,Crystal Lake,MT,46.79,-109.51,1844.0,20170124,0.68,21.92,13.46,,,,,17.0078832,0.0
266268,Crystal Lake,MT,46.79,-109.51,1844.0,20170125,4.46,25.88,14.0,,,,,17.0078832,0.0
266269,Crystal Lake,MT,46.79,-109.51,1844.0,20170126,11.84,26.6,20.66,,,,,17.0078832,0.0
266270,Crystal Lake,MT,46.79,-109.51,1844.0,20170127,12.74,35.6,23.0,,,,,17.0078832,0.0
266271,Crystal Lake,MT,46.79,-109.51,1844.0,20170128,30.92,42.8,37.04,,,,,17.0078832,0.0
266272,Crystal Lake,MT,46.79,-109.51,1844.0,20170129,39.56,48.56,43.88,,,,,17.0078832,0.0
266273,Crystal Lake,MT,46.79,-109.51,1844.0,20170130,25.52,39.74,33.62,,,,,17.0078832,0.0
266274,Crystal Lake,MT,46.79,-109.51,1844.0,20170131,7.7,25.52,14.0,,,,,20.000010800000002,0.29921276
266275,Crystal Lake,MT,46.79,-109.51,1844.0,20170201,-7.6,9.32,3.38,,,,,20.9842633,0.09842525
266276,Crystal Lake,MT,46.79,-109.51,1844.0,20170202,-11.74,9.5,-2.2,,,,,20.9842633,0.0
266277,Crystal Lake,MT,46.79,-109.51,1844.0,20170203,0.32,39.02,29.66,,,,,19.0157583,0.0
266278,Crystal Lake,MT,46.79,-109.51,1844.0,20170204,7.7,35.78,26.78,,,,,20.000010800000002,0.0
266279,Crystal Lake,MT,46.79,-109.51,1844.0,20170205,32.36,41.54,36.5,,,,,19.0157583,0.0
266280,Crystal Lake,MT,46.79,-109.51,1844.0,20170206,3.92,44.24,23.0,,,,,20.000010800000002,0.09842525
266281,Crystal Lake,MT,46.79,-109.51,1844.0,20170207,-4.36,25.88,7.16,,,,,20.000010800000002,0.0
266282,Crystal Lake,MT,46.79,-109.51,1844.0,20170208,4.46,34.52,23.0,,,,,22.007885899999998,0.09842525
266283,Crystal Lake,MT,46.79,-109.51,1844.0,20170209,34.52,48.02,42.8,,,,,19.0157583,0.09842525
266284,Crystal Lake,MT,46.79,-109.51,1844.0,20170210,29.12,44.42,37.58,,,,,19.0157583,0.0
266285,Crystal Lake,MT,46.79,-109.51,1844.0,20170211,13.28,33.98,23.9,,,,,19.0157583,0.0
266286,Crystal Lake,MT,46.79,-109.51,1844.0,20170212,12.74,42.62,27.86,,,,,19.0157583,0.0
266287,Crystal Lake,MT,46.79,-109.51,1844.0,20170213,23.0,42.98,32.0,,,,,19.0157583,0.0
266288,Crystal Lake,MT,46.79,-109.51,1844.0,20170214,21.74,49.28,34.88,,,,,17.9921357,0.0
266289,Crystal Lake,MT,46.79,-109.51,1844.0,20170215,31.82,59.18,45.5,,,,,17.9921357,0.0
266290,Crystal Lake,MT,46.79,-109.51,1844.0,20170216,36.68,57.2,46.76,,,,,17.0078832,0.0
266291,Crystal Lake,MT,46.79,-109.51,1844.0,20170217,27.68,46.4,36.14,,,,,17.0078832,0.0
266292,Crystal Lake,MT,46.79,-109.51,1844.0,20170218,37.58,50.0,42.44,,,,,17.0078832,0.0
266293,Crystal Lake,MT,46.79,-109.51,1844.0,20170219,29.66,46.76,39.02,,,,,15.9842606,0.0
266294,Crystal Lake,MT,46.79,-109.51,1844.0,20170220,30.02,42.8,37.4,,,,,15.9842606,0.0
266295,Crystal Lake,MT,46.79,-109.51,1844.0,20170221,31.82,42.8,37.76,,,,,15.9842606,0.0
266296,Crystal Lake,MT,46.79,-109.51,1844.0,20170222,22.46,33.62,27.68,,,,,25.984266,0.90157529
266297,Crystal Lake,MT,46.79,-109.51,1844.0,20170223,16.7,25.52,21.56,,,,,25.984266,0.09842525
266298,Crystal Lake,MT,46.79,-109.51,1844.0,20170224,12.92,24.26,18.68,,,,,27.9921411,0.20078751
266299,Crystal Lake,MT,46.79,-109.51,1844.0,20170225,6.8,21.02,14.18,,,,,27.0078886,0.0
266300,Crystal Lake,MT,46.79,-109.51,1844.0,20170226,11.66,26.24,18.68,,,,,32.0078913,0.29921276
266301,Crystal Lake,MT,46.79,-109.51,1844.0,20170227,1.94,30.02,15.98,,,,,30.0000162,0.09842525
266302,Crystal Lake,MT,46.79,-109.51,1844.0,20170228,7.52,29.66,19.58,,,,,27.0078886,0.0
266303,Crystal Lake,MT,46.79,-109.51,1844.0,20170301,5.18,31.46,21.2,,,,,32.0078913,0.40157502
266304,Crystal Lake,MT,46.79,-109.51,1844.0,20170302,19.22,36.32,27.86,,,,,32.0078913,0.20078751
266305,Crystal Lake,MT,46.79,-109.51,1844.0,20170303,26.42,45.5,35.42,,,,,27.9921411,0.0
266306,Crystal Lake,MT,46.79,-109.51,1844.0,20170304,26.96,50.36,38.3,,,,,27.0078886,0.0
266307,Crystal Lake,MT,46.79,-109.51,1844.0,20170305,20.66,46.76,33.44,,,,,27.0078886,0.0
266308,Crystal Lake,MT,46.79,-109.51,1844.0,20170306,17.24,30.56,22.46,,,,,25.984266,0.0
266309,Crystal Lake,MT,46.79,-109.51,1844.0,20170307,17.42,29.48,22.28,,,,,25.984266,0.0
266310,Crystal Lake,MT,46.79,-109.51,1844.0,20170308,24.08,39.02,30.74,,,,,27.0078886,0.09842525
266311,Crystal Lake,MT,46.79,-109.51,1844.0,20170309,11.48,32.18,17.96,,,,,32.0078913,0.29921276
266312,Crystal Lake,MT,46.79,-109.51,1844.0,20170310,24.62,49.28,38.12,,,,,29.015763699999997,0.20078751
266313,Crystal Lake,MT,46.79,-109.51,1844.0,20170311,27.5,47.48,38.3,,,,,27.0078886,0.0
266314,Crystal Lake,MT,46.79,-109.51,1844.0,20170312,25.52,42.44,35.06,,,,,25.984266,0.0
266315,Crystal Lake,MT,46.79,-109.51,1844.0,20170313,25.7,50.54,40.1,,,,,25.0000135,0.09842525
266316,Crystal Lake,MT,46.79,-109.51,1844.0,20170314,33.8,48.38,41.54,,,,,24.015760999999998,0.0
266317,Crystal Lake,MT,46.79,-109.51,1844.0,20170315,36.86,54.32,45.5,,,,,22.992138399999998,0.0
266318,Crystal Lake,MT,46.79,-109.51,1844.0,20170316,26.78,50.18,39.56,,,,,22.007885899999998,0.0
266319,Crystal Lake,MT,46.79,-109.51,1844.0,20170317,21.56,49.28,37.94,,,,,20.9842633,0.0
266320,Crystal Lake,MT,46.79,-109.51,1844.0,20170318,37.22,64.22,51.8,,,,,19.0157583,0.0
266321,Crystal Lake,MT,46.79,-109.51,1844.0,20170319,27.32,50.0,39.38,,,,,19.0157583,0.09842525
266322,Crystal Lake,MT,46.79,-109.51,1844.0,20170320,22.82,34.7,29.48,,,,,20.000010800000002,0.0
266323,Crystal Lake,MT,46.79,-109.51,1844.0,20170321,29.3,49.1,39.92,,,,,19.0157583,0.0
266324,Crystal Lake,MT,46.79,-109.51,1844.0,20170322,32.36,55.76,44.06,,,,,17.0078832,0.0
266325,Crystal Lake,MT,46.79,-109.51,1844.0,20170323,26.96,50.18,36.86,,,,,15.9842606,0.0
266326,Crystal Lake,MT,46.79,-109.51,1844.0,20170324,26.6,52.7,42.8,,,,,15.9842606,0.0
266327,Crystal Lake,MT,46.79,-109.51,1844.0,20170325,26.96,49.46,38.48,,,,,15.9842606,0.0
266328,Crystal Lake,MT,46.79,-109.51,1844.0,20170326,26.6,49.82,36.5,,,,,15.0000081,0.0
266329,Crystal Lake,MT,46.79,-109.51,1844.0,20170327,29.3,47.3,37.58,,,,,14.015755599999999,0.0
266330,Crystal Lake,MT,46.79,-109.51,1844.0,20170328,28.58,49.28,35.24,,,,,15.0000081,0.20078751
266331,Crystal Lake,MT,46.79,-109.51,1844.0,20170329,29.48,50.0,39.74,,,,,14.015755599999999,0.0
266332,Crystal Lake,MT,46.79,-109.51,1844.0,20170330,32.9,49.28,37.94,,,,,14.015755599999999,0.0
266333,Crystal Lake,MT,46.79,-109.51,1844.0,20170331,29.66,51.08,35.96,,,,,12.992133,0.0
266334,Crystal Lake,MT,46.79,-109.51,1844.0,20170401,28.94,51.98,42.44,,,,,10.9842579,0.0
266335,Crystal Lake,MT,46.79,-109.51,1844.0,20170402,27.5,48.38,37.4,,,,,10.9842579,0.0
266336,Crystal Lake,MT,46.79,-109.51,1844.0,20170403,23.36,36.5,27.14,,,,,20.9842633,0.70078778
266337,Crystal Lake,MT,46.79,-109.51,1844.0,20170404,19.94,44.96,29.3,,,,,22.992138399999998,1.09842579
266338,Crystal Lake,MT,46.79,-109.51,1844.0,20170405,19.76,55.94,35.78,,,,,20.000010800000002,0.0
266339,Crystal Lake,MT,46.79,-109.51,1844.0,20170406,32.9,61.34,47.3,,,,,15.9842606,0.0
266340,Crystal Lake,MT,46.79,-109.51,1844.0,20170407,35.06,59.18,46.04,,,,,14.015755599999999,0.0
266341,Crystal Lake,MT,46.79,-109.51,1844.0,20170408,31.64,53.96,38.3,,,,,14.015755599999999,0.0
266342,Crystal Lake,MT,46.79,-109.51,1844.0,20170409,22.28,34.7,29.66,,,,,27.9921411,2.00000108
266343,Crystal Lake,MT,46.79,-109.51,1844.0,20170410,16.88,46.22,30.74,,,,,25.0000135,0.09842525
266344,Crystal Lake,MT,46.79,-109.51,1844.0,20170411,19.4,50.72,32.54,,,,,22.992138399999998,0.09842525
266345,Crystal Lake,MT,46.79,-109.51,1844.0,20170412,32.0,55.04,42.26,,,,,20.9842633,0.0
266346,Crystal Lake,MT,46.79,-109.51,1844.0,20170413,35.42,66.2,48.56,,,,,17.0078832,0.0
266347,Crystal Lake,MT,46.79,-109.51,1844.0,20170414,31.1,49.46,36.68,,,,,15.0000081,0.09842525
266348,Crystal Lake,MT,46.79,-109.51,1844.0,20170415,23.0,43.16,31.82,,,,,19.0157583,0.40157502
266349,Crystal Lake,MT,46.79,-109.51,1844.0,20170416,19.4,49.82,34.34,,,,,17.0078832,0.0
266350,Crystal Lake,MT,46.79,-109.51,1844.0,20170417,32.0,50.54,41.36,,,,,15.9842606,0.0
266351,Crystal Lake,MT,46.79,-109.51,1844.0,20170418,32.9,56.48,43.52,,,,,15.9842606,0.0
266352,Crystal Lake,MT,46.79,-109.51,1844.0,20170419,28.04,51.8,38.12,,,,,15.9842606,0.29921276
266353,Crystal Lake,MT,46.79,-109.51,1844.0,20170420,27.86,55.58,44.06,,,,,14.015755599999999,0.0
266354,Crystal Lake,MT,46.79,-109.51,1844.0,20170421,33.44,38.12,35.06,,,,,17.9921357,0.59842552
266355,Crystal Lake,MT,46.79,-109.51,1844.0,20170422,32.9,50.36,40.46,,,,,15.9842606,0.09842525
266356,Crystal Lake,MT,46.79,-109.51,1844.0,20170423,32.72,56.66,41.0,,,,,15.0000081,0.29921276
266357,Crystal Lake,MT,46.79,-109.51,1844.0,20170424,32.54,47.48,37.58,,,,,14.015755599999999,0.09842525
266358,Crystal Lake,MT,46.79,-109.51,1844.0,20170425,28.94,45.68,35.24,,,,,15.9842606,0.09842525
266359,Crystal Lake,MT,46.79,-109.51,1844.0,20170426,25.16,47.66,35.24,,,,,15.9842606,0.20078751
266360,Crystal Lake,MT,46.79,-109.51,1844.0,20170427,31.64,38.48,34.16,,,,,20.9842633,1.00000054
266361,Crystal Lake,MT,46.79,-109.51,1844.0,20170428,26.24,46.4,33.8,,,,,22.007885899999998,0.59842552
266362,Crystal Lake,MT,46.79,-109.51,1844.0,20170429,22.28,47.66,33.98,,,,,20.9842633,0.0
266363,Crystal Lake,MT,46.79,-109.51,1844.0,20170430,31.28,52.34,38.84,,,,,19.0157583,0.29921276
266364,Crystal Lake,MT,46.79,-109.51,1844.0,20170501,32.54,44.24,35.24,,,,,19.0157583,0.29921276
266365,Crystal Lake,MT,46.79,-109.51,1844.0,20170502,32.54,40.1,35.06,,,,,20.9842633,0.40157502
266366,Crystal Lake,MT,46.79,-109.51,1844.0,20170503,27.86,60.08,40.46,,,,,19.0157583,0.0
266367,Crystal Lake,MT,46.79,-109.51,1844.0,20170504,32.9,71.6,47.66,,,,,17.0078832,0.0
266368,Crystal Lake,MT,46.79,-109.51,1844.0,20170505,38.48,73.4,54.5,,,,,15.0000081,0.0
266369,Crystal Lake,MT,46.79,-109.51,1844.0,20170506,37.76,76.82,53.78,,,,,10.9842579,0.0
266370,Crystal Lake,MT,46.79,-109.51,1844.0,20170507,33.44,57.2,42.8,,,,,10.000005400000001,0.40157502
266371,Crystal Lake,MT,46.79,-109.51,1844.0,20170508,30.74,54.86,41.54,,,,,7.007877799999999,0.0
266372,Crystal Lake,MT,46.79,-109.51,1844.0,20170509,32.54,60.62,44.42,,,,,5.0000027000000005,0.0
266373,Crystal Lake,MT,46.79,-109.51,1844.0,20170510,32.72,65.12,49.64,,,,,2.9921276000000003,0.0
266374,Crystal Lake,MT,46.79,-109.51,1844.0,20170511,37.94,73.76,55.22,,,,,0.0,0.0
266375,Crystal Lake,MT,46.79,-109.51,1844.0,20170512,37.58,73.4,57.38,,,,,0.0,0.0
266376,Crystal Lake,MT,46.79,-109.51,1844.0,20170513,25.7,42.98,36.68,,,,,0.9842525,0.29921276
266377,Crystal Lake,MT,46.79,-109.51,1844.0,20170514,25.16,50.54,37.58,,,,,0.0,0.09842525
266378,Crystal Lake,MT,46.79,-109.51,1844.0,20170515,30.38,46.4,37.04,,,,,0.0,0.09842525
266379,Crystal Lake,MT,46.79,-109.51,1844.0,20170516,28.94,54.86,41.9,,,,,0.0,0.09842525
266380,Crystal Lake,MT,46.79,-109.51,1844.0,20170517,35.96,43.34,39.02,,,,,0.0,0.59842552
266381,Crystal Lake,MT,46.79,-109.51,1844.0,20170518,28.58,49.28,38.12,,,,,0.0,0.09842525
266382,Crystal Lake,MT,46.79,-109.51,1844.0,20170519,28.4,55.04,41.72,,,,,0.0,0.0
266383,Crystal Lake,MT,46.79,-109.51,1844.0,20170520,32.18,57.92,42.8,,,,,0.0,0.0
266384,Crystal Lake,MT,46.79,-109.51,1844.0,20170521,32.9,58.64,46.58,,,,,0.0,0.0
266385,Crystal Lake,MT,46.79,-109.51,1844.0,20170522,35.78,59.9,47.66,,,,,0.0,0.0
266386,Crystal Lake,MT,46.79,-109.51,1844.0,20170523,33.8,68.9,54.32,,,,,0.0,0.0
266387,Crystal Lake,MT,46.79,-109.51,1844.0,20170524,36.86,63.86,52.16,,,,,0.0,0.0
266388,Crystal Lake,MT,46.79,-109.51,1844.0,20170525,34.88,42.26,38.12,,,,,0.0,0.79921303
266389,Crystal Lake,MT,46.79,-109.51,1844.0,20170526,31.82,55.04,42.44,,,,,0.0,0.09842525
266390,Crystal Lake,MT,46.79,-109.51,1844.0,20170527,31.64,61.16,46.94,,,,,0.0,0.0
266391,Crystal Lake,MT,46.79,-109.51,1844.0,20170528,37.58,61.52,49.28,,,,,0.0,0.0
266392,Crystal Lake,MT,46.79,-109.51,1844.0,20170529,34.7,64.22,49.28,,,,,0.0,0.0
266393,Crystal Lake,MT,46.79,-109.51,1844.0,20170530,39.2,68.18,55.58,,,,,0.0,0.0
266394,Crystal Lake,MT,46.79,-109.51,1844.0,20170531,48.2,73.94,61.7,,,,,0.0,0.0
266395,Crystal Lake,MT,46.79,-109.51,1844.0,20170601,46.04,77.9,59.54,,,,,0.0,0.0
266396,Crystal Lake,MT,46.79,-109.51,1844.0,20170602,39.02,67.46,52.52,,,,,0.0,0.09842525
266397,Crystal Lake,MT,46.79,-109.51,1844.0,20170603,36.5,71.78,57.56,,,,,0.0,0.0
266398,Crystal Lake,MT,46.79,-109.51,1844.0,20170604,49.46,80.6,63.14,,,,,0.0,0.0
266399,Crystal Lake,MT,46.79,-109.51,1844.0,20170605,37.22,58.28,50.36,,,,,0.0,0.0
266400,Crystal Lake,MT,46.79,-109.51,1844.0,20170606,33.44,65.3,51.98,,,,,0.0,0.0
266401,Crystal Lake,MT,46.79,-109.51,1844.0,20170607,49.1,75.56,64.22,,,,,0.0,0.09842525
266402,Crystal Lake,MT,46.79,-109.51,1844.0,20170608,49.46,79.88,67.46,,,,,0.0,0.09842525
266403,Crystal Lake,MT,46.79,-109.51,1844.0,20170609,42.08,61.7,50.72,,,,,0.0,0.0
266404,Crystal Lake,MT,46.79,-109.51,1844.0,20170610,31.82,56.66,44.78,,,,,0.0,0.09842525
266405,Crystal Lake,MT,46.79,-109.51,1844.0,20170611,28.58,60.98,45.86,,,,,0.0,0.0
266406,Crystal Lake,MT,46.79,-109.51,1844.0,20170612,38.3,71.78,55.4,,,,,0.0,1.50000081
266407,Crystal Lake,MT,46.79,-109.51,1844.0,20170613,36.68,57.38,44.42,,,,,0.9842525,0.70078778
266408,Crystal Lake,MT,46.79,-109.51,1844.0,20170614,39.92,60.08,48.38,,,,,0.0,0.0
266409,Crystal Lake,MT,46.79,-109.51,1844.0,20170615,41.0,59.18,51.8,,,,,0.0,0.20078751
266410,Crystal Lake,MT,46.79,-109.51,1844.0,20170616,43.16,64.22,51.98,,,,,0.0,0.09842525
266411,Crystal Lake,MT,46.79,-109.51,1844.0,20170617,40.64,57.2,47.3,,,,,0.0,0.0
266412,Crystal Lake,MT,46.79,-109.51,1844.0,20170618,40.82,58.28,50.9,,,,,0.0,0.0
266413,Crystal Lake,MT,46.79,-109.51,1844.0,20170619,41.0,67.28,55.76,,,,,0.0,0.0
266414,Crystal Lake,MT,46.79,-109.51,1844.0,20170620,51.98,72.5,64.22,,,,,0.0,0.0
266415,Crystal Lake,MT,46.79,-109.51,1844.0,20170621,41.54,71.06,58.1,,,,,0.0,0.0
266416,Crystal Lake,MT,46.79,-109.51,1844.0,20170622,31.64,56.3,45.14,,,,,0.0,0.0
266417,Crystal Lake,MT,46.79,-109.51,1844.0,20170623,29.84,58.1,44.96,,,,,0.0,0.0
266418,Crystal Lake,MT,46.79,-109.51,1844.0,20170624,40.46,63.14,50.9,,,,,0.0,0.0
266419,Crystal Lake,MT,46.79,-109.51,1844.0,20170625,38.48,69.98,55.4,,,,,0.0,0.0
266420,Crystal Lake,MT,46.79,-109.51,1844.0,20170626,46.4,79.88,65.48,,,,,0.0,0.0
266421,Crystal Lake,MT,46.79,-109.51,1844.0,20170627,48.56,66.92,57.02,,,,,0.0,0.20078751
266422,Crystal Lake,MT,46.79,-109.51,1844.0,20170628,44.24,65.66,55.22,,,,,0.0,0.0
266423,Crystal Lake,MT,46.79,-109.51,1844.0,20170629,38.84,60.44,47.48,,,,,0.0,0.0
266424,Crystal Lake,MT,46.79,-109.51,1844.0,20170630,36.32,69.98,53.06,,,,,0.0,0.0
266425,Crystal Lake,MT,46.79,-109.51,1844.0,20170701,44.78,78.98,61.88,,,,,0.0,0.0
266426,Crystal Lake,MT,46.79,-109.51,1844.0,20170702,50.0,78.08,63.32,,,,,0.0,0.0
266427,Crystal Lake,MT,46.79,-109.51,1844.0,20170703,49.64,83.48,65.3,,,,,0.0,0.0
266428,Crystal Lake,MT,46.79,-109.51,1844.0,20170704,45.14,80.96,63.14,,,,,0.0,0.0
266429,Crystal Lake,MT,46.79,-109.51,1844.0,20170705,51.62,86.0,69.98,,,,,0.0,0.0
266430,Crystal Lake,MT,46.79,-109.51,1844.0,20170706,50.0,81.86,61.7,,,,,0.0,0.20078751
266431,Crystal Lake,MT,46.79,-109.51,1844.0,20170707,49.1,82.04,65.3,,,,,0.0,0.0
266432,Crystal Lake,MT,46.79,-109.51,1844.0,20170708,60.8,86.36,72.14,,,,,0.0,0.0
266433,Crystal Lake,MT,46.79,-109.51,1844.0,20170709,52.88,86.36,67.82,,,,,0.0,0.0
266434,Crystal Lake,MT,46.79,-109.51,1844.0,20170710,50.18,82.4,61.52,,,,,0.0,0.29921276
266435,Crystal Lake,MT,46.79,-109.51,1844.0,20170711,46.22,73.76,58.46,,,,,0.0,0.0
266436,Crystal Lake,MT,46.79,-109.51,1844.0,20170712,42.26,75.74,61.7,,,,,0.0,0.0
266437,Crystal Lake,MT,46.79,-109.51,1844.0,20170713,53.42,84.74,69.8,,,,,0.0,0.0
266438,Crystal Lake,MT,46.79,-109.51,1844.0,20170714,51.08,82.94,67.46,,,,,0.0,0.09842525
266439,Crystal Lake,MT,46.79,-109.51,1844.0,20170715,58.28,86.18,72.5,,,,,0.0,0.0
266440,Crystal Lake,MT,46.79,-109.51,1844.0,20170716,49.82,82.76,67.64,,,,,0.0,0.0
266441,Crystal Lake,MT,46.79,-109.51,1844.0,20170717,44.96,75.2,59.54,,,,,0.0,0.0
266442,Crystal Lake,MT,46.79,-109.51,1844.0,20170718,44.96,77.9,61.34,,,,,0.0,0.0
266443,Crystal Lake,MT,46.79,-109.51,1844.0,20170719,45.5,80.06,62.96,,,,,0.0,0.0
266444,Crystal Lake,MT,46.79,-109.51,1844.0,20170720,55.04,86.36,68.54,,,,,0.0,0.0
266445,Crystal Lake,MT,46.79,-109.51,1844.0,20170721,45.14,76.46,60.08,,,,,0.0,0.0
266446,Crystal Lake,MT,46.79,-109.51,1844.0,20170722,43.34,78.44,60.26,,,,,0.0,0.0
266447,Crystal Lake,MT,46.79,-109.51,1844.0,20170723,49.1,85.1,68.9,,,,,0.0,0.0
266448,Crystal Lake,MT,46.79,-109.51,1844.0,20170724,52.52,80.6,65.12,,,,,0.0,0.0
266449,Crystal Lake,MT,46.79,-109.51,1844.0,20170725,44.6,71.6,58.46,,,,,0.0,0.0
266450,Crystal Lake,MT,46.79,-109.51,1844.0,20170726,48.56,81.14,66.56,,,,,0.0,0.0
266451,Crystal Lake,MT,46.79,-109.51,1844.0,20170727,55.22,77.72,66.2,,,,,0.0,0.0
266452,Crystal Lake,MT,46.79,-109.51,1844.0,20170728,52.16,79.88,66.02,,,,,0.0,0.0
266453,Crystal Lake,MT,46.79,-109.51,1844.0,20170729,59.9,82.58,69.98,,,,,0.0,0.0
266454,Crystal Lake,MT,46.79,-109.51,1844.0,20170730,53.42,84.74,68.72,,,,,0.0,0.0
266455,Crystal Lake,MT,46.79,-109.51,1844.0,20170731,48.2,82.04,63.86,,,,,0.0,0.0
266456,Crystal Lake,MT,46.79,-109.51,1844.0,20170801,48.92,78.08,62.78,,,,,0.0,0.0
266457,Crystal Lake,MT,46.79,-109.51,1844.0,20170802,44.96,59.18,52.34,,,,,0.0,0.0
266458,Crystal Lake,MT,46.79,-109.51,1844.0,20170803,49.1,69.44,58.64,,,,,0.0,0.0
266459,Crystal Lake,MT,46.79,-109.51,1844.0,20170804,48.2,75.74,59.9,,,,,0.0,0.09842525
266460,Crystal Lake,MT,46.79,-109.51,1844.0,20170805,41.36,55.76,49.1,,,,,0.0,0.0
266461,Crystal Lake,MT,46.79,-109.51,1844.0,20170806,39.2,66.02,51.26,,,,,0.0,0.0
266462,Crystal Lake,MT,46.79,-109.51,1844.0,20170807,42.62,73.58,56.66,,,,,0.0,0.0
266463,Crystal Lake,MT,46.79,-109.51,1844.0,20170808,44.06,67.46,54.68,,,,,0.0,0.0
266464,Crystal Lake,MT,46.79,-109.51,1844.0,20170809,40.64,71.96,55.76,,,,,0.0,0.0
266465,Crystal Lake,MT,46.79,-109.51,1844.0,20170810,43.16,73.76,58.1,,,,,0.0,0.0
266466,Crystal Lake,MT,46.79,-109.51,1844.0,20170811,45.32,73.04,58.46,,,,,0.0,0.0
266467,Crystal Lake,MT,46.79,-109.51,1844.0,20170812,42.98,74.66,59.18,,,,,0.0,0.0
266468,Crystal Lake,MT,46.79,-109.51,1844.0,20170813,46.94,77.72,61.52,,,,,0.0,0.20078751
266469,Crystal Lake,MT,46.79,-109.51,1844.0,20170814,42.8,63.86,52.34,,,,,0.0,0.0
266470,Crystal Lake,MT,46.79,-109.51,1844.0,20170815,39.38,70.16,54.86,,,,,0.0,0.0
266471,Crystal Lake,MT,46.79,-109.51,1844.0,20170816,46.4,76.1,59.18,,,,,0.0,0.0
266472,Crystal Lake,MT,46.79,-109.51,1844.0,20170817,44.06,72.86,56.84,,,,,0.0,0.0
266473,Crystal Lake,MT,46.79,-109.51,1844.0,20170818,45.68,79.34,60.08,,,,,0.0,0.0
266474,Crystal Lake,MT,46.79,-109.51,1844.0,20170819,47.3,70.52,59.18,,,,,0.0,0.0
266475,Crystal Lake,MT,46.79,-109.51,1844.0,20170820,46.94,71.96,58.28,,,,,0.0,0.0
266476,Crystal Lake,MT,46.79,-109.51,1844.0,20170821,41.54,70.16,55.04,,,,,0.0,0.0
266477,Crystal Lake,MT,46.79,-109.51,1844.0,20170822,46.4,80.06,63.14,,,,,0.0,0.0
266478,Crystal Lake,MT,46.79,-109.51,1844.0,20170823,50.9,80.78,64.22,,,,,0.0,0.0
266479,Crystal Lake,MT,46.79,-109.51,1844.0,20170824,46.76,80.6,60.62,,,,,0.0,0.0
266480,Crystal Lake,MT,46.79,-109.51,1844.0,20170825,45.68,75.2,59.54,,,,,0.0,0.0
266481,Crystal Lake,MT,46.79,-109.51,1844.0,20170826,44.42,73.94,58.1,,,,,0.0,0.0
266482,Crystal Lake,MT,46.79,-109.51,1844.0,20170827,53.42,80.42,65.48,,,,,0.0,0.0
266483,Crystal Lake,MT,46.79,-109.51,1844.0,20170828,50.72,81.68,64.04,,,,,0.0,0.0
266484,Crystal Lake,MT,46.79,-109.51,1844.0,20170829,49.28,82.22,65.66,,,,,0.0,0.0
266485,Crystal Lake,MT,46.79,-109.51,1844.0,20170830,57.02,84.38,70.88,,,,,0.0,0.0
266486,Crystal Lake,MT,46.79,-109.51,1844.0,20170831,50.18,78.62,64.22,,,,,0.0,0.0
266487,Crystal Lake,MT,46.79,-109.51,1844.0,20170901,47.84,73.4,59.72,,,,,0.0,0.0
266488,Crystal Lake,MT,46.79,-109.51,1844.0,20170902,47.12,82.76,62.42,,,,,0.0,0.0
266489,Crystal Lake,MT,46.79,-109.51,1844.0,20170903,50.18,80.78,66.38,,,,,0.0,0.0
266490,Crystal Lake,MT,46.79,-109.51,1844.0,20170904,37.58,60.08,48.92,,,,,0.0,0.0
266491,Crystal Lake,MT,46.79,-109.51,1844.0,20170905,37.4,71.24,51.8,,,,,0.0,0.0
266492,Crystal Lake,MT,46.79,-109.51,1844.0,20170906,41.18,75.56,56.12,,,,,0.0,0.0
266493,Crystal Lake,MT,46.79,-109.51,1844.0,20170907,42.44,78.8,61.16,,,,,0.0,0.0
266494,Crystal Lake,MT,46.79,-109.51,1844.0,20170908,52.34,80.24,67.28,,,,,0.0,0.0
266495,Crystal Lake,MT,46.79,-109.51,1844.0,20170909,50.54,82.4,65.48,,,,,0.0,0.0
266496,Crystal Lake,MT,46.79,-109.51,1844.0,20170910,47.48,75.38,61.7,,,,,0.0,0.0
266497,Crystal Lake,MT,46.79,-109.51,1844.0,20170911,44.96,81.68,60.44,,,,,0.0,0.0
266498,Crystal Lake,MT,46.79,-109.51,1844.0,20170912,46.94,81.32,62.42,,,,,0.0,0.0
266499,Crystal Lake,MT,46.79,-109.51,1844.0,20170913,43.7,67.28,58.46,,,,,0.0,0.0
266500,Crystal Lake,MT,46.79,-109.51,1844.0,20170914,37.4,43.88,40.82,,,,,0.0,1.00000054
266501,Crystal Lake,MT,46.79,-109.51,1844.0,20170915,33.26,37.4,34.7,,,,,4.0157502,0.70078778
266502,Crystal Lake,MT,46.79,-109.51,1844.0,20170916,31.82,41.36,35.96,,,,,2.0078751,0.09842525
266503,Crystal Lake,MT,46.79,-109.51,1844.0,20170917,33.8,53.42,41.72,,,,,0.0,0.0
266504,Crystal Lake,MT,46.79,-109.51,1844.0,20170918,38.66,56.84,47.66,,,,,0.0,0.09842525
266505,Crystal Lake,MT,46.79,-109.51,1844.0,20170919,32.72,48.56,40.1,,,,,0.0,0.0
266506,Crystal Lake,MT,46.79,-109.51,1844.0,20170920,34.7,48.38,39.74,,,,,0.0,0.0
266507,Crystal Lake,MT,46.79,-109.51,1844.0,20170921,33.08,43.16,37.22,,,,,0.9842525,0.20078751
266508,Fisher Creek,MT,45.06,-109.94,2773.7,20170101,0.14,17.6,11.48,,,,,54.0157772,0.20078751
266509,Fisher Creek,MT,45.06,-109.94,2773.7,20170102,-11.38,3.92,-1.3,,,,,54.0157772,0.0
266510,Fisher Creek,MT,45.06,-109.94,2773.7,20170103,-5.26,10.94,2.12,,,,,52.0079021,0.0
266511,Fisher Creek,MT,45.06,-109.94,2773.7,20170104,-17.5,4.64,-4.9,,,,,52.0079021,0.0
266512,Fisher Creek,MT,45.06,-109.94,2773.7,20170105,-18.4,9.5,-5.98,,,,,50.9842795,0.0
266513,Fisher Creek,MT,45.06,-109.94,2773.7,20170106,-7.06,6.62,0.14,,,,,50.000027,0.0
266514,Fisher Creek,MT,45.06,-109.94,2773.7,20170107,-2.38,18.32,10.04,,,,,52.9921546,0.40157502
266515,Fisher Creek,MT,45.06,-109.94,2773.7,20170108,15.98,30.2,23.0,,,,,59.0157799,0.79921303
266516,Fisher Creek,MT,45.06,-109.94,2773.7,20170109,15.8,30.02,25.7,,,,,67.00791020000001,1.20078805
266517,Fisher Creek,MT,45.06,-109.94,2773.7,20170110,13.64,22.28,17.6,,,,,75.0000405,0.59842552
266518,Fisher Creek,MT,45.06,-109.94,2773.7,20170111,15.26,26.42,21.02,,,,,80.00004320000001,0.70078778
266519,Fisher Creek,MT,45.06,-109.94,2773.7,20170112,2.66,17.96,11.84,,,,,77.9921681,0.0
266520,Fisher Creek,MT,45.06,-109.94,2773.7,20170113,-0.76,21.38,7.52,,,,,75.0000405,0.0
266521,Fisher Creek,MT,45.06,-109.94,2773.7,20170114,3.38,24.8,11.3,,,,,72.9921654,0.09842525
266522,Fisher Creek,MT,45.06,-109.94,2773.7,20170115,8.42,33.08,15.8,,,,,70.9842903,0.0
266523,Fisher Creek,MT,45.06,-109.94,2773.7,20170116,7.88,29.48,18.5,,,,,69.0157853,0.0
266524,Fisher Creek,MT,45.06,-109.94,2773.7,20170117,19.58,35.42,26.24,,,,,67.9921627,0.09842525
266525,Fisher Creek,MT,45.06,-109.94,2773.7,20170118,18.86,37.76,27.14,,,,,65.9842876,0.0
266526,Fisher Creek,MT,45.06,-109.94,2773.7,20170119,21.56,29.84,25.34,,,,,67.9921627,0.09842525
266527,Fisher Creek,MT,45.06,-109.94,2773.7,20170120,5.72,24.8,17.96,,,,,67.00791020000001,0.0
266528,Fisher Creek,MT,45.06,-109.94,2773.7,20170121,5.72,26.96,17.78,,,,,65.9842876,0.0
266529,Fisher Creek,MT,45.06,-109.94,2773.7,20170122,16.52,23.9,18.86,,,,,67.9921627,0.09842525
266530,Fisher Creek,MT,45.06,-109.94,2773.7,20170123,10.58,27.86,17.6,,,,,67.9921627,0.0
266531,Fisher Creek,MT,45.06,-109.94,2773.7,20170124,3.56,16.7,8.6,,,,,67.00791020000001,0.0
266532,Fisher Creek,MT,45.06,-109.94,2773.7,20170125,-2.74,14.36,6.98,,,,,65.9842876,0.09842525
266533,Fisher Creek,MT,45.06,-109.94,2773.7,20170126,4.82,13.64,8.06,,,,,65.0000351,0.0
266534,Fisher Creek,MT,45.06,-109.94,2773.7,20170127,6.26,22.64,15.26,,,,,64.0157826,0.09842525
266535,Fisher Creek,MT,45.06,-109.94,2773.7,20170128,17.78,29.84,23.18,,,,,62.99216,0.09842525
266536,Fisher Creek,MT,45.06,-109.94,2773.7,20170129,15.62,35.24,23.36,,,,,62.007907499999995,0.0
266537,Fisher Creek,MT,45.06,-109.94,2773.7,20170130,17.24,30.56,21.56,,,,,65.0000351,0.09842525
266538,Fisher Creek,MT,45.06,-109.94,2773.7,20170131,14.18,21.2,18.68,,,,,77.9921681,0.59842552
266539,Fisher Creek,MT,45.06,-109.94,2773.7,20170201,-1.12,14.9,5.0,,,,,75.98429300000001,0.09842525
266540,Fisher Creek,MT,45.06,-109.94,2773.7,20170202,-5.8,17.96,4.82,,,,,79.0157907,0.29921276
266541,Fisher Creek,MT,45.06,-109.94,2773.7,20170203,-4.54,28.94,21.56,,,,,77.9921681,0.40157502
266542,Fisher Creek,MT,45.06,-109.94,2773.7,20170204,24.98,28.76,26.42,,,,,85.0000459,1.2992133
266543,Fisher Creek,MT,45.06,-109.94,2773.7,20170205,25.7,29.3,26.96,,,,,89.01579609999999,1.20078805
266544,Fisher Creek,MT,45.06,-109.94,2773.7,20170206,22.46,28.94,26.96,,,,,95.0000513,1.09842579
266545,Fisher Creek,MT,45.06,-109.94,2773.7,20170207,17.06,24.98,21.2,,,,,99.0158015,0.50000027
266546,Fisher Creek,MT,45.06,-109.94,2773.7,20170208,19.04,28.94,23.18,,,,,102.0079291,0.70078778
266547,Fisher Creek,MT,45.06,-109.94,2773.7,20170209,28.76,35.42,33.44,,,,,109.01580690000002,2.00000108
266548,Fisher Creek,MT,45.06,-109.94,2773.7,20170210,24.62,34.88,29.48,,,,,115.00006210000001,1.59842606
266549,Fisher Creek,MT,45.06,-109.94,2773.7,20170211,6.62,24.8,17.42,,,,,110.9843119,0.09842525
266550,Fisher Creek,MT,45.06,-109.94,2773.7,20170212,5.9,33.08,19.04,,,,,107.0079318,0.0
266551,Fisher Creek,MT,45.06,-109.94,2773.7,20170213,13.82,37.22,23.36,,,,,105.0000567,0.0
266552,Fisher Creek,MT,45.06,-109.94,2773.7,20170214,17.6,46.58,28.22,,,,,102.9921816,0.0
266553,Fisher Creek,MT,45.06,-109.94,2773.7,20170215,21.02,40.82,29.12,,,,,102.0079291,0.0
266554,Fisher Creek,MT,45.06,-109.94,2773.7,20170216,24.8,39.74,32.54,,,,,100.000054,0.0
266555,Fisher Creek,MT,45.06,-109.94,2773.7,20170217,22.1,37.04,26.24,,,,,99.0158015,0.0
266556,Fisher Creek,MT,45.06,-109.94,2773.7,20170218,26.78,34.52,31.1,,,,,99.0158015,0.0
266557,Fisher Creek,MT,45.06,-109.94,2773.7,20170219,22.1,34.7,29.3,,,,,102.0079291,0.40157502
266558,Fisher Creek,MT,45.06,-109.94,2773.7,20170220,21.56,31.64,28.04,,,,,107.0079318,0.90157529
266559,Fisher Creek,MT,45.06,-109.94,2773.7,20170221,21.38,31.28,28.04,,,,,110.0000594,0.79921303
266560,Fisher Creek,MT,45.06,-109.94,2773.7,20170222,4.46,30.56,17.78,,,,,109.01580690000002,0.09842525
266561,Fisher Creek,MT,45.06,-109.94,2773.7,20170223,4.1,19.76,11.48,,,,,107.0079318,0.0
266562,Fisher Creek,MT,45.06,-109.94,2773.7,20170224,4.28,20.84,10.58,,,,,107.0079318,0.09842525
266563,Fisher Creek,MT,45.06,-109.94,2773.7,20170225,3.74,12.02,6.26,,,,,107.99218429999999,0.09842525
266564,Fisher Creek,MT,45.06,-109.94,2773.7,20170226,3.92,15.26,9.14,,,,,107.99218429999999,0.20078751
266565,Fisher Creek,MT,45.06,-109.94,2773.7,20170227,1.4,21.38,11.66,,,,,110.9843119,0.29921276
266566,Fisher Creek,MT,45.06,-109.94,2773.7,20170228,7.16,17.24,10.22,,,,,112.00793449999999,0.29921276
266567,Fisher Creek,MT,45.06,-109.94,2773.7,20170301,6.8,18.86,12.92,,,,,115.00006210000001,0.29921276
266568,Fisher Creek,MT,45.06,-109.94,2773.7,20170302,14.9,28.04,19.76,,,,,112.99218700000002,0.29921276
266569,Fisher Creek,MT,45.06,-109.94,2773.7,20170303,19.04,37.4,26.6,,,,,110.9843119,0.09842525
266570,Fisher Creek,MT,45.06,-109.94,2773.7,20170304,26.24,36.5,28.76,,,,,110.0000594,0.0
266571,Fisher Creek,MT,45.06,-109.94,2773.7,20170305,18.14,30.92,25.34,,,,,115.00006210000001,0.40157502
266572,Fisher Creek,MT,45.06,-109.94,2773.7,20170306,8.78,19.4,12.56,,,,,117.0079372,0.40157502
266573,Fisher Creek,MT,45.06,-109.94,2773.7,20170307,6.62,20.84,14.18,,,,,117.99218970000001,0.20078751
266574,Fisher Creek,MT,45.06,-109.94,2773.7,20170308,20.48,28.4,26.06,,,,,129.0158177,1.2992133
266575,Fisher Creek,MT,45.06,-109.94,2773.7,20170309,27.68,34.34,30.56,,,,,132.0079453,1.09842579
266576,Fisher Creek,MT,45.06,-109.94,2773.7,20170310,29.66,38.3,33.44,,,,,130.0000702,0.70078778
266577,Fisher Creek,MT,45.06,-109.94,2773.7,20170311,24.08,41.9,31.46,,,,,129.0158177,0.0
266578,Fisher Creek,MT,45.06,-109.94,2773.7,20170312,22.1,35.24,27.5,,,,,127.00794259999999,0.20078751
266579,Fisher Creek,MT,45.06,-109.94,2773.7,20170313,23.9,39.74,31.1,,,,,125.0000675,0.0
266580,Fisher Creek,MT,45.06,-109.94,2773.7,20170314,31.1,45.5,35.96,,,,,124.01581499999999,0.20078751
266581,Fisher Creek,MT,45.06,-109.94,2773.7,20170315,33.26,50.36,39.92,,,,,120.9843173,0.29921276
266582,Fisher Creek,MT,45.06,-109.94,2773.7,20170316,26.42,39.38,33.08,,,,,125.0000675,0.59842552
266583,Fisher Creek,MT,45.06,-109.94,2773.7,20170317,21.2,47.48,34.7,,,,,122.99219240000001,0.09842525
266584,Fisher Creek,MT,45.06,-109.94,2773.7,20170318,35.78,52.34,43.16,,,,,120.0000648,0.0
266585,Fisher Creek,MT,45.06,-109.94,2773.7,20170319,32.9,39.74,35.6,,,,,122.99219240000001,0.50000027
266586,Fisher Creek,MT,45.06,-109.94,2773.7,20170320,32.0,39.2,34.7,,,,,125.98432,0.59842552
266587,Fisher Creek,MT,45.06,-109.94,2773.7,20170321,31.28,48.02,37.94,,,,,122.99219240000001,0.20078751
266588,Fisher Creek,MT,45.06,-109.94,2773.7,20170322,30.56,47.3,36.32,,,,,122.0079399,0.29921276
266589,Fisher Creek,MT,45.06,-109.94,2773.7,20170323,19.58,41.36,30.38,,,,,120.9843173,0.0
266590,Fisher Creek,MT,45.06,-109.94,2773.7,20170324,17.24,43.7,31.28,,,,,119.0158123,0.0
266591,Fisher Creek,MT,45.06,-109.94,2773.7,20170325,22.64,37.58,31.1,,,,,120.0000648,0.20078751
266592,Fisher Creek,MT,45.06,-109.94,2773.7,20170326,22.82,42.98,30.02,,,,,120.0000648,0.09842525
266593,Fisher Creek,MT,45.06,-109.94,2773.7,20170327,25.16,40.1,30.74,,,,,125.98432,0.40157502
266594,Fisher Creek,MT,45.06,-109.94,2773.7,20170328,21.02,41.0,29.48,,,,,124.01581499999999,0.20078751
266595,Fisher Creek,MT,45.06,-109.94,2773.7,20170329,21.92,38.66,31.1,,,,,124.01581499999999,0.0
266596,Fisher Creek,MT,45.06,-109.94,2773.7,20170330,24.98,46.04,33.26,,,,,124.01581499999999,0.59842552
266597,Fisher Creek,MT,45.06,-109.94,2773.7,20170331,17.06,40.46,29.66,,,,,122.99219240000001,0.09842525
266598,Fisher Creek,MT,45.06,-109.94,2773.7,20170401,16.52,48.02,33.44,,,,,122.0079399,0.0
266599,Fisher Creek,MT,45.06,-109.94,2773.7,20170402,21.2,43.34,30.92,,,,,122.99219240000001,0.0
266600,Fisher Creek,MT,45.06,-109.94,2773.7,20170403,10.04,34.34,20.12,,,,,122.0079399,0.09842525
266601,Fisher Creek,MT,45.06,-109.94,2773.7,20170404,9.86,36.32,22.82,,,,,122.0079399,0.09842525
266602,Fisher Creek,MT,45.06,-109.94,2773.7,20170405,17.42,41.54,29.48,,,,,120.0000648,0.0
266603,Fisher Creek,MT,45.06,-109.94,2773.7,20170406,21.38,51.8,37.4,,,,,119.0158123,0.0
266604,Fisher Creek,MT,45.06,-109.94,2773.7,20170407,29.84,45.86,38.3,,,,,122.0079399,0.09842525
266605,Fisher Creek,MT,45.06,-109.94,2773.7,20170408,26.06,41.54,31.1,,,,,122.0079399,0.29921276
266606,Fisher Creek,MT,45.06,-109.94,2773.7,20170409,11.66,28.76,23.18,,,,,125.0000675,0.50000027
266607,Fisher Creek,MT,45.06,-109.94,2773.7,20170410,11.66,34.52,24.44,,,,,127.00794259999999,0.0
266608,Fisher Creek,MT,45.06,-109.94,2773.7,20170411,22.64,44.24,30.74,,,,,127.99219509999999,0.50000027
266609,Fisher Creek,MT,45.06,-109.94,2773.7,20170412,27.86,48.74,35.06,,,,,125.0000675,0.40157502
266610,Fisher Creek,MT,45.06,-109.94,2773.7,20170413,26.96,56.12,40.82,,,,,122.0079399,0.0
266611,Fisher Creek,MT,45.06,-109.94,2773.7,20170414,19.76,36.68,27.68,,,,,124.01581499999999,0.29921276
266612,Fisher Creek,MT,45.06,-109.94,2773.7,20170415,17.6,33.98,25.52,,,,,124.01581499999999,0.09842525
266613,Fisher Creek,MT,45.06,-109.94,2773.7,20170416,21.38,45.86,32.0,,,,,122.0079399,0.09842525
266614,Fisher Creek,MT,45.06,-109.94,2773.7,20170417,24.8,38.66,32.18,,,,,122.99219240000001,0.0
266615,Fisher Creek,MT,45.06,-109.94,2773.7,20170418,30.74,46.94,35.42,,,,,122.0079399,0.20078751
266616,Fisher Creek,MT,45.06,-109.94,2773.7,20170419,20.66,44.96,33.26,,,,,120.9843173,0.40157502
266617,Fisher Creek,MT,45.06,-109.94,2773.7,20170420,19.4,45.86,32.72,,,,,127.00794259999999,0.0
266618,Fisher Creek,MT,45.06,-109.94,2773.7,20170421,18.14,37.22,28.94,,,,,127.99219509999999,0.79921303
266619,Fisher Creek,MT,45.06,-109.94,2773.7,20170422,15.26,47.66,31.28,,,,,125.0000675,0.09842525
266620,Fisher Creek,MT,45.06,-109.94,2773.7,20170423,24.44,45.68,32.9,,,,,127.99219509999999,0.09842525
266621,Fisher Creek,MT,45.06,-109.94,2773.7,20170424,26.24,42.8,32.54,,,,,130.0000702,0.59842552
266622,Fisher Creek,MT,45.06,-109.94,2773.7,20170425,21.02,46.4,31.28,,,,,125.98432,0.29921276
266623,Fisher Creek,MT,45.06,-109.94,2773.7,20170426,25.16,41.9,30.38,,,,,130.9843227,0.20078751
266624,Fisher Creek,MT,45.06,-109.94,2773.7,20170427,21.92,38.3,28.4,,,,,130.0000702,0.20078751
266625,Fisher Creek,MT,45.06,-109.94,2773.7,20170428,20.12,39.92,27.68,,,,,129.0158177,0.20078751
266626,Fisher Creek,MT,45.06,-109.94,2773.7,20170429,10.94,43.16,28.22,,,,,127.00794259999999,0.09842525
266627,Fisher Creek,MT,45.06,-109.94,2773.7,20170430,26.42,42.08,32.72,,,,,127.99219509999999,0.0
266628,Fisher Creek,MT,45.06,-109.94,2773.7,20170501,25.88,42.08,32.72,,,,,129.0158177,0.29921276
266629,Fisher Creek,MT,45.06,-109.94,2773.7,20170502,26.96,42.8,33.62,,,,,125.0000675,0.40157502
266630,Fisher Creek,MT,45.06,-109.94,2773.7,20170503,22.64,50.54,38.12,,,,,124.01581499999999,0.0
266631,Fisher Creek,MT,45.06,-109.94,2773.7,20170504,30.92,61.88,44.78,,,,,122.0079399,0.20078751
266632,Fisher Creek,MT,45.06,-109.94,2773.7,20170505,32.72,63.68,46.58,,,,,119.0158123,0.0
266633,Fisher Creek,MT,45.06,-109.94,2773.7,20170506,36.86,64.94,48.2,,,,,117.0079372,0.0
266634,Fisher Creek,MT,45.06,-109.94,2773.7,20170507,37.4,60.08,45.86,,,,,114.0158096,0.0
266635,Fisher Creek,MT,45.06,-109.94,2773.7,20170508,34.7,54.5,41.9,,,,,112.00793449999999,0.0
266636,Fisher Creek,MT,45.06,-109.94,2773.7,20170509,29.12,52.88,38.12,,,,,110.9843119,0.0
266637,Fisher Creek,MT,45.06,-109.94,2773.7,20170510,27.68,56.84,41.72,,,,,109.01580690000002,0.09842525
266638,Fisher Creek,MT,45.06,-109.94,2773.7,20170511,32.9,62.78,46.22,,,,,105.9843092,0.09842525
266639,Fisher Creek,MT,45.06,-109.94,2773.7,20170512,35.24,63.68,47.3,,,,,105.0000567,0.09842525
266640,Fisher Creek,MT,45.06,-109.94,2773.7,20170513,26.78,51.98,37.76,,,,,104.0158042,0.0
266641,Fisher Creek,MT,45.06,-109.94,2773.7,20170514,25.52,44.42,33.26,,,,,102.9921816,0.0
266642,Fisher Creek,MT,45.06,-109.94,2773.7,20170515,31.46,50.54,39.38,,,,,102.0079291,0.0
266643,Fisher Creek,MT,45.06,-109.94,2773.7,20170516,29.12,47.66,35.96,,,,,100.000054,0.0
266644,Fisher Creek,MT,45.06,-109.94,2773.7,20170517,23.54,33.44,28.76,,,,,105.9843092,0.09842525
266645,Fisher Creek,MT,45.06,-109.94,2773.7,20170518,19.22,42.98,30.74,,,,,104.0158042,0.29921276
266646,Fisher Creek,MT,45.06,-109.94,2773.7,20170519,17.42,48.92,33.26,,,,,102.0079291,0.09842525
266647,Fisher Creek,MT,45.06,-109.94,2773.7,20170520,25.7,49.82,38.3,,,,,100.000054,0.0
266648,Fisher Creek,MT,45.06,-109.94,2773.7,20170521,28.04,51.08,38.66,,,,,97.99217890000001,0.0
266649,Fisher Creek,MT,45.06,-109.94,2773.7,20170522,29.66,44.96,37.58,,,,,97.0079264,0.09842525
266650,Fisher Creek,MT,45.06,-109.94,2773.7,20170523,29.12,58.46,45.32,,,,,94.0157988,0.0
266651,Fisher Creek,MT,45.06,-109.94,2773.7,20170524,30.02,55.04,44.78,,,,,92.0079237,0.09842525
266652,Fisher Creek,MT,45.06,-109.94,2773.7,20170525,26.24,42.62,32.9,,,,,92.0079237,0.0
266653,Fisher Creek,MT,45.06,-109.94,2773.7,20170526,28.76,40.46,33.62,,,,,92.0079237,0.0
266654,Fisher Creek,MT,45.06,-109.94,2773.7,20170527,27.14,51.62,39.56,,,,,90.00004859999999,0.0
266655,Fisher Creek,MT,45.06,-109.94,2773.7,20170528,31.46,55.94,43.34,,,,,87.99217349999999,0.0
266656,Fisher Creek,MT,45.06,-109.94,2773.7,20170529,31.1,58.46,43.7,,,,,85.0000459,0.09842525
266657,Fisher Creek,MT,45.06,-109.94,2773.7,20170530,32.9,62.06,45.68,,,,,82.9921708,0.0
266658,Fisher Creek,MT,45.06,-109.94,2773.7,20170531,34.7,67.1,48.74,,,,,80.00004320000001,0.0
266659,Fisher Creek,MT,45.06,-109.94,2773.7,20170601,37.22,64.22,49.28,,,,,77.00791559999999,0.0
266660,Fisher Creek,MT,45.06,-109.94,2773.7,20170602,36.32,59.0,46.58,,,,,74.015788,0.0
266661,Fisher Creek,MT,45.06,-109.94,2773.7,20170603,34.16,64.94,48.38,,,,,72.00791290000001,0.0
266662,Fisher Creek,MT,45.06,-109.94,2773.7,20170604,37.22,70.16,51.26,,,,,69.0157853,0.0
266663,Fisher Creek,MT,45.06,-109.94,2773.7,20170605,34.88,62.6,48.2,,,,,65.0000351,0.0
266664,Fisher Creek,MT,45.06,-109.94,2773.7,20170606,36.14,64.4,47.66,,,,,62.007907499999995,0.0
266665,Fisher Creek,MT,45.06,-109.94,2773.7,20170607,36.86,69.98,49.82,,,,,57.992157299999995,0.0
266666,Fisher Creek,MT,45.06,-109.94,2773.7,20170608,37.94,69.8,52.52,,,,,55.0000297,0.0
266667,Fisher Creek,MT,45.06,-109.94,2773.7,20170609,34.52,54.86,43.34,,,,,57.0079048,0.20078751
266668,Fisher Creek,MT,45.06,-109.94,2773.7,20170610,34.16,47.66,39.38,,,,,52.9921546,0.0
266669,Fisher Creek,MT,45.06,-109.94,2773.7,20170611,32.0,52.7,42.26,,,,,52.0079021,0.09842525
266670,Fisher Creek,MT,45.06,-109.94,2773.7,20170612,30.74,55.04,40.46,,,,,50.9842795,0.40157502
266671,Fisher Creek,MT,45.06,-109.94,2773.7,20170613,31.1,38.3,34.34,,,,,55.9842822,0.29921276
266672,Fisher Creek,MT,45.06,-109.94,2773.7,20170614,35.06,49.46,41.36,,,,,52.0079021,0.50000027
266673,Fisher Creek,MT,45.06,-109.94,2773.7,20170615,39.56,52.88,44.96,,,,,47.992151899999996,0.0
266674,Fisher Creek,MT,45.06,-109.94,2773.7,20170616,40.28,49.1,42.62,,,,,47.992151899999996,0.40157502
266675,Fisher Creek,MT,45.06,-109.94,2773.7,20170617,35.24,52.88,42.98,,,,,45.00002429999999,0.59842552
266676,Fisher Creek,MT,45.06,-109.94,2773.7,20170618,41.54,53.42,45.14,,,,,44.015771799999996,0.0
266677,Fisher Creek,MT,45.06,-109.94,2773.7,20170619,41.9,62.6,49.82,,,,,40.9842741,0.09842525
266678,Fisher Creek,MT,45.06,-109.94,2773.7,20170620,41.0,68.72,51.62,,,,,35.9842714,0.20078751
266679,Fisher Creek,MT,45.06,-109.94,2773.7,20170621,38.66,64.94,53.24,,,,,32.9921438,0.09842525
266680,Fisher Creek,MT,45.06,-109.94,2773.7,20170622,33.44,57.02,44.96,,,,,30.984268699999998,0.09842525
266681,Fisher Creek,MT,45.06,-109.94,2773.7,20170623,28.94,54.68,41.54,,,,,27.9921411,0.0
266682,Fisher Creek,MT,45.06,-109.94,2773.7,20170624,30.74,57.74,43.88,,,,,25.984266,0.0
266683,Fisher Creek,MT,45.06,-109.94,2773.7,20170625,33.26,62.6,47.84,,,,,22.007885899999998,0.09842525
266684,Fisher Creek,MT,45.06,-109.94,2773.7,20170626,37.22,69.98,52.52,,,,,17.0078832,0.0
266685,Fisher Creek,MT,45.06,-109.94,2773.7,20170627,36.86,56.84,45.14,,,,,12.992133,0.0
266686,Fisher Creek,MT,45.06,-109.94,2773.7,20170628,34.7,55.04,41.18,,,,,12.007880499999999,0.29921276
266687,Fisher Creek,MT,45.06,-109.94,2773.7,20170629,32.18,51.44,39.74,,,,,10.000005400000001,0.29921276
266688,Fisher Creek,MT,45.06,-109.94,2773.7,20170630,32.54,57.92,45.14,,,,,7.9921303,0.0
266689,Fisher Creek,MT,45.06,-109.94,2773.7,20170701,38.3,65.3,51.44,,,,,2.9921276000000003,0.0
266690,Fisher Creek,MT,45.06,-109.94,2773.7,20170702,38.84,65.66,50.36,,,,,0.0,0.0
266691,Fisher Creek,MT,45.06,-109.94,2773.7,20170703,40.28,68.72,54.68,,,,,0.0,0.0
266692,Fisher Creek,MT,45.06,-109.94,2773.7,20170704,41.9,69.62,55.4,,,,,0.0,0.0
266693,Fisher Creek,MT,45.06,-109.94,2773.7,20170705,43.52,74.12,56.66,,,,,0.0,0.09842525
266694,Fisher Creek,MT,45.06,-109.94,2773.7,20170706,43.34,72.14,55.22,,,,,0.0,0.09842525
266695,Fisher Creek,MT,45.06,-109.94,2773.7,20170707,42.44,70.7,53.24,,,,,0.0,0.09842525
266696,Fisher Creek,MT,45.06,-109.94,2773.7,20170708,42.44,72.86,56.84,,,,,0.0,0.0
266697,Fisher Creek,MT,45.06,-109.94,2773.7,20170709,45.14,71.78,54.68,,,,,0.0,0.09842525
266698,Fisher Creek,MT,45.06,-109.94,2773.7,20170710,44.96,69.08,58.1,,,,,0.0,0.09842525
266699,Fisher Creek,MT,45.06,-109.94,2773.7,20170711,43.52,64.76,52.52,,,,,0.0,0.20078751
266700,Fisher Creek,MT,45.06,-109.94,2773.7,20170712,41.54,66.56,53.24,,,,,0.0,0.0
266701,Fisher Creek,MT,45.06,-109.94,2773.7,20170713,43.16,72.86,58.64,,,,,0.0,0.09842525
266702,Fisher Creek,MT,45.06,-109.94,2773.7,20170714,47.12,73.76,59.36,,,,,0.0,0.0
266703,Fisher Creek,MT,45.06,-109.94,2773.7,20170715,46.58,74.3,56.84,,,,,0.0,0.09842525
266704,Fisher Creek,MT,45.06,-109.94,2773.7,20170716,43.7,68.54,53.78,,,,,0.0,0.0
266705,Fisher Creek,MT,45.06,-109.94,2773.7,20170717,41.72,68.36,54.32,,,,,0.0,0.09842525
266706,Fisher Creek,MT,45.06,-109.94,2773.7,20170718,41.72,68.54,55.94,,,,,0.0,0.20078751
266707,Fisher Creek,MT,45.06,-109.94,2773.7,20170719,48.02,72.32,59.72,,,,,0.0,0.09842525
266708,Fisher Creek,MT,45.06,-109.94,2773.7,20170720,47.48,65.3,56.48,,,,,0.0,0.0
266709,Fisher Creek,MT,45.06,-109.94,2773.7,20170721,42.26,67.64,54.86,,,,,0.0,0.09842525
266710,Fisher Creek,MT,45.06,-109.94,2773.7,20170722,41.72,69.8,55.76,,,,,0.0,0.09842525
266711,Fisher Creek,MT,45.06,-109.94,2773.7,20170723,43.34,70.16,55.04,,,,,0.0,0.0
266712,Fisher Creek,MT,45.06,-109.94,2773.7,20170724,46.22,71.6,57.56,,,,,0.0,0.09842525
266713,Fisher Creek,MT,45.06,-109.94,2773.7,20170725,42.98,64.58,51.44,,,,,0.0,0.0
266714,Fisher Creek,MT,45.06,-109.94,2773.7,20170726,42.44,65.3,53.06,,,,,0.0,0.20078751
266715,Fisher Creek,MT,45.06,-109.94,2773.7,20170727,43.7,67.82,52.34,,,,,0.0,0.09842525
266716,Fisher Creek,MT,45.06,-109.94,2773.7,20170728,43.34,67.1,53.06,,,,,0.0,0.0
266717,Fisher Creek,MT,45.06,-109.94,2773.7,20170729,41.9,67.82,51.62,,,,,0.0,0.20078751
266718,Fisher Creek,MT,45.06,-109.94,2773.7,20170730,42.8,69.08,55.76,,,,,0.0,0.0
266719,Fisher Creek,MT,45.06,-109.94,2773.7,20170731,46.58,72.5,57.56,,,,,0.0,0.0
266720,Fisher Creek,MT,45.06,-109.94,2773.7,20170801,44.96,71.24,57.2,,,,,0.0,0.0
266721,Fisher Creek,MT,45.06,-109.94,2773.7,20170802,42.26,64.94,51.98,,,,,0.0,0.0
266722,Fisher Creek,MT,45.06,-109.94,2773.7,20170803,41.0,66.38,51.8,,,,,0.0,0.0
266723,Fisher Creek,MT,45.06,-109.94,2773.7,20170804,43.16,71.78,55.58,,,,,0.0,0.0
266724,Fisher Creek,MT,45.06,-109.94,2773.7,20170805,42.44,62.96,50.54,,,,,0.0,0.0
266725,Fisher Creek,MT,45.06,-109.94,2773.7,20170806,37.58,59.18,48.2,,,,,0.0,0.0
266726,Fisher Creek,MT,45.06,-109.94,2773.7,20170807,36.32,64.4,49.82,,,,,0.0,0.0
266727,Fisher Creek,MT,45.06,-109.94,2773.7,20170808,40.28,62.06,49.64,,,,,0.0,0.0
266728,Fisher Creek,MT,45.06,-109.94,2773.7,20170809,38.66,62.6,47.12,,,,,0.0,0.20078751
266729,Fisher Creek,MT,45.06,-109.94,2773.7,20170810,37.4,63.14,48.56,,,,,0.0,0.09842525
266730,Fisher Creek,MT,45.06,-109.94,2773.7,20170811,40.64,64.22,51.08,,,,,0.0,0.29921276
266731,Fisher Creek,MT,45.06,-109.94,2773.7,20170812,40.1,64.04,51.44,,,,,0.0,0.0
266732,Fisher Creek,MT,45.06,-109.94,2773.7,20170813,42.98,61.88,48.74,,,,,0.0,0.0
266733,Fisher Creek,MT,45.06,-109.94,2773.7,20170814,37.76,53.42,44.6,,,,,0.0,0.79921303
266734,Fisher Creek,MT,45.06,-109.94,2773.7,20170815,38.12,58.28,46.76,,,,,0.0,0.20078751
266735,Fisher Creek,MT,45.06,-109.94,2773.7,20170816,36.5,61.52,48.38,,,,,0.0,0.0
266736,Fisher Creek,MT,45.06,-109.94,2773.7,20170817,40.46,62.96,51.08,,,,,0.0,0.0
266737,Fisher Creek,MT,45.06,-109.94,2773.7,20170818,39.74,65.84,53.42,,,,,0.0,0.0
266738,Fisher Creek,MT,45.06,-109.94,2773.7,20170819,41.9,65.84,53.24,,,,,0.0,0.0
266739,Fisher Creek,MT,45.06,-109.94,2773.7,20170820,39.38,64.22,51.62,,,,,0.0,0.0
266740,Fisher Creek,MT,45.06,-109.94,2773.7,20170821,39.56,63.86,50.0,,,,,0.0,0.0
266741,Fisher Creek,MT,45.06,-109.94,2773.7,20170822,39.74,69.44,54.14,,,,,0.0,0.0
266742,Fisher Creek,MT,45.06,-109.94,2773.7,20170823,43.16,69.62,55.04,,,,,0.0,0.0
266743,Fisher Creek,MT,45.06,-109.94,2773.7,20170824,41.54,63.32,51.26,,,,,0.0,0.09842525
266744,Fisher Creek,MT,45.06,-109.94,2773.7,20170825,40.46,63.5,48.02,,,,,0.0,0.0
266745,Fisher Creek,MT,45.06,-109.94,2773.7,20170826,42.08,66.92,53.06,,,,,0.0,0.0
266746,Fisher Creek,MT,45.06,-109.94,2773.7,20170827,42.08,70.88,55.22,,,,,0.0,0.0
266747,Fisher Creek,MT,45.06,-109.94,2773.7,20170828,45.32,72.86,57.2,,,,,0.0,0.0
266748,Fisher Creek,MT,45.06,-109.94,2773.7,20170829,45.5,69.08,55.4,,,,,0.0,0.0
266749,Fisher Creek,MT,45.06,-109.94,2773.7,20170830,46.04,69.08,56.48,,,,,0.0,0.0
266750,Fisher Creek,MT,45.06,-109.94,2773.7,20170831,44.96,64.4,52.88,,,,,0.0,0.0
266751,Fisher Creek,MT,45.06,-109.94,2773.7,20170901,42.44,66.02,54.5,,,,,0.0,0.0
266752,Fisher Creek,MT,45.06,-109.94,2773.7,20170902,44.24,72.32,58.64,,,,,0.0,0.0
266753,Fisher Creek,MT,45.06,-109.94,2773.7,20170903,49.28,75.38,60.44,,,,,0.0,0.0
266754,Fisher Creek,MT,45.06,-109.94,2773.7,20170904,33.98,64.4,50.9,,,,,0.0,0.0
266755,Fisher Creek,MT,45.06,-109.94,2773.7,20170905,33.62,67.1,47.48,,,,,0.0,0.0
266756,Fisher Creek,MT,45.06,-109.94,2773.7,20170906,39.56,68.54,52.88,,,,,0.0,0.0
266757,Fisher Creek,MT,45.06,-109.94,2773.7,20170907,42.26,68.54,53.06,,,,,0.0,0.0
266758,Fisher Creek,MT,45.06,-109.94,2773.7,20170908,42.62,68.72,53.42,,,,,0.0,0.0
266759,Fisher Creek,MT,45.06,-109.94,2773.7,20170909,43.34,65.48,53.78,,,,,0.0,0.0
266760,Fisher Creek,MT,45.06,-109.94,2773.7,20170910,45.5,63.68,53.6,,,,,0.0,0.0
266761,Fisher Creek,MT,45.06,-109.94,2773.7,20170911,42.44,69.26,54.86,,,,,0.0,0.0
266762,Fisher Creek,MT,45.06,-109.94,2773.7,20170912,43.34,68.72,55.76,,,,,0.0,0.0
266763,Fisher Creek,MT,45.06,-109.94,2773.7,20170913,39.56,59.9,49.82,,,,,0.0,0.0
266764,Fisher Creek,MT,45.06,-109.94,2773.7,20170914,34.88,52.52,43.16,,,,,0.0,0.40157502
266765,Fisher Creek,MT,45.06,-109.94,2773.7,20170915,29.12,37.4,32.72,,,,,0.9842525,0.40157502
266766,Fisher Creek,MT,45.06,-109.94,2773.7,20170916,22.82,37.58,30.02,,,,,2.9921276000000003,0.29921276
266767,Fisher Creek,MT,45.06,-109.94,2773.7,20170917,22.64,44.42,33.62,,,,,2.0078751,0.20078751
266768,Fisher Creek,MT,45.06,-109.94,2773.7,20170918,33.62,50.0,40.82,,,,,0.9842525,0.29921276
266769,Fisher Creek,MT,45.06,-109.94,2773.7,20170919,27.32,35.96,31.28,,,,,5.984255200000001,0.90157529
266770,Fisher Creek,MT,45.06,-109.94,2773.7,20170920,26.96,36.86,31.82,,,,,10.000005400000001,0.59842552
266771,Fisher Creek,MT,45.06,-109.94,2773.7,20170921,29.48,36.5,32.9,,,,,25.984266,
266772,White Mill,MT,45.05,-109.91,2651.8,20170101,3.92,17.78,12.2,,,,,44.015771799999996,0.0
266773,White Mill,MT,45.05,-109.91,2651.8,20170102,-11.92,6.08,-1.48,,,,,44.015771799999996,0.0
266774,White Mill,MT,45.05,-109.91,2651.8,20170103,-8.14,11.3,0.68,,,,,42.9921492,0.0
266775,White Mill,MT,45.05,-109.91,2651.8,20170104,-22.54,3.02,-5.08,,,,,42.9921492,0.0
266776,White Mill,MT,45.05,-109.91,2651.8,20170105,-24.52,10.4,-10.48,,,,,40.000021600000004,0.0
266777,White Mill,MT,45.05,-109.91,2651.8,20170106,-12.82,7.7,-2.02,,,,,39.0157691,0.0
266778,White Mill,MT,45.05,-109.91,2651.8,20170107,-8.5,18.32,8.42,,,,,35.9842714,0.29921276
266779,White Mill,MT,45.05,-109.91,2651.8,20170108,17.24,30.38,23.72,,,,,47.992151899999996,0.90157529
266780,White Mill,MT,45.05,-109.91,2651.8,20170109,17.06,30.74,26.42,,,,,50.9842795,0.79921303
266781,White Mill,MT,45.05,-109.91,2651.8,20170110,14.9,23.72,18.32,,,,,60.98428489999999,0.40157502
266782,White Mill,MT,45.05,-109.91,2651.8,20170111,9.5,27.86,21.38,,,,,65.9842876,0.59842552
266783,White Mill,MT,45.05,-109.91,2651.8,20170112,-5.08,21.2,11.48,,,,,64.0157826,0.0
266784,White Mill,MT,45.05,-109.91,2651.8,20170113,-5.8,23.9,4.46,,,,,62.007907499999995,0.0
266785,White Mill,MT,45.05,-109.91,2651.8,20170114,-4.54,25.7,7.52,,,,,59.0157799,0.0
266786,White Mill,MT,45.05,-109.91,2651.8,20170115,1.22,35.06,12.74,,,,,57.0079048,0.0
266787,White Mill,MT,45.05,-109.91,2651.8,20170116,0.86,29.66,14.72,,,,,55.9842822,0.09842525
266788,White Mill,MT,45.05,-109.91,2651.8,20170117,11.84,35.24,22.64,,,,,55.0000297,0.09842525
266789,White Mill,MT,45.05,-109.91,2651.8,20170118,18.32,37.94,27.68,,,,,54.0157772,0.09842525
266790,White Mill,MT,45.05,-109.91,2651.8,20170119,21.92,29.66,25.7,,,,,54.0157772,0.0
266791,White Mill,MT,45.05,-109.91,2651.8,20170120,6.62,26.06,19.04,,,,,52.9921546,0.0
266792,White Mill,MT,45.05,-109.91,2651.8,20170121,6.44,26.6,18.14,,,,,50.000027,0.0
266793,White Mill,MT,45.05,-109.91,2651.8,20170122,17.6,25.7,19.76,,,,,55.0000297,0.20078751
266794,White Mill,MT,45.05,-109.91,2651.8,20170123,8.42,29.84,17.24,,,,,54.0157772,0.0
266795,White Mill,MT,45.05,-109.91,2651.8,20170124,5.54,17.42,10.22,,,,,52.9921546,0.0
266796,White Mill,MT,45.05,-109.91,2651.8,20170125,-2.56,14.72,6.62,,,,,52.0079021,0.0
266797,White Mill,MT,45.05,-109.91,2651.8,20170126,-0.4,15.62,8.42,,,,,52.0079021,0.0
266798,White Mill,MT,45.05,-109.91,2651.8,20170127,-2.2,23.72,13.82,,,,,50.9842795,0.0
266799,White Mill,MT,45.05,-109.91,2651.8,20170128,11.12,30.38,23.0,,,,,50.000027,0.0
266800,White Mill,MT,45.05,-109.91,2651.8,20170129,11.84,36.32,21.74,,,,,50.000027,0.0
266801,White Mill,MT,45.05,-109.91,2651.8,20170130,15.62,30.56,23.0,,,,,52.0079021,0.09842525
266802,White Mill,MT,45.05,-109.91,2651.8,20170131,14.18,21.92,20.12,,,,,62.007907499999995,0.59842552
266803,White Mill,MT,45.05,-109.91,2651.8,20170201,-0.58,13.46,4.28,,,,,60.0000324,0.0
266804,White Mill,MT,45.05,-109.91,2651.8,20170202,-11.74,15.98,1.04,,,,,62.007907499999995,0.09842525
266805,White Mill,MT,45.05,-109.91,2651.8,20170203,-10.3,28.4,20.48,,,,,54.0157772,0.59842552
266806,White Mill,MT,45.05,-109.91,2651.8,20170204,25.7,28.4,26.96,,,,,64.0157826,1.50000081
266807,White Mill,MT,45.05,-109.91,2651.8,20170205,26.6,28.58,27.5,,,,,65.0000351,0.50000027
266808,White Mill,MT,45.05,-109.91,2651.8,20170206,22.82,29.66,27.5,,,,,67.9921627,0.40157502
266809,White Mill,MT,45.05,-109.91,2651.8,20170207,18.32,26.24,22.1,,,,,72.9921654,0.40157502
266810,White Mill,MT,45.05,-109.91,2651.8,20170208,20.12,29.84,24.08,,,,,77.00791559999999,0.79921303
266811,White Mill,MT,45.05,-109.91,2651.8,20170209,29.66,36.14,34.16,,,,,77.9921681,0.79921303
266812,White Mill,MT,45.05,-109.91,2651.8,20170210,26.06,35.96,30.2,,,,,82.9921708,0.50000027
266813,White Mill,MT,45.05,-109.91,2651.8,20170211,2.48,26.06,17.06,,,,,80.00004320000001,0.0
266814,White Mill,MT,45.05,-109.91,2651.8,20170212,-2.02,33.8,14.72,,,,,79.0157907,0.20078751
266815,White Mill,MT,45.05,-109.91,2651.8,20170213,11.84,38.3,22.1,,,,,79.0157907,0.09842525
266816,White Mill,MT,45.05,-109.91,2651.8,20170214,13.1,47.12,25.7,,,,,79.0157907,0.0
266817,White Mill,MT,45.05,-109.91,2651.8,20170215,15.62,42.98,28.04,,,,,72.9921654,0.0
266818,White Mill,MT,45.05,-109.91,2651.8,20170216,25.7,42.62,32.72,,,,,72.9921654,0.09842525
266819,White Mill,MT,45.05,-109.91,2651.8,20170217,22.64,37.58,27.68,,,,,72.00791290000001,0.0
266820,White Mill,MT,45.05,-109.91,2651.8,20170218,26.24,35.6,31.28,,,,,72.00791290000001,0.0
266821,White Mill,MT,45.05,-109.91,2651.8,20170219,22.82,35.6,29.66,,,,,72.9921654,0.29921276
266822,White Mill,MT,45.05,-109.91,2651.8,20170220,22.82,32.9,28.94,,,,,74.015788,0.29921276
266823,White Mill,MT,45.05,-109.91,2651.8,20170221,22.46,34.16,29.3,,,,,77.00791559999999,0.40157502
266824,White Mill,MT,45.05,-109.91,2651.8,20170222,3.92,30.74,19.04,,,,,77.00791559999999,0.09842525
266825,White Mill,MT,45.05,-109.91,2651.8,20170223,3.02,20.3,11.48,,,,,77.00791559999999,0.0
266826,White Mill,MT,45.05,-109.91,2651.8,20170224,3.56,22.28,10.94,,,,,75.98429300000001,0.0
266827,White Mill,MT,45.05,-109.91,2651.8,20170225,4.64,10.58,6.98,,,,,75.98429300000001,0.0
266828,White Mill,MT,45.05,-109.91,2651.8,20170226,4.64,17.96,10.04,,,,,75.98429300000001,0.09842525
266829,White Mill,MT,45.05,-109.91,2651.8,20170227,1.94,22.64,12.56,,,,,79.0157907,0.40157502
266830,White Mill,MT,45.05,-109.91,2651.8,20170228,8.06,17.78,10.76,,,,,80.00004320000001,0.20078751
266831,White Mill,MT,45.05,-109.91,2651.8,20170301,7.88,17.96,13.64,,,,,80.9842957,0.09842525
266832,White Mill,MT,45.05,-109.91,2651.8,20170302,15.98,26.42,20.48,,,,,80.9842957,0.29921276
266833,White Mill,MT,45.05,-109.91,2651.8,20170303,20.48,36.68,27.68,,,,,77.9921681,0.09842525
266834,White Mill,MT,45.05,-109.91,2651.8,20170304,26.24,36.32,29.3,,,,,77.00791559999999,0.0
266835,White Mill,MT,45.05,-109.91,2651.8,20170305,19.22,31.82,25.88,,,,,82.9921708,0.40157502
266836,White Mill,MT,45.05,-109.91,2651.8,20170306,9.86,19.22,13.28,,,,,84.0157934,0.20078751
266837,White Mill,MT,45.05,-109.91,2651.8,20170307,7.7,21.74,14.72,,,,,84.0157934,0.29921276
266838,White Mill,MT,45.05,-109.91,2651.8,20170308,21.56,28.94,26.42,,,,,92.0079237,1.50000081
266839,White Mill,MT,45.05,-109.91,2651.8,20170309,28.4,33.8,31.28,,,,,97.99217890000001,1.09842579
266840,White Mill,MT,45.05,-109.91,2651.8,20170310,30.38,37.4,33.98,,,,,97.99217890000001,0.59842552
266841,White Mill,MT,45.05,-109.91,2651.8,20170311,21.38,41.54,31.46,,,,,97.0079264,0.20078751
266842,White Mill,MT,45.05,-109.91,2651.8,20170312,22.46,38.12,28.58,,,,,95.98430379999999,0.09842525
266843,White Mill,MT,45.05,-109.91,2651.8,20170313,24.8,40.1,32.36,,,,,94.0157988,0.09842525
266844,White Mill,MT,45.05,-109.91,2651.8,20170314,32.0,44.24,37.04,,,,,92.9921762,0.20078751
266845,White Mill,MT,45.05,-109.91,2651.8,20170315,35.06,50.36,41.54,,,,,90.9843011,0.09842525
266846,White Mill,MT,45.05,-109.91,2651.8,20170316,28.22,38.12,33.98,,,,,94.0157988,0.50000027
266847,White Mill,MT,45.05,-109.91,2651.8,20170317,20.84,46.76,34.88,,,,,92.0079237,0.09842525
266848,White Mill,MT,45.05,-109.91,2651.8,20170318,35.42,53.6,43.7,,,,,90.00004859999999,0.0
266849,White Mill,MT,45.05,-109.91,2651.8,20170319,33.44,40.1,35.96,,,,,90.9843011,0.29921276
266850,White Mill,MT,45.05,-109.91,2651.8,20170320,31.82,39.56,34.7,,,,,95.0000513,0.70078778
266851,White Mill,MT,45.05,-109.91,2651.8,20170321,30.74,50.9,37.04,,,,,90.9843011,0.09842525
266852,White Mill,MT,45.05,-109.91,2651.8,20170322,30.74,47.12,36.86,,,,,90.00004859999999,0.20078751
266853,White Mill,MT,45.05,-109.91,2651.8,20170323,20.84,41.72,31.82,,,,,90.00004859999999,0.0
266854,White Mill,MT,45.05,-109.91,2651.8,20170324,14.72,45.68,31.64,,,,,89.01579609999999,0.09842525
266855,White Mill,MT,45.05,-109.91,2651.8,20170325,20.3,37.76,31.28,,,,,90.00004859999999,0.0
266856,White Mill,MT,45.05,-109.91,2651.8,20170326,20.48,41.9,30.2,,,,,90.00004859999999,0.09842525
266857,White Mill,MT,45.05,-109.91,2651.8,20170327,26.24,41.36,30.92,,,,,95.0000513,0.40157502
266858,White Mill,MT,45.05,-109.91,2651.8,20170328,19.58,42.08,29.66,,,,,92.9921762,0.29921276
266859,White Mill,MT,45.05,-109.91,2651.8,20170329,22.46,41.0,31.46,,,,,92.9921762,0.0
266860,White Mill,MT,45.05,-109.91,2651.8,20170330,27.14,41.9,33.8,,,,,94.0157988,0.29921276
266861,White Mill,MT,45.05,-109.91,2651.8,20170331,18.68,41.9,31.28,,,,,92.9921762,0.09842525
266862,White Mill,MT,45.05,-109.91,2651.8,20170401,15.26,48.2,33.62,,,,,92.0079237,0.09842525
266863,White Mill,MT,45.05,-109.91,2651.8,20170402,21.92,38.84,31.46,,,,,92.9921762,0.0
266864,White Mill,MT,45.05,-109.91,2651.8,20170403,11.12,32.9,19.94,,,,,92.9921762,0.0
266865,White Mill,MT,45.05,-109.91,2651.8,20170404,4.1,38.84,22.28,,,,,92.0079237,0.20078751
266866,White Mill,MT,45.05,-109.91,2651.8,20170405,17.06,40.64,30.02,,,,,92.0079237,0.0
266867,White Mill,MT,45.05,-109.91,2651.8,20170406,19.4,51.44,37.58,,,,,90.00004859999999,0.0
266868,White Mill,MT,45.05,-109.91,2651.8,20170407,30.2,45.32,38.3,,,,,94.0157988,0.09842525
266869,White Mill,MT,45.05,-109.91,2651.8,20170408,26.6,41.0,31.46,,,,,94.0157988,0.20078751
266870,White Mill,MT,45.05,-109.91,2651.8,20170409,10.4,29.12,23.54,,,,,95.0000513,0.20078751
266871,White Mill,MT,45.05,-109.91,2651.8,20170410,10.22,36.14,24.62,,,,,97.0079264,0.20078751
266872,White Mill,MT,45.05,-109.91,2651.8,20170411,23.36,42.98,31.28,,,,,97.0079264,0.29921276
266873,White Mill,MT,45.05,-109.91,2651.8,20170412,29.3,49.28,35.78,,,,,95.0000513,0.20078751
266874,White Mill,MT,45.05,-109.91,2651.8,20170413,27.68,57.92,42.08,,,,,92.9921762,0.20078751
266875,White Mill,MT,45.05,-109.91,2651.8,20170414,21.02,39.38,29.3,,,,,92.9921762,0.0
266876,White Mill,MT,45.05,-109.91,2651.8,20170415,19.04,37.22,26.06,,,,,92.9921762,0.0
266877,White Mill,MT,45.05,-109.91,2651.8,20170416,23.36,46.4,33.26,,,,,92.0079237,0.09842525
266878,White Mill,MT,45.05,-109.91,2651.8,20170417,25.88,39.92,33.08,,,,,92.9921762,0.0
266879,White Mill,MT,45.05,-109.91,2651.8,20170418,31.28,46.4,36.14,,,,,92.0079237,0.09842525
266880,White Mill,MT,45.05,-109.91,2651.8,20170419,22.28,44.6,33.8,,,,,92.0079237,0.20078751
266881,White Mill,MT,45.05,-109.91,2651.8,20170420,21.02,49.82,34.16,,,,,97.99217890000001,0.09842525
266882,White Mill,MT,45.05,-109.91,2651.8,20170421,20.3,37.04,29.66,,,,,97.0079264,0.50000027
266883,White Mill,MT,45.05,-109.91,2651.8,20170422,12.56,46.76,32.36,,,,,92.9921762,0.20078751
266884,White Mill,MT,45.05,-109.91,2651.8,20170423,25.88,46.4,33.62,,,,,95.98430379999999,0.09842525
266885,White Mill,MT,45.05,-109.91,2651.8,20170424,26.06,40.46,32.36,,,,,97.99217890000001,0.40157502
266886,White Mill,MT,45.05,-109.91,2651.8,20170425,20.12,42.8,31.46,,,,,95.0000513,0.20078751
266887,White Mill,MT,45.05,-109.91,2651.8,20170426,21.92,38.48,30.38,,,,,99.0158015,0.20078751
266888,White Mill,MT,45.05,-109.91,2651.8,20170427,23.36,37.4,28.94,,,,,97.99217890000001,0.20078751
266889,White Mill,MT,45.05,-109.91,2651.8,20170428,22.28,37.22,28.04,,,,,97.99217890000001,0.0
266890,White Mill,MT,45.05,-109.91,2651.8,20170429,11.3,43.34,28.94,,,,,97.99217890000001,0.20078751
266891,White Mill,MT,45.05,-109.91,2651.8,20170430,28.4,43.34,33.26,,,,,97.0079264,0.0
266892,White Mill,MT,45.05,-109.91,2651.8,20170501,26.42,42.8,33.26,,,,,97.99217890000001,0.20078751
266893,White Mill,MT,45.05,-109.91,2651.8,20170502,27.68,44.6,34.52,,,,,95.0000513,0.40157502
266894,White Mill,MT,45.05,-109.91,2651.8,20170503,22.46,52.34,38.12,,,,,94.0157988,0.0
266895,White Mill,MT,45.05,-109.91,2651.8,20170504,29.12,63.14,44.6,,,,,92.0079237,0.0
266896,White Mill,MT,45.05,-109.91,2651.8,20170505,33.44,66.02,48.38,,,,,90.00004859999999,0.0
266897,White Mill,MT,45.05,-109.91,2651.8,20170506,36.86,67.64,50.0,,,,,87.007921,0.0
266898,White Mill,MT,45.05,-109.91,2651.8,20170507,36.68,61.34,46.04,,,,,85.0000459,0.0
266899,White Mill,MT,45.05,-109.91,2651.8,20170508,34.52,55.4,42.26,,,,,82.9921708,0.0
266900,White Mill,MT,45.05,-109.91,2651.8,20170509,30.02,53.24,38.66,,,,,82.0079183,0.0
266901,White Mill,MT,45.05,-109.91,2651.8,20170510,28.58,58.1,42.44,,,,,80.00004320000001,0.0
266902,White Mill,MT,45.05,-109.91,2651.8,20170511,32.54,61.16,45.86,,,,,77.9921681,0.0
266903,White Mill,MT,45.05,-109.91,2651.8,20170512,33.98,64.22,48.56,,,,,75.0000405,0.0
266904,White Mill,MT,45.05,-109.91,2651.8,20170513,27.86,53.24,37.76,,,,,74.015788,0.0
266905,White Mill,MT,45.05,-109.91,2651.8,20170514,26.78,44.78,34.7,,,,,72.9921654,0.0
266906,White Mill,MT,45.05,-109.91,2651.8,20170515,32.0,53.06,40.64,,,,,72.00791290000001,0.0
266907,White Mill,MT,45.05,-109.91,2651.8,20170516,29.48,47.84,36.68,,,,,72.00791290000001,0.0
266908,White Mill,MT,45.05,-109.91,2651.8,20170517,23.9,33.08,28.94,,,,,77.00791559999999,0.20078751
266909,White Mill,MT,45.05,-109.91,2651.8,20170518,20.66,40.46,31.64,,,,,75.0000405,0.29921276
266910,White Mill,MT,45.05,-109.91,2651.8,20170519,18.5,48.92,33.98,,,,,72.00791290000001,0.09842525
266911,White Mill,MT,45.05,-109.91,2651.8,20170520,26.42,49.28,38.3,,,,,70.9842903,0.0
266912,White Mill,MT,45.05,-109.91,2651.8,20170521,28.04,51.44,39.2,,,,,70.0000378,0.0
266913,White Mill,MT,45.05,-109.91,2651.8,20170522,30.2,46.94,38.3,,,,,69.0157853,0.0
266914,White Mill,MT,45.05,-109.91,2651.8,20170523,27.5,59.54,46.04,,,,,65.9842876,0.0
266915,White Mill,MT,45.05,-109.91,2651.8,20170524,30.92,57.2,45.32,,,,,62.99216,0.0
266916,White Mill,MT,45.05,-109.91,2651.8,20170525,25.16,43.16,33.8,,,,,62.99216,0.0
266917,White Mill,MT,45.05,-109.91,2651.8,20170526,29.3,41.72,34.52,,,,,62.007907499999995,0.0
266918,White Mill,MT,45.05,-109.91,2651.8,20170527,27.32,53.78,39.56,,,,,60.98428489999999,0.0
266919,White Mill,MT,45.05,-109.91,2651.8,20170528,29.48,56.84,43.34,,,,,59.0157799,0.0
266920,White Mill,MT,45.05,-109.91,2651.8,20170529,31.64,58.82,44.42,,,,,57.0079048,0.0
266921,White Mill,MT,45.05,-109.91,2651.8,20170530,32.18,62.24,45.68,,,,,55.9842822,0.0
266922,White Mill,MT,45.05,-109.91,2651.8,20170531,35.24,65.48,49.28,,,,,54.0157772,0.0
266923,White Mill,MT,45.05,-109.91,2651.8,20170601,37.4,66.74,50.18,,,,,50.000027,0.0
266924,White Mill,MT,45.05,-109.91,2651.8,20170602,36.86,59.72,47.3,,,,,47.992151899999996,0.0
266925,White Mill,MT,45.05,-109.91,2651.8,20170603,35.24,66.2,49.64,,,,,45.00002429999999,0.0
266926,White Mill,MT,45.05,-109.91,2651.8,20170604,37.76,73.4,52.7,,,,,42.0078967,0.0
266927,White Mill,MT,45.05,-109.91,2651.8,20170605,34.88,63.68,49.46,,,,,39.0157691,0.0
266928,White Mill,MT,45.05,-109.91,2651.8,20170606,36.86,65.84,49.64,,,,,37.007894,0.0
266929,White Mill,MT,45.05,-109.91,2651.8,20170607,37.22,68.18,50.9,,,,,34.0157664,0.0
266930,White Mill,MT,45.05,-109.91,2651.8,20170608,38.66,71.24,54.32,,,,,30.984268699999998,0.0
266931,White Mill,MT,45.05,-109.91,2651.8,20170609,34.52,55.4,43.7,,,,,27.9921411,0.0
266932,White Mill,MT,45.05,-109.91,2651.8,20170610,34.7,49.46,40.28,,,,,29.015763699999997,0.0
266933,White Mill,MT,45.05,-109.91,2651.8,20170611,31.28,57.2,43.7,,,,,27.9921411,0.0
266934,White Mill,MT,45.05,-109.91,2651.8,20170612,31.28,59.9,42.44,,,,,25.0000135,0.20078751
266935,White Mill,MT,45.05,-109.91,2651.8,20170613,31.28,37.22,34.52,,,,,29.015763699999997,0.70078778
266936,White Mill,MT,45.05,-109.91,2651.8,20170614,35.96,49.28,42.08,,,,,25.0000135,0.20078751
266937,White Mill,MT,45.05,-109.91,2651.8,20170615,37.22,52.88,46.04,,,,,22.007885899999998,0.20078751
266938,White Mill,MT,45.05,-109.91,2651.8,20170616,40.82,47.84,43.52,,,,,20.9842633,0.79921303
266939,White Mill,MT,45.05,-109.91,2651.8,20170617,35.42,54.32,43.7,,,,,17.9921357,0.0
266940,White Mill,MT,45.05,-109.91,2651.8,20170618,42.26,55.94,46.94,,,,,17.9921357,0.0
266941,White Mill,MT,45.05,-109.91,2651.8,20170619,40.64,63.32,50.9,,,,,15.0000081,0.0
266942,White Mill,MT,45.05,-109.91,2651.8,20170620,39.74,69.08,51.44,,,,,12.007880499999999,0.0
266943,White Mill,MT,45.05,-109.91,2651.8,20170621,39.2,66.92,53.78,,,,,5.0000027000000005,0.0
266944,White Mill,MT,45.05,-109.91,2651.8,20170622,31.1,61.7,46.04,,,,,2.0078751,0.0
266945,White Mill,MT,45.05,-109.91,2651.8,20170623,30.02,57.56,43.16,,,,,0.9842525,0.0
266946,White Mill,MT,45.05,-109.91,2651.8,20170624,31.82,58.82,45.32,,,,,0.0,0.0
266947,White Mill,MT,45.05,-109.91,2651.8,20170625,34.7,65.84,50.0,,,,,0.0,0.0
266948,White Mill,MT,45.05,-109.91,2651.8,20170626,38.12,72.14,55.4,,,,,0.0,0.09842525
266949,White Mill,MT,45.05,-109.91,2651.8,20170627,36.32,58.82,47.48,,,,,0.0,0.20078751
266950,White Mill,MT,45.05,-109.91,2651.8,20170628,34.7,58.1,41.54,,,,,0.0,0.40157502
266951,White Mill,MT,45.05,-109.91,2651.8,20170629,33.08,52.34,40.28,,,,,0.0,0.09842525
266952,White Mill,MT,45.05,-109.91,2651.8,20170630,32.18,62.24,46.58,,,,,0.0,0.0
266953,White Mill,MT,45.05,-109.91,2651.8,20170701,36.32,69.8,53.06,,,,,0.0,0.0
266954,White Mill,MT,45.05,-109.91,2651.8,20170702,40.46,68.72,52.7,,,,,0.0,0.09842525
266955,White Mill,MT,45.05,-109.91,2651.8,20170703,40.28,71.78,57.38,,,,,0.0,0.0
266956,White Mill,MT,45.05,-109.91,2651.8,20170704,43.52,74.66,58.28,,,,,0.0,0.0
266957,White Mill,MT,45.05,-109.91,2651.8,20170705,43.88,76.46,58.82,,,,,0.0,0.0
266958,White Mill,MT,45.05,-109.91,2651.8,20170706,46.22,75.56,58.82,,,,,0.0,0.0
266959,White Mill,MT,45.05,-109.91,2651.8,20170707,44.42,72.5,55.4,,,,,0.0,0.0
266960,White Mill,MT,45.05,-109.91,2651.8,20170708,43.16,75.38,58.28,,,,,0.0,0.20078751
266961,White Mill,MT,45.05,-109.91,2651.8,20170709,46.22,76.46,55.4,,,,,0.0,0.20078751
266962,White Mill,MT,45.05,-109.91,2651.8,20170710,44.96,71.42,58.64,,,,,0.0,0.20078751
266963,White Mill,MT,45.05,-109.91,2651.8,20170711,43.7,68.0,53.78,,,,,0.0,0.20078751
266964,White Mill,MT,45.05,-109.91,2651.8,20170712,42.08,71.78,55.04,,,,,0.0,0.09842525
266965,White Mill,MT,45.05,-109.91,2651.8,20170713,43.7,77.18,60.08,,,,,0.0,0.0
266966,White Mill,MT,45.05,-109.91,2651.8,20170714,46.94,77.0,60.8,,,,,0.0,0.0
266967,White Mill,MT,45.05,-109.91,2651.8,20170715,46.58,76.1,58.28,,,,,0.0,0.09842525
266968,White Mill,MT,45.05,-109.91,2651.8,20170716,44.6,73.22,55.4,,,,,0.0,0.09842525
266969,White Mill,MT,45.05,-109.91,2651.8,20170717,43.16,70.16,55.04,,,,,0.0,0.20078751
266970,White Mill,MT,45.05,-109.91,2651.8,20170718,42.8,70.88,56.84,,,,,0.0,0.0
266971,White Mill,MT,45.05,-109.91,2651.8,20170719,48.2,75.2,60.62,,,,,0.0,0.0
266972,White Mill,MT,45.05,-109.91,2651.8,20170720,46.76,67.82,56.84,,,,,0.0,0.09842525
266973,White Mill,MT,45.05,-109.91,2651.8,20170721,42.44,70.88,56.3,,,,,0.0,0.0
266974,White Mill,MT,45.05,-109.91,2651.8,20170722,41.72,73.58,57.38,,,,,0.0,0.0
266975,White Mill,MT,45.05,-109.91,2651.8,20170723,44.24,73.76,56.48,,,,,0.0,0.0
266976,White Mill,MT,45.05,-109.91,2651.8,20170724,45.68,74.84,57.74,,,,,0.0,0.0
266977,White Mill,MT,45.05,-109.91,2651.8,20170725,43.52,66.38,51.62,,,,,0.0,0.0
266978,White Mill,MT,45.05,-109.91,2651.8,20170726,41.36,71.96,54.68,,,,,0.0,0.50000027
266979,White Mill,MT,45.05,-109.91,2651.8,20170727,43.88,67.1,51.98,,,,,0.0,0.09842525
266980,White Mill,MT,45.05,-109.91,2651.8,20170728,41.54,68.0,52.7,,,,,0.0,0.40157502
266981,White Mill,MT,45.05,-109.91,2651.8,20170729,42.26,66.92,51.62,,,,,0.0,0.09842525
266982,White Mill,MT,45.05,-109.91,2651.8,20170730,43.16,70.88,56.3,,,,,0.0,0.0
266983,White Mill,MT,45.05,-109.91,2651.8,20170731,43.88,75.38,58.28,,,,,0.0,0.0
266984,White Mill,MT,45.05,-109.91,2651.8,20170801,44.96,73.4,57.92,,,,,0.0,0.0
266985,White Mill,MT,45.05,-109.91,2651.8,20170802,42.98,66.38,53.42,,,,,0.0,0.0
266986,White Mill,MT,45.05,-109.91,2651.8,20170803,41.9,68.72,53.24,,,,,0.0,0.0
266987,White Mill,MT,45.05,-109.91,2651.8,20170804,41.54,72.5,56.3,,,,,0.0,0.0
266988,White Mill,MT,45.05,-109.91,2651.8,20170805,42.44,64.76,51.26,,,,,0.0,0.0
266989,White Mill,MT,45.05,-109.91,2651.8,20170806,39.02,62.42,49.64,,,,,0.0,0.0
266990,White Mill,MT,45.05,-109.91,2651.8,20170807,36.32,67.46,51.26,,,,,0.0,0.0
266991,White Mill,MT,45.05,-109.91,2651.8,20170808,41.18,64.76,50.36,,,,,0.0,0.0
266992,White Mill,MT,45.05,-109.91,2651.8,20170809,39.56,62.42,47.66,,,,,0.0,0.20078751
266993,White Mill,MT,45.05,-109.91,2651.8,20170810,37.94,64.76,50.0,,,,,0.0,0.29921276
266994,White Mill,MT,45.05,-109.91,2651.8,20170811,41.0,64.58,51.44,,,,,0.0,0.0
266995,White Mill,MT,45.05,-109.91,2651.8,20170812,39.2,64.94,51.98,,,,,0.0,0.0
266996,White Mill,MT,45.05,-109.91,2651.8,20170813,43.16,62.78,49.82,,,,,0.0,0.0
266997,White Mill,MT,45.05,-109.91,2651.8,20170814,37.76,54.5,45.32,,,,,0.0,0.70078778
266998,White Mill,MT,45.05,-109.91,2651.8,20170815,38.12,60.8,47.12,,,,,0.0,0.29921276
266999,White Mill,MT,45.05,-109.91,2651.8,20170816,36.86,63.5,48.38,,,,,0.0,0.09842525
267000,White Mill,MT,45.05,-109.91,2651.8,20170817,40.1,64.58,51.26,,,,,0.0,0.0
267001,White Mill,MT,45.05,-109.91,2651.8,20170818,38.84,68.9,53.6,,,,,0.0,0.0
267002,White Mill,MT,45.05,-109.91,2651.8,20170819,39.74,68.18,53.42,,,,,0.0,0.0
267003,White Mill,MT,45.05,-109.91,2651.8,20170820,39.56,66.02,52.7,,,,,0.0,0.0
267004,White Mill,MT,45.05,-109.91,2651.8,20170821,40.1,66.02,51.44,,,,,0.0,0.0
267005,White Mill,MT,45.05,-109.91,2651.8,20170822,38.84,71.96,54.86,,,,,0.0,0.0
267006,White Mill,MT,45.05,-109.91,2651.8,20170823,41.54,70.7,55.58,,,,,0.0,0.09842525
267007,White Mill,MT,45.05,-109.91,2651.8,20170824,42.26,67.1,51.44,,,,,0.0,0.09842525
267008,White Mill,MT,45.05,-109.91,2651.8,20170825,40.28,65.12,48.74,,,,,0.0,0.0
267009,White Mill,MT,45.05,-109.91,2651.8,20170826,40.64,69.62,53.42,,,,,0.0,0.0
267010,White Mill,MT,45.05,-109.91,2651.8,20170827,42.08,74.3,56.84,,,,,0.0,0.0
267011,White Mill,MT,45.05,-109.91,2651.8,20170828,42.8,73.22,57.56,,,,,0.0,0.0
267012,White Mill,MT,45.05,-109.91,2651.8,20170829,45.14,71.24,56.66,,,,,0.0,0.0
267013,White Mill,MT,45.05,-109.91,2651.8,20170830,44.42,72.68,57.02,,,,,0.0,0.0
267014,White Mill,MT,45.05,-109.91,2651.8,20170831,44.96,66.92,52.88,,,,,0.0,0.0
267015,White Mill,MT,45.05,-109.91,2651.8,20170901,41.0,69.08,54.32,,,,,0.0,0.0
267016,White Mill,MT,45.05,-109.91,2651.8,20170902,39.56,75.02,58.1,,,,,0.0,0.0
267017,White Mill,MT,45.05,-109.91,2651.8,20170903,44.96,75.92,59.18,,,,,0.0,0.0
267018,White Mill,MT,45.05,-109.91,2651.8,20170904,35.24,66.2,51.08,,,,,0.0,0.0
267019,White Mill,MT,45.05,-109.91,2651.8,20170905,34.34,68.9,48.74,,,,,0.0,0.0
267020,White Mill,MT,45.05,-109.91,2651.8,20170906,35.96,68.72,51.8,,,,,0.0,0.0
267021,White Mill,MT,45.05,-109.91,2651.8,20170907,40.28,69.62,53.24,,,,,0.0,0.0
267022,White Mill,MT,45.05,-109.91,2651.8,20170908,41.36,70.7,53.24,,,,,0.0,0.0
267023,White Mill,MT,45.05,-109.91,2651.8,20170909,40.64,69.98,53.96,,,,,0.0,0.0
267024,White Mill,MT,45.05,-109.91,2651.8,20170910,44.78,65.12,54.5,,,,,0.0,0.0
267025,White Mill,MT,45.05,-109.91,2651.8,20170911,42.26,70.52,55.22,,,,,0.0,0.0
267026,White Mill,MT,45.05,-109.91,2651.8,20170912,43.34,71.6,56.48,,,,,0.0,0.0
267027,White Mill,MT,45.05,-109.91,2651.8,20170913,40.1,62.96,50.18,,,,,0.0,0.0
267028,White Mill,MT,45.05,-109.91,2651.8,20170914,34.7,55.94,44.24,,,,,0.0,0.09842525
267029,White Mill,MT,45.05,-109.91,2651.8,20170915,30.02,36.14,33.08,,,,,0.9842525,0.40157502
267030,White Mill,MT,45.05,-109.91,2651.8,20170916,25.16,38.3,30.74,,,,,4.0157502,0.29921276
267031,White Mill,MT,45.05,-109.91,2651.8,20170917,22.1,45.86,34.16,,,,,2.0078751,0.09842525
267032,White Mill,MT,45.05,-109.91,2651.8,20170918,34.88,51.62,42.26,,,,,0.0,0.29921276
267033,White Mill,MT,45.05,-109.91,2651.8,20170919,28.22,36.5,31.64,,,,,7.007877799999999,0.70078778
267034,White Mill,MT,45.05,-109.91,2651.8,20170920,28.04,37.22,32.54,,,,,7.007877799999999,0.29921276
267035,White Mill,MT,45.05,-109.91,2651.8,20170921,29.66,36.5,33.62,,,,,22.992138399999998,
267036,Cole Creek,MT,45.19,-109.35,2392.7,20170101,-6.52,22.1,11.12,,,,,25.984266,0.0
267037,Cole Creek,MT,45.19,-109.35,2392.7,20170102,-13.54,-0.04,-7.96,,,,,24.015760999999998,0.0
267038,Cole Creek,MT,45.19,-109.35,2392.7,20170103,-11.02,9.68,1.22,,,,,25.0000135,0.0
267039,Cole Creek,MT,45.19,-109.35,2392.7,20170104,-5.62,3.56,-1.12,,,,,25.0000135,0.0
267040,Cole Creek,MT,45.19,-109.35,2392.7,20170105,-5.8,10.4,3.38,,,,,25.0000135,0.0
267041,Cole Creek,MT,45.19,-109.35,2392.7,20170106,5.36,18.14,12.74,,,,,25.0000135,0.0
267042,Cole Creek,MT,45.19,-109.35,2392.7,20170107,15.62,28.58,22.64,,,,,25.0000135,0.09842525
267043,Cole Creek,MT,45.19,-109.35,2392.7,20170108,24.8,39.2,31.46,,,,,24.015760999999998,0.0
267044,Cole Creek,MT,45.19,-109.35,2392.7,20170109,20.66,38.84,32.9,,,,,25.984266,0.09842525
267045,Cole Creek,MT,45.19,-109.35,2392.7,20170110,-11.02,25.34,16.52,,,,,25.984266,0.0
267046,Cole Creek,MT,45.19,-109.35,2392.7,20170111,-9.76,22.64,9.68,,,,,27.0078886,0.09842525
267047,Cole Creek,MT,45.19,-109.35,2392.7,20170112,4.28,21.02,14.36,,,,,29.015763699999997,0.0
267048,Cole Creek,MT,45.19,-109.35,2392.7,20170113,16.52,29.3,22.28,,,,,27.0078886,0.0
267049,Cole Creek,MT,45.19,-109.35,2392.7,20170114,21.74,34.52,26.42,,,,,27.9921411,0.0
267050,Cole Creek,MT,45.19,-109.35,2392.7,20170115,23.9,38.66,29.3,,,,,27.9921411,0.0
267051,Cole Creek,MT,45.19,-109.35,2392.7,20170116,21.92,34.7,28.04,,,,,27.0078886,0.0
267052,Cole Creek,MT,45.19,-109.35,2392.7,20170117,34.16,51.26,41.9,,,,,25.984266,0.0
267053,Cole Creek,MT,45.19,-109.35,2392.7,20170118,40.28,50.9,44.42,,,,,25.984266,0.09842525
267054,Cole Creek,MT,45.19,-109.35,2392.7,20170119,28.4,45.32,35.24,,,,,25.984266,0.0
267055,Cole Creek,MT,45.19,-109.35,2392.7,20170120,20.66,31.1,25.88,,,,,25.984266,0.0
267056,Cole Creek,MT,45.19,-109.35,2392.7,20170121,20.12,31.64,24.26,,,,,25.0000135,0.0
267057,Cole Creek,MT,45.19,-109.35,2392.7,20170122,20.12,30.38,24.44,,,,,25.0000135,0.0
267058,Cole Creek,MT,45.19,-109.35,2392.7,20170123,12.56,24.98,19.04,,,,,24.015760999999998,0.0
267059,Cole Creek,MT,45.19,-109.35,2392.7,20170124,10.04,14.18,12.02,,,,,24.015760999999998,0.0
267060,Cole Creek,MT,45.19,-109.35,2392.7,20170125,10.94,17.6,13.82,,,,,27.0078886,0.0
267061,Cole Creek,MT,45.19,-109.35,2392.7,20170126,10.04,19.94,14.36,,,,,25.984266,0.0
267062,Cole Creek,MT,45.19,-109.35,2392.7,20170127,17.6,37.4,28.22,,,,,25.984266,0.0
267063,Cole Creek,MT,45.19,-109.35,2392.7,20170128,30.74,40.64,35.96,,,,,25.984266,0.0
267064,Cole Creek,MT,45.19,-109.35,2392.7,20170129,39.2,46.76,42.44,,,,,25.0000135,0.0
267065,Cole Creek,MT,45.19,-109.35,2392.7,20170130,29.12,41.36,35.78,,,,,25.0000135,0.0
267066,Cole Creek,MT,45.19,-109.35,2392.7,20170131,4.1,29.12,13.28,,,,,30.984268699999998,0.09842525
267067,Cole Creek,MT,45.19,-109.35,2392.7,20170201,-2.56,6.26,2.12,,,,,29.015763699999997,0.0
267068,Cole Creek,MT,45.19,-109.35,2392.7,20170202,-5.08,10.58,-0.94,,,,,32.0078913,0.09842525
267069,Cole Creek,MT,45.19,-109.35,2392.7,20170203,10.22,41.0,28.76,,,,,30.984268699999998,0.0
267070,Cole Creek,MT,45.19,-109.35,2392.7,20170204,29.66,38.12,33.44,,,,,30.0000162,0.0
267071,Cole Creek,MT,45.19,-109.35,2392.7,20170205,30.74,41.36,34.7,,,,,30.0000162,0.0
267072,Cole Creek,MT,45.19,-109.35,2392.7,20170206,14.0,37.76,31.46,,,,,30.984268699999998,0.09842525
267073,Cole Creek,MT,45.19,-109.35,2392.7,20170207,3.2,23.0,16.34,,,,,35.0000189,0.09842525
267074,Cole Creek,MT,45.19,-109.35,2392.7,20170208,14.72,37.22,24.98,,,,,32.9921438,0.0
267075,Cole Creek,MT,45.19,-109.35,2392.7,20170209,35.06,48.38,43.16,,,,,29.015763699999997,0.0
267076,Cole Creek,MT,45.19,-109.35,2392.7,20170210,31.46,43.16,36.5,,,,,29.015763699999997,0.0
267077,Cole Creek,MT,45.19,-109.35,2392.7,20170211,19.04,32.54,25.34,,,,,29.015763699999997,0.0
267078,Cole Creek,MT,45.19,-109.35,2392.7,20170212,20.84,39.92,30.74,,,,,29.015763699999997,0.0
267079,Cole Creek,MT,45.19,-109.35,2392.7,20170213,28.04,36.68,32.18,,,,,27.9921411,0.0
267080,Cole Creek,MT,45.19,-109.35,2392.7,20170214,29.66,45.86,37.4,,,,,27.9921411,0.0
267081,Cole Creek,MT,45.19,-109.35,2392.7,20170215,41.72,54.86,47.66,,,,,27.9921411,0.0
267082,Cole Creek,MT,45.19,-109.35,2392.7,20170216,32.18,50.54,44.78,,,,,27.0078886,0.0
267083,Cole Creek,MT,45.19,-109.35,2392.7,20170217,30.02,39.74,35.06,,,,,27.0078886,0.0
267084,Cole Creek,MT,45.19,-109.35,2392.7,20170218,34.16,44.06,37.94,,,,,27.0078886,0.0
267085,Cole Creek,MT,45.19,-109.35,2392.7,20170219,30.2,45.68,38.12,,,,,27.0078886,0.0
267086,Cole Creek,MT,45.19,-109.35,2392.7,20170220,27.86,41.18,35.78,,,,,25.984266,0.0
267087,Cole Creek,MT,45.19,-109.35,2392.7,20170221,28.4,40.1,35.6,,,,,25.984266,0.0
267088,Cole Creek,MT,45.19,-109.35,2392.7,20170222,20.48,29.12,24.98,,,,,32.0078913,0.20078751
267089,Cole Creek,MT,45.19,-109.35,2392.7,20170223,11.66,20.48,15.26,,,,,35.9842714,0.20078751
267090,Cole Creek,MT,45.19,-109.35,2392.7,20170224,9.32,18.86,13.82,,,,,35.0000189,0.0
267091,Cole Creek,MT,45.19,-109.35,2392.7,20170225,6.08,20.3,11.12,,,,,34.0157664,0.0
267092,Cole Creek,MT,45.19,-109.35,2392.7,20170226,9.14,22.64,14.9,,,,,34.0157664,0.0
267093,Cole Creek,MT,45.19,-109.35,2392.7,20170227,10.4,26.06,16.52,,,,,34.0157664,0.0
267094,Cole Creek,MT,45.19,-109.35,2392.7,20170228,9.68,24.8,15.98,,,,,34.0157664,0.0
267095,Cole Creek,MT,45.19,-109.35,2392.7,20170301,10.4,31.82,22.82,,,,,34.0157664,0.0
267096,Cole Creek,MT,45.19,-109.35,2392.7,20170302,19.04,36.68,28.04,,,,,32.9921438,0.09842525
267097,Cole Creek,MT,45.19,-109.35,2392.7,20170303,30.38,45.5,36.14,,,,,32.0078913,0.09842525
267098,Cole Creek,MT,45.19,-109.35,2392.7,20170304,33.08,45.14,37.04,,,,,30.984268699999998,0.0
267099,Cole Creek,MT,45.19,-109.35,2392.7,20170305,23.0,39.92,33.08,,,,,32.9921438,0.0
267100,Cole Creek,MT,45.19,-109.35,2392.7,20170306,15.08,25.16,18.5,,,,,37.992146500000004,0.20078751
267101,Cole Creek,MT,45.19,-109.35,2392.7,20170307,12.02,28.94,20.3,,,,,37.007894,0.0
267102,Cole Creek,MT,45.19,-109.35,2392.7,20170308,24.62,39.56,32.72,,,,,35.9842714,0.0
267103,Cole Creek,MT,45.19,-109.35,2392.7,20170309,15.62,38.12,23.54,,,,,37.007894,0.0
267104,Cole Creek,MT,45.19,-109.35,2392.7,20170310,31.82,47.84,39.74,,,,,35.9842714,0.09842525
267105,Cole Creek,MT,45.19,-109.35,2392.7,20170311,27.32,46.04,36.14,,,,,35.9842714,0.0
267106,Cole Creek,MT,45.19,-109.35,2392.7,20170312,26.24,38.66,31.64,,,,,37.007894,0.09842525
267107,Cole Creek,MT,45.19,-109.35,2392.7,20170313,28.04,44.78,38.12,,,,,35.9842714,0.0
267108,Cole Creek,MT,45.19,-109.35,2392.7,20170314,36.86,51.62,44.6,,,,,34.0157664,0.0
267109,Cole Creek,MT,45.19,-109.35,2392.7,20170315,44.06,57.2,48.56,,,,,32.9921438,0.0
267110,Cole Creek,MT,45.19,-109.35,2392.7,20170316,30.38,44.78,38.48,,,,,32.9921438,0.0
267111,Cole Creek,MT,45.19,-109.35,2392.7,20170317,27.32,46.22,37.04,,,,,32.9921438,0.0
267112,Cole Creek,MT,45.19,-109.35,2392.7,20170318,41.9,59.18,49.82,,,,,30.984268699999998,0.0
267113,Cole Creek,MT,45.19,-109.35,2392.7,20170319,33.98,53.24,42.98,,,,,30.0000162,0.0
267114,Cole Creek,MT,45.19,-109.35,2392.7,20170320,24.44,34.7,29.66,,,,,32.9921438,0.0
267115,Cole Creek,MT,45.19,-109.35,2392.7,20170321,23.18,49.28,38.12,,,,,30.984268699999998,0.0
267116,Cole Creek,MT,45.19,-109.35,2392.7,20170322,36.5,54.14,42.98,,,,,30.0000162,0.0
267117,Cole Creek,MT,45.19,-109.35,2392.7,20170323,31.28,39.92,34.16,,,,,29.015763699999997,0.0
267118,Cole Creek,MT,45.19,-109.35,2392.7,20170324,29.84,52.88,39.56,,,,,30.0000162,0.09842525
267119,Cole Creek,MT,45.19,-109.35,2392.7,20170325,30.38,40.1,34.16,,,,,30.0000162,0.0
267120,Cole Creek,MT,45.19,-109.35,2392.7,20170326,28.94,43.7,34.88,,,,,30.984268699999998,0.0
267121,Cole Creek,MT,45.19,-109.35,2392.7,20170327,29.48,42.98,34.7,,,,,32.0078913,0.09842525
267122,Cole Creek,MT,45.19,-109.35,2392.7,20170328,27.86,40.1,31.64,,,,,32.9921438,0.20078751
267123,Cole Creek,MT,45.19,-109.35,2392.7,20170329,29.84,48.38,38.48,,,,,32.0078913,0.0
267124,Cole Creek,MT,45.19,-109.35,2392.7,20170330,32.36,38.66,34.52,,,,,34.0157664,0.20078751
267125,Cole Creek,MT,45.19,-109.35,2392.7,20170331,25.34,34.52,31.1,,,,,37.007894,0.79921303
267126,Cole Creek,MT,45.19,-109.35,2392.7,20170401,26.24,49.64,37.04,,,,,37.007894,0.09842525
267127,Cole Creek,MT,45.19,-109.35,2392.7,20170402,24.44,39.92,32.72,,,,,44.015771799999996,0.59842552
267128,Cole Creek,MT,45.19,-109.35,2392.7,20170403,19.04,31.1,24.08,,,,,44.015771799999996,0.09842525
267129,Cole Creek,MT,45.19,-109.35,2392.7,20170404,18.32,34.88,24.62,,,,,44.015771799999996,0.0
267130,Cole Creek,MT,45.19,-109.35,2392.7,20170405,24.44,48.2,34.88,,,,,42.0078967,0.09842525
267131,Cole Creek,MT,45.19,-109.35,2392.7,20170406,35.6,56.3,45.32,,,,,40.000021600000004,0.0
267132,Cole Creek,MT,45.19,-109.35,2392.7,20170407,36.32,56.48,47.3,,,,,37.992146500000004,0.0
267133,Cole Creek,MT,45.19,-109.35,2392.7,20170408,31.82,48.74,37.94,,,,,37.007894,0.0
267134,Cole Creek,MT,45.19,-109.35,2392.7,20170409,20.12,32.36,26.6,,,,,42.9921492,0.40157502
267135,Cole Creek,MT,45.19,-109.35,2392.7,20170410,19.94,44.24,29.3,,,,,40.9842741,0.09842525
267136,Cole Creek,MT,45.19,-109.35,2392.7,20170411,24.08,47.3,33.08,,,,,40.9842741,0.0
267137,Cole Creek,MT,45.19,-109.35,2392.7,20170412,30.38,48.92,40.1,,,,,40.000021600000004,0.0
267138,Cole Creek,MT,45.19,-109.35,2392.7,20170413,42.08,62.42,50.72,,,,,37.992146500000004,0.0
267139,Cole Creek,MT,45.19,-109.35,2392.7,20170414,28.22,45.68,35.96,,,,,37.992146500000004,0.0
267140,Cole Creek,MT,45.19,-109.35,2392.7,20170415,26.06,40.28,31.28,,,,,37.992146500000004,0.0
267141,Cole Creek,MT,45.19,-109.35,2392.7,20170416,25.52,44.78,33.62,,,,,37.007894,0.0
267142,Cole Creek,MT,45.19,-109.35,2392.7,20170417,32.9,51.26,40.64,,,,,37.007894,0.0
267143,Cole Creek,MT,45.19,-109.35,2392.7,20170418,33.44,49.64,40.1,,,,,35.9842714,0.0
267144,Cole Creek,MT,45.19,-109.35,2392.7,20170419,31.28,47.66,37.76,,,,,35.0000189,0.0
267145,Cole Creek,MT,45.19,-109.35,2392.7,20170420,33.26,49.1,39.92,,,,,35.0000189,0.0
267146,Cole Creek,MT,45.19,-109.35,2392.7,20170421,27.86,33.98,30.56,,,,,42.0078967,0.50000027
267147,Cole Creek,MT,45.19,-109.35,2392.7,20170422,26.96,49.1,38.12,,,,,37.007894,0.09842525
267148,Cole Creek,MT,45.19,-109.35,2392.7,20170423,33.26,53.78,42.98,,,,,37.007894,0.0
267149,Cole Creek,MT,45.19,-109.35,2392.7,20170424,29.84,39.74,34.16,,,,,42.0078967,0.40157502
267150,Cole Creek,MT,45.19,-109.35,2392.7,20170425,28.4,38.84,31.1,,,,,45.00002429999999,0.59842552
267151,Cole Creek,MT,45.19,-109.35,2392.7,20170426,27.86,40.82,32.9,,,,,50.000027,0.40157502
267152,Cole Creek,MT,45.19,-109.35,2392.7,20170427,26.78,35.96,29.66,,,,,52.9921546,0.79921303
267153,Cole Creek,MT,45.19,-109.35,2392.7,20170428,20.84,30.56,26.6,,,,,65.9842876,1.70078832
267154,Cole Creek,MT,45.19,-109.35,2392.7,20170429,20.48,41.18,30.38,,,,,62.99216,0.09842525
267155,Cole Creek,MT,45.19,-109.35,2392.7,20170430,31.1,48.74,38.12,,,,,60.0000324,0.0
267156,Cole Creek,MT,45.19,-109.35,2392.7,20170501,29.3,42.08,33.62,,,,,57.0079048,0.0
267157,Cole Creek,MT,45.19,-109.35,2392.7,20170502,28.94,39.74,32.9,,,,,59.0157799,0.09842525
267158,Cole Creek,MT,45.19,-109.35,2392.7,20170503,28.22,54.14,41.0,,,,,55.9842822,0.0
267159,Cole Creek,MT,45.19,-109.35,2392.7,20170504,39.92,65.12,51.62,,,,,50.9842795,0.0
267160,Cole Creek,MT,45.19,-109.35,2392.7,20170505,49.46,69.8,57.56,,,,,47.0078994,0.0
267161,Cole Creek,MT,45.19,-109.35,2392.7,20170506,50.54,70.34,59.0,,,,,42.9921492,0.09842525
267162,Cole Creek,MT,45.19,-109.35,2392.7,20170507,35.6,60.98,48.38,,,,,40.9842741,0.0
267163,Cole Creek,MT,45.19,-109.35,2392.7,20170508,32.18,46.76,37.58,,,,,40.000021600000004,0.0
267164,Cole Creek,MT,45.19,-109.35,2392.7,20170509,36.5,49.64,41.72,,,,,40.000021600000004,0.0
267165,Cole Creek,MT,45.19,-109.35,2392.7,20170510,37.94,55.94,46.4,,,,,37.992146500000004,0.0
267166,Cole Creek,MT,45.19,-109.35,2392.7,20170511,46.58,66.02,54.32,,,,,35.9842714,0.0
267167,Cole Creek,MT,45.19,-109.35,2392.7,20170512,48.74,65.12,57.74,,,,,34.0157664,0.0
267168,Cole Creek,MT,45.19,-109.35,2392.7,20170513,32.0,49.28,40.28,,,,,32.9921438,0.0
267169,Cole Creek,MT,45.19,-109.35,2392.7,20170514,30.2,50.72,39.02,,,,,32.0078913,0.09842525
267170,Cole Creek,MT,45.19,-109.35,2392.7,20170515,32.9,44.24,37.04,,,,,32.0078913,0.0
267171,Cole Creek,MT,45.19,-109.35,2392.7,20170516,32.9,51.26,41.36,,,,,30.984268699999998,0.09842525
267172,Cole Creek,MT,45.19,-109.35,2392.7,20170517,31.28,42.44,34.88,,,,,42.9921492,2.5984266
267173,Cole Creek,MT,45.19,-109.35,2392.7,20170518,25.88,34.52,30.92,,,,,50.000027,2.09842633
267174,Cole Creek,MT,45.19,-109.35,2392.7,20170519,24.98,47.12,35.42,,,,,47.992151899999996,0.0
267175,Cole Creek,MT,45.19,-109.35,2392.7,20170520,34.52,49.1,39.74,,,,,45.984276799999996,0.09842525
267176,Cole Creek,MT,45.19,-109.35,2392.7,20170521,36.32,51.62,42.8,,,,,42.0078967,0.0
267177,Cole Creek,MT,45.19,-109.35,2392.7,20170522,34.7,47.48,40.1,,,,,40.000021600000004,0.0
267178,Cole Creek,MT,45.19,-109.35,2392.7,20170523,38.84,60.26,50.36,,,,,37.992146500000004,0.0
267179,Cole Creek,MT,45.19,-109.35,2392.7,20170524,35.24,64.94,51.26,,,,,35.9842714,0.0
267180,Cole Creek,MT,45.19,-109.35,2392.7,20170525,33.08,41.54,36.68,,,,,35.9842714,0.0
267181,Cole Creek,MT,45.19,-109.35,2392.7,20170526,32.72,44.96,37.58,,,,,35.9842714,0.0
267182,Cole Creek,MT,45.19,-109.35,2392.7,20170527,35.78,55.04,45.68,,,,,35.0000189,0.20078751
267183,Cole Creek,MT,45.19,-109.35,2392.7,20170528,40.64,56.66,46.4,,,,,34.0157664,0.09842525
267184,Cole Creek,MT,45.19,-109.35,2392.7,20170529,39.38,59.18,48.2,,,,,32.0078913,0.0
267185,Cole Creek,MT,45.19,-109.35,2392.7,20170530,44.78,63.14,51.62,,,,,30.984268699999998,0.0
267186,Cole Creek,MT,45.19,-109.35,2392.7,20170531,49.46,67.64,57.02,,,,,27.0078886,0.09842525
267187,Cole Creek,MT,45.19,-109.35,2392.7,20170601,49.64,71.06,59.54,,,,,22.992138399999998,0.09842525
267188,Cole Creek,MT,45.19,-109.35,2392.7,20170602,47.84,63.14,53.42,,,,,20.9842633,0.09842525
267189,Cole Creek,MT,45.19,-109.35,2392.7,20170603,45.5,69.62,57.38,,,,,19.0157583,0.09842525
267190,Cole Creek,MT,45.19,-109.35,2392.7,20170604,54.68,74.3,63.14,,,,,14.015755599999999,0.0
267191,Cole Creek,MT,45.19,-109.35,2392.7,20170605,42.44,60.44,53.42,,,,,12.007880499999999,0.0
267192,Cole Creek,MT,45.19,-109.35,2392.7,20170606,40.1,55.04,47.48,,,,,9.0157529,0.0
267193,Cole Creek,MT,45.19,-109.35,2392.7,20170607,45.5,69.26,57.74,,,,,4.0157502,0.0
267194,Cole Creek,MT,45.19,-109.35,2392.7,20170608,55.04,77.0,65.66,,,,,0.0,0.0
267195,Cole Creek,MT,45.19,-109.35,2392.7,20170609,37.94,60.62,53.06,,,,,0.0,0.0
267196,Cole Creek,MT,45.19,-109.35,2392.7,20170610,38.3,56.84,46.94,,,,,0.0,0.0
267197,Cole Creek,MT,45.19,-109.35,2392.7,20170611,37.76,55.4,46.4,,,,,0.0,0.0
267198,Cole Creek,MT,45.19,-109.35,2392.7,20170612,36.5,60.8,49.28,,,,,0.0,0.40157502
267199,Cole Creek,MT,45.19,-109.35,2392.7,20170613,35.24,46.22,40.1,,,,,0.0,0.0
267200,Cole Creek,MT,45.19,-109.35,2392.7,20170614,39.02,57.92,48.92,,,,,0.0,0.0
267201,Cole Creek,MT,45.19,-109.35,2392.7,20170615,43.52,57.74,50.54,,,,,0.0,0.0
267202,Cole Creek,MT,45.19,-109.35,2392.7,20170616,43.88,60.08,50.0,,,,,0.0,0.0
267203,Cole Creek,MT,45.19,-109.35,2392.7,20170617,41.18,55.4,46.94,,,,,0.0,0.0
267204,Cole Creek,MT,45.19,-109.35,2392.7,20170618,43.16,59.54,50.0,,,,,0.0,0.0
267205,Cole Creek,MT,45.19,-109.35,2392.7,20170619,44.96,66.02,55.22,,,,,0.0,0.09842525
267206,Cole Creek,MT,45.19,-109.35,2392.7,20170620,57.56,75.74,65.3,,,,,0.0,0.0
267207,Cole Creek,MT,45.19,-109.35,2392.7,20170621,47.84,66.92,58.64,,,,,0.0,0.0
267208,Cole Creek,MT,45.19,-109.35,2392.7,20170622,34.88,59.54,46.4,,,,,0.0,0.0
267209,Cole Creek,MT,45.19,-109.35,2392.7,20170623,35.42,57.92,44.96,,,,,0.0,0.0
267210,Cole Creek,MT,45.19,-109.35,2392.7,20170624,38.84,57.2,47.84,,,,,0.0,0.0
267211,Cole Creek,MT,45.19,-109.35,2392.7,20170625,41.9,64.76,53.6,,,,,0.0,0.0
267212,Cole Creek,MT,45.19,-109.35,2392.7,20170626,53.06,77.54,64.4,,,,,0.0,0.09842525
267213,Cole Creek,MT,45.19,-109.35,2392.7,20170627,47.3,63.32,56.3,,,,,0.0,0.0
267214,Cole Creek,MT,45.19,-109.35,2392.7,20170628,42.98,60.26,50.54,,,,,0.0,0.0
267215,Cole Creek,MT,45.19,-109.35,2392.7,20170629,40.64,52.7,44.96,,,,,0.0,0.0
267216,Cole Creek,MT,45.19,-109.35,2392.7,20170630,41.18,62.42,51.98,,,,,0.0,0.0
267217,Cole Creek,MT,45.19,-109.35,2392.7,20170701,51.08,72.32,61.16,,,,,0.0,0.20078751
267218,Cole Creek,MT,45.19,-109.35,2392.7,20170702,52.7,69.62,59.72,,,,,0.0,0.0
267219,Cole Creek,MT,45.19,-109.35,2392.7,20170703,50.36,76.46,63.5,,,,,0.0,0.09842525
267220,Cole Creek,MT,45.19,-109.35,2392.7,20170704,52.52,74.3,64.04,,,,,0.0,0.09842525
267221,Cole Creek,MT,45.19,-109.35,2392.7,20170705,52.7,77.54,64.04,,,,,0.0,0.0
267222,Cole Creek,MT,45.19,-109.35,2392.7,20170706,55.22,76.28,65.12,,,,,0.0,0.09842525
267223,Cole Creek,MT,45.19,-109.35,2392.7,20170707,59.54,72.32,64.22,,,,,0.0,0.09842525
267224,Cole Creek,MT,45.19,-109.35,2392.7,20170708,60.8,78.8,68.9,,,,,0.0,0.0
267225,Cole Creek,MT,45.19,-109.35,2392.7,20170709,56.84,77.0,66.38,,,,,0.0,0.0
267226,Cole Creek,MT,45.19,-109.35,2392.7,20170710,53.42,75.74,63.5,,,,,0.0,0.0
267227,Cole Creek,MT,45.19,-109.35,2392.7,20170711,49.28,66.38,57.38,,,,,0.0,0.0
267228,Cole Creek,MT,45.19,-109.35,2392.7,20170712,46.58,66.2,56.3,,,,,0.0,0.29921276
267229,Cole Creek,MT,45.19,-109.35,2392.7,20170713,58.46,79.88,68.72,,,,,0.0,0.0
267230,Cole Creek,MT,45.19,-109.35,2392.7,20170714,60.62,75.38,67.1,,,,,0.0,0.0
267231,Cole Creek,MT,45.19,-109.35,2392.7,20170715,54.5,79.52,67.82,,,,,0.0,0.0
267232,Cole Creek,MT,45.19,-109.35,2392.7,20170716,53.96,77.36,66.74,,,,,0.0,0.0
267233,Cole Creek,MT,45.19,-109.35,2392.7,20170717,48.56,65.66,56.12,,,,,0.0,0.20078751
267234,Cole Creek,MT,45.19,-109.35,2392.7,20170718,49.1,69.44,59.9,,,,,0.0,0.09842525
267235,Cole Creek,MT,45.19,-109.35,2392.7,20170719,53.06,73.04,63.5,,,,,0.0,0.0
267236,Cole Creek,MT,45.19,-109.35,2392.7,20170720,59.54,73.58,66.56,,,,,0.0,0.0
267237,Cole Creek,MT,45.19,-109.35,2392.7,20170721,54.5,72.14,62.24,,,,,0.0,0.0
267238,Cole Creek,MT,45.19,-109.35,2392.7,20170722,52.16,72.32,61.7,,,,,0.0,0.0
267239,Cole Creek,MT,45.19,-109.35,2392.7,20170723,55.94,76.1,66.02,,,,,0.0,0.0
267240,Cole Creek,MT,45.19,-109.35,2392.7,20170724,57.56,76.46,67.64,,,,,0.0,0.0
267241,Cole Creek,MT,45.19,-109.35,2392.7,20170725,49.64,65.3,56.3,,,,,0.0,0.0
267242,Cole Creek,MT,45.19,-109.35,2392.7,20170726,53.78,73.94,61.88,,,,,0.0,0.0
267243,Cole Creek,MT,45.19,-109.35,2392.7,20170727,55.76,71.96,61.52,,,,,0.0,0.0
267244,Cole Creek,MT,45.19,-109.35,2392.7,20170728,54.14,72.14,61.34,,,,,0.0,0.0
267245,Cole Creek,MT,45.19,-109.35,2392.7,20170729,53.78,71.96,61.7,,,,,0.0,0.0
267246,Cole Creek,MT,45.19,-109.35,2392.7,20170730,59.18,76.28,66.74,,,,,0.0,0.0
267247,Cole Creek,MT,45.19,-109.35,2392.7,20170731,60.44,78.26,67.1,,,,,0.0,0.0
267248,Cole Creek,MT,45.19,-109.35,2392.7,20170801,56.48,73.4,63.32,,,,,0.0,0.0
267249,Cole Creek,MT,45.19,-109.35,2392.7,20170802,42.62,58.1,48.02,,,,,0.0,0.09842525
267250,Cole Creek,MT,45.19,-109.35,2392.7,20170803,41.72,61.88,50.9,,,,,0.0,0.09842525
267251,Cole Creek,MT,45.19,-109.35,2392.7,20170804,48.74,73.22,61.52,,,,,0.0,0.0
267252,Cole Creek,MT,45.19,-109.35,2392.7,20170805,45.14,59.36,49.64,,,,,0.0,0.0
267253,Cole Creek,MT,45.19,-109.35,2392.7,20170806,41.72,55.76,47.12,,,,,0.0,0.0
267254,Cole Creek,MT,45.19,-109.35,2392.7,20170807,45.68,65.3,54.86,,,,,0.0,0.09842525
267255,Cole Creek,MT,45.19,-109.35,2392.7,20170808,48.38,67.82,56.66,,,,,0.0,0.0
267256,Cole Creek,MT,45.19,-109.35,2392.7,20170809,44.6,61.34,51.62,,,,,0.0,0.0
267257,Cole Creek,MT,45.19,-109.35,2392.7,20170810,47.48,65.66,55.76,,,,,0.0,0.0
267258,Cole Creek,MT,45.19,-109.35,2392.7,20170811,48.2,67.82,57.92,,,,,0.0,0.0
267259,Cole Creek,MT,45.19,-109.35,2392.7,20170812,50.0,68.54,58.28,,,,,0.0,0.0
267260,Cole Creek,MT,45.19,-109.35,2392.7,20170813,48.56,69.62,56.48,,,,,0.0,0.20078751
267261,Cole Creek,MT,45.19,-109.35,2392.7,20170814,46.58,54.14,49.82,,,,,0.0,0.09842525
267262,Cole Creek,MT,45.19,-109.35,2392.7,20170815,47.84,61.34,53.42,,,,,0.0,0.0
267263,Cole Creek,MT,45.19,-109.35,2392.7,20170816,50.54,68.18,57.74,,,,,0.0,0.0
267264,Cole Creek,MT,45.19,-109.35,2392.7,20170817,53.42,67.1,58.46,,,,,0.0,0.0
267265,Cole Creek,MT,45.19,-109.35,2392.7,20170818,52.7,73.4,62.06,,,,,0.0,0.0
267266,Cole Creek,MT,45.19,-109.35,2392.7,20170819,49.1,68.9,60.26,,,,,0.0,0.0
267267,Cole Creek,MT,45.19,-109.35,2392.7,20170820,47.12,65.48,55.04,,,,,0.0,0.0
267268,Cole Creek,MT,45.19,-109.35,2392.7,20170821,47.48,64.4,55.04,,,,,0.0,0.0
267269,Cole Creek,MT,45.19,-109.35,2392.7,20170822,52.88,72.32,62.06,,,,,0.0,0.0
267270,Cole Creek,MT,45.19,-109.35,2392.7,20170823,59.18,75.56,65.3,,,,,0.0,0.0
267271,Cole Creek,MT,45.19,-109.35,2392.7,20170824,53.06,73.4,61.88,,,,,0.0,0.09842525
267272,Cole Creek,MT,45.19,-109.35,2392.7,20170825,50.72,68.9,59.0,,,,,0.0,0.0
267273,Cole Creek,MT,45.19,-109.35,2392.7,20170826,53.42,72.14,60.8,,,,,0.0,0.0
267274,Cole Creek,MT,45.19,-109.35,2392.7,20170827,55.04,74.84,63.86,,,,,0.0,0.0
267275,Cole Creek,MT,45.19,-109.35,2392.7,20170828,60.08,76.46,66.38,,,,,0.0,0.0
267276,Cole Creek,MT,45.19,-109.35,2392.7,20170829,58.28,76.64,65.3,,,,,0.0,0.0
267277,Cole Creek,MT,45.19,-109.35,2392.7,20170830,59.54,74.48,65.12,,,,,0.0,0.0
267278,Cole Creek,MT,45.19,-109.35,2392.7,20170831,54.5,69.08,62.6,,,,,0.0,0.0
267279,Cole Creek,MT,45.19,-109.35,2392.7,20170901,51.44,69.26,59.54,,,,,0.0,0.09842525
267280,Cole Creek,MT,45.19,-109.35,2392.7,20170902,56.66,77.18,66.56,,,,,0.0,0.0
267281,Cole Creek,MT,45.19,-109.35,2392.7,20170903,62.78,77.36,69.26,,,,,0.0,0.0
267282,Cole Creek,MT,45.19,-109.35,2392.7,20170904,41.18,66.92,47.12,,,,,0.0,0.0
267283,Cole Creek,MT,45.19,-109.35,2392.7,20170905,41.54,63.32,50.9,,,,,0.0,0.0
267284,Cole Creek,MT,45.19,-109.35,2392.7,20170906,49.46,69.26,58.28,,,,,0.0,0.0
267285,Cole Creek,MT,45.19,-109.35,2392.7,20170907,53.78,69.44,59.54,,,,,0.0,0.09842525
267286,Cole Creek,MT,45.19,-109.35,2392.7,20170908,55.4,73.4,63.32,,,,,0.0,0.0
267287,Cole Creek,MT,45.19,-109.35,2392.7,20170909,59.54,72.68,64.22,,,,,0.0,0.0
267288,Cole Creek,MT,45.19,-109.35,2392.7,20170910,56.66,72.14,62.42,,,,,0.0,0.0
267289,Cole Creek,MT,45.19,-109.35,2392.7,20170911,53.24,74.12,62.42,,,,,0.0,0.09842525
267290,Cole Creek,MT,45.19,-109.35,2392.7,20170912,58.82,75.38,64.76,,,,,0.0,0.0
267291,Cole Creek,MT,45.19,-109.35,2392.7,20170913,45.68,70.7,57.74,,,,,0.0,0.0
267292,Cole Creek,MT,45.19,-109.35,2392.7,20170914,33.98,46.58,39.74,,,,,0.0,0.29921276
267293,Cole Creek,MT,45.19,-109.35,2392.7,20170915,29.48,33.98,31.82,,,,,5.984255200000001,0.70078778
267294,Cole Creek,MT,45.19,-109.35,2392.7,20170916,28.4,36.14,31.28,,,,,5.984255200000001,0.20078751
267295,Cole Creek,MT,45.19,-109.35,2392.7,20170917,29.48,50.18,39.38,,,,,5.984255200000001,0.0
267296,Cole Creek,MT,45.19,-109.35,2392.7,20170918,39.2,55.94,48.2,,,,,2.0078751,0.09842525
267297,Cole Creek,MT,45.19,-109.35,2392.7,20170919,30.74,41.18,35.24,,,,,2.9921276000000003,0.0
267298,Cole Creek,MT,45.19,-109.35,2392.7,20170920,32.18,44.6,38.66,,,,,2.0078751,0.09842525
267299,Cole Creek,MT,45.19,-109.35,2392.7,20170921,29.66,37.22,33.44,,,,,,0.70078778
267300,Burnt Mtn,MT,45.24,-109.46,1792.2,20170101,2.12,21.74,13.64,,,,,20.9842633,0.09842525
267301,Burnt Mtn,MT,45.24,-109.46,1792.2,20170102,-13.0,3.92,-3.46,,,,,20.000010800000002,0.0
267302,Burnt Mtn,MT,45.24,-109.46,1792.2,20170103,-13.36,8.06,-4.36,,,,,20.000010800000002,0.0
267303,Burnt Mtn,MT,45.24,-109.46,1792.2,20170104,-4.36,14.0,1.4,,,,,19.0157583,0.09842525
267304,Burnt Mtn,MT,45.24,-109.46,1792.2,20170105,-7.24,24.8,6.62,,,,,17.9921357,0.0
267305,Burnt Mtn,MT,45.24,-109.46,1792.2,20170106,5.18,24.8,15.26,,,,,17.9921357,0.0
267306,Burnt Mtn,MT,45.24,-109.46,1792.2,20170107,10.76,37.76,22.46,,,,,17.9921357,0.0
267307,Burnt Mtn,MT,45.24,-109.46,1792.2,20170108,19.4,46.76,31.1,,,,,17.0078832,0.09842525
267308,Burnt Mtn,MT,45.24,-109.46,1792.2,20170109,28.58,49.46,41.0,,,,,20.9842633,0.20078751
267309,Burnt Mtn,MT,45.24,-109.46,1792.2,20170110,-2.02,32.36,21.02,,,,,20.000010800000002,0.0
267310,Burnt Mtn,MT,45.24,-109.46,1792.2,20170111,-1.66,17.42,4.82,,,,,20.9842633,0.20078751
267311,Burnt Mtn,MT,45.24,-109.46,1792.2,20170112,8.42,31.64,18.5,,,,,22.007885899999998,0.09842525
267312,Burnt Mtn,MT,45.24,-109.46,1792.2,20170113,15.62,39.74,23.18,,,,,22.007885899999998,0.0
267313,Burnt Mtn,MT,45.24,-109.46,1792.2,20170114,17.6,45.5,27.68,,,,,20.9842633,0.0
267314,Burnt Mtn,MT,45.24,-109.46,1792.2,20170115,21.74,46.04,30.74,,,,,20.9842633,0.0
267315,Burnt Mtn,MT,45.24,-109.46,1792.2,20170116,22.28,42.62,29.3,,,,,20.000010800000002,0.0
267316,Burnt Mtn,MT,45.24,-109.46,1792.2,20170117,28.4,59.72,40.64,,,,,19.0157583,0.0
267317,Burnt Mtn,MT,45.24,-109.46,1792.2,20170118,37.76,61.16,45.86,,,,,19.0157583,0.0
267318,Burnt Mtn,MT,45.24,-109.46,1792.2,20170119,32.18,46.22,38.84,,,,,19.0157583,0.0
267319,Burnt Mtn,MT,45.24,-109.46,1792.2,20170120,23.18,43.16,31.82,,,,,19.0157583,0.0
267320,Burnt Mtn,MT,45.24,-109.46,1792.2,20170121,22.1,40.82,29.66,,,,,19.0157583,0.0
267321,Burnt Mtn,MT,45.24,-109.46,1792.2,20170122,24.08,41.54,31.28,,,,,19.0157583,0.0
267322,Burnt Mtn,MT,45.24,-109.46,1792.2,20170123,19.76,36.5,24.26,,,,,20.000010800000002,0.09842525
267323,Burnt Mtn,MT,45.24,-109.46,1792.2,20170124,15.98,28.22,20.66,,,,,20.000010800000002,0.0
267324,Burnt Mtn,MT,45.24,-109.46,1792.2,20170125,15.98,28.58,21.56,,,,,20.000010800000002,0.0
267325,Burnt Mtn,MT,45.24,-109.46,1792.2,20170126,14.18,30.92,21.2,,,,,20.000010800000002,0.09842525
267326,Burnt Mtn,MT,45.24,-109.46,1792.2,20170127,16.16,47.12,29.48,,,,,20.000010800000002,0.0
267327,Burnt Mtn,MT,45.24,-109.46,1792.2,20170128,31.1,51.44,43.52,,,,,17.9921357,0.0
267328,Burnt Mtn,MT,45.24,-109.46,1792.2,20170129,44.24,57.02,50.54,,,,,17.0078832,0.0
267329,Burnt Mtn,MT,45.24,-109.46,1792.2,20170130,35.78,49.82,44.24,,,,,17.0078832,0.0
267330,Burnt Mtn,MT,45.24,-109.46,1792.2,20170131,13.1,36.14,20.66,,,,,27.0078886,0.50000027
267331,Burnt Mtn,MT,45.24,-109.46,1792.2,20170201,-1.12,14.54,8.6,,,,,27.0078886,0.20078751
267332,Burnt Mtn,MT,45.24,-109.46,1792.2,20170202,-5.08,8.42,2.66,,,,,27.0078886,0.09842525
267333,Burnt Mtn,MT,45.24,-109.46,1792.2,20170203,-0.04,44.42,27.68,,,,,25.0000135,0.20078751
267334,Burnt Mtn,MT,45.24,-109.46,1792.2,20170204,17.78,44.96,37.94,,,,,24.015760999999998,0.0
267335,Burnt Mtn,MT,45.24,-109.46,1792.2,20170205,33.08,51.08,43.16,,,,,22.992138399999998,0.0
267336,Burnt Mtn,MT,45.24,-109.46,1792.2,20170206,11.84,47.3,31.1,,,,,25.984266,0.20078751
267337,Burnt Mtn,MT,45.24,-109.46,1792.2,20170207,2.12,25.34,13.64,,,,,29.015763699999997,0.20078751
267338,Burnt Mtn,MT,45.24,-109.46,1792.2,20170208,4.64,38.12,25.7,,,,,24.015760999999998,0.09842525
267339,Burnt Mtn,MT,45.24,-109.46,1792.2,20170209,34.16,57.74,48.92,,,,,20.000010800000002,0.0
267340,Burnt Mtn,MT,45.24,-109.46,1792.2,20170210,35.24,48.74,42.44,,,,,19.0157583,0.0
267341,Burnt Mtn,MT,45.24,-109.46,1792.2,20170211,21.56,41.18,31.64,,,,,19.0157583,0.0
267342,Burnt Mtn,MT,45.24,-109.46,1792.2,20170212,20.66,49.46,33.62,,,,,19.0157583,0.0
267343,Burnt Mtn,MT,45.24,-109.46,1792.2,20170213,30.38,48.74,37.58,,,,,19.0157583,0.0
267344,Burnt Mtn,MT,45.24,-109.46,1792.2,20170214,30.74,53.6,41.18,,,,,19.0157583,0.0
267345,Burnt Mtn,MT,45.24,-109.46,1792.2,20170215,38.84,65.3,51.26,,,,,17.9921357,0.0
267346,Burnt Mtn,MT,45.24,-109.46,1792.2,20170216,41.18,61.7,50.0,,,,,17.9921357,0.0
267347,Burnt Mtn,MT,45.24,-109.46,1792.2,20170217,35.06,52.16,41.72,,,,,17.0078832,0.0
267348,Burnt Mtn,MT,45.24,-109.46,1792.2,20170218,35.78,53.96,42.8,,,,,15.9842606,0.0
267349,Burnt Mtn,MT,45.24,-109.46,1792.2,20170219,35.6,54.14,43.88,,,,,15.9842606,0.0
267350,Burnt Mtn,MT,45.24,-109.46,1792.2,20170220,33.98,52.34,44.06,,,,,15.0000081,0.0
267351,Burnt Mtn,MT,45.24,-109.46,1792.2,20170221,33.44,49.46,43.16,,,,,14.015755599999999,0.0
267352,Burnt Mtn,MT,45.24,-109.46,1792.2,20170222,26.78,40.28,32.9,,,,,19.0157583,0.50000027
267353,Burnt Mtn,MT,45.24,-109.46,1792.2,20170223,18.86,26.78,22.46,,,,,22.992138399999998,0.40157502
267354,Burnt Mtn,MT,45.24,-109.46,1792.2,20170224,15.26,28.04,21.02,,,,,20.9842633,0.0
267355,Burnt Mtn,MT,45.24,-109.46,1792.2,20170225,10.58,30.74,18.32,,,,,20.000010800000002,0.0
267356,Burnt Mtn,MT,45.24,-109.46,1792.2,20170226,12.74,35.78,23.0,,,,,20.000010800000002,0.09842525
267357,Burnt Mtn,MT,45.24,-109.46,1792.2,20170227,10.22,30.56,20.84,,,,,20.000010800000002,0.0
267358,Burnt Mtn,MT,45.24,-109.46,1792.2,20170228,14.54,37.22,24.62,,,,,19.0157583,0.09842525
267359,Burnt Mtn,MT,45.24,-109.46,1792.2,20170301,18.14,39.56,31.64,,,,,17.9921357,0.09842525
267360,Burnt Mtn,MT,45.24,-109.46,1792.2,20170302,21.2,46.94,34.88,,,,,17.9921357,0.0
267361,Burnt Mtn,MT,45.24,-109.46,1792.2,20170303,35.42,54.5,43.16,,,,,17.9921357,0.0
267362,Burnt Mtn,MT,45.24,-109.46,1792.2,20170304,36.14,55.94,45.14,,,,,17.0078832,0.0
267363,Burnt Mtn,MT,45.24,-109.46,1792.2,20170305,29.66,49.1,40.46,,,,,19.0157583,0.20078751
267364,Burnt Mtn,MT,45.24,-109.46,1792.2,20170306,23.9,35.42,27.68,,,,,20.9842633,0.09842525
267365,Burnt Mtn,MT,45.24,-109.46,1792.2,20170307,21.38,37.4,29.3,,,,,20.000010800000002,0.0
267366,Burnt Mtn,MT,45.24,-109.46,1792.2,20170308,27.86,50.36,38.3,,,,,19.0157583,0.0
267367,Burnt Mtn,MT,45.24,-109.46,1792.2,20170309,14.18,32.18,21.56,,,,,22.992138399999998,0.29921276
267368,Burnt Mtn,MT,45.24,-109.46,1792.2,20170310,14.72,58.1,37.22,,,,,20.000010800000002,0.0
267369,Burnt Mtn,MT,45.24,-109.46,1792.2,20170311,27.14,48.56,39.92,,,,,20.000010800000002,0.0
267370,Burnt Mtn,MT,45.24,-109.46,1792.2,20170312,27.86,51.08,38.48,,,,,20.000010800000002,0.0
267371,Burnt Mtn,MT,45.24,-109.46,1792.2,20170313,30.38,58.28,44.96,,,,,17.9921357,0.0
267372,Burnt Mtn,MT,45.24,-109.46,1792.2,20170314,41.36,58.82,49.64,,,,,15.9842606,0.0
267373,Burnt Mtn,MT,45.24,-109.46,1792.2,20170315,45.32,66.56,55.22,,,,,14.015755599999999,0.0
267374,Burnt Mtn,MT,45.24,-109.46,1792.2,20170316,32.9,53.78,44.96,,,,,12.992133,0.09842525
267375,Burnt Mtn,MT,45.24,-109.46,1792.2,20170317,30.2,56.84,41.36,,,,,12.007880499999999,0.0
267376,Burnt Mtn,MT,45.24,-109.46,1792.2,20170318,42.98,71.42,56.3,,,,,9.0157529,0.0
267377,Burnt Mtn,MT,45.24,-109.46,1792.2,20170319,36.5,61.52,50.36,,,,,7.007877799999999,0.0
267378,Burnt Mtn,MT,45.24,-109.46,1792.2,20170320,30.2,39.74,34.52,,,,,9.0157529,0.40157502
267379,Burnt Mtn,MT,45.24,-109.46,1792.2,20170321,28.22,35.78,31.46,,,,,9.0157529,0.0
267380,Burnt Mtn,MT,45.24,-109.46,1792.2,20170322,31.46,61.52,45.5,,,,,7.007877799999999,0.09842525
267381,Burnt Mtn,MT,45.24,-109.46,1792.2,20170323,32.0,48.92,39.74,,,,,7.007877799999999,0.09842525
267382,Burnt Mtn,MT,45.24,-109.46,1792.2,20170324,31.1,60.62,45.32,,,,,5.0000027000000005,0.0
267383,Burnt Mtn,MT,45.24,-109.46,1792.2,20170325,32.54,48.2,40.28,,,,,5.0000027000000005,0.0
267384,Burnt Mtn,MT,45.24,-109.46,1792.2,20170326,32.54,52.52,41.54,,,,,2.9921276000000003,0.0
267385,Burnt Mtn,MT,45.24,-109.46,1792.2,20170327,35.06,50.72,41.36,,,,,2.0078751,0.09842525
267386,Burnt Mtn,MT,45.24,-109.46,1792.2,20170328,32.9,50.0,39.02,,,,,2.0078751,0.0
267387,Burnt Mtn,MT,45.24,-109.46,1792.2,20170329,31.28,57.74,44.96,,,,,0.0,0.0
267388,Burnt Mtn,MT,45.24,-109.46,1792.2,20170330,35.42,45.32,39.56,,,,,0.0,0.59842552
267389,Burnt Mtn,MT,45.24,-109.46,1792.2,20170331,32.9,44.6,36.5,,,,,2.0078751,1.09842579
267390,Burnt Mtn,MT,45.24,-109.46,1792.2,20170401,28.58,55.58,42.62,,,,,0.9842525,0.0
267391,Burnt Mtn,MT,45.24,-109.46,1792.2,20170402,31.46,48.2,39.38,,,,,0.9842525,0.29921276
267392,Burnt Mtn,MT,45.24,-109.46,1792.2,20170403,23.54,43.16,32.18,,,,,0.0,0.0
267393,Burnt Mtn,MT,45.24,-109.46,1792.2,20170404,22.28,44.24,31.82,,,,,0.0,0.0
267394,Burnt Mtn,MT,45.24,-109.46,1792.2,20170405,28.94,52.52,42.26,,,,,0.0,0.0
267395,Burnt Mtn,MT,45.24,-109.46,1792.2,20170406,36.32,65.3,51.44,,,,,0.0,0.0
267396,Burnt Mtn,MT,45.24,-109.46,1792.2,20170407,43.16,66.2,53.42,,,,,0.0,0.0
267397,Burnt Mtn,MT,45.24,-109.46,1792.2,20170408,37.22,55.22,44.24,,,,,0.0,0.0
267398,Burnt Mtn,MT,45.24,-109.46,1792.2,20170409,28.94,38.48,34.34,,,,,0.9842525,0.29921276
267399,Burnt Mtn,MT,45.24,-109.46,1792.2,20170410,23.72,50.54,36.14,,,,,0.0,0.0
267400,Burnt Mtn,MT,45.24,-109.46,1792.2,20170411,28.58,51.26,39.56,,,,,0.0,0.0
267401,Burnt Mtn,MT,45.24,-109.46,1792.2,20170412,30.56,60.26,43.7,,,,,0.0,0.0
267402,Burnt Mtn,MT,45.24,-109.46,1792.2,20170413,38.3,71.6,55.76,,,,,0.0,0.0
267403,Burnt Mtn,MT,45.24,-109.46,1792.2,20170414,36.32,52.88,43.52,,,,,0.0,0.0
267404,Burnt Mtn,MT,45.24,-109.46,1792.2,20170415,28.58,48.38,39.02,,,,,0.0,0.0
267405,Burnt Mtn,MT,45.24,-109.46,1792.2,20170416,28.76,50.9,39.2,,,,,0.0,0.0
267406,Burnt Mtn,MT,45.24,-109.46,1792.2,20170417,29.84,60.44,41.9,,,,,0.0,0.0
267407,Burnt Mtn,MT,45.24,-109.46,1792.2,20170418,37.4,57.74,46.4,,,,,0.0,0.0
267408,Burnt Mtn,MT,45.24,-109.46,1792.2,20170419,35.78,55.94,44.24,,,,,0.0,0.09842525
267409,Burnt Mtn,MT,45.24,-109.46,1792.2,20170420,34.16,60.44,47.84,,,,,0.0,0.0
267410,Burnt Mtn,MT,45.24,-109.46,1792.2,20170421,32.9,41.9,36.5,,,,,0.0,0.40157502
267411,Burnt Mtn,MT,45.24,-109.46,1792.2,20170422,30.56,57.38,43.52,,,,,0.0,0.0
267412,Burnt Mtn,MT,45.24,-109.46,1792.2,20170423,36.14,63.32,48.02,,,,,0.0,0.0
267413,Burnt Mtn,MT,45.24,-109.46,1792.2,20170424,34.7,48.38,39.74,,,,,0.9842525,0.50000027
267414,Burnt Mtn,MT,45.24,-109.46,1792.2,20170425,32.18,43.34,36.32,,,,,0.0,0.50000027
267415,Burnt Mtn,MT,45.24,-109.46,1792.2,20170426,30.56,49.82,38.3,,,,,0.0,0.29921276
267416,Burnt Mtn,MT,45.24,-109.46,1792.2,20170427,33.08,42.8,36.32,,,,,0.0,0.40157502
267417,Burnt Mtn,MT,45.24,-109.46,1792.2,20170428,29.48,38.3,34.16,,,,,10.000005400000001,1.20078805
267418,Burnt Mtn,MT,45.24,-109.46,1792.2,20170429,24.44,48.92,37.76,,,,,7.007877799999999,0.0
267419,Burnt Mtn,MT,45.24,-109.46,1792.2,20170430,33.08,58.1,44.24,,,,,2.9921276000000003,0.0
267420,Burnt Mtn,MT,45.24,-109.46,1792.2,20170501,34.88,49.46,41.54,,,,,0.0,0.09842525
267421,Burnt Mtn,MT,45.24,-109.46,1792.2,20170502,34.16,51.8,40.64,,,,,0.0,0.0
267422,Burnt Mtn,MT,45.24,-109.46,1792.2,20170503,30.92,59.72,47.12,,,,,0.0,0.0
267423,Burnt Mtn,MT,45.24,-109.46,1792.2,20170504,41.54,70.52,57.38,,,,,0.0,0.0
267424,Burnt Mtn,MT,45.24,-109.46,1792.2,20170505,49.1,77.9,65.3,,,,,0.0,0.0
267425,Burnt Mtn,MT,45.24,-109.46,1792.2,20170506,55.04,79.34,66.92,,,,,0.0,0.09842525
267426,Burnt Mtn,MT,45.24,-109.46,1792.2,20170507,41.54,67.82,54.86,,,,,0.0,0.0
267427,Burnt Mtn,MT,45.24,-109.46,1792.2,20170508,38.48,52.16,44.06,,,,,0.0,0.0
267428,Burnt Mtn,MT,45.24,-109.46,1792.2,20170509,37.94,58.64,47.12,,,,,0.0,0.0
267429,Burnt Mtn,MT,45.24,-109.46,1792.2,20170510,39.38,64.58,53.24,,,,,0.0,0.0
267430,Burnt Mtn,MT,45.24,-109.46,1792.2,20170511,43.52,73.22,60.08,,,,,0.0,0.0
267431,Burnt Mtn,MT,45.24,-109.46,1792.2,20170512,50.72,78.62,65.12,,,,,0.0,0.0
267432,Burnt Mtn,MT,45.24,-109.46,1792.2,20170513,35.96,54.14,46.04,,,,,0.0,0.09842525
267433,Burnt Mtn,MT,45.24,-109.46,1792.2,20170514,32.36,58.64,46.94,,,,,0.0,0.0
267434,Burnt Mtn,MT,45.24,-109.46,1792.2,20170515,36.86,54.32,44.6,,,,,0.0,0.0
267435,Burnt Mtn,MT,45.24,-109.46,1792.2,20170516,35.06,60.8,47.66,,,,,0.0,0.0
267436,Burnt Mtn,MT,45.24,-109.46,1792.2,20170517,34.88,46.22,39.02,,,,,7.007877799999999,3.09842687
267437,Burnt Mtn,MT,45.24,-109.46,1792.2,20170518,32.18,46.76,37.22,,,,,9.0157529,1.2992133
267438,Burnt Mtn,MT,45.24,-109.46,1792.2,20170519,30.74,54.32,42.26,,,,,5.984255200000001,0.0
267439,Burnt Mtn,MT,45.24,-109.46,1792.2,20170520,38.12,58.1,47.12,,,,,4.0157502,0.20078751
267440,Burnt Mtn,MT,45.24,-109.46,1792.2,20170521,37.4,59.9,49.64,,,,,2.0078751,0.0
267441,Burnt Mtn,MT,45.24,-109.46,1792.2,20170522,41.9,58.46,47.12,,,,,0.9842525,0.29921276
267442,Burnt Mtn,MT,45.24,-109.46,1792.2,20170523,39.56,66.56,55.76,,,,,0.0,0.0
267443,Burnt Mtn,MT,45.24,-109.46,1792.2,20170524,37.4,74.48,57.2,,,,,0.0,0.0
267444,Burnt Mtn,MT,45.24,-109.46,1792.2,20170525,32.54,50.54,42.98,,,,,0.0,0.09842525
267445,Burnt Mtn,MT,45.24,-109.46,1792.2,20170526,36.5,55.04,44.6,,,,,0.0,0.0
267446,Burnt Mtn,MT,45.24,-109.46,1792.2,20170527,38.12,64.04,53.42,,,,,0.0,0.0
267447,Burnt Mtn,MT,45.24,-109.46,1792.2,20170528,43.7,66.38,53.6,,,,,0.0,0.0
267448,Burnt Mtn,MT,45.24,-109.46,1792.2,20170529,42.44,65.84,55.22,,,,,0.0,0.0
267449,Burnt Mtn,MT,45.24,-109.46,1792.2,20170530,45.68,70.7,57.38,,,,,0.0,0.0
267450,Burnt Mtn,MT,45.24,-109.46,1792.2,20170531,46.94,76.82,59.9,,,,,0.0,0.40157502
267451,Burnt Mtn,MT,45.24,-109.46,1792.2,20170601,53.06,80.42,65.48,,,,,0.0,0.0
267452,Burnt Mtn,MT,45.24,-109.46,1792.2,20170602,51.26,69.98,61.34,,,,,0.0,0.0
267453,Burnt Mtn,MT,45.24,-109.46,1792.2,20170603,47.3,77.36,62.78,,,,,0.0,0.0
267454,Burnt Mtn,MT,45.24,-109.46,1792.2,20170604,53.42,82.4,69.26,,,,,0.0,0.0
267455,Burnt Mtn,MT,45.24,-109.46,1792.2,20170605,49.46,69.98,59.54,,,,,0.0,0.0
267456,Burnt Mtn,MT,45.24,-109.46,1792.2,20170606,43.7,64.04,55.04,,,,,0.0,0.0
267457,Burnt Mtn,MT,45.24,-109.46,1792.2,20170607,46.22,76.28,60.44,,,,,0.0,0.09842525
267458,Burnt Mtn,MT,45.24,-109.46,1792.2,20170608,53.42,84.56,69.8,,,,,0.0,0.0
267459,Burnt Mtn,MT,45.24,-109.46,1792.2,20170609,43.16,68.9,59.18,,,,,0.0,0.0
267460,Burnt Mtn,MT,45.24,-109.46,1792.2,20170610,38.84,64.94,53.06,,,,,0.0,0.0
267461,Burnt Mtn,MT,45.24,-109.46,1792.2,20170611,36.86,60.8,50.0,,,,,0.0,0.0
267462,Burnt Mtn,MT,45.24,-109.46,1792.2,20170612,39.92,69.62,53.42,,,,,0.0,0.50000027
267463,Burnt Mtn,MT,45.24,-109.46,1792.2,20170613,37.58,55.22,46.4,,,,,0.0,0.0
267464,Burnt Mtn,MT,45.24,-109.46,1792.2,20170614,41.54,66.38,55.22,,,,,0.0,0.0
267465,Burnt Mtn,MT,45.24,-109.46,1792.2,20170615,46.94,64.76,56.48,,,,,0.0,0.0
267466,Burnt Mtn,MT,45.24,-109.46,1792.2,20170616,48.56,68.72,56.48,,,,,0.0,0.0
267467,Burnt Mtn,MT,45.24,-109.46,1792.2,20170617,46.58,63.32,53.96,,,,,0.0,0.0
267468,Burnt Mtn,MT,45.24,-109.46,1792.2,20170618,47.66,68.18,56.3,,,,,0.0,0.0
267469,Burnt Mtn,MT,45.24,-109.46,1792.2,20170619,46.22,73.94,60.8,,,,,0.0,0.0
267470,Burnt Mtn,MT,45.24,-109.46,1792.2,20170620,53.42,84.56,68.72,,,,,0.0,0.0
267471,Burnt Mtn,MT,45.24,-109.46,1792.2,20170621,50.72,75.2,64.76,,,,,0.0,0.0
267472,Burnt Mtn,MT,45.24,-109.46,1792.2,20170622,39.38,66.38,53.6,,,,,0.0,0.0
267473,Burnt Mtn,MT,45.24,-109.46,1792.2,20170623,39.2,66.2,51.98,,,,,0.0,0.0
267474,Burnt Mtn,MT,45.24,-109.46,1792.2,20170624,41.54,67.46,54.68,,,,,0.0,0.0
267475,Burnt Mtn,MT,45.24,-109.46,1792.2,20170625,42.8,72.14,59.18,,,,,0.0,0.0
267476,Burnt Mtn,MT,45.24,-109.46,1792.2,20170626,51.26,84.38,69.98,,,,,0.0,0.0
267477,Burnt Mtn,MT,45.24,-109.46,1792.2,20170627,51.08,72.68,61.88,,,,,0.0,0.20078751
267478,Burnt Mtn,MT,45.24,-109.46,1792.2,20170628,48.2,69.98,56.66,,,,,0.0,0.09842525
267479,Burnt Mtn,MT,45.24,-109.46,1792.2,20170629,44.06,60.26,52.7,,,,,0.0,0.0
267480,Burnt Mtn,MT,45.24,-109.46,1792.2,20170630,42.44,70.34,58.28,,,,,0.0,0.09842525
267481,Burnt Mtn,MT,45.24,-109.46,1792.2,20170701,53.6,79.7,67.82,,,,,0.0,0.0
267482,Burnt Mtn,MT,45.24,-109.46,1792.2,20170702,55.58,78.8,66.38,,,,,0.0,0.09842525
267483,Burnt Mtn,MT,45.24,-109.46,1792.2,20170703,53.42,84.92,69.62,,,,,0.0,0.70078778
267484,Burnt Mtn,MT,45.24,-109.46,1792.2,20170704,53.6,80.78,68.54,,,,,0.0,0.0
267485,Burnt Mtn,MT,45.24,-109.46,1792.2,20170705,59.36,86.36,69.62,,,,,0.0,0.20078751
267486,Burnt Mtn,MT,45.24,-109.46,1792.2,20170706,54.32,84.38,68.18,,,,,0.0,0.09842525
267487,Burnt Mtn,MT,45.24,-109.46,1792.2,20170707,58.46,81.5,68.72,,,,,0.0,0.0
267488,Burnt Mtn,MT,45.24,-109.46,1792.2,20170708,59.9,87.08,73.76,,,,,0.0,0.0
267489,Burnt Mtn,MT,45.24,-109.46,1792.2,20170709,59.54,87.08,71.6,,,,,0.0,0.0
267490,Burnt Mtn,MT,45.24,-109.46,1792.2,20170710,53.96,84.56,69.44,,,,,0.0,0.0
267491,Burnt Mtn,MT,45.24,-109.46,1792.2,20170711,52.7,75.56,63.14,,,,,0.0,0.09842525
267492,Burnt Mtn,MT,45.24,-109.46,1792.2,20170712,49.64,76.1,61.88,,,,,0.0,0.0
267493,Burnt Mtn,MT,45.24,-109.46,1792.2,20170713,55.58,87.62,73.76,,,,,0.0,0.0
267494,Burnt Mtn,MT,45.24,-109.46,1792.2,20170714,61.88,85.46,73.4,,,,,0.0,0.0
267495,Burnt Mtn,MT,45.24,-109.46,1792.2,20170715,58.82,83.48,70.88,,,,,0.0,0.0
267496,Burnt Mtn,MT,45.24,-109.46,1792.2,20170716,57.74,88.7,69.8,,,,,0.0,0.40157502
267497,Burnt Mtn,MT,45.24,-109.46,1792.2,20170717,52.16,73.22,60.98,,,,,0.0,0.40157502
267498,Burnt Mtn,MT,45.24,-109.46,1792.2,20170718,48.56,77.18,64.04,,,,,0.0,0.0
267499,Burnt Mtn,MT,45.24,-109.46,1792.2,20170719,57.02,80.24,69.62,,,,,0.0,0.0
267500,Burnt Mtn,MT,45.24,-109.46,1792.2,20170720,59.72,83.84,72.32,,,,,0.0,0.0
267501,Burnt Mtn,MT,45.24,-109.46,1792.2,20170721,55.04,80.06,67.82,,,,,0.0,0.0
267502,Burnt Mtn,MT,45.24,-109.46,1792.2,20170722,51.98,80.96,67.64,,,,,0.0,0.0
267503,Burnt Mtn,MT,45.24,-109.46,1792.2,20170723,55.22,84.56,71.6,,,,,0.0,0.0
267504,Burnt Mtn,MT,45.24,-109.46,1792.2,20170724,62.6,84.38,73.76,,,,,0.0,0.0
267505,Burnt Mtn,MT,45.24,-109.46,1792.2,20170725,52.52,66.92,58.64,,,,,0.0,0.0
267506,Burnt Mtn,MT,45.24,-109.46,1792.2,20170726,51.8,80.96,65.84,,,,,0.0,0.0
267507,Burnt Mtn,MT,45.24,-109.46,1792.2,20170727,56.84,81.14,68.9,,,,,0.0,0.0
267508,Burnt Mtn,MT,45.24,-109.46,1792.2,20170728,59.36,80.78,68.9,,,,,0.0,0.0
267509,Burnt Mtn,MT,45.24,-109.46,1792.2,20170729,55.76,80.24,67.46,,,,,0.0,0.0
267510,Burnt Mtn,MT,45.24,-109.46,1792.2,20170730,59.72,85.46,73.04,,,,,0.0,0.0
267511,Burnt Mtn,MT,45.24,-109.46,1792.2,20170731,60.8,86.0,73.22,,,,,0.0,0.0
267512,Burnt Mtn,MT,45.24,-109.46,1792.2,20170801,56.84,81.68,69.08,,,,,0.0,0.0
267513,Burnt Mtn,MT,45.24,-109.46,1792.2,20170802,46.4,63.14,54.5,,,,,0.0,0.0
267514,Burnt Mtn,MT,45.24,-109.46,1792.2,20170803,43.34,69.62,56.3,,,,,0.0,0.0
267515,Burnt Mtn,MT,45.24,-109.46,1792.2,20170804,49.64,80.96,66.02,,,,,0.0,0.0
267516,Burnt Mtn,MT,45.24,-109.46,1792.2,20170805,51.62,66.02,57.38,,,,,0.0,0.0
267517,Burnt Mtn,MT,45.24,-109.46,1792.2,20170806,44.24,66.56,54.32,,,,,0.0,0.0
267518,Burnt Mtn,MT,45.24,-109.46,1792.2,20170807,44.96,73.76,60.08,,,,,0.0,0.0
267519,Burnt Mtn,MT,45.24,-109.46,1792.2,20170808,52.34,76.46,63.32,,,,,0.0,0.0
267520,Burnt Mtn,MT,45.24,-109.46,1792.2,20170809,48.74,69.08,58.28,,,,,0.0,0.0
267521,Burnt Mtn,MT,45.24,-109.46,1792.2,20170810,48.02,73.94,60.98,,,,,0.0,0.0
267522,Burnt Mtn,MT,45.24,-109.46,1792.2,20170811,51.44,76.46,63.68,,,,,0.0,0.0
267523,Burnt Mtn,MT,45.24,-109.46,1792.2,20170812,49.82,75.92,62.42,,,,,0.0,0.0
267524,Burnt Mtn,MT,45.24,-109.46,1792.2,20170813,52.34,76.82,61.34,,,,,0.0,0.0
267525,Burnt Mtn,MT,45.24,-109.46,1792.2,20170814,51.44,65.12,55.94,,,,,0.0,0.20078751
267526,Burnt Mtn,MT,45.24,-109.46,1792.2,20170815,49.28,71.06,58.82,,,,,0.0,0.0
267527,Burnt Mtn,MT,45.24,-109.46,1792.2,20170816,50.36,76.46,64.4,,,,,0.0,0.20078751
267528,Burnt Mtn,MT,45.24,-109.46,1792.2,20170817,54.32,75.74,64.22,,,,,0.0,0.0
267529,Burnt Mtn,MT,45.24,-109.46,1792.2,20170818,53.24,81.14,67.82,,,,,0.0,0.09842525
267530,Burnt Mtn,MT,45.24,-109.46,1792.2,20170819,51.08,77.18,66.02,,,,,0.0,0.0
267531,Burnt Mtn,MT,45.24,-109.46,1792.2,20170820,47.84,73.76,60.26,,,,,0.0,0.0
267532,Burnt Mtn,MT,45.24,-109.46,1792.2,20170821,49.46,71.96,59.54,,,,,0.0,0.0
267533,Burnt Mtn,MT,45.24,-109.46,1792.2,20170822,50.0,79.7,65.3,,,,,0.0,0.0
267534,Burnt Mtn,MT,45.24,-109.46,1792.2,20170823,57.74,84.2,70.88,,,,,0.0,0.0
267535,Burnt Mtn,MT,45.24,-109.46,1792.2,20170824,55.58,79.34,66.92,,,,,0.0,0.0
267536,Burnt Mtn,MT,45.24,-109.46,1792.2,20170825,55.76,77.18,65.3,,,,,0.0,0.0
267537,Burnt Mtn,MT,45.24,-109.46,1792.2,20170826,54.5,80.78,66.02,,,,,0.0,0.0
267538,Burnt Mtn,MT,45.24,-109.46,1792.2,20170827,52.52,82.22,67.1,,,,,0.0,0.0
267539,Burnt Mtn,MT,45.24,-109.46,1792.2,20170828,58.82,85.28,71.06,,,,,0.0,0.0
267540,Burnt Mtn,MT,45.24,-109.46,1792.2,20170829,57.56,84.92,69.08,,,,,0.0,0.0
267541,Burnt Mtn,MT,45.24,-109.46,1792.2,20170830,58.46,84.38,70.88,,,,,0.0,0.0
267542,Burnt Mtn,MT,45.24,-109.46,1792.2,20170831,57.74,78.8,68.36,,,,,0.0,0.0
267543,Burnt Mtn,MT,45.24,-109.46,1792.2,20170901,52.34,76.82,64.58,,,,,0.0,0.0
267544,Burnt Mtn,MT,45.24,-109.46,1792.2,20170902,56.84,85.1,71.24,,,,,0.0,0.0
267545,Burnt Mtn,MT,45.24,-109.46,1792.2,20170903,62.78,84.56,72.32,,,,,0.0,0.0
267546,Burnt Mtn,MT,45.24,-109.46,1792.2,20170904,44.42,65.48,53.42,,,,,0.0,0.0
267547,Burnt Mtn,MT,45.24,-109.46,1792.2,20170905,42.08,68.72,54.32,,,,,0.0,0.0
267548,Burnt Mtn,MT,45.24,-109.46,1792.2,20170906,47.12,76.64,61.34,,,,,0.0,0.0
267549,Burnt Mtn,MT,45.24,-109.46,1792.2,20170907,53.42,77.36,63.5,,,,,0.0,0.0
267550,Burnt Mtn,MT,45.24,-109.46,1792.2,20170908,52.88,80.6,66.2,,,,,0.0,0.0
267551,Burnt Mtn,MT,45.24,-109.46,1792.2,20170909,59.72,81.68,70.16,,,,,0.0,0.0
267552,Burnt Mtn,MT,45.24,-109.46,1792.2,20170910,56.12,77.72,67.82,,,,,0.0,0.0
267553,Burnt Mtn,MT,45.24,-109.46,1792.2,20170911,52.88,80.6,66.74,,,,,0.0,0.0
267554,Burnt Mtn,MT,45.24,-109.46,1792.2,20170912,59.36,82.4,69.98,,,,,0.0,0.0
267555,Burnt Mtn,MT,45.24,-109.46,1792.2,20170913,47.84,77.72,62.06,,,,,0.0,0.0
267556,Burnt Mtn,MT,45.24,-109.46,1792.2,20170914,39.38,50.54,44.78,,,,,0.0,0.0
267557,Burnt Mtn,MT,45.24,-109.46,1792.2,20170915,34.7,39.38,35.96,,,,,2.0078751,1.00000054
267558,Burnt Mtn,MT,45.24,-109.46,1792.2,20170916,33.26,41.0,36.32,,,,,0.9842525,0.20078751
267559,Burnt Mtn,MT,45.24,-109.46,1792.2,20170917,32.9,60.08,44.78,,,,,0.0,0.29921276
267560,Burnt Mtn,MT,45.24,-109.46,1792.2,20170918,44.78,67.1,55.94,,,,,0.0,0.0
267561,Burnt Mtn,MT,45.24,-109.46,1792.2,20170919,33.98,51.26,42.44,,,,,0.0,0.0
267562,Burnt Mtn,MT,45.24,-109.46,1792.2,20170920,35.6,53.42,45.86,,,,,0.0,0.09842525
267563,Burnt Mtn,MT,45.24,-109.46,1792.2,20170921,34.7,41.9,38.48,,,,,0.0,
275481,Porcupine,MT,46.11,-110.47,1981.2,20170101,2.66,24.8,14.18,,,,,10.9842579,0.20078751
275482,Porcupine,MT,46.11,-110.47,1981.2,20170102,-11.02,2.66,-4.54,,,,,10.9842579,0.0
275483,Porcupine,MT,46.11,-110.47,1981.2,20170103,-11.92,13.46,1.58,,,,,10.000005400000001,0.0
275484,Porcupine,MT,46.11,-110.47,1981.2,20170104,-9.76,7.16,-0.22,,,,,10.000005400000001,0.0
275485,Porcupine,MT,46.11,-110.47,1981.2,20170105,-7.78,9.32,1.22,,,,,10.9842579,0.0
275486,Porcupine,MT,46.11,-110.47,1981.2,20170106,9.14,22.28,15.08,,,,,10.9842579,0.09842525
275487,Porcupine,MT,46.11,-110.47,1981.2,20170107,8.6,28.94,18.5,,,,,10.9842579,0.09842525
275488,Porcupine,MT,46.11,-110.47,1981.2,20170108,27.32,37.58,33.08,,,,,10.9842579,0.20078751
275489,Porcupine,MT,46.11,-110.47,1981.2,20170109,21.74,40.46,32.54,,,,,10.000005400000001,0.0
275490,Porcupine,MT,46.11,-110.47,1981.2,20170110,-6.16,27.32,18.68,,,,,12.007880499999999,0.09842525
275491,Porcupine,MT,46.11,-110.47,1981.2,20170111,-5.98,17.06,4.28,,,,,12.007880499999999,0.0
275492,Porcupine,MT,46.11,-110.47,1981.2,20170112,6.44,24.26,14.72,,,,,10.000005400000001,0.0
275493,Porcupine,MT,46.11,-110.47,1981.2,20170113,13.82,26.24,19.22,,,,,12.007880499999999,0.0
275494,Porcupine,MT,46.11,-110.47,1981.2,20170114,17.6,30.56,23.54,,,,,12.007880499999999,0.0
275495,Porcupine,MT,46.11,-110.47,1981.2,20170115,20.66,32.9,25.16,,,,,12.007880499999999,0.0
275496,Porcupine,MT,46.11,-110.47,1981.2,20170116,20.12,32.54,25.88,,,,,12.007880499999999,0.0
275497,Porcupine,MT,46.11,-110.47,1981.2,20170117,29.3,46.04,37.94,,,,,10.9842579,0.09842525
275498,Porcupine,MT,46.11,-110.47,1981.2,20170118,34.88,48.74,43.52,,,,,10.9842579,0.0
275499,Porcupine,MT,46.11,-110.47,1981.2,20170119,31.28,41.0,36.5,,,,,10.9842579,0.0
275500,Porcupine,MT,46.11,-110.47,1981.2,20170120,24.62,33.98,29.66,,,,,10.9842579,0.0
275501,Porcupine,MT,46.11,-110.47,1981.2,20170121,22.28,32.18,26.78,,,,,10.9842579,0.0
275502,Porcupine,MT,46.11,-110.47,1981.2,20170122,23.36,34.52,29.12,,,,,10.9842579,0.0
275503,Porcupine,MT,46.11,-110.47,1981.2,20170123,16.34,29.66,22.82,,,,,10.9842579,0.0
275504,Porcupine,MT,46.11,-110.47,1981.2,20170124,10.94,22.28,16.52,,,,,10.9842579,0.0
275505,Porcupine,MT,46.11,-110.47,1981.2,20170125,15.8,22.28,18.5,,,,,10.000005400000001,0.0
275506,Porcupine,MT,46.11,-110.47,1981.2,20170126,15.26,22.64,18.68,,,,,12.007880499999999,0.0
275507,Porcupine,MT,46.11,-110.47,1981.2,20170127,14.18,29.3,21.2,,,,,12.007880499999999,0.0
275508,Porcupine,MT,46.11,-110.47,1981.2,20170128,23.9,35.6,29.84,,,,,10.9842579,0.0
275509,Porcupine,MT,46.11,-110.47,1981.2,20170129,31.28,44.78,38.48,,,,,10.9842579,0.0
275510,Porcupine,MT,46.11,-110.47,1981.2,20170130,29.66,39.56,35.24,,,,,10.9842579,0.0
275511,Porcupine,MT,46.11,-110.47,1981.2,20170131,10.04,30.2,18.32,,,,,14.015755599999999,0.20078751
275512,Porcupine,MT,46.11,-110.47,1981.2,20170201,-4.9,11.66,3.56,,,,,14.015755599999999,0.0
275513,Porcupine,MT,46.11,-110.47,1981.2,20170202,-5.62,6.08,-0.22,,,,,12.992133,0.0
275514,Porcupine,MT,46.11,-110.47,1981.2,20170203,1.94,37.4,26.96,,,,,14.015755599999999,0.29921276
275515,Porcupine,MT,46.11,-110.47,1981.2,20170204,32.0,39.02,35.24,,,,,14.015755599999999,0.09842525
275516,Porcupine,MT,46.11,-110.47,1981.2,20170205,34.7,41.0,37.76,,,,,12.992133,0.0
275517,Porcupine,MT,46.11,-110.47,1981.2,20170206,21.38,43.88,34.16,,,,,14.015755599999999,0.20078751
275518,Porcupine,MT,46.11,-110.47,1981.2,20170207,4.82,26.06,15.62,,,,,17.0078832,0.20078751
275519,Porcupine,MT,46.11,-110.47,1981.2,20170208,17.06,37.22,27.5,,,,,15.9842606,0.09842525
275520,Porcupine,MT,46.11,-110.47,1981.2,20170209,36.14,46.94,42.8,,,,,15.9842606,0.0
275521,Porcupine,MT,46.11,-110.47,1981.2,20170210,30.02,40.1,34.34,,,,,15.0000081,0.0
275522,Porcupine,MT,46.11,-110.47,1981.2,20170211,18.86,30.92,23.9,,,,,14.015755599999999,0.0
275523,Porcupine,MT,46.11,-110.47,1981.2,20170212,18.32,39.92,28.22,,,,,14.015755599999999,0.0
275524,Porcupine,MT,46.11,-110.47,1981.2,20170213,26.24,40.46,30.38,,,,,14.015755599999999,0.0
275525,Porcupine,MT,46.11,-110.47,1981.2,20170214,27.32,48.74,34.34,,,,,14.015755599999999,0.09842525
275526,Porcupine,MT,46.11,-110.47,1981.2,20170215,35.24,56.66,44.24,,,,,12.992133,0.0
275527,Porcupine,MT,46.11,-110.47,1981.2,20170216,33.62,51.44,44.78,,,,,12.992133,0.0
275528,Porcupine,MT,46.11,-110.47,1981.2,20170217,32.36,44.96,35.96,,,,,12.007880499999999,0.0
275529,Porcupine,MT,46.11,-110.47,1981.2,20170218,33.08,49.82,41.18,,,,,12.007880499999999,0.0
275530,Porcupine,MT,46.11,-110.47,1981.2,20170219,29.12,43.16,36.32,,,,,12.992133,0.0
275531,Porcupine,MT,46.11,-110.47,1981.2,20170220,29.3,44.06,36.86,,,,,12.992133,0.0
275532,Porcupine,MT,46.11,-110.47,1981.2,20170221,29.84,46.58,38.3,,,,,12.007880499999999,0.0
275533,Porcupine,MT,46.11,-110.47,1981.2,20170222,20.48,35.96,27.5,,,,,12.992133,0.09842525
275534,Porcupine,MT,46.11,-110.47,1981.2,20170223,15.44,28.22,21.92,,,,,12.992133,0.0
275535,Porcupine,MT,46.11,-110.47,1981.2,20170224,11.3,25.52,18.14,,,,,12.992133,0.0
275536,Porcupine,MT,46.11,-110.47,1981.2,20170225,14.9,23.72,17.6,,,,,15.0000081,0.20078751
275537,Porcupine,MT,46.11,-110.47,1981.2,20170226,17.06,27.86,20.84,,,,,15.0000081,0.0
275538,Porcupine,MT,46.11,-110.47,1981.2,20170227,15.44,30.38,21.92,,,,,15.0000081,0.0
275539,Porcupine,MT,46.11,-110.47,1981.2,20170228,15.98,26.78,19.58,,,,,15.0000081,0.0
275540,Porcupine,MT,46.11,-110.47,1981.2,20170301,15.44,29.3,24.08,,,,,15.0000081,0.20078751
275541,Porcupine,MT,46.11,-110.47,1981.2,20170302,26.24,35.6,31.82,,,,,14.015755599999999,0.09842525
275542,Porcupine,MT,46.11,-110.47,1981.2,20170303,33.08,48.2,38.48,,,,,14.015755599999999,0.0
275543,Porcupine,MT,46.11,-110.47,1981.2,20170304,34.16,45.68,38.48,,,,,14.015755599999999,0.0
275544,Porcupine,MT,46.11,-110.47,1981.2,20170305,24.8,42.62,35.42,,,,,14.015755599999999,0.0
275545,Porcupine,MT,46.11,-110.47,1981.2,20170306,18.32,32.18,22.46,,,,,14.015755599999999,0.0
275546,Porcupine,MT,46.11,-110.47,1981.2,20170307,17.24,32.0,24.08,,,,,14.015755599999999,0.0
275547,Porcupine,MT,46.11,-110.47,1981.2,20170308,28.76,38.3,33.26,,,,,17.0078832,0.20078751
275548,Porcupine,MT,46.11,-110.47,1981.2,20170309,12.74,30.74,21.56,,,,,24.015760999999998,0.40157502
275549,Porcupine,MT,46.11,-110.47,1981.2,20170310,13.82,48.56,37.04,,,,,20.000010800000002,0.29921276
275550,Porcupine,MT,46.11,-110.47,1981.2,20170311,29.84,49.28,38.66,,,,,19.0157583,0.0
275551,Porcupine,MT,46.11,-110.47,1981.2,20170312,29.84,41.0,34.34,,,,,19.0157583,0.0
275552,Porcupine,MT,46.11,-110.47,1981.2,20170313,32.54,48.2,40.46,,,,,17.0078832,0.0
275553,Porcupine,MT,46.11,-110.47,1981.2,20170314,35.06,46.22,40.28,,,,,15.9842606,0.0
275554,Porcupine,MT,46.11,-110.47,1981.2,20170315,38.48,58.64,46.4,,,,,15.0000081,0.09842525
275555,Porcupine,MT,46.11,-110.47,1981.2,20170316,29.84,47.48,37.58,,,,,15.0000081,0.0
275556,Porcupine,MT,46.11,-110.47,1981.2,20170317,29.12,52.7,40.46,,,,,14.015755599999999,0.29921276
275557,Porcupine,MT,46.11,-110.47,1981.2,20170318,44.96,65.3,51.8,,,,,10.9842579,0.0
275558,Porcupine,MT,46.11,-110.47,1981.2,20170319,35.06,46.04,39.56,,,,,10.9842579,0.0
275559,Porcupine,MT,46.11,-110.47,1981.2,20170320,29.66,35.42,32.9,,,,,12.992133,0.40157502
275560,Porcupine,MT,46.11,-110.47,1981.2,20170321,28.4,35.42,31.1,,,,,12.007880499999999,0.09842525
275561,Porcupine,MT,46.11,-110.47,1981.2,20170322,30.38,50.0,38.12,,,,,12.007880499999999,0.0
275562,Porcupine,MT,46.11,-110.47,1981.2,20170323,31.28,48.2,37.22,,,,,10.9842579,0.0
275563,Porcupine,MT,46.11,-110.47,1981.2,20170324,30.92,55.4,42.26,,,,,10.000005400000001,0.09842525
275564,Porcupine,MT,46.11,-110.47,1981.2,20170325,31.46,44.24,35.78,,,,,10.000005400000001,0.0
275565,Porcupine,MT,46.11,-110.47,1981.2,20170326,29.66,49.82,37.76,,,,,10.000005400000001,0.0
275566,Porcupine,MT,46.11,-110.47,1981.2,20170327,32.36,43.7,37.04,,,,,7.9921303,0.0
275567,Porcupine,MT,46.11,-110.47,1981.2,20170328,26.24,45.86,34.52,,,,,9.0157529,0.09842525
275568,Porcupine,MT,46.11,-110.47,1981.2,20170329,31.82,46.94,39.2,,,,,7.9921303,0.09842525
275569,Porcupine,MT,46.11,-110.47,1981.2,20170330,35.06,48.2,38.48,,,,,7.9921303,0.0
275570,Porcupine,MT,46.11,-110.47,1981.2,20170331,32.36,51.08,39.02,,,,,7.007877799999999,0.0
275571,Porcupine,MT,46.11,-110.47,1981.2,20170401,29.48,53.6,41.0,,,,,5.0000027000000005,0.09842525
275572,Porcupine,MT,46.11,-110.47,1981.2,20170402,25.34,49.46,37.04,,,,,4.0157502,0.0
275573,Porcupine,MT,46.11,-110.47,1981.2,20170403,23.0,35.6,26.96,,,,,4.0157502,0.0
275574,Porcupine,MT,46.11,-110.47,1981.2,20170404,23.9,43.34,29.66,,,,,7.007877799999999,0.70078778
275575,Porcupine,MT,46.11,-110.47,1981.2,20170405,26.6,44.78,36.68,,,,,5.984255200000001,0.09842525
275576,Porcupine,MT,46.11,-110.47,1981.2,20170406,37.04,61.52,47.48,,,,,2.9921276000000003,0.0
275577,Porcupine,MT,46.11,-110.47,1981.2,20170407,34.52,57.56,46.04,,,,,0.0,0.0
275578,Porcupine,MT,46.11,-110.47,1981.2,20170408,31.46,48.38,37.04,,,,,0.0,0.0
275579,Porcupine,MT,46.11,-110.47,1981.2,20170409,22.82,32.9,28.04,,,,,7.007877799999999,1.2992133
275580,Porcupine,MT,46.11,-110.47,1981.2,20170410,23.0,42.8,30.56,,,,,5.0000027000000005,0.09842525
275581,Porcupine,MT,46.11,-110.47,1981.2,20170411,22.82,50.18,33.26,,,,,5.0000027000000005,0.09842525
275582,Porcupine,MT,46.11,-110.47,1981.2,20170412,31.28,52.34,38.66,,,,,2.9921276000000003,0.0
275583,Porcupine,MT,46.11,-110.47,1981.2,20170413,33.98,64.58,45.68,,,,,0.9842525,0.0
275584,Porcupine,MT,46.11,-110.47,1981.2,20170414,28.4,43.34,33.98,,,,,5.984255200000001,0.29921276
275585,Porcupine,MT,46.11,-110.47,1981.2,20170415,24.62,38.48,29.84,,,,,2.0078751,0.29921276
275586,Porcupine,MT,46.11,-110.47,1981.2,20170416,25.52,50.36,35.42,,,,,2.0078751,0.09842525
275587,Porcupine,MT,46.11,-110.47,1981.2,20170417,30.38,42.08,34.88,,,,,2.0078751,0.0
275588,Porcupine,MT,46.11,-110.47,1981.2,20170418,33.08,55.22,41.0,,,,,2.0078751,0.09842525
275589,Porcupine,MT,46.11,-110.47,1981.2,20170419,31.28,49.46,37.04,,,,,0.9842525,0.20078751
275590,Porcupine,MT,46.11,-110.47,1981.2,20170420,32.72,58.46,42.62,,,,,0.9842525,0.0
275591,Porcupine,MT,46.11,-110.47,1981.2,20170421,31.1,37.04,33.26,,,,,7.007877799999999,1.09842579
275592,Porcupine,MT,46.11,-110.47,1981.2,20170422,29.66,52.88,37.76,,,,,4.0157502,0.20078751
275593,Porcupine,MT,46.11,-110.47,1981.2,20170423,34.16,53.42,40.28,,,,,2.0078751,0.0
275594,Porcupine,MT,46.11,-110.47,1981.2,20170424,34.16,46.22,38.12,,,,,0.0,0.0
275595,Porcupine,MT,46.11,-110.47,1981.2,20170425,33.08,43.34,35.78,,,,,0.0,0.09842525
275596,Porcupine,MT,46.11,-110.47,1981.2,20170426,32.0,43.34,35.24,,,,,0.0,0.20078751
275597,Porcupine,MT,46.11,-110.47,1981.2,20170427,30.02,38.12,32.9,,,,,2.9921276000000003,0.40157502
275598,Porcupine,MT,46.11,-110.47,1981.2,20170428,30.02,39.38,33.8,,,,,2.9921276000000003,0.09842525
275599,Porcupine,MT,46.11,-110.47,1981.2,20170429,26.78,49.46,35.96,,,,,0.9842525,0.29921276
275600,Porcupine,MT,46.11,-110.47,1981.2,20170430,33.62,47.66,38.48,,,,,0.9842525,0.0
275601,Porcupine,MT,46.11,-110.47,1981.2,20170501,32.9,46.94,37.22,,,,,0.0,0.0
275602,Porcupine,MT,46.11,-110.47,1981.2,20170502,31.28,43.7,35.96,,,,,0.0,0.09842525
275603,Porcupine,MT,46.11,-110.47,1981.2,20170503,28.94,59.54,42.98,,,,,0.0,0.20078751
275604,Porcupine,MT,46.11,-110.47,1981.2,20170504,40.82,70.52,52.16,,,,,0.0,0.09842525
275605,Porcupine,MT,46.11,-110.47,1981.2,20170505,45.14,77.18,59.0,,,,,0.0,0.0
275606,Porcupine,MT,46.11,-110.47,1981.2,20170506,46.94,74.3,57.74,,,,,0.0,0.0
275607,Porcupine,MT,46.11,-110.47,1981.2,20170507,36.5,65.84,47.48,,,,,0.0,0.0
275608,Porcupine,MT,46.11,-110.47,1981.2,20170508,32.9,58.1,42.8,,,,,0.0,0.0
275609,Porcupine,MT,46.11,-110.47,1981.2,20170509,34.7,61.88,46.4,,,,,0.0,0.0
275610,Porcupine,MT,46.11,-110.47,1981.2,20170510,37.76,66.74,50.54,,,,,0.0,0.0
275611,Porcupine,MT,46.11,-110.47,1981.2,20170511,44.24,74.12,56.12,,,,,0.0,0.0
275612,Porcupine,MT,46.11,-110.47,1981.2,20170512,37.76,74.3,58.82,,,,,0.0,0.09842525
275613,Porcupine,MT,46.11,-110.47,1981.2,20170513,28.04,47.3,35.42,,,,,0.0,0.0
275614,Porcupine,MT,46.11,-110.47,1981.2,20170514,27.86,49.28,37.04,,,,,0.0,0.0
275615,Porcupine,MT,46.11,-110.47,1981.2,20170515,32.54,44.42,38.66,,,,,0.0,0.0
275616,Porcupine,MT,46.11,-110.47,1981.2,20170516,32.18,56.66,41.9,,,,,0.0,0.0
275617,Porcupine,MT,46.11,-110.47,1981.2,20170517,33.8,41.72,36.86,,,,,9.0157529,1.90157583
275618,Porcupine,MT,46.11,-110.47,1981.2,20170518,31.1,46.58,37.04,,,,,4.0157502,0.20078751
275619,Porcupine,MT,46.11,-110.47,1981.2,20170519,29.12,57.74,39.92,,,,,0.9842525,0.09842525
275620,Porcupine,MT,46.11,-110.47,1981.2,20170520,35.42,53.78,40.82,,,,,0.0,0.0
275621,Porcupine,MT,46.11,-110.47,1981.2,20170521,35.42,54.86,43.7,,,,,0.0,0.09842525
275622,Porcupine,MT,46.11,-110.47,1981.2,20170522,40.82,57.2,46.94,,,,,0.0,0.09842525
275623,Porcupine,MT,46.11,-110.47,1981.2,20170523,39.74,69.98,54.86,,,,,0.0,0.0
275624,Porcupine,MT,46.11,-110.47,1981.2,20170524,35.06,62.42,52.34,,,,,0.0,0.0
275625,Porcupine,MT,46.11,-110.47,1981.2,20170525,32.9,44.96,36.32,,,,,0.0,0.0
275626,Porcupine,MT,46.11,-110.47,1981.2,20170526,32.9,53.96,41.36,,,,,0.0,0.29921276
275627,Porcupine,MT,46.11,-110.47,1981.2,20170527,36.5,63.14,48.38,,,,,0.0,0.09842525
275628,Porcupine,MT,46.11,-110.47,1981.2,20170528,41.36,65.3,48.92,,,,,0.0,0.0
275629,Porcupine,MT,46.11,-110.47,1981.2,20170529,40.46,69.44,51.8,,,,,0.0,0.0
275630,Porcupine,MT,46.11,-110.47,1981.2,20170530,44.24,70.16,54.5,,,,,0.0,0.0
275631,Porcupine,MT,46.11,-110.47,1981.2,20170531,46.58,77.54,59.0,,,,,0.0,0.0
275632,Porcupine,MT,46.11,-110.47,1981.2,20170601,50.54,74.66,61.16,,,,,0.0,0.0
275633,Porcupine,MT,46.11,-110.47,1981.2,20170602,46.76,66.38,54.32,,,,,0.0,0.0
275634,Porcupine,MT,46.11,-110.47,1981.2,20170603,45.32,74.3,58.46,,,,,0.0,0.0
275635,Porcupine,MT,46.11,-110.47,1981.2,20170604,51.62,82.04,62.96,,,,,0.0,0.0
275636,Porcupine,MT,46.11,-110.47,1981.2,20170605,43.16,63.5,52.88,,,,,0.0,0.0
275637,Porcupine,MT,46.11,-110.47,1981.2,20170606,40.82,68.9,53.42,,,,,0.0,0.0
275638,Porcupine,MT,46.11,-110.47,1981.2,20170607,45.68,78.62,58.82,,,,,0.0,0.0
275639,Porcupine,MT,46.11,-110.47,1981.2,20170608,51.62,82.58,65.3,,,,,0.0,0.0
275640,Porcupine,MT,46.11,-110.47,1981.2,20170609,37.4,57.02,48.74,,,,,0.0,0.29921276
275641,Porcupine,MT,46.11,-110.47,1981.2,20170610,33.98,48.2,39.92,,,,,0.0,0.40157502
275642,Porcupine,MT,46.11,-110.47,1981.2,20170611,32.72,55.94,44.78,,,,,0.0,0.29921276
275643,Porcupine,MT,46.11,-110.47,1981.2,20170612,38.48,68.54,51.08,,,,,0.0,0.20078751
275644,Porcupine,MT,46.11,-110.47,1981.2,20170613,35.6,43.34,39.74,,,,,0.0,1.79921357
275645,Porcupine,MT,46.11,-110.47,1981.2,20170614,40.28,59.36,47.66,,,,,0.0,0.20078751
275646,Porcupine,MT,46.11,-110.47,1981.2,20170615,40.1,59.72,50.9,,,,,0.0,0.0
275647,Porcupine,MT,46.11,-110.47,1981.2,20170616,44.78,62.06,51.62,,,,,0.0,0.0
275648,Porcupine,MT,46.11,-110.47,1981.2,20170617,41.54,59.9,47.84,,,,,0.0,0.0
275649,Porcupine,MT,46.11,-110.47,1981.2,20170618,45.14,59.9,50.9,,,,,0.0,0.0
275650,Porcupine,MT,46.11,-110.47,1981.2,20170619,44.42,72.32,57.56,,,,,0.0,0.0
275651,Porcupine,MT,46.11,-110.47,1981.2,20170620,52.16,80.96,63.86,,,,,0.0,0.09842525
275652,Porcupine,MT,46.11,-110.47,1981.2,20170621,47.12,73.22,59.72,,,,,0.0,0.0
275653,Porcupine,MT,46.11,-110.47,1981.2,20170622,39.02,61.52,49.28,,,,,0.0,0.0
275654,Porcupine,MT,46.11,-110.47,1981.2,20170623,36.68,63.14,49.46,,,,,0.0,0.0
275655,Porcupine,MT,46.11,-110.47,1981.2,20170624,41.18,67.82,52.88,,,,,0.0,0.0
275656,Porcupine,MT,46.11,-110.47,1981.2,20170625,42.62,72.68,56.48,,,,,0.0,0.0
275657,Porcupine,MT,46.11,-110.47,1981.2,20170626,50.0,83.3,66.56,,,,,0.0,0.0
275658,Porcupine,MT,46.11,-110.47,1981.2,20170627,48.92,67.28,56.3,,,,,0.0,0.09842525
275659,Porcupine,MT,46.11,-110.47,1981.2,20170628,44.96,60.26,51.8,,,,,0.0,0.09842525
275660,Porcupine,MT,46.11,-110.47,1981.2,20170629,41.72,61.16,47.84,,,,,0.0,0.09842525
275661,Porcupine,MT,46.11,-110.47,1981.2,20170630,42.08,69.08,53.6,,,,,0.0,0.0
275662,Porcupine,MT,46.11,-110.47,1981.2,20170701,50.0,78.44,61.52,,,,,0.0,0.09842525
275663,Porcupine,MT,46.11,-110.47,1981.2,20170702,48.56,79.16,60.8,,,,,0.0,0.0
275664,Porcupine,MT,46.11,-110.47,1981.2,20170703,54.14,81.86,65.84,,,,,0.0,0.0
275665,Porcupine,MT,46.11,-110.47,1981.2,20170704,52.7,81.14,65.12,,,,,0.0,0.0
275666,Porcupine,MT,46.11,-110.47,1981.2,20170705,57.56,87.26,67.1,,,,,0.0,0.0
275667,Porcupine,MT,46.11,-110.47,1981.2,20170706,54.5,83.84,65.48,,,,,0.0,0.0
275668,Porcupine,MT,46.11,-110.47,1981.2,20170707,57.02,84.2,64.94,,,,,0.0,0.0
275669,Porcupine,MT,46.11,-110.47,1981.2,20170708,57.02,86.72,69.44,,,,,0.0,0.0
275670,Porcupine,MT,46.11,-110.47,1981.2,20170709,59.18,84.92,67.1,,,,,0.0,0.0
275671,Porcupine,MT,46.11,-110.47,1981.2,20170710,51.8,77.72,60.98,,,,,0.0,0.0
275672,Porcupine,MT,46.11,-110.47,1981.2,20170711,50.72,73.04,59.36,,,,,0.0,0.0
275673,Porcupine,MT,46.11,-110.47,1981.2,20170712,47.66,78.44,61.16,,,,,0.0,0.0
275674,Porcupine,MT,46.11,-110.47,1981.2,20170713,53.96,86.54,68.18,,,,,0.0,0.0
275675,Porcupine,MT,46.11,-110.47,1981.2,20170714,59.9,86.9,70.88,,,,,0.0,0.0
275676,Porcupine,MT,46.11,-110.47,1981.2,20170715,56.84,86.18,68.54,,,,,0.0,0.0
275677,Porcupine,MT,46.11,-110.47,1981.2,20170716,56.66,82.58,66.2,,,,,0.0,0.0
275678,Porcupine,MT,46.11,-110.47,1981.2,20170717,51.26,75.74,60.26,,,,,0.0,0.0
275679,Porcupine,MT,46.11,-110.47,1981.2,20170718,50.9,80.78,64.22,,,,,0.0,0.0
275680,Porcupine,MT,46.11,-110.47,1981.2,20170719,53.6,82.76,66.92,,,,,0.0,0.0
275681,Porcupine,MT,46.11,-110.47,1981.2,20170720,55.22,87.26,68.9,,,,,0.0,0.0
275682,Porcupine,MT,46.11,-110.47,1981.2,20170721,52.34,77.18,62.96,,,,,0.0,0.0
275683,Porcupine,MT,46.11,-110.47,1981.2,20170722,51.62,80.42,63.5,,,,,0.0,0.0
275684,Porcupine,MT,46.11,-110.47,1981.2,20170723,55.22,86.0,68.54,,,,,0.0,0.0
275685,Porcupine,MT,46.11,-110.47,1981.2,20170724,58.64,82.58,67.82,,,,,0.0,0.0
275686,Porcupine,MT,46.11,-110.47,1981.2,20170725,54.5,68.72,59.18,,,,,0.0,0.0
275687,Porcupine,MT,46.11,-110.47,1981.2,20170726,53.24,81.86,63.32,,,,,0.0,0.0
275688,Porcupine,MT,46.11,-110.47,1981.2,20170727,53.96,81.5,62.6,,,,,0.0,0.0
275689,Porcupine,MT,46.11,-110.47,1981.2,20170728,54.14,80.42,64.22,,,,,0.0,0.0
275690,Porcupine,MT,46.11,-110.47,1981.2,20170729,54.68,84.02,66.38,,,,,0.0,0.0
275691,Porcupine,MT,46.11,-110.47,1981.2,20170730,58.28,85.28,68.0,,,,,0.0,0.0
275692,Porcupine,MT,46.11,-110.47,1981.2,20170731,57.56,84.74,68.72,,,,,0.0,0.0
275693,Porcupine,MT,46.11,-110.47,1981.2,20170801,55.76,84.92,66.74,,,,,0.0,0.0
275694,Porcupine,MT,46.11,-110.47,1981.2,20170802,49.64,70.34,57.38,,,,,0.0,0.0
275695,Porcupine,MT,46.11,-110.47,1981.2,20170803,45.14,73.58,57.2,,,,,0.0,0.0
275696,Porcupine,MT,46.11,-110.47,1981.2,20170804,50.72,80.24,63.5,,,,,0.0,0.0
275697,Porcupine,MT,46.11,-110.47,1981.2,20170805,46.4,68.36,55.94,,,,,0.0,0.0
275698,Porcupine,MT,46.11,-110.47,1981.2,20170806,45.14,69.26,55.22,,,,,0.0,0.0
275699,Porcupine,MT,46.11,-110.47,1981.2,20170807,45.14,76.46,58.82,,,,,0.0,0.0
275700,Porcupine,MT,46.11,-110.47,1981.2,20170808,51.26,74.3,60.98,,,,,0.0,0.0
275701,Porcupine,MT,46.11,-110.47,1981.2,20170809,48.2,72.86,54.86,,,,,0.0,0.0
275702,Porcupine,MT,46.11,-110.47,1981.2,20170810,46.22,75.2,58.82,,,,,0.0,0.0
275703,Porcupine,MT,46.11,-110.47,1981.2,20170811,51.8,78.08,62.96,,,,,0.0,0.0
275704,Porcupine,MT,46.11,-110.47,1981.2,20170812,50.18,78.08,60.62,,,,,0.0,0.0
275705,Porcupine,MT,46.11,-110.47,1981.2,20170813,49.28,71.78,58.64,,,,,0.0,0.0
275706,Porcupine,MT,46.11,-110.47,1981.2,20170814,47.66,65.48,54.5,,,,,0.0,0.0
275707,Porcupine,MT,46.11,-110.47,1981.2,20170815,46.94,72.14,57.38,,,,,0.0,0.0
275708,Porcupine,MT,46.11,-110.47,1981.2,20170816,49.82,76.82,61.16,,,,,0.0,0.0
275709,Porcupine,MT,46.11,-110.47,1981.2,20170817,55.04,74.84,61.52,,,,,0.0,0.0
275710,Porcupine,MT,46.11,-110.47,1981.2,20170818,51.62,80.96,63.5,,,,,0.0,0.0
275711,Porcupine,MT,46.11,-110.47,1981.2,20170819,52.88,75.92,63.14,,,,,0.0,0.0
275712,Porcupine,MT,46.11,-110.47,1981.2,20170820,47.48,73.76,57.92,,,,,0.0,0.0
275713,Porcupine,MT,46.11,-110.47,1981.2,20170821,49.46,74.3,58.82,,,,,0.0,0.0
275714,Porcupine,MT,46.11,-110.47,1981.2,20170822,50.0,82.22,63.68,,,,,0.0,0.0
275715,Porcupine,MT,46.11,-110.47,1981.2,20170823,56.84,83.48,66.56,,,,,0.0,0.0
275716,Porcupine,MT,46.11,-110.47,1981.2,20170824,51.26,80.78,61.7,,,,,0.0,0.0
275717,Porcupine,MT,46.11,-110.47,1981.2,20170825,49.1,78.08,60.8,,,,,0.0,0.0
275718,Porcupine,MT,46.11,-110.47,1981.2,20170826,52.34,79.16,62.6,,,,,0.0,0.0
275719,Porcupine,MT,46.11,-110.47,1981.2,20170827,52.16,84.38,65.48,,,,,0.0,0.0
275720,Porcupine,MT,46.11,-110.47,1981.2,20170828,58.28,85.64,68.36,,,,,0.0,0.0
275721,Porcupine,MT,46.11,-110.47,1981.2,20170829,59.54,83.84,69.08,,,,,0.0,0.0
275722,Porcupine,MT,46.11,-110.47,1981.2,20170830,58.28,85.1,68.18,,,,,0.0,0.0
275723,Porcupine,MT,46.11,-110.47,1981.2,20170831,55.22,81.86,66.2,,,,,0.0,0.0
275724,Porcupine,MT,46.11,-110.47,1981.2,20170901,50.0,75.56,60.8,,,,,0.0,0.0
275725,Porcupine,MT,46.11,-110.47,1981.2,20170902,55.4,85.1,67.82,,,,,0.0,0.0
275726,Porcupine,MT,46.11,-110.47,1981.2,20170903,59.72,87.8,70.16,,,,,0.0,0.0
275727,Porcupine,MT,46.11,-110.47,1981.2,20170904,45.32,64.94,54.14,,,,,0.0,0.0
275728,Porcupine,MT,46.11,-110.47,1981.2,20170905,41.9,73.4,54.32,,,,,0.0,0.0
275729,Porcupine,MT,46.11,-110.47,1981.2,20170906,48.38,79.52,61.16,,,,,0.0,0.0
275730,Porcupine,MT,46.11,-110.47,1981.2,20170907,53.24,81.14,63.32,,,,,0.0,0.0
275731,Porcupine,MT,46.11,-110.47,1981.2,20170908,52.88,81.68,64.76,,,,,0.0,0.0
275732,Porcupine,MT,46.11,-110.47,1981.2,20170909,56.84,82.94,65.48,,,,,0.0,0.0
275733,Porcupine,MT,46.11,-110.47,1981.2,20170910,55.04,77.18,63.14,,,,,0.0,0.0
275734,Porcupine,MT,46.11,-110.47,1981.2,20170911,52.7,80.6,62.78,,,,,0.0,0.0
275735,Porcupine,MT,46.11,-110.47,1981.2,20170912,55.76,82.22,65.84,,,,,0.0,0.0
275736,Porcupine,MT,46.11,-110.47,1981.2,20170913,45.32,70.7,57.2,,,,,0.0,0.0
275737,Porcupine,MT,46.11,-110.47,1981.2,20170914,38.48,47.48,42.8,,,,,0.0,0.29921276
275738,Porcupine,MT,46.11,-110.47,1981.2,20170915,33.26,39.2,36.32,,,,,0.0,0.20078751
275739,Porcupine,MT,46.11,-110.47,1981.2,20170916,32.9,38.84,34.7,,,,,0.0,0.09842525
275740,Porcupine,MT,46.11,-110.47,1981.2,20170917,32.36,55.4,42.44,,,,,0.0,0.09842525
275741,Porcupine,MT,46.11,-110.47,1981.2,20170918,38.66,55.58,47.84,,,,,0.0,0.09842525
275742,Porcupine,MT,46.11,-110.47,1981.2,20170919,33.44,38.66,35.6,,,,,0.0,0.29921276
275743,Porcupine,MT,46.11,-110.47,1981.2,20170920,33.8,44.06,37.4,,,,,0.0,0.29921276
275744,Porcupine,MT,46.11,-110.47,1981.2,20170921,34.16,38.84,36.14,,,,,,0.20078751
275745,Spur Park,MT,46.78,-110.62,2468.9,20170101,-7.06,15.26,6.08,,,,,29.015763699999997,0.20078751
275746,Spur Park,MT,46.78,-110.62,2468.9,20170102,-16.6,-0.94,-11.02,,,,,29.015763699999997,0.0
275747,Spur Park,MT,46.78,-110.62,2468.9,20170103,-14.08,5.36,-3.46,,,,,27.9921411,0.0
275748,Spur Park,MT,46.78,-110.62,2468.9,20170104,-13.0,-1.84,-7.78,,,,,27.9921411,0.0
275749,Spur Park,MT,46.78,-110.62,2468.9,20170105,-14.98,7.34,-4.18,,,,,25.984266,0.0
275750,Spur Park,MT,46.78,-110.62,2468.9,20170106,-2.74,11.66,4.64,,,,,27.9921411,0.0
275751,Spur Park,MT,46.78,-110.62,2468.9,20170107,6.08,21.02,13.82,,,,,27.9921411,0.20078751
275752,Spur Park,MT,46.78,-110.62,2468.9,20170108,15.8,27.68,21.74,,,,,32.0078913,0.59842552
275753,Spur Park,MT,46.78,-110.62,2468.9,20170109,12.74,31.28,24.44,,,,,32.9921438,0.20078751
275754,Spur Park,MT,46.78,-110.62,2468.9,20170110,-10.12,17.78,8.96,,,,,35.0000189,0.09842525
275755,Spur Park,MT,46.78,-110.62,2468.9,20170111,-4.18,17.6,3.56,,,,,35.0000189,0.09842525
275756,Spur Park,MT,46.78,-110.62,2468.9,20170112,-2.2,13.28,6.98,,,,,32.9921438,0.0
275757,Spur Park,MT,46.78,-110.62,2468.9,20170113,7.7,18.68,11.3,,,,,32.9921438,0.0
275758,Spur Park,MT,46.78,-110.62,2468.9,20170114,10.76,23.36,15.62,,,,,32.9921438,0.0
275759,Spur Park,MT,46.78,-110.62,2468.9,20170115,11.48,28.76,18.68,,,,,32.0078913,0.0
275760,Spur Park,MT,46.78,-110.62,2468.9,20170116,11.3,26.24,19.04,,,,,30.984268699999998,0.09842525
275761,Spur Park,MT,46.78,-110.62,2468.9,20170117,23.72,38.3,31.28,,,,,30.984268699999998,0.0
275762,Spur Park,MT,46.78,-110.62,2468.9,20170118,28.22,39.56,32.9,,,,,30.984268699999998,0.0
275763,Spur Park,MT,46.78,-110.62,2468.9,20170119,24.98,31.28,27.68,,,,,30.984268699999998,0.0
275764,Spur Park,MT,46.78,-110.62,2468.9,20170120,16.34,26.96,21.56,,,,,30.0000162,0.0
275765,Spur Park,MT,46.78,-110.62,2468.9,20170121,15.44,30.56,,,,,,29.015763699999997,0.0
275766,Spur Park,MT,46.78,-110.62,2468.9,20170122,14.9,28.76,19.76,,,,,30.0000162,0.09842525
275767,Spur Park,MT,46.78,-110.62,2468.9,20170123,5.9,21.02,15.98,,,,,30.0000162,0.0
275768,Spur Park,MT,46.78,-110.62,2468.9,20170124,4.46,16.88,9.5,,,,,30.984268699999998,0.0
275769,Spur Park,MT,46.78,-110.62,2468.9,20170125,9.14,23.18,12.02,,,,,30.984268699999998,0.0
275770,Spur Park,MT,46.78,-110.62,2468.9,20170126,9.5,16.34,11.84,,,,,30.984268699999998,0.0
275771,Spur Park,MT,46.78,-110.62,2468.9,20170127,9.86,21.38,14.0,,,,,30.984268699999998,0.0
275772,Spur Park,MT,46.78,-110.62,2468.9,20170128,14.9,29.48,22.46,,,,,30.984268699999998,0.09842525
275773,Spur Park,MT,46.78,-110.62,2468.9,20170129,22.82,37.76,30.56,,,,,30.984268699999998,0.0
275774,Spur Park,MT,46.78,-110.62,2468.9,20170130,20.66,31.1,25.16,,,,,30.984268699999998,0.0
275775,Spur Park,MT,46.78,-110.62,2468.9,20170131,-0.4,20.66,8.6,,,,,34.0157664,0.09842525
275776,Spur Park,MT,46.78,-110.62,2468.9,20170201,-13.18,5.36,-4.9,,,,,34.0157664,0.0
275777,Spur Park,MT,46.78,-110.62,2468.9,20170202,-14.08,7.16,-5.26,,,,,34.0157664,0.0
275778,Spur Park,MT,46.78,-110.62,2468.9,20170203,1.94,27.14,20.3,,,,,35.0000189,0.40157502
275779,Spur Park,MT,46.78,-110.62,2468.9,20170204,22.46,27.32,25.52,,,,,35.9842714,0.29921276
275780,Spur Park,MT,46.78,-110.62,2468.9,20170205,25.16,29.66,27.32,,,,,35.9842714,0.0
275781,Spur Park,MT,46.78,-110.62,2468.9,20170206,12.38,29.3,23.72,,,,,37.992146500000004,0.20078751
275782,Spur Park,MT,46.78,-110.62,2468.9,20170207,9.5,19.22,12.74,,,,,39.0157691,0.09842525
275783,Spur Park,MT,46.78,-110.62,2468.9,20170208,8.96,26.96,17.96,,,,,42.9921492,0.29921276
275784,Spur Park,MT,46.78,-110.62,2468.9,20170209,26.78,37.22,33.44,,,,,39.0157691,0.09842525
275785,Spur Park,MT,46.78,-110.62,2468.9,20170210,19.58,33.8,26.78,,,,,42.9921492,0.29921276
275786,Spur Park,MT,46.78,-110.62,2468.9,20170211,12.56,20.66,15.98,,,,,42.9921492,0.0
275787,Spur Park,MT,46.78,-110.62,2468.9,20170212,11.48,26.96,18.86,,,,,42.0078967,0.0
275788,Spur Park,MT,46.78,-110.62,2468.9,20170213,17.78,35.78,24.8,,,,,42.0078967,0.0
275789,Spur Park,MT,46.78,-110.62,2468.9,20170214,23.36,45.32,33.44,,,,,40.9842741,0.09842525
275790,Spur Park,MT,46.78,-110.62,2468.9,20170215,31.46,47.66,37.58,,,,,40.000021600000004,0.0
275791,Spur Park,MT,46.78,-110.62,2468.9,20170216,28.22,42.44,34.88,,,,,40.000021600000004,0.09842525
275792,Spur Park,MT,46.78,-110.62,2468.9,20170217,23.9,34.52,27.86,,,,,40.000021600000004,0.0
275793,Spur Park,MT,46.78,-110.62,2468.9,20170218,24.98,41.0,32.18,,,,,40.9842741,0.09842525
275794,Spur Park,MT,46.78,-110.62,2468.9,20170219,22.82,33.8,29.12,,,,,40.9842741,0.09842525
275795,Spur Park,MT,46.78,-110.62,2468.9,20170220,20.3,31.64,26.96,,,,,42.9921492,0.29921276
275796,Spur Park,MT,46.78,-110.62,2468.9,20170221,23.36,34.7,28.94,,,,,45.984276799999996,0.40157502
275797,Spur Park,MT,46.78,-110.62,2468.9,20170222,14.36,27.5,21.02,,,,,49.0157745,0.29921276
275798,Spur Park,MT,46.78,-110.62,2468.9,20170223,7.7,20.84,14.18,,,,,47.992151899999996,0.0
275799,Spur Park,MT,46.78,-110.62,2468.9,20170224,7.16,22.1,11.48,,,,,49.0157745,0.09842525
275800,Spur Park,MT,46.78,-110.62,2468.9,20170225,6.26,12.02,8.42,,,,,49.0157745,0.09842525
275801,Spur Park,MT,46.78,-110.62,2468.9,20170226,8.78,20.84,12.74,,,,,59.0157799,0.59842552
275802,Spur Park,MT,46.78,-110.62,2468.9,20170227,7.7,21.56,12.56,,,,,57.0079048,0.0
275803,Spur Park,MT,46.78,-110.62,2468.9,20170228,4.46,19.22,10.94,,,,,55.9842822,0.09842525
275804,Spur Park,MT,46.78,-110.62,2468.9,20170301,5.0,21.38,15.08,,,,,55.9842822,0.20078751
275805,Spur Park,MT,46.78,-110.62,2468.9,20170302,17.6,26.96,21.38,,,,,55.9842822,0.20078751
275806,Spur Park,MT,46.78,-110.62,2468.9,20170303,21.38,35.42,27.32,,,,,54.0157772,0.09842525
275807,Spur Park,MT,46.78,-110.62,2468.9,20170304,25.16,38.84,29.12,,,,,52.0079021,0.0
275808,Spur Park,MT,46.78,-110.62,2468.9,20170305,16.88,32.9,25.16,,,,,52.9921546,0.09842525
275809,Spur Park,MT,46.78,-110.62,2468.9,20170306,7.7,22.28,13.64,,,,,52.9921546,0.0
275810,Spur Park,MT,46.78,-110.62,2468.9,20170307,9.14,19.58,14.36,,,,,54.0157772,0.20078751
275811,Spur Park,MT,46.78,-110.62,2468.9,20170308,16.34,28.04,22.46,,,,,59.0157799,0.50000027
275812,Spur Park,MT,46.78,-110.62,2468.9,20170309,13.64,26.96,19.4,,,,,65.9842876,0.50000027
275813,Spur Park,MT,46.78,-110.62,2468.9,20170310,24.98,37.04,30.74,,,,,62.99216,0.0
275814,Spur Park,MT,46.78,-110.62,2468.9,20170311,22.1,40.82,30.02,,,,,60.98428489999999,0.09842525
275815,Spur Park,MT,46.78,-110.62,2468.9,20170312,22.28,32.0,26.96,,,,,60.98428489999999,0.09842525
275816,Spur Park,MT,46.78,-110.62,2468.9,20170313,24.26,38.84,30.56,,,,,60.98428489999999,0.29921276
275817,Spur Park,MT,46.78,-110.62,2468.9,20170314,30.92,40.28,35.24,,,,,60.0000324,0.20078751
275818,Spur Park,MT,46.78,-110.62,2468.9,20170315,34.88,50.18,40.1,,,,,57.992157299999995,0.0
275819,Spur Park,MT,46.78,-110.62,2468.9,20170316,21.74,37.22,30.92,,,,,57.992157299999995,0.0
275820,Spur Park,MT,46.78,-110.62,2468.9,20170317,19.4,42.44,30.92,,,,,57.992157299999995,0.09842525
275821,Spur Park,MT,46.78,-110.62,2468.9,20170318,37.04,53.96,43.16,,,,,55.9842822,0.0
275822,Spur Park,MT,46.78,-110.62,2468.9,20170319,26.24,43.34,33.44,,,,,55.0000297,0.0
275823,Spur Park,MT,46.78,-110.62,2468.9,20170320,21.92,35.6,26.06,,,,,55.9842822,0.09842525
275824,Spur Park,MT,46.78,-110.62,2468.9,20170321,20.48,44.42,32.18,,,,,55.0000297,0.0
275825,Spur Park,MT,46.78,-110.62,2468.9,20170322,30.2,46.94,36.32,,,,,55.0000297,0.0
275826,Spur Park,MT,46.78,-110.62,2468.9,20170323,23.9,43.16,31.64,,,,,55.0000297,0.0
275827,Spur Park,MT,46.78,-110.62,2468.9,20170324,24.98,47.66,35.24,,,,,54.0157772,0.0
275828,Spur Park,MT,46.78,-110.62,2468.9,20170325,22.82,38.84,29.3,,,,,55.0000297,0.09842525
275829,Spur Park,MT,46.78,-110.62,2468.9,20170326,21.02,42.26,30.2,,,,,54.0157772,0.0
275830,Spur Park,MT,46.78,-110.62,2468.9,20170327,27.32,42.44,31.46,,,,,54.0157772,0.09842525
275831,Spur Park,MT,46.78,-110.62,2468.9,20170328,20.3,39.74,28.22,,,,,54.0157772,0.0
275832,Spur Park,MT,46.78,-110.62,2468.9,20170329,26.06,38.84,32.18,,,,,54.0157772,0.09842525
275833,Spur Park,MT,46.78,-110.62,2468.9,20170330,30.74,43.34,33.62,,,,,55.0000297,0.09842525
275834,Spur Park,MT,46.78,-110.62,2468.9,20170331,26.96,42.98,32.0,,,,,55.0000297,0.09842525
275835,Spur Park,MT,46.78,-110.62,2468.9,20170401,27.5,46.22,34.88,,,,,54.0157772,0.0
275836,Spur Park,MT,46.78,-110.62,2468.9,20170402,18.68,42.08,30.2,,,,,52.9921546,0.0
275837,Spur Park,MT,46.78,-110.62,2468.9,20170403,16.7,31.1,20.84,,,,,54.0157772,0.09842525
275838,Spur Park,MT,46.78,-110.62,2468.9,20170404,17.96,37.22,25.7,,,,,54.0157772,0.0
275839,Spur Park,MT,46.78,-110.62,2468.9,20170405,22.82,46.58,32.36,,,,,54.0157772,0.0
275840,Spur Park,MT,46.78,-110.62,2468.9,20170406,32.9,51.08,41.54,,,,,52.0079021,0.0
275841,Spur Park,MT,46.78,-110.62,2468.9,20170407,28.94,48.56,37.76,,,,,52.0079021,0.09842525
275842,Spur Park,MT,46.78,-110.62,2468.9,20170408,26.78,47.66,32.9,,,,,52.0079021,0.09842525
275843,Spur Park,MT,46.78,-110.62,2468.9,20170409,16.7,27.14,23.36,,,,,57.0079048,0.59842552
275844,Spur Park,MT,46.78,-110.62,2468.9,20170410,16.88,36.32,24.62,,,,,57.992157299999995,0.20078751
275845,Spur Park,MT,46.78,-110.62,2468.9,20170411,16.52,42.08,26.96,,,,,57.992157299999995,0.09842525
275846,Spur Park,MT,46.78,-110.62,2468.9,20170412,25.16,46.76,34.52,,,,,55.9842822,0.09842525
275847,Spur Park,MT,46.78,-110.62,2468.9,20170413,30.02,56.48,42.26,,,,,55.0000297,0.09842525
275848,Spur Park,MT,46.78,-110.62,2468.9,20170414,22.1,40.46,28.58,,,,,57.0079048,0.09842525
275849,Spur Park,MT,46.78,-110.62,2468.9,20170415,19.04,33.08,23.36,,,,,57.0079048,0.20078751
275850,Spur Park,MT,46.78,-110.62,2468.9,20170416,17.06,44.42,28.4,,,,,55.9842822,0.09842525
275851,Spur Park,MT,46.78,-110.62,2468.9,20170417,24.08,38.48,31.64,,,,,57.0079048,0.0
275852,Spur Park,MT,46.78,-110.62,2468.9,20170418,28.04,48.2,36.5,,,,,57.992157299999995,0.09842525
275853,Spur Park,MT,46.78,-110.62,2468.9,20170419,26.42,44.42,32.9,,,,,55.9842822,0.20078751
275854,Spur Park,MT,46.78,-110.62,2468.9,20170420,29.3,49.1,37.22,,,,,55.9842822,0.0
275855,Spur Park,MT,46.78,-110.62,2468.9,20170421,22.82,35.06,28.94,,,,,57.992157299999995,0.29921276
275856,Spur Park,MT,46.78,-110.62,2468.9,20170422,25.16,46.58,35.42,,,,,55.9842822,0.09842525
275857,Spur Park,MT,46.78,-110.62,2468.9,20170423,28.94,46.94,35.78,,,,,55.9842822,0.0
275858,Spur Park,MT,46.78,-110.62,2468.9,20170424,28.58,47.3,33.44,,,,,57.0079048,0.09842525
275859,Spur Park,MT,46.78,-110.62,2468.9,20170425,23.18,43.88,31.28,,,,,57.0079048,0.29921276
275860,Spur Park,MT,46.78,-110.62,2468.9,20170426,22.28,42.98,30.38,,,,,60.0000324,0.29921276
275861,Spur Park,MT,46.78,-110.62,2468.9,20170427,25.16,36.14,28.04,,,,,60.98428489999999,0.29921276
275862,Spur Park,MT,46.78,-110.62,2468.9,20170428,22.82,45.86,28.22,,,,,60.98428489999999,0.20078751
275863,Spur Park,MT,46.78,-110.62,2468.9,20170429,22.64,44.96,32.0,,,,,59.0157799,0.09842525
275864,Spur Park,MT,46.78,-110.62,2468.9,20170430,27.32,40.1,32.18,,,,,60.98428489999999,0.09842525
275865,Spur Park,MT,46.78,-110.62,2468.9,20170501,26.42,40.28,30.02,,,,,64.0157826,0.29921276
275866,Spur Park,MT,46.78,-110.62,2468.9,20170502,22.64,36.14,29.48,,,,,65.9842876,0.40157502
275867,Spur Park,MT,46.78,-110.62,2468.9,20170503,21.02,51.98,37.22,,,,,60.98428489999999,0.09842525
275868,Spur Park,MT,46.78,-110.62,2468.9,20170504,34.88,66.38,49.28,,,,,59.0157799,0.0
275869,Spur Park,MT,46.78,-110.62,2468.9,20170505,43.7,69.08,55.4,,,,,55.0000297,0.0
275870,Spur Park,MT,46.78,-110.62,2468.9,20170506,42.08,66.56,52.16,,,,,52.9921546,0.09842525
275871,Spur Park,MT,46.78,-110.62,2468.9,20170507,27.68,56.48,41.54,,,,,52.0079021,0.0
275872,Spur Park,MT,46.78,-110.62,2468.9,20170508,24.98,52.88,36.86,,,,,50.9842795,0.20078751
275873,Spur Park,MT,46.78,-110.62,2468.9,20170509,32.9,53.6,42.26,,,,,50.000027,0.0
275874,Spur Park,MT,46.78,-110.62,2468.9,20170510,34.52,60.98,46.58,,,,,47.0078994,0.0
275875,Spur Park,MT,46.78,-110.62,2468.9,20170511,42.08,66.74,51.98,,,,,45.00002429999999,0.0
275876,Spur Park,MT,46.78,-110.62,2468.9,20170512,31.64,63.32,49.46,,,,,42.0078967,0.0
275877,Spur Park,MT,46.78,-110.62,2468.9,20170513,21.92,39.38,29.3,,,,,42.0078967,0.09842525
275878,Spur Park,MT,46.78,-110.62,2468.9,20170514,22.46,42.98,31.1,,,,,42.0078967,0.09842525
275879,Spur Park,MT,46.78,-110.62,2468.9,20170515,28.4,44.6,33.62,,,,,40.9842741,0.0
275880,Spur Park,MT,46.78,-110.62,2468.9,20170516,26.6,48.74,36.32,,,,,42.9921492,0.09842525
275881,Spur Park,MT,46.78,-110.62,2468.9,20170517,31.28,38.12,33.44,,,,,57.0079048,2.20078859
275882,Spur Park,MT,46.78,-110.62,2468.9,20170518,25.34,44.06,32.72,,,,,54.0157772,0.20078751
275883,Spur Park,MT,46.78,-110.62,2468.9,20170519,22.82,54.14,36.14,,,,,50.9842795,0.09842525
275884,Spur Park,MT,46.78,-110.62,2468.9,20170520,31.1,50.36,38.84,,,,,49.0157745,0.0
275885,Spur Park,MT,46.78,-110.62,2468.9,20170521,32.72,53.6,42.44,,,,,47.0078994,0.09842525
275886,Spur Park,MT,46.78,-110.62,2468.9,20170522,36.68,54.32,41.9,,,,,45.00002429999999,0.0
275887,Spur Park,MT,46.78,-110.62,2468.9,20170523,35.42,64.04,50.54,,,,,42.9921492,0.0
275888,Spur Park,MT,46.78,-110.62,2468.9,20170524,29.48,51.26,42.98,,,,,39.0157691,0.09842525
275889,Spur Park,MT,46.78,-110.62,2468.9,20170525,28.76,40.1,32.36,,,,,42.0078967,0.20078751
275890,Spur Park,MT,46.78,-110.62,2468.9,20170526,29.66,50.54,38.3,,,,,40.9842741,0.0
275891,Spur Park,MT,46.78,-110.62,2468.9,20170527,31.46,55.58,44.42,,,,,40.000021600000004,0.0
275892,Spur Park,MT,46.78,-110.62,2468.9,20170528,37.94,57.56,47.12,,,,,37.007894,0.0
275893,Spur Park,MT,46.78,-110.62,2468.9,20170529,37.4,62.42,48.02,,,,,35.0000189,0.0
275894,Spur Park,MT,46.78,-110.62,2468.9,20170530,41.54,62.24,50.0,,,,,32.0078913,0.0
275895,Spur Park,MT,46.78,-110.62,2468.9,20170531,41.36,68.54,52.7,,,,,27.9921411,0.0
275896,Spur Park,MT,46.78,-110.62,2468.9,20170601,40.82,63.68,53.42,,,,,25.984266,0.0
275897,Spur Park,MT,46.78,-110.62,2468.9,20170602,38.66,57.74,46.58,,,,,22.007885899999998,0.0
275898,Spur Park,MT,46.78,-110.62,2468.9,20170603,37.22,65.84,52.7,,,,,20.000010800000002,0.09842525
275899,Spur Park,MT,46.78,-110.62,2468.9,20170604,44.6,72.68,55.58,,,,,15.0000081,0.09842525
275900,Spur Park,MT,46.78,-110.62,2468.9,20170605,36.5,56.48,44.78,,,,,10.9842579,0.09842525
275901,Spur Park,MT,46.78,-110.62,2468.9,20170606,33.62,60.44,46.76,,,,,7.007877799999999,0.0
275902,Spur Park,MT,46.78,-110.62,2468.9,20170607,40.64,69.98,54.32,,,,,0.0,0.20078751
275903,Spur Park,MT,46.78,-110.62,2468.9,20170608,46.58,70.7,59.18,,,,,0.0,0.09842525
275904,Spur Park,MT,46.78,-110.62,2468.9,20170609,35.78,53.42,42.44,,,,,0.9842525,0.09842525
275905,Spur Park,MT,46.78,-110.62,2468.9,20170610,29.66,46.76,36.5,,,,,0.9842525,0.09842525
275906,Spur Park,MT,46.78,-110.62,2468.9,20170611,27.14,54.68,40.64,,,,,0.0,0.20078751
275907,Spur Park,MT,46.78,-110.62,2468.9,20170612,38.66,60.62,46.58,,,,,2.9921276000000003,0.70078778
275908,Spur Park,MT,46.78,-110.62,2468.9,20170613,32.72,41.72,37.04,,,,,0.0,0.79921303
275909,Spur Park,MT,46.78,-110.62,2468.9,20170614,33.98,50.36,40.82,,,,,0.0,0.20078751
275910,Spur Park,MT,46.78,-110.62,2468.9,20170615,36.32,50.18,43.34,,,,,0.0,0.0
275911,Spur Park,MT,46.78,-110.62,2468.9,20170616,37.4,51.44,43.34,,,,,0.0,0.0
275912,Spur Park,MT,46.78,-110.62,2468.9,20170617,35.42,53.24,42.26,,,,,0.0,0.0
275913,Spur Park,MT,46.78,-110.62,2468.9,20170618,39.02,51.08,43.7,,,,,0.0,0.0
275914,Spur Park,MT,46.78,-110.62,2468.9,20170619,39.92,65.3,51.98,,,,,0.0,0.0
275915,Spur Park,MT,46.78,-110.62,2468.9,20170620,49.46,66.38,57.02,,,,,0.0,0.0
275916,Spur Park,MT,46.78,-110.62,2468.9,20170621,40.1,63.5,52.16,,,,,0.0,0.0
275917,Spur Park,MT,46.78,-110.62,2468.9,20170622,33.44,51.98,41.72,,,,,0.0,0.0
275918,Spur Park,MT,46.78,-110.62,2468.9,20170623,31.28,54.32,42.08,,,,,0.0,0.0
275919,Spur Park,MT,46.78,-110.62,2468.9,20170624,36.5,55.04,45.86,,,,,0.0,0.0
275920,Spur Park,MT,46.78,-110.62,2468.9,20170625,37.76,66.2,52.7,,,,,0.0,0.0
275921,Spur Park,MT,46.78,-110.62,2468.9,20170626,48.56,74.12,61.7,,,,,0.0,0.0
275922,Spur Park,MT,46.78,-110.62,2468.9,20170627,42.62,62.42,50.36,,,,,0.0,0.0
275923,Spur Park,MT,46.78,-110.62,2468.9,20170628,40.28,61.7,48.74,,,,,0.0,0.0
275924,Spur Park,MT,46.78,-110.62,2468.9,20170629,36.86,51.98,43.34,,,,,0.0,0.0
275925,Spur Park,MT,46.78,-110.62,2468.9,20170630,36.68,64.76,51.44,,,,,0.0,0.0
275926,Spur Park,MT,46.78,-110.62,2468.9,20170701,47.66,73.04,59.18,,,,,0.0,0.0
275927,Spur Park,MT,46.78,-110.62,2468.9,20170702,50.72,70.7,59.0,,,,,0.0,0.0
275928,Spur Park,MT,46.78,-110.62,2468.9,20170703,52.16,73.22,61.7,,,,,0.0,0.0
275929,Spur Park,MT,46.78,-110.62,2468.9,20170704,47.48,73.22,60.44,,,,,0.0,0.0
275930,Spur Park,MT,46.78,-110.62,2468.9,20170705,51.26,80.6,63.86,,,,,0.0,0.0
275931,Spur Park,MT,46.78,-110.62,2468.9,20170706,54.14,75.2,62.78,,,,,0.0,0.0
275932,Spur Park,MT,46.78,-110.62,2468.9,20170707,54.32,75.56,63.68,,,,,0.0,0.09842525
275933,Spur Park,MT,46.78,-110.62,2468.9,20170708,58.82,78.8,68.18,,,,,0.0,0.0
275934,Spur Park,MT,46.78,-110.62,2468.9,20170709,55.76,78.26,65.12,,,,,0.0,0.0
275935,Spur Park,MT,46.78,-110.62,2468.9,20170710,48.02,71.42,56.48,,,,,0.0,0.0
275936,Spur Park,MT,46.78,-110.62,2468.9,20170711,43.88,65.84,53.96,,,,,0.0,0.0
275937,Spur Park,MT,46.78,-110.62,2468.9,20170712,41.72,69.62,55.58,,,,,0.0,0.09842525
275938,Spur Park,MT,46.78,-110.62,2468.9,20170713,49.64,78.44,64.4,,,,,0.0,0.0
275939,Spur Park,MT,46.78,-110.62,2468.9,20170714,53.6,73.94,63.5,,,,,0.0,0.0
275940,Spur Park,MT,46.78,-110.62,2468.9,20170715,53.06,77.18,63.68,,,,,0.0,0.0
275941,Spur Park,MT,46.78,-110.62,2468.9,20170716,53.06,73.58,62.06,,,,,0.0,0.0
275942,Spur Park,MT,46.78,-110.62,2468.9,20170717,46.94,68.72,56.48,,,,,0.0,0.0
275943,Spur Park,MT,46.78,-110.62,2468.9,20170718,42.44,71.42,57.56,,,,,0.0,0.0
275944,Spur Park,MT,46.78,-110.62,2468.9,20170719,46.94,73.58,59.36,,,,,0.0,0.0
275945,Spur Park,MT,46.78,-110.62,2468.9,20170720,50.9,76.46,63.32,,,,,0.0,0.0
275946,Spur Park,MT,46.78,-110.62,2468.9,20170721,46.94,67.64,56.48,,,,,0.0,0.0
275947,Spur Park,MT,46.78,-110.62,2468.9,20170722,47.12,71.6,58.28,,,,,0.0,0.0
275948,Spur Park,MT,46.78,-110.62,2468.9,20170723,51.8,78.98,64.94,,,,,0.0,0.0
275949,Spur Park,MT,46.78,-110.62,2468.9,20170724,53.6,73.4,61.88,,,,,0.0,0.0
275950,Spur Park,MT,46.78,-110.62,2468.9,20170725,43.16,66.92,55.94,,,,,0.0,0.0
275951,Spur Park,MT,46.78,-110.62,2468.9,20170726,51.62,75.92,61.34,,,,,0.0,0.0
275952,Spur Park,MT,46.78,-110.62,2468.9,20170727,52.52,72.14,61.34,,,,,0.0,0.0
275953,Spur Park,MT,46.78,-110.62,2468.9,20170728,51.62,76.1,61.88,,,,,0.0,0.0
275954,Spur Park,MT,46.78,-110.62,2468.9,20170729,53.06,74.3,61.88,,,,,0.0,0.0
275955,Spur Park,MT,46.78,-110.62,2468.9,20170730,53.24,77.72,65.3,,,,,0.0,0.0
275956,Spur Park,MT,46.78,-110.62,2468.9,20170731,52.34,76.1,63.32,,,,,0.0,0.0
275957,Spur Park,MT,46.78,-110.62,2468.9,20170801,50.36,73.4,60.44,,,,,0.0,0.0
275958,Spur Park,MT,46.78,-110.62,2468.9,20170802,42.98,58.46,48.92,,,,,0.0,0.0
275959,Spur Park,MT,46.78,-110.62,2468.9,20170803,43.52,67.28,53.06,,,,,0.0,0.0
275960,Spur Park,MT,46.78,-110.62,2468.9,20170804,44.24,69.8,56.48,,,,,0.0,0.0
275961,Spur Park,MT,46.78,-110.62,2468.9,20170805,38.84,52.88,45.32,,,,,0.0,0.0
275962,Spur Park,MT,46.78,-110.62,2468.9,20170806,38.3,60.8,47.12,,,,,0.0,0.0
275963,Spur Park,MT,46.78,-110.62,2468.9,20170807,39.56,68.18,52.52,,,,,0.0,0.0
275964,Spur Park,MT,46.78,-110.62,2468.9,20170808,43.34,61.88,52.34,,,,,0.0,0.0
275965,Spur Park,MT,46.78,-110.62,2468.9,20170809,41.54,62.6,48.02,,,,,0.0,0.0
275966,Spur Park,MT,46.78,-110.62,2468.9,20170810,43.16,63.5,53.06,,,,,0.0,0.09842525
275967,Spur Park,MT,46.78,-110.62,2468.9,20170811,44.96,68.54,52.88,,,,,0.0,0.0
275968,Spur Park,MT,46.78,-110.62,2468.9,20170812,45.32,67.82,55.04,,,,,0.0,0.0
275969,Spur Park,MT,46.78,-110.62,2468.9,20170813,43.52,68.54,53.78,,,,,0.0,0.0
275970,Spur Park,MT,46.78,-110.62,2468.9,20170814,42.26,61.88,49.1,,,,,0.0,0.0
275971,Spur Park,MT,46.78,-110.62,2468.9,20170815,41.0,65.3,51.62,,,,,0.0,0.0
275972,Spur Park,MT,46.78,-110.62,2468.9,20170816,44.78,67.46,54.86,,,,,0.0,0.0
275973,Spur Park,MT,46.78,-110.62,2468.9,20170817,44.24,65.84,54.32,,,,,0.0,0.0
275974,Spur Park,MT,46.78,-110.62,2468.9,20170818,45.14,71.96,57.56,,,,,0.0,0.0
275975,Spur Park,MT,46.78,-110.62,2468.9,20170819,44.6,68.9,55.58,,,,,0.0,0.0
275976,Spur Park,MT,46.78,-110.62,2468.9,20170820,39.92,62.78,51.08,,,,,0.0,0.0
275977,Spur Park,MT,46.78,-110.62,2468.9,20170821,44.24,66.02,52.52,,,,,0.0,0.0
275978,Spur Park,MT,46.78,-110.62,2468.9,20170822,47.3,73.58,58.82,,,,,0.0,0.0
275979,Spur Park,MT,46.78,-110.62,2468.9,20170823,52.52,75.2,62.42,,,,,0.0,0.0
275980,Spur Park,MT,46.78,-110.62,2468.9,20170824,48.02,71.24,56.48,,,,,0.0,0.0
275981,Spur Park,MT,46.78,-110.62,2468.9,20170825,44.24,68.72,55.4,,,,,0.0,0.0
275982,Spur Park,MT,46.78,-110.62,2468.9,20170826,44.96,69.98,56.3,,,,,0.0,0.0
275983,Spur Park,MT,46.78,-110.62,2468.9,20170827,49.82,75.56,60.98,,,,,0.0,0.0
275984,Spur Park,MT,46.78,-110.62,2468.9,20170828,52.52,76.64,62.24,,,,,0.0,0.0
275985,Spur Park,MT,46.78,-110.62,2468.9,20170829,53.96,73.94,62.06,,,,,0.0,0.0
275986,Spur Park,MT,46.78,-110.62,2468.9,20170830,54.86,75.92,63.86,,,,,0.0,0.0
275987,Spur Park,MT,46.78,-110.62,2468.9,20170831,48.92,72.14,59.54,,,,,0.0,0.0
275988,Spur Park,MT,46.78,-110.62,2468.9,20170901,42.26,67.1,55.4,,,,,0.0,0.0
275989,Spur Park,MT,46.78,-110.62,2468.9,20170902,48.74,74.66,62.06,,,,,0.0,0.0
275990,Spur Park,MT,46.78,-110.62,2468.9,20170903,50.18,75.92,63.5,,,,,0.0,0.0
275991,Spur Park,MT,46.78,-110.62,2468.9,20170904,36.86,58.46,46.22,,,,,0.0,0.0
275992,Spur Park,MT,46.78,-110.62,2468.9,20170905,36.14,65.84,50.54,,,,,0.0,0.0
275993,Spur Park,MT,46.78,-110.62,2468.9,20170906,47.66,71.42,57.38,,,,,0.0,0.0
275994,Spur Park,MT,46.78,-110.62,2468.9,20170907,50.0,73.4,59.0,,,,,0.0,0.0
275995,Spur Park,MT,46.78,-110.62,2468.9,20170908,50.9,74.12,61.52,,,,,0.0,0.0
275996,Spur Park,MT,46.78,-110.62,2468.9,20170909,51.98,72.5,60.08,,,,,0.0,0.0
275997,Spur Park,MT,46.78,-110.62,2468.9,20170910,48.38,66.92,55.94,,,,,0.0,0.0
275998,Spur Park,MT,46.78,-110.62,2468.9,20170911,45.68,71.6,57.02,,,,,0.0,0.0
275999,Spur Park,MT,46.78,-110.62,2468.9,20170912,50.72,72.32,59.54,,,,,0.0,0.0
276000,Spur Park,MT,46.78,-110.62,2468.9,20170913,39.02,66.74,53.24,,,,,0.0,0.0
276001,Spur Park,MT,46.78,-110.62,2468.9,20170914,31.64,39.56,35.24,,,,,0.0,0.09842525
276002,Spur Park,MT,46.78,-110.62,2468.9,20170915,27.5,32.54,30.02,,,,,2.9921276000000003,0.40157502
276003,Spur Park,MT,46.78,-110.62,2468.9,20170916,26.6,38.12,30.74,,,,,4.0157502,0.40157502
276004,Spur Park,MT,46.78,-110.62,2468.9,20170917,27.32,43.88,35.06,,,,,2.9921276000000003,0.09842525
276005,Spur Park,MT,46.78,-110.62,2468.9,20170918,31.82,47.66,38.48,,,,,2.0078751,0.09842525
276006,Spur Park,MT,46.78,-110.62,2468.9,20170919,27.32,38.84,30.92,,,,,0.9842525,0.0
276007,Spur Park,MT,46.78,-110.62,2468.9,20170920,26.24,35.24,29.84,,,,,4.0157502,0.29921276
276008,Spur Park,MT,46.78,-110.62,2468.9,20170921,26.42,38.48,30.92,,,,,2.9921276000000003,0.09842525
276009,S Fork Shields,MT,46.09,-110.43,2468.9,20170101,-5.44,23.72,10.94,,,,,9.0157529,0.09842525
276010,S Fork Shields,MT,46.09,-110.43,2468.9,20170102,-13.9,1.4,-9.4,,,,,10.000005400000001,0.09842525
276011,S Fork Shields,MT,46.09,-110.43,2468.9,20170103,-13.72,9.86,3.02,,,,,9.0157529,0.0
276012,S Fork Shields,MT,46.09,-110.43,2468.9,20170104,-10.3,3.2,-4.36,,,,,7.9921303,0.09842525
276013,S Fork Shields,MT,46.09,-110.43,2468.9,20170105,-16.96,4.46,-3.1,,,,,10.000005400000001,0.0
276014,S Fork Shields,MT,46.09,-110.43,2468.9,20170106,4.1,17.6,11.84,,,,,9.0157529,0.0
276015,S Fork Shields,MT,46.09,-110.43,2468.9,20170107,12.38,25.34,19.22,,,,,9.0157529,0.0
276016,S Fork Shields,MT,46.09,-110.43,2468.9,20170108,23.0,33.26,27.5,,,,,14.015755599999999,0.50000027
276017,S Fork Shields,MT,46.09,-110.43,2468.9,20170109,15.26,33.44,27.14,,,,,15.0000081,0.20078751
276018,S Fork Shields,MT,46.09,-110.43,2468.9,20170110,-0.04,19.76,15.8,,,,,17.0078832,0.09842525
276019,S Fork Shields,MT,46.09,-110.43,2468.9,20170111,-0.58,23.0,14.0,,,,,17.9921357,0.09842525
276020,S Fork Shields,MT,46.09,-110.43,2468.9,20170112,4.1,17.78,13.28,,,,,17.0078832,0.0
276021,S Fork Shields,MT,46.09,-110.43,2468.9,20170113,14.0,22.46,18.32,,,,,15.9842606,0.0
276022,S Fork Shields,MT,46.09,-110.43,2468.9,20170114,16.7,24.44,21.56,,,,,15.0000081,0.0
276023,S Fork Shields,MT,46.09,-110.43,2468.9,20170115,15.8,27.14,21.2,,,,,15.0000081,0.0
276024,S Fork Shields,MT,46.09,-110.43,2468.9,20170116,13.82,30.2,21.92,,,,,15.9842606,0.0
276025,S Fork Shields,MT,46.09,-110.43,2468.9,20170117,27.32,42.44,37.04,,,,,15.0000081,0.0
276026,S Fork Shields,MT,46.09,-110.43,2468.9,20170118,34.52,43.16,39.38,,,,,15.0000081,0.0
276027,S Fork Shields,MT,46.09,-110.43,2468.9,20170119,25.7,35.06,30.92,,,,,14.015755599999999,0.0
276028,S Fork Shields,MT,46.09,-110.43,2468.9,20170120,18.14,26.24,23.18,,,,,15.0000081,0.09842525
276029,S Fork Shields,MT,46.09,-110.43,2468.9,20170121,17.78,28.58,22.28,,,,,15.0000081,0.0
276030,S Fork Shields,MT,46.09,-110.43,2468.9,20170122,19.94,25.52,22.64,,,,,15.9842606,0.09842525
276031,S Fork Shields,MT,46.09,-110.43,2468.9,20170123,6.26,29.3,18.32,,,,,15.0000081,0.0
276032,S Fork Shields,MT,46.09,-110.43,2468.9,20170124,4.82,16.34,10.4,,,,,15.9842606,0.0
276033,S Fork Shields,MT,46.09,-110.43,2468.9,20170125,9.5,15.26,11.66,,,,,15.9842606,0.0
276034,S Fork Shields,MT,46.09,-110.43,2468.9,20170126,7.88,15.26,12.02,,,,,17.9921357,0.0
276035,S Fork Shields,MT,46.09,-110.43,2468.9,20170127,7.7,26.42,17.06,,,,,17.0078832,0.0
276036,S Fork Shields,MT,46.09,-110.43,2468.9,20170128,20.84,31.46,26.6,,,,,15.9842606,0.0
276037,S Fork Shields,MT,46.09,-110.43,2468.9,20170129,28.04,40.28,34.7,,,,,15.9842606,0.0
276038,S Fork Shields,MT,46.09,-110.43,2468.9,20170130,22.46,33.44,29.3,,,,,15.0000081,0.0
276039,S Fork Shields,MT,46.09,-110.43,2468.9,20170131,2.84,22.28,13.1,,,,,20.9842633,0.50000027
276040,S Fork Shields,MT,46.09,-110.43,2468.9,20170201,-9.58,15.98,-0.22,,,,,20.9842633,0.0
276041,S Fork Shields,MT,46.09,-110.43,2468.9,20170202,-7.6,12.38,0.32,,,,,20.000010800000002,0.09842525
276042,S Fork Shields,MT,46.09,-110.43,2468.9,20170203,9.14,32.0,26.78,,,,,20.000010800000002,0.09842525
276043,S Fork Shields,MT,46.09,-110.43,2468.9,20170204,26.24,31.1,28.94,,,,,20.9842633,0.20078751
276044,S Fork Shields,MT,46.09,-110.43,2468.9,20170205,28.76,33.62,30.74,,,,,19.0157583,0.0
276045,S Fork Shields,MT,46.09,-110.43,2468.9,20170206,14.72,33.62,27.14,,,,,24.015760999999998,0.40157502
276046,S Fork Shields,MT,46.09,-110.43,2468.9,20170207,13.28,23.72,16.52,,,,,25.0000135,0.20078751
276047,S Fork Shields,MT,46.09,-110.43,2468.9,20170208,14.36,32.72,22.46,,,,,25.0000135,0.0
276048,S Fork Shields,MT,46.09,-110.43,2468.9,20170209,32.0,40.46,37.76,,,,,20.9842633,0.0
276049,S Fork Shields,MT,46.09,-110.43,2468.9,20170210,25.34,35.42,29.66,,,,,25.984266,0.70078778
276050,S Fork Shields,MT,46.09,-110.43,2468.9,20170211,15.44,26.24,18.32,,,,,25.0000135,0.0
276051,S Fork Shields,MT,46.09,-110.43,2468.9,20170212,16.34,34.7,26.24,,,,,25.0000135,0.0
276052,S Fork Shields,MT,46.09,-110.43,2468.9,20170213,22.1,42.44,28.4,,,,,25.0000135,0.0
276053,S Fork Shields,MT,46.09,-110.43,2468.9,20170214,23.54,50.54,36.68,,,,,25.0000135,0.0
276054,S Fork Shields,MT,46.09,-110.43,2468.9,20170215,38.66,49.64,44.24,,,,,24.015760999999998,0.0
276055,S Fork Shields,MT,46.09,-110.43,2468.9,20170216,27.86,43.88,38.3,,,,,24.015760999999998,0.0
276056,S Fork Shields,MT,46.09,-110.43,2468.9,20170217,26.42,38.66,31.1,,,,,24.015760999999998,0.0
276057,S Fork Shields,MT,46.09,-110.43,2468.9,20170218,31.46,44.78,34.88,,,,,22.992138399999998,0.0
276058,S Fork Shields,MT,46.09,-110.43,2468.9,20170219,24.8,35.96,31.28,,,,,25.984266,0.50000027
276059,S Fork Shields,MT,46.09,-110.43,2468.9,20170220,25.16,36.68,31.28,,,,,24.015760999999998,0.0
276060,S Fork Shields,MT,46.09,-110.43,2468.9,20170221,23.72,40.28,31.82,,,,,25.0000135,0.20078751
276061,S Fork Shields,MT,46.09,-110.43,2468.9,20170222,17.06,29.12,21.2,,,,,30.0000162,0.40157502
276062,S Fork Shields,MT,46.09,-110.43,2468.9,20170223,8.06,22.64,15.44,,,,,29.015763699999997,0.09842525
276063,S Fork Shields,MT,46.09,-110.43,2468.9,20170224,6.26,21.38,11.84,,,,,30.0000162,0.0
276064,S Fork Shields,MT,46.09,-110.43,2468.9,20170225,7.52,13.1,9.86,,,,,30.984268699999998,0.20078751
276065,S Fork Shields,MT,46.09,-110.43,2468.9,20170226,9.86,17.6,12.92,,,,,32.0078913,0.09842525
276066,S Fork Shields,MT,46.09,-110.43,2468.9,20170227,11.66,20.66,14.72,,,,,34.0157664,0.20078751
276067,S Fork Shields,MT,46.09,-110.43,2468.9,20170228,9.14,18.68,12.38,,,,,32.9921438,0.0
276068,S Fork Shields,MT,46.09,-110.43,2468.9,20170301,8.42,21.38,16.52,,,,,32.9921438,0.09842525
276069,S Fork Shields,MT,46.09,-110.43,2468.9,20170302,18.86,30.2,24.44,,,,,30.984268699999998,0.0
276070,S Fork Shields,MT,46.09,-110.43,2468.9,20170303,26.6,38.12,31.28,,,,,32.0078913,0.0
276071,S Fork Shields,MT,46.09,-110.43,2468.9,20170304,28.76,37.76,31.64,,,,,30.984268699999998,0.0
276072,S Fork Shields,MT,46.09,-110.43,2468.9,20170305,17.96,34.7,28.58,,,,,30.0000162,0.0
276073,S Fork Shields,MT,46.09,-110.43,2468.9,20170306,10.76,24.98,14.72,,,,,30.0000162,0.20078751
276074,S Fork Shields,MT,46.09,-110.43,2468.9,20170307,9.5,24.8,16.7,,,,,32.9921438,0.09842525
276075,S Fork Shields,MT,46.09,-110.43,2468.9,20170308,23.0,31.1,27.32,,,,,35.0000189,0.50000027
276076,S Fork Shields,MT,46.09,-110.43,2468.9,20170309,19.76,34.34,27.68,,,,,42.9921492,0.59842552
276077,S Fork Shields,MT,46.09,-110.43,2468.9,20170310,26.96,41.18,34.52,,,,,40.000021600000004,0.20078751
276078,S Fork Shields,MT,46.09,-110.43,2468.9,20170311,25.34,42.8,33.44,,,,,39.0157691,0.0
276079,S Fork Shields,MT,46.09,-110.43,2468.9,20170312,24.98,31.1,27.86,,,,,37.992146500000004,0.09842525
276080,S Fork Shields,MT,46.09,-110.43,2468.9,20170313,26.78,42.8,34.7,,,,,37.992146500000004,0.0
276081,S Fork Shields,MT,46.09,-110.43,2468.9,20170314,32.0,44.06,39.02,,,,,37.992146500000004,0.40157502
276082,S Fork Shields,MT,46.09,-110.43,2468.9,20170315,40.1,54.14,45.32,,,,,35.0000189,0.0
276083,S Fork Shields,MT,46.09,-110.43,2468.9,20170316,23.0,41.36,32.18,,,,,37.007894,0.50000027
276084,S Fork Shields,MT,46.09,-110.43,2468.9,20170317,22.28,43.7,36.14,,,,,35.0000189,0.0
276085,S Fork Shields,MT,46.09,-110.43,2468.9,20170318,41.0,55.76,46.94,,,,,32.9921438,0.0
276086,S Fork Shields,MT,46.09,-110.43,2468.9,20170319,31.46,42.08,35.78,,,,,35.9842714,0.70078778
276087,S Fork Shields,MT,46.09,-110.43,2468.9,20170320,24.62,38.66,30.2,,,,,37.007894,0.29921276
276088,S Fork Shields,MT,46.09,-110.43,2468.9,20170321,22.82,52.88,39.56,,,,,34.0157664,0.0
276089,S Fork Shields,MT,46.09,-110.43,2468.9,20170322,32.9,46.94,38.12,,,,,32.9921438,0.20078751
276090,S Fork Shields,MT,46.09,-110.43,2468.9,20170323,28.04,45.32,33.44,,,,,32.9921438,0.0
276091,S Fork Shields,MT,46.09,-110.43,2468.9,20170324,28.4,46.94,37.22,,,,,32.9921438,0.0
276092,S Fork Shields,MT,46.09,-110.43,2468.9,20170325,26.24,39.92,31.28,,,,,35.9842714,0.59842552
276093,S Fork Shields,MT,46.09,-110.43,2468.9,20170326,23.54,42.08,31.82,,,,,35.9842714,0.0
276094,S Fork Shields,MT,46.09,-110.43,2468.9,20170327,26.78,38.48,31.82,,,,,37.992146500000004,0.20078751
276095,S Fork Shields,MT,46.09,-110.43,2468.9,20170328,18.86,40.82,29.66,,,,,37.992146500000004,0.0
276096,S Fork Shields,MT,46.09,-110.43,2468.9,20170329,25.88,39.02,33.8,,,,,39.0157691,0.29921276
276097,S Fork Shields,MT,46.09,-110.43,2468.9,20170330,30.92,46.94,35.24,,,,,39.0157691,0.40157502
276098,S Fork Shields,MT,46.09,-110.43,2468.9,20170331,26.78,47.3,33.62,,,,,39.0157691,0.20078751
276099,S Fork Shields,MT,46.09,-110.43,2468.9,20170401,25.88,46.58,37.04,,,,,39.0157691,0.0
276100,S Fork Shields,MT,46.09,-110.43,2468.9,20170402,16.52,40.64,29.84,,,,,39.0157691,0.09842525
276101,S Fork Shields,MT,46.09,-110.43,2468.9,20170403,14.36,34.7,19.76,,,,,42.0078967,0.29921276
276102,S Fork Shields,MT,46.09,-110.43,2468.9,20170404,17.96,40.28,26.24,,,,,44.015771799999996,0.20078751
276103,S Fork Shields,MT,46.09,-110.43,2468.9,20170405,27.5,40.28,34.16,,,,,42.9921492,0.0
276104,S Fork Shields,MT,46.09,-110.43,2468.9,20170406,34.7,51.98,43.34,,,,,40.000021600000004,0.0
276105,S Fork Shields,MT,46.09,-110.43,2468.9,20170407,30.38,47.12,40.1,,,,,40.9842741,0.40157502
276106,S Fork Shields,MT,46.09,-110.43,2468.9,20170408,25.52,46.58,34.16,,,,,42.0078967,0.40157502
276107,S Fork Shields,MT,46.09,-110.43,2468.9,20170409,18.32,25.88,22.46,,,,,50.9842795,1.09842579
276108,S Fork Shields,MT,46.09,-110.43,2468.9,20170410,19.58,35.96,26.78,,,,,50.000027,0.09842525
276109,S Fork Shields,MT,46.09,-110.43,2468.9,20170411,21.02,44.24,30.56,,,,,49.0157745,0.0
276110,S Fork Shields,MT,46.09,-110.43,2468.9,20170412,28.22,48.2,39.56,,,,,47.0078994,0.09842525
276111,S Fork Shields,MT,46.09,-110.43,2468.9,20170413,29.3,57.02,46.04,,,,,44.015771799999996,0.20078751
276112,S Fork Shields,MT,46.09,-110.43,2468.9,20170414,22.64,35.24,27.86,,,,,52.9921546,0.90157529
276113,S Fork Shields,MT,46.09,-110.43,2468.9,20170415,17.96,33.08,23.54,,,,,52.0079021,0.0
276114,S Fork Shields,MT,46.09,-110.43,2468.9,20170416,22.82,44.78,32.0,,,,,50.000027,0.09842525
276115,S Fork Shields,MT,46.09,-110.43,2468.9,20170417,30.2,42.98,36.14,,,,,50.9842795,0.40157502
276116,S Fork Shields,MT,46.09,-110.43,2468.9,20170418,29.48,49.28,38.12,,,,,50.9842795,0.09842525
276117,S Fork Shields,MT,46.09,-110.43,2468.9,20170419,26.78,44.78,32.9,,,,,50.000027,0.29921276
276118,S Fork Shields,MT,46.09,-110.43,2468.9,20170420,28.04,49.46,37.4,,,,,50.000027,0.0
276119,S Fork Shields,MT,46.09,-110.43,2468.9,20170421,23.9,32.54,28.04,,,,,59.0157799,1.20078805
276120,S Fork Shields,MT,46.09,-110.43,2468.9,20170422,19.58,48.38,37.22,,,,,54.0157772,0.0
276121,S Fork Shields,MT,46.09,-110.43,2468.9,20170423,30.02,47.66,37.04,,,,,54.0157772,0.40157502
276122,S Fork Shields,MT,46.09,-110.43,2468.9,20170424,30.56,44.78,34.7,,,,,55.9842822,0.29921276
276123,S Fork Shields,MT,46.09,-110.43,2468.9,20170425,26.06,40.28,32.36,,,,,55.9842822,0.29921276
276124,S Fork Shields,MT,46.09,-110.43,2468.9,20170426,25.88,37.4,30.38,,,,,57.0079048,0.40157502
276125,S Fork Shields,MT,46.09,-110.43,2468.9,20170427,24.8,31.64,27.5,,,,,64.0157826,0.79921303
276126,S Fork Shields,MT,46.09,-110.43,2468.9,20170428,22.46,38.3,28.22,,,,,65.0000351,0.20078751
276127,S Fork Shields,MT,46.09,-110.43,2468.9,20170429,21.56,47.12,32.9,,,,,62.99216,0.0
276128,S Fork Shields,MT,46.09,-110.43,2468.9,20170430,28.58,41.18,33.62,,,,,64.0157826,0.20078751
276129,S Fork Shields,MT,46.09,-110.43,2468.9,20170501,25.7,41.54,30.56,,,,,65.0000351,0.09842525
276130,S Fork Shields,MT,46.09,-110.43,2468.9,20170502,24.8,37.94,29.84,,,,,65.9842876,0.20078751
276131,S Fork Shields,MT,46.09,-110.43,2468.9,20170503,23.18,52.88,39.38,,,,,62.007907499999995,0.0
276132,S Fork Shields,MT,46.09,-110.43,2468.9,20170504,37.94,65.3,50.54,,,,,57.0079048,0.0
276133,S Fork Shields,MT,46.09,-110.43,2468.9,20170505,48.74,68.0,57.02,,,,,52.9921546,0.0
276134,S Fork Shields,MT,46.09,-110.43,2468.9,20170506,46.22,65.12,55.58,,,,,50.000027,0.0
276135,S Fork Shields,MT,46.09,-110.43,2468.9,20170507,30.74,62.42,44.24,,,,,47.0078994,0.09842525
276136,S Fork Shields,MT,46.09,-110.43,2468.9,20170508,27.86,57.38,40.1,,,,,47.0078994,0.0
276137,S Fork Shields,MT,46.09,-110.43,2468.9,20170509,34.7,58.64,43.88,,,,,45.984276799999996,0.0
276138,S Fork Shields,MT,46.09,-110.43,2468.9,20170510,37.22,62.24,48.02,,,,,42.9921492,0.0
276139,S Fork Shields,MT,46.09,-110.43,2468.9,20170511,44.42,66.2,53.78,,,,,40.000021600000004,0.0
276140,S Fork Shields,MT,46.09,-110.43,2468.9,20170512,34.16,62.6,53.06,,,,,37.007894,0.0
276141,S Fork Shields,MT,46.09,-110.43,2468.9,20170513,24.98,48.02,32.18,,,,,40.000021600000004,0.0
276142,S Fork Shields,MT,46.09,-110.43,2468.9,20170514,25.34,46.76,33.8,,,,,37.007894,0.0
276143,S Fork Shields,MT,46.09,-110.43,2468.9,20170515,30.38,42.44,34.88,,,,,39.0157691,0.29921276
276144,S Fork Shields,MT,46.09,-110.43,2468.9,20170516,29.84,48.56,37.94,,,,,37.992146500000004,0.40157502
276145,S Fork Shields,MT,46.09,-110.43,2468.9,20170517,30.74,39.74,34.7,,,,,55.9842822,2.4015761
276146,S Fork Shields,MT,46.09,-110.43,2468.9,20170518,26.24,44.42,33.44,,,,,52.0079021,0.50000027
276147,S Fork Shields,MT,46.09,-110.43,2468.9,20170519,25.16,54.86,37.94,,,,,49.0157745,0.0
276148,S Fork Shields,MT,46.09,-110.43,2468.9,20170520,33.26,53.06,39.2,,,,,47.992151899999996,0.20078751
276149,S Fork Shields,MT,46.09,-110.43,2468.9,20170521,32.36,54.14,42.08,,,,,45.984276799999996,0.0
276150,S Fork Shields,MT,46.09,-110.43,2468.9,20170522,39.38,52.88,43.16,,,,,44.015771799999996,0.0
276151,S Fork Shields,MT,46.09,-110.43,2468.9,20170523,38.48,62.06,51.62,,,,,40.000021600000004,0.0
276152,S Fork Shields,MT,46.09,-110.43,2468.9,20170524,29.84,55.58,46.04,,,,,37.007894,0.0
276153,S Fork Shields,MT,46.09,-110.43,2468.9,20170525,28.58,40.64,32.18,,,,,40.9842741,0.59842552
276154,S Fork Shields,MT,46.09,-110.43,2468.9,20170526,28.58,53.78,38.48,,,,,39.0157691,0.09842525
276155,S Fork Shields,MT,46.09,-110.43,2468.9,20170527,32.72,55.58,44.6,,,,,37.007894,0.0
276156,S Fork Shields,MT,46.09,-110.43,2468.9,20170528,39.56,62.06,46.22,,,,,35.0000189,0.20078751
276157,S Fork Shields,MT,46.09,-110.43,2468.9,20170529,39.2,64.76,49.1,,,,,32.9921438,0.0
276158,S Fork Shields,MT,46.09,-110.43,2468.9,20170530,43.52,63.86,52.16,,,,,30.0000162,0.0
276159,S Fork Shields,MT,46.09,-110.43,2468.9,20170531,45.68,67.82,56.84,,,,,25.984266,0.0
276160,S Fork Shields,MT,46.09,-110.43,2468.9,20170601,42.98,65.3,55.04,,,,,22.007885899999998,0.0
276161,S Fork Shields,MT,46.09,-110.43,2468.9,20170602,39.92,60.08,48.02,,,,,19.0157583,0.09842525
276162,S Fork Shields,MT,46.09,-110.43,2468.9,20170603,43.16,66.02,54.68,,,,,15.0000081,0.0
276163,S Fork Shields,MT,46.09,-110.43,2468.9,20170604,45.32,71.24,59.18,,,,,12.007880499999999,0.0
276164,S Fork Shields,MT,46.09,-110.43,2468.9,20170605,40.46,54.68,46.58,,,,,7.9921303,0.0
276165,S Fork Shields,MT,46.09,-110.43,2468.9,20170606,38.66,62.24,49.64,,,,,4.0157502,0.0
276166,S Fork Shields,MT,46.09,-110.43,2468.9,20170607,44.78,69.98,56.84,,,,,0.0,0.0
276167,S Fork Shields,MT,46.09,-110.43,2468.9,20170608,46.58,71.24,61.7,,,,,0.0,0.09842525
276168,S Fork Shields,MT,46.09,-110.43,2468.9,20170609,34.34,51.26,43.16,,,,,4.0157502,0.59842552
276169,S Fork Shields,MT,46.09,-110.43,2468.9,20170610,31.1,42.98,36.14,,,,,4.0157502,0.29921276
276170,S Fork Shields,MT,46.09,-110.43,2468.9,20170611,30.2,52.88,42.8,,,,,0.0,0.0
276171,S Fork Shields,MT,46.09,-110.43,2468.9,20170612,35.24,56.84,47.3,,,,,0.0,0.70078778
276172,S Fork Shields,MT,46.09,-110.43,2468.9,20170613,32.9,39.92,35.6,,,,,5.984255200000001,2.4015761
276173,S Fork Shields,MT,46.09,-110.43,2468.9,20170614,35.42,53.42,42.44,,,,,2.0078751,0.09842525
276174,S Fork Shields,MT,46.09,-110.43,2468.9,20170615,38.12,52.16,45.5,,,,,0.0,0.0
276175,S Fork Shields,MT,46.09,-110.43,2468.9,20170616,39.38,54.14,44.96,,,,,0.0,0.0
276176,S Fork Shields,MT,46.09,-110.43,2468.9,20170617,35.24,50.36,41.36,,,,,0.0,0.0
276177,S Fork Shields,MT,46.09,-110.43,2468.9,20170618,39.74,52.7,44.78,,,,,0.0,0.0
276178,S Fork Shields,MT,46.09,-110.43,2468.9,20170619,41.54,65.3,52.52,,,,,0.0,0.0
276179,S Fork Shields,MT,46.09,-110.43,2468.9,20170620,51.98,72.32,62.24,,,,,0.0,0.0
276180,S Fork Shields,MT,46.09,-110.43,2468.9,20170621,42.98,64.4,53.96,,,,,0.0,0.09842525
276181,S Fork Shields,MT,46.09,-110.43,2468.9,20170622,36.32,51.62,43.88,,,,,0.0,0.0
276182,S Fork Shields,MT,46.09,-110.43,2468.9,20170623,34.34,53.6,44.24,,,,,0.0,0.0
276183,S Fork Shields,MT,46.09,-110.43,2468.9,20170624,37.94,58.28,48.02,,,,,0.0,0.0
276184,S Fork Shields,MT,46.09,-110.43,2468.9,20170625,41.36,64.04,53.24,,,,,0.0,0.0
276185,S Fork Shields,MT,46.09,-110.43,2468.9,20170626,50.54,71.96,62.78,,,,,0.0,0.0
276186,S Fork Shields,MT,46.09,-110.43,2468.9,20170627,46.4,58.46,51.08,,,,,0.0,0.09842525
276187,S Fork Shields,MT,46.09,-110.43,2468.9,20170628,41.18,56.66,48.2,,,,,0.0,0.09842525
276188,S Fork Shields,MT,46.09,-110.43,2468.9,20170629,38.48,50.9,43.7,,,,,0.0,0.50000027
276189,S Fork Shields,MT,46.09,-110.43,2468.9,20170630,38.66,60.62,49.46,,,,,0.0,0.0
276190,S Fork Shields,MT,46.09,-110.43,2468.9,20170701,47.3,69.08,58.46,,,,,0.0,0.0
276191,S Fork Shields,MT,46.09,-110.43,2468.9,20170702,51.98,69.8,59.54,,,,,0.0,0.0
276192,S Fork Shields,MT,46.09,-110.43,2468.9,20170703,53.6,73.22,63.14,,,,,0.0,0.0
276193,S Fork Shields,MT,46.09,-110.43,2468.9,20170704,51.26,72.5,62.78,,,,,0.0,0.0
276194,S Fork Shields,MT,46.09,-110.43,2468.9,20170705,55.94,77.0,65.3,,,,,0.0,0.0
276195,S Fork Shields,MT,46.09,-110.43,2468.9,20170706,56.84,73.76,65.12,,,,,0.0,0.09842525
276196,S Fork Shields,MT,46.09,-110.43,2468.9,20170707,57.38,75.56,65.12,,,,,0.0,0.0
276197,S Fork Shields,MT,46.09,-110.43,2468.9,20170708,58.64,77.9,68.0,,,,,0.0,0.0
276198,S Fork Shields,MT,46.09,-110.43,2468.9,20170709,57.2,74.84,65.48,,,,,0.0,0.0
276199,S Fork Shields,MT,46.09,-110.43,2468.9,20170710,50.0,69.98,59.54,,,,,0.0,0.09842525
276200,S Fork Shields,MT,46.09,-110.43,2468.9,20170711,49.46,63.32,55.58,,,,,0.0,0.0
276201,S Fork Shields,MT,46.09,-110.43,2468.9,20170712,46.04,69.62,57.92,,,,,0.0,0.0
276202,S Fork Shields,MT,46.09,-110.43,2468.9,20170713,56.84,76.46,66.74,,,,,0.0,0.0
276203,S Fork Shields,MT,46.09,-110.43,2468.9,20170714,58.64,77.18,67.64,,,,,0.0,0.0
276204,S Fork Shields,MT,46.09,-110.43,2468.9,20170715,57.92,76.28,67.46,,,,,0.0,0.0
276205,S Fork Shields,MT,46.09,-110.43,2468.9,20170716,54.68,75.2,64.04,,,,,0.0,0.20078751
276206,S Fork Shields,MT,46.09,-110.43,2468.9,20170717,48.92,66.74,56.84,,,,,0.0,0.0
276207,S Fork Shields,MT,46.09,-110.43,2468.9,20170718,48.92,71.78,60.98,,,,,0.0,0.0
276208,S Fork Shields,MT,46.09,-110.43,2468.9,20170719,49.82,73.76,63.14,,,,,0.0,0.0
276209,S Fork Shields,MT,46.09,-110.43,2468.9,20170720,54.32,76.28,66.02,,,,,0.0,0.0
276210,S Fork Shields,MT,46.09,-110.43,2468.9,20170721,48.2,69.26,58.28,,,,,0.0,0.0
276211,S Fork Shields,MT,46.09,-110.43,2468.9,20170722,47.84,69.44,59.36,,,,,0.0,0.0
276212,S Fork Shields,MT,46.09,-110.43,2468.9,20170723,55.04,76.82,66.02,,,,,0.0,0.0
276213,S Fork Shields,MT,46.09,-110.43,2468.9,20170724,54.86,73.4,63.5,,,,,0.0,0.0
276214,S Fork Shields,MT,46.09,-110.43,2468.9,20170725,53.06,65.66,58.64,,,,,0.0,0.0
276215,S Fork Shields,MT,46.09,-110.43,2468.9,20170726,53.6,71.24,61.16,,,,,0.0,0.0
276216,S Fork Shields,MT,46.09,-110.43,2468.9,20170727,51.62,72.14,60.08,,,,,0.0,0.09842525
276217,S Fork Shields,MT,46.09,-110.43,2468.9,20170728,50.54,70.34,60.8,,,,,0.0,0.09842525
276218,S Fork Shields,MT,46.09,-110.43,2468.9,20170729,51.08,72.32,62.06,,,,,0.0,0.0
276219,S Fork Shields,MT,46.09,-110.43,2468.9,20170730,55.22,75.02,65.48,,,,,0.0,0.0
276220,S Fork Shields,MT,46.09,-110.43,2468.9,20170731,55.4,75.02,65.12,,,,,0.0,0.0
276221,S Fork Shields,MT,46.09,-110.43,2468.9,20170801,53.96,74.66,63.32,,,,,0.0,0.0
276222,S Fork Shields,MT,46.09,-110.43,2468.9,20170802,46.76,59.36,52.88,,,,,0.0,0.0
276223,S Fork Shields,MT,46.09,-110.43,2468.9,20170803,43.52,64.4,53.96,,,,,0.0,0.0
276224,S Fork Shields,MT,46.09,-110.43,2468.9,20170804,50.18,70.34,60.98,,,,,0.0,0.0
276225,S Fork Shields,MT,46.09,-110.43,2468.9,20170805,43.7,59.18,50.54,,,,,0.0,0.0
276226,S Fork Shields,MT,46.09,-110.43,2468.9,20170806,41.18,61.34,49.82,,,,,0.0,0.09842525
276227,S Fork Shields,MT,46.09,-110.43,2468.9,20170807,44.24,67.28,55.04,,,,,0.0,0.0
276228,S Fork Shields,MT,46.09,-110.43,2468.9,20170808,48.2,64.94,56.66,,,,,0.0,0.0
276229,S Fork Shields,MT,46.09,-110.43,2468.9,20170809,44.6,62.96,51.98,,,,,0.0,0.0
276230,S Fork Shields,MT,46.09,-110.43,2468.9,20170810,44.42,66.02,55.22,,,,,0.0,0.0
276231,S Fork Shields,MT,46.09,-110.43,2468.9,20170811,50.72,68.72,58.64,,,,,0.0,0.0
276232,S Fork Shields,MT,46.09,-110.43,2468.9,20170812,48.92,69.98,57.92,,,,,0.0,0.0
276233,S Fork Shields,MT,46.09,-110.43,2468.9,20170813,47.48,63.86,55.4,,,,,0.0,0.0
276234,S Fork Shields,MT,46.09,-110.43,2468.9,20170814,44.06,56.48,49.28,,,,,0.0,0.0
276235,S Fork Shields,MT,46.09,-110.43,2468.9,20170815,43.88,62.6,52.7,,,,,0.0,0.0
276236,S Fork Shields,MT,46.09,-110.43,2468.9,20170816,46.22,66.92,56.84,,,,,0.0,0.0
276237,S Fork Shields,MT,46.09,-110.43,2468.9,20170817,50.18,64.58,56.12,,,,,0.0,0.0
276238,S Fork Shields,MT,46.09,-110.43,2468.9,20170818,47.66,71.6,58.64,,,,,0.0,0.0
276239,S Fork Shields,MT,46.09,-110.43,2468.9,20170819,48.74,67.64,57.92,,,,,0.0,0.0
276240,S Fork Shields,MT,46.09,-110.43,2468.9,20170820,44.6,62.78,53.24,,,,,0.0,0.0
276241,S Fork Shields,MT,46.09,-110.43,2468.9,20170821,46.22,64.4,55.04,,,,,0.0,0.0
276242,S Fork Shields,MT,46.09,-110.43,2468.9,20170822,49.28,72.86,60.98,,,,,0.0,0.0
276243,S Fork Shields,MT,46.09,-110.43,2468.9,20170823,54.32,73.04,62.96,,,,,0.0,0.0
276244,S Fork Shields,MT,46.09,-110.43,2468.9,20170824,50.72,66.74,58.28,,,,,0.0,0.0
276245,S Fork Shields,MT,46.09,-110.43,2468.9,20170825,50.54,69.08,58.1,,,,,0.0,0.0
276246,S Fork Shields,MT,46.09,-110.43,2468.9,20170826,48.74,68.36,57.92,,,,,0.0,0.0
276247,S Fork Shields,MT,46.09,-110.43,2468.9,20170827,52.52,75.38,62.78,,,,,0.0,0.0
276248,S Fork Shields,MT,46.09,-110.43,2468.9,20170828,53.42,75.02,64.22,,,,,0.0,0.0
276249,S Fork Shields,MT,46.09,-110.43,2468.9,20170829,59.0,74.84,65.84,,,,,0.0,0.0
276250,S Fork Shields,MT,46.09,-110.43,2468.9,20170830,56.48,73.76,64.94,,,,,0.0,0.0
276251,S Fork Shields,MT,46.09,-110.43,2468.9,20170831,52.16,72.14,61.16,,,,,0.0,0.0
276252,S Fork Shields,MT,46.09,-110.43,2468.9,20170901,45.5,65.66,55.94,,,,,0.0,0.0
276253,S Fork Shields,MT,46.09,-110.43,2468.9,20170902,51.8,75.92,63.68,,,,,0.0,0.0
276254,S Fork Shields,MT,46.09,-110.43,2468.9,20170903,56.48,76.82,66.38,,,,,0.0,0.0
276255,S Fork Shields,MT,46.09,-110.43,2468.9,20170904,41.72,60.98,50.0,,,,,0.0,0.0
276256,S Fork Shields,MT,46.09,-110.43,2468.9,20170905,40.82,64.22,51.8,,,,,0.0,0.0
276257,S Fork Shields,MT,46.09,-110.43,2468.9,20170906,47.84,70.34,59.0,,,,,0.0,0.0
276258,S Fork Shields,MT,46.09,-110.43,2468.9,20170907,51.98,71.42,60.62,,,,,0.0,0.0
276259,S Fork Shields,MT,46.09,-110.43,2468.9,20170908,55.04,72.86,63.5,,,,,0.0,0.0
276260,S Fork Shields,MT,46.09,-110.43,2468.9,20170909,53.42,72.14,61.52,,,,,0.0,0.0
276261,S Fork Shields,MT,46.09,-110.43,2468.9,20170910,51.26,69.8,58.64,,,,,0.0,0.0
276262,S Fork Shields,MT,46.09,-110.43,2468.9,20170911,49.46,71.24,59.18,,,,,0.0,0.0
276263,S Fork Shields,MT,46.09,-110.43,2468.9,20170912,51.98,71.42,62.06,,,,,0.0,0.0
276264,S Fork Shields,MT,46.09,-110.43,2468.9,20170913,43.16,63.86,53.96,,,,,0.0,0.59842552
276265,S Fork Shields,MT,46.09,-110.43,2468.9,20170914,34.52,48.02,39.56,,,,,0.0,0.59842552
276266,S Fork Shields,MT,46.09,-110.43,2468.9,20170915,30.38,35.24,32.72,,,,,0.0,0.29921276
276267,S Fork Shields,MT,46.09,-110.43,2468.9,20170916,28.76,34.7,31.1,,,,,0.0,0.0
276268,S Fork Shields,MT,46.09,-110.43,2468.9,20170917,30.2,46.04,40.1,,,,,0.0,0.0
276269,S Fork Shields,MT,46.09,-110.43,2468.9,20170918,34.7,47.66,42.26,,,,,2.0078751,0.90157529
276270,S Fork Shields,MT,46.09,-110.43,2468.9,20170919,28.76,35.6,31.28,,,,,5.0000027000000005,0.90157529
276271,S Fork Shields,MT,46.09,-110.43,2468.9,20170920,29.84,37.76,32.9,,,,,7.9921303,0.50000027
276272,S Fork Shields,MT,46.09,-110.43,2468.9,20170921,29.12,40.46,32.54,,,,,9.0157529,0.50000027
276273,Deadman Creek,MT,46.79,-110.68,1966.0,20170101,-2.92,19.58,7.16,,,,,14.015755599999999,0.20078751
276274,Deadman Creek,MT,46.79,-110.68,1966.0,20170102,-19.3,7.52,-6.7,,,,,14.015755599999999,0.0
276275,Deadman Creek,MT,46.79,-110.68,1966.0,20170103,-23.08,10.94,-6.16,,,,,14.015755599999999,0.0
276276,Deadman Creek,MT,46.79,-110.68,1966.0,20170104,-20.02,7.34,-5.44,,,,,14.015755599999999,0.0
276277,Deadman Creek,MT,46.79,-110.68,1966.0,20170105,-26.32,15.08,-11.74,,,,,14.015755599999999,0.0
276278,Deadman Creek,MT,46.79,-110.68,1966.0,20170106,-15.34,21.56,0.32,,,,,14.015755599999999,0.0
276279,Deadman Creek,MT,46.79,-110.68,1966.0,20170107,-11.38,26.96,6.26,,,,,14.015755599999999,0.09842525
276280,Deadman Creek,MT,46.79,-110.68,1966.0,20170108,20.48,33.44,26.42,,,,,17.0078832,0.20078751
276281,Deadman Creek,MT,46.79,-110.68,1966.0,20170109,18.32,37.58,29.66,,,,,17.9921357,0.29921276
276282,Deadman Creek,MT,46.79,-110.68,1966.0,20170110,-3.46,24.62,14.18,,,,,20.000010800000002,0.09842525
276283,Deadman Creek,MT,46.79,-110.68,1966.0,20170111,-13.9,16.7,-2.2,,,,,19.0157583,0.0
276284,Deadman Creek,MT,46.79,-110.68,1966.0,20170112,-16.24,25.16,2.84,,,,,17.9921357,0.0
276285,Deadman Creek,MT,46.79,-110.68,1966.0,20170113,-2.74,30.56,6.44,,,,,17.9921357,0.0
276286,Deadman Creek,MT,46.79,-110.68,1966.0,20170114,-5.26,31.28,8.78,,,,,17.0078832,0.0
276287,Deadman Creek,MT,46.79,-110.68,1966.0,20170115,-1.66,34.16,10.94,,,,,17.0078832,0.0
276288,Deadman Creek,MT,46.79,-110.68,1966.0,20170116,-4.54,32.18,11.3,,,,,17.0078832,0.0
276289,Deadman Creek,MT,46.79,-110.68,1966.0,20170117,10.04,46.58,23.9,,,,,15.9842606,0.0
276290,Deadman Creek,MT,46.79,-110.68,1966.0,20170118,19.94,46.58,32.54,,,,,15.9842606,0.0
276291,Deadman Creek,MT,46.79,-110.68,1966.0,20170119,21.38,37.76,32.9,,,,,15.9842606,0.09842525
276292,Deadman Creek,MT,46.79,-110.68,1966.0,20170120,4.46,33.62,23.54,,,,,15.9842606,0.0
276293,Deadman Creek,MT,46.79,-110.68,1966.0,20170121,1.94,34.7,16.7,,,,,15.9842606,0.0
276294,Deadman Creek,MT,46.79,-110.68,1966.0,20170122,7.34,37.04,20.12,,,,,15.9842606,0.0
276295,Deadman Creek,MT,46.79,-110.68,1966.0,20170123,-0.94,30.38,16.52,,,,,15.9842606,0.0
276296,Deadman Creek,MT,46.79,-110.68,1966.0,20170124,-5.08,27.68,7.52,,,,,15.9842606,0.0
276297,Deadman Creek,MT,46.79,-110.68,1966.0,20170125,8.78,27.14,15.44,,,,,15.9842606,0.0
276298,Deadman Creek,MT,46.79,-110.68,1966.0,20170126,0.14,25.34,15.08,,,,,15.9842606,0.0
276299,Deadman Creek,MT,46.79,-110.68,1966.0,20170127,-0.94,30.02,14.36,,,,,15.9842606,0.0
276300,Deadman Creek,MT,46.79,-110.68,1966.0,20170128,5.72,37.22,21.92,,,,,15.0000081,0.0
276301,Deadman Creek,MT,46.79,-110.68,1966.0,20170129,10.76,45.14,31.82,,,,,15.0000081,0.0
276302,Deadman Creek,MT,46.79,-110.68,1966.0,20170130,26.24,38.12,32.18,,,,,15.0000081,0.0
276303,Deadman Creek,MT,46.79,-110.68,1966.0,20170131,4.1,28.76,15.98,,,,,15.9842606,0.09842525
276304,Deadman Creek,MT,46.79,-110.68,1966.0,20170201,-16.6,13.46,-3.28,,,,,17.0078832,0.0
276305,Deadman Creek,MT,46.79,-110.68,1966.0,20170202,-23.44,12.02,-11.38,,,,,17.0078832,0.0
276306,Deadman Creek,MT,46.79,-110.68,1966.0,20170203,-21.64,33.8,15.08,,,,,17.0078832,0.0
276307,Deadman Creek,MT,46.79,-110.68,1966.0,20170204,24.98,33.98,30.92,,,,,19.0157583,0.20078751
276308,Deadman Creek,MT,46.79,-110.68,1966.0,20170205,28.94,38.12,34.88,,,,,17.9921357,0.0
276309,Deadman Creek,MT,46.79,-110.68,1966.0,20170206,16.7,39.38,30.74,,,,,20.9842633,0.09842525
276310,Deadman Creek,MT,46.79,-110.68,1966.0,20170207,7.88,25.16,16.88,,,,,20.9842633,0.09842525
276311,Deadman Creek,MT,46.79,-110.68,1966.0,20170208,8.6,29.3,21.92,,,,,20.9842633,0.0
276312,Deadman Creek,MT,46.79,-110.68,1966.0,20170209,28.76,45.5,39.38,,,,,15.9842606,0.09842525
276313,Deadman Creek,MT,46.79,-110.68,1966.0,20170210,26.24,40.46,32.72,,,,,19.0157583,0.09842525
276314,Deadman Creek,MT,46.79,-110.68,1966.0,20170211,13.64,32.36,22.82,,,,,19.0157583,0.0
276315,Deadman Creek,MT,46.79,-110.68,1966.0,20170212,2.3,38.66,19.76,,,,,19.0157583,0.0
276316,Deadman Creek,MT,46.79,-110.68,1966.0,20170213,7.7,42.26,21.92,,,,,19.0157583,0.0
276317,Deadman Creek,MT,46.79,-110.68,1966.0,20170214,10.04,52.52,24.98,,,,,17.9921357,0.0
276318,Deadman Creek,MT,46.79,-110.68,1966.0,20170215,12.56,54.14,31.64,,,,,17.0078832,0.0
276319,Deadman Creek,MT,46.79,-110.68,1966.0,20170216,32.54,52.88,41.72,,,,,15.9842606,0.09842525
276320,Deadman Creek,MT,46.79,-110.68,1966.0,20170217,25.88,42.26,33.08,,,,,17.0078832,0.09842525
276321,Deadman Creek,MT,46.79,-110.68,1966.0,20170218,28.58,48.2,37.94,,,,,15.9842606,0.09842525
276322,Deadman Creek,MT,46.79,-110.68,1966.0,20170219,25.34,42.26,33.62,,,,,17.9921357,0.0
276323,Deadman Creek,MT,46.79,-110.68,1966.0,20170220,17.06,42.08,30.2,,,,,19.0157583,0.09842525
276324,Deadman Creek,MT,46.79,-110.68,1966.0,20170221,25.52,42.44,33.98,,,,,20.000010800000002,0.0
276325,Deadman Creek,MT,46.79,-110.68,1966.0,20170222,15.26,34.7,26.6,,,,,22.992138399999998,0.20078751
276326,Deadman Creek,MT,46.79,-110.68,1966.0,20170223,12.02,28.22,20.3,,,,,20.9842633,0.0
276327,Deadman Creek,MT,46.79,-110.68,1966.0,20170224,8.06,26.06,14.72,,,,,22.007885899999998,0.0
276328,Deadman Creek,MT,46.79,-110.68,1966.0,20170225,9.32,24.44,15.8,,,,,22.007885899999998,0.0
276329,Deadman Creek,MT,46.79,-110.68,1966.0,20170226,15.8,24.08,18.86,,,,,29.015763699999997,0.29921276
276330,Deadman Creek,MT,46.79,-110.68,1966.0,20170227,-0.4,25.52,13.82,,,,,27.0078886,0.09842525
276331,Deadman Creek,MT,46.79,-110.68,1966.0,20170228,3.56,25.88,15.08,,,,,27.0078886,0.09842525
276332,Deadman Creek,MT,46.79,-110.68,1966.0,20170301,11.84,29.48,22.64,,,,,25.0000135,0.0
276333,Deadman Creek,MT,46.79,-110.68,1966.0,20170302,14.36,32.9,25.7,,,,,25.984266,0.09842525
276334,Deadman Creek,MT,46.79,-110.68,1966.0,20170303,18.5,45.14,35.24,,,,,25.0000135,0.0
276335,Deadman Creek,MT,46.79,-110.68,1966.0,20170304,24.62,45.68,35.6,,,,,24.015760999999998,0.09842525
276336,Deadman Creek,MT,46.79,-110.68,1966.0,20170305,19.4,41.0,29.84,,,,,25.0000135,0.0
276337,Deadman Creek,MT,46.79,-110.68,1966.0,20170306,7.7,29.66,19.58,,,,,25.0000135,0.0
276338,Deadman Creek,MT,46.79,-110.68,1966.0,20170307,16.88,28.22,21.92,,,,,25.0000135,0.0
276339,Deadman Creek,MT,46.79,-110.68,1966.0,20170308,23.9,36.32,29.12,,,,,27.9921411,0.20078751
276340,Deadman Creek,MT,46.79,-110.68,1966.0,20170309,14.54,29.3,21.02,,,,,34.0157664,0.40157502
276341,Deadman Creek,MT,46.79,-110.68,1966.0,20170310,17.06,44.6,33.26,,,,,29.015763699999997,0.20078751
276342,Deadman Creek,MT,46.79,-110.68,1966.0,20170311,16.34,48.02,33.98,,,,,25.984266,0.0
276343,Deadman Creek,MT,46.79,-110.68,1966.0,20170312,23.9,40.1,33.62,,,,,25.984266,0.09842525
276344,Deadman Creek,MT,46.79,-110.68,1966.0,20170313,30.2,46.76,37.58,,,,,25.0000135,0.0
276345,Deadman Creek,MT,46.79,-110.68,1966.0,20170314,32.0,46.94,37.4,,,,,24.015760999999998,0.09842525
276346,Deadman Creek,MT,46.79,-110.68,1966.0,20170315,29.84,56.3,42.44,,,,,20.9842633,0.0
276347,Deadman Creek,MT,46.79,-110.68,1966.0,20170316,29.12,46.58,37.76,,,,,20.000010800000002,0.09842525
276348,Deadman Creek,MT,46.79,-110.68,1966.0,20170317,18.32,48.92,35.96,,,,,20.9842633,0.0
276349,Deadman Creek,MT,46.79,-110.68,1966.0,20170318,32.54,61.88,48.38,,,,,19.0157583,0.0
276350,Deadman Creek,MT,46.79,-110.68,1966.0,20170319,26.42,46.04,39.38,,,,,19.0157583,0.0
276351,Deadman Creek,MT,46.79,-110.68,1966.0,20170320,17.78,41.54,29.84,,,,,19.0157583,0.0
276352,Deadman Creek,MT,46.79,-110.68,1966.0,20170321,27.32,49.82,33.62,,,,,17.9921357,0.0
276353,Deadman Creek,MT,46.79,-110.68,1966.0,20170322,29.84,52.16,38.48,,,,,15.0000081,0.0
276354,Deadman Creek,MT,46.79,-110.68,1966.0,20170323,19.94,50.0,33.08,,,,,15.9842606,0.0
276355,Deadman Creek,MT,46.79,-110.68,1966.0,20170324,17.78,53.96,37.58,,,,,15.0000081,0.0
276356,Deadman Creek,MT,46.79,-110.68,1966.0,20170325,23.0,45.14,33.8,,,,,15.9842606,0.09842525
276357,Deadman Creek,MT,46.79,-110.68,1966.0,20170326,19.76,47.66,33.44,,,,,15.0000081,0.0
276358,Deadman Creek,MT,46.79,-110.68,1966.0,20170327,29.84,44.06,36.14,,,,,15.0000081,0.0
276359,Deadman Creek,MT,46.79,-110.68,1966.0,20170328,23.36,44.42,33.8,,,,,15.0000081,0.0
276360,Deadman Creek,MT,46.79,-110.68,1966.0,20170329,32.54,44.96,37.94,,,,,14.015755599999999,0.0
276361,Deadman Creek,MT,46.79,-110.68,1966.0,20170330,34.16,51.62,38.3,,,,,12.992133,0.0
276362,Deadman Creek,MT,46.79,-110.68,1966.0,20170331,27.14,53.42,36.14,,,,,12.992133,0.0
276363,Deadman Creek,MT,46.79,-110.68,1966.0,20170401,22.82,51.44,38.48,,,,,12.007880499999999,0.0
276364,Deadman Creek,MT,46.79,-110.68,1966.0,20170402,26.78,48.38,36.86,,,,,10.9842579,0.0
276365,Deadman Creek,MT,46.79,-110.68,1966.0,20170403,24.08,39.92,27.68,,,,,12.007880499999999,0.09842525
276366,Deadman Creek,MT,46.79,-110.68,1966.0,20170404,17.78,43.52,29.66,,,,,10.9842579,0.0
276367,Deadman Creek,MT,46.79,-110.68,1966.0,20170405,15.98,48.38,32.9,,,,,10.9842579,0.0
276368,Deadman Creek,MT,46.79,-110.68,1966.0,20170406,27.32,56.12,43.52,,,,,9.0157529,0.0
276369,Deadman Creek,MT,46.79,-110.68,1966.0,20170407,31.64,54.14,40.64,,,,,9.0157529,0.0
276370,Deadman Creek,MT,46.79,-110.68,1966.0,20170408,28.76,50.18,36.14,,,,,9.0157529,0.0
276371,Deadman Creek,MT,46.79,-110.68,1966.0,20170409,11.12,32.54,27.5,,,,,12.007880499999999,0.20078751
276372,Deadman Creek,MT,46.79,-110.68,1966.0,20170410,9.68,42.26,26.24,,,,,10.000005400000001,0.09842525
276373,Deadman Creek,MT,46.79,-110.68,1966.0,20170411,13.28,47.12,30.38,,,,,10.000005400000001,0.0
276374,Deadman Creek,MT,46.79,-110.68,1966.0,20170412,31.28,52.7,40.46,,,,,10.000005400000001,0.0
276375,Deadman Creek,MT,46.79,-110.68,1966.0,20170413,30.92,63.32,44.96,,,,,5.984255200000001,0.09842525
276376,Deadman Creek,MT,46.79,-110.68,1966.0,20170414,29.12,42.62,34.16,,,,,5.984255200000001,0.0
276377,Deadman Creek,MT,46.79,-110.68,1966.0,20170415,25.7,39.74,30.56,,,,,7.007877799999999,0.0
276378,Deadman Creek,MT,46.79,-110.68,1966.0,20170416,15.62,49.64,33.26,,,,,7.007877799999999,0.09842525
276379,Deadman Creek,MT,46.79,-110.68,1966.0,20170417,28.22,43.34,37.4,,,,,7.007877799999999,0.0
276380,Deadman Creek,MT,46.79,-110.68,1966.0,20170418,26.24,53.24,39.02,,,,,5.984255200000001,0.09842525
276381,Deadman Creek,MT,46.79,-110.68,1966.0,20170419,24.8,49.64,36.68,,,,,4.0157502,0.0
276382,Deadman Creek,MT,46.79,-110.68,1966.0,20170420,23.0,53.6,38.48,,,,,2.9921276000000003,0.09842525
276383,Deadman Creek,MT,46.79,-110.68,1966.0,20170421,31.46,40.82,34.34,,,,,5.0000027000000005,0.0
276384,Deadman Creek,MT,46.79,-110.68,1966.0,20170422,31.28,51.8,38.84,,,,,2.0078751,0.09842525
276385,Deadman Creek,MT,46.79,-110.68,1966.0,20170423,29.84,50.0,37.22,,,,,2.0078751,0.0
276386,Deadman Creek,MT,46.79,-110.68,1966.0,20170424,29.48,48.74,36.68,,,,,0.0,0.20078751
276387,Deadman Creek,MT,46.79,-110.68,1966.0,20170425,28.58,43.34,35.6,,,,,0.0,0.0
276388,Deadman Creek,MT,46.79,-110.68,1966.0,20170426,28.58,45.5,34.7,,,,,0.0,0.20078751
276389,Deadman Creek,MT,46.79,-110.68,1966.0,20170427,31.28,39.02,33.44,,,,,2.0078751,0.20078751
276390,Deadman Creek,MT,46.79,-110.68,1966.0,20170428,27.5,43.7,33.98,,,,,0.9842525,0.09842525
276391,Deadman Creek,MT,46.79,-110.68,1966.0,20170429,21.74,46.58,33.62,,,,,0.0,0.20078751
276392,Deadman Creek,MT,46.79,-110.68,1966.0,20170430,25.7,44.96,36.32,,,,,0.0,0.09842525
276393,Deadman Creek,MT,46.79,-110.68,1966.0,20170501,32.0,43.34,35.6,,,,,0.0,0.40157502
276394,Deadman Creek,MT,46.79,-110.68,1966.0,20170502,26.24,41.18,34.16,,,,,0.0,0.40157502
276395,Deadman Creek,MT,46.79,-110.68,1966.0,20170503,21.56,56.48,39.92,,,,,0.0,0.09842525
276396,Deadman Creek,MT,46.79,-110.68,1966.0,20170504,30.74,69.26,46.94,,,,,0.0,0.09842525
276397,Deadman Creek,MT,46.79,-110.68,1966.0,20170505,32.0,72.86,51.08,,,,,0.0,1.20078805
276398,Deadman Creek,MT,46.79,-110.68,1966.0,20170506,33.8,71.24,50.54,,,,,0.0,0.0
276399,Deadman Creek,MT,46.79,-110.68,1966.0,20170507,30.56,58.46,42.44,,,,,0.0,0.0
276400,Deadman Creek,MT,46.79,-110.68,1966.0,20170508,26.24,56.3,39.02,,,,,0.0,0.0
276401,Deadman Creek,MT,46.79,-110.68,1966.0,20170509,28.4,60.26,42.44,,,,,0.0,0.09842525
276402,Deadman Creek,MT,46.79,-110.68,1966.0,20170510,28.94,66.02,46.22,,,,,0.0,0.0
276403,Deadman Creek,MT,46.79,-110.68,1966.0,20170511,31.64,72.14,50.9,,,,,0.0,0.0
276404,Deadman Creek,MT,46.79,-110.68,1966.0,20170512,36.14,70.16,52.52,,,,,0.0,0.20078751
276405,Deadman Creek,MT,46.79,-110.68,1966.0,20170513,22.46,42.98,33.8,,,,,0.0,0.0
276406,Deadman Creek,MT,46.79,-110.68,1966.0,20170514,19.94,45.86,33.44,,,,,0.0,0.0
276407,Deadman Creek,MT,46.79,-110.68,1966.0,20170515,27.68,47.84,37.04,,,,,0.0,0.0
276408,Deadman Creek,MT,46.79,-110.68,1966.0,20170516,25.34,52.34,39.38,,,,,0.0,0.70078778
276409,Deadman Creek,MT,46.79,-110.68,1966.0,20170517,34.7,40.46,36.86,,,,,0.9842525,1.09842579
276410,Deadman Creek,MT,46.79,-110.68,1966.0,20170518,28.4,48.56,37.04,,,,,0.0,0.70078778
276411,Deadman Creek,MT,46.79,-110.68,1966.0,20170519,25.52,55.94,38.84,,,,,0.0,0.0
276412,Deadman Creek,MT,46.79,-110.68,1966.0,20170520,29.66,54.68,41.54,,,,,0.0,0.0
276413,Deadman Creek,MT,46.79,-110.68,1966.0,20170521,29.66,59.72,43.52,,,,,0.0,0.0
276414,Deadman Creek,MT,46.79,-110.68,1966.0,20170522,32.54,59.72,44.6,,,,,0.0,0.0
276415,Deadman Creek,MT,46.79,-110.68,1966.0,20170523,30.92,68.0,49.64,,,,,0.0,0.0
276416,Deadman Creek,MT,46.79,-110.68,1966.0,20170524,35.96,58.1,47.84,,,,,0.0,0.0
276417,Deadman Creek,MT,46.79,-110.68,1966.0,20170525,33.62,46.94,37.94,,,,,0.0,0.0
276418,Deadman Creek,MT,46.79,-110.68,1966.0,20170526,30.38,55.58,41.9,,,,,0.0,0.20078751
276419,Deadman Creek,MT,46.79,-110.68,1966.0,20170527,29.3,63.5,46.4,,,,,0.0,0.0
276420,Deadman Creek,MT,46.79,-110.68,1966.0,20170528,33.98,64.04,48.92,,,,,0.0,0.0
276421,Deadman Creek,MT,46.79,-110.68,1966.0,20170529,31.82,67.64,49.82,,,,,0.0,0.0
276422,Deadman Creek,MT,46.79,-110.68,1966.0,20170530,36.14,66.92,51.44,,,,,0.0,0.0
276423,Deadman Creek,MT,46.79,-110.68,1966.0,20170531,35.78,73.94,53.78,,,,,0.0,0.0
276424,Deadman Creek,MT,46.79,-110.68,1966.0,20170601,40.1,69.8,55.22,,,,,0.0,0.20078751
276425,Deadman Creek,MT,46.79,-110.68,1966.0,20170602,34.34,62.96,50.36,,,,,0.0,0.0
276426,Deadman Creek,MT,46.79,-110.68,1966.0,20170603,30.38,71.42,52.52,,,,,0.0,0.0
276427,Deadman Creek,MT,46.79,-110.68,1966.0,20170604,42.98,77.18,57.38,,,,,0.0,0.0
276428,Deadman Creek,MT,46.79,-110.68,1966.0,20170605,36.5,61.88,48.56,,,,,0.0,0.0
276429,Deadman Creek,MT,46.79,-110.68,1966.0,20170606,32.9,66.74,51.8,,,,,0.0,0.09842525
276430,Deadman Creek,MT,46.79,-110.68,1966.0,20170607,36.5,76.64,56.84,,,,,0.0,0.20078751
276431,Deadman Creek,MT,46.79,-110.68,1966.0,20170608,42.62,77.72,60.44,,,,,0.0,0.09842525
276432,Deadman Creek,MT,46.79,-110.68,1966.0,20170609,39.92,57.02,46.4,,,,,0.0,0.0
276433,Deadman Creek,MT,46.79,-110.68,1966.0,20170610,31.46,51.8,41.36,,,,,0.0,0.0
276434,Deadman Creek,MT,46.79,-110.68,1966.0,20170611,28.58,61.16,42.98,,,,,0.0,0.09842525
276435,Deadman Creek,MT,46.79,-110.68,1966.0,20170612,35.6,68.9,51.26,,,,,0.0,0.79921303
276436,Deadman Creek,MT,46.79,-110.68,1966.0,20170613,34.88,45.32,41.0,,,,,0.0,0.50000027
276437,Deadman Creek,MT,46.79,-110.68,1966.0,20170614,39.02,57.2,47.66,,,,,0.0,0.0
276438,Deadman Creek,MT,46.79,-110.68,1966.0,20170615,34.16,55.58,48.2,,,,,0.0,0.0
276439,Deadman Creek,MT,46.79,-110.68,1966.0,20170616,41.9,57.38,49.46,,,,,0.0,0.0
276440,Deadman Creek,MT,46.79,-110.68,1966.0,20170617,36.14,57.02,45.5,,,,,0.0,0.0
276441,Deadman Creek,MT,46.79,-110.68,1966.0,20170618,36.14,57.38,48.2,,,,,0.0,0.0
276442,Deadman Creek,MT,46.79,-110.68,1966.0,20170619,33.98,69.26,52.16,,,,,0.0,0.0
276443,Deadman Creek,MT,46.79,-110.68,1966.0,20170620,44.06,71.78,59.36,,,,,0.0,0.0
276444,Deadman Creek,MT,46.79,-110.68,1966.0,20170621,36.32,68.36,56.84,,,,,0.0,0.0
276445,Deadman Creek,MT,46.79,-110.68,1966.0,20170622,30.02,56.84,43.7,,,,,0.0,0.0
276446,Deadman Creek,MT,46.79,-110.68,1966.0,20170623,29.3,59.0,45.14,,,,,0.0,0.0
276447,Deadman Creek,MT,46.79,-110.68,1966.0,20170624,33.44,64.22,49.46,,,,,0.0,0.0
276448,Deadman Creek,MT,46.79,-110.68,1966.0,20170625,33.62,73.76,53.42,,,,,0.0,0.0
276449,Deadman Creek,MT,46.79,-110.68,1966.0,20170626,36.86,79.7,60.08,,,,,0.0,0.0
276450,Deadman Creek,MT,46.79,-110.68,1966.0,20170627,40.1,65.84,53.96,,,,,0.0,0.0
276451,Deadman Creek,MT,46.79,-110.68,1966.0,20170628,35.96,66.74,51.08,,,,,0.0,0.0
276452,Deadman Creek,MT,46.79,-110.68,1966.0,20170629,34.16,59.72,46.04,,,,,0.0,0.0
276453,Deadman Creek,MT,46.79,-110.68,1966.0,20170630,32.18,70.7,50.9,,,,,0.0,0.0
276454,Deadman Creek,MT,46.79,-110.68,1966.0,20170701,37.94,76.82,58.46,,,,,0.0,0.0
276455,Deadman Creek,MT,46.79,-110.68,1966.0,20170702,41.54,77.9,58.82,,,,,0.0,0.0
276456,Deadman Creek,MT,46.79,-110.68,1966.0,20170703,39.74,79.16,59.72,,,,,0.0,0.0
276457,Deadman Creek,MT,46.79,-110.68,1966.0,20170704,35.24,76.28,57.92,,,,,0.0,0.0
276458,Deadman Creek,MT,46.79,-110.68,1966.0,20170705,42.44,85.1,61.88,,,,,0.0,0.0
276459,Deadman Creek,MT,46.79,-110.68,1966.0,20170706,45.68,80.42,60.62,,,,,0.0,0.0
276460,Deadman Creek,MT,46.79,-110.68,1966.0,20170707,43.88,83.48,61.7,,,,,0.0,0.0
276461,Deadman Creek,MT,46.79,-110.68,1966.0,20170708,44.96,85.46,65.66,,,,,0.0,0.0
276462,Deadman Creek,MT,46.79,-110.68,1966.0,20170709,46.22,82.94,64.22,,,,,0.0,0.0
276463,Deadman Creek,MT,46.79,-110.68,1966.0,20170710,42.26,75.2,56.3,,,,,0.0,0.0
276464,Deadman Creek,MT,46.79,-110.68,1966.0,20170711,41.36,71.42,56.3,,,,,0.0,0.20078751
276465,Deadman Creek,MT,46.79,-110.68,1966.0,20170712,39.92,75.56,58.1,,,,,0.0,0.09842525
276466,Deadman Creek,MT,46.79,-110.68,1966.0,20170713,44.96,83.48,64.04,,,,,0.0,0.0
276467,Deadman Creek,MT,46.79,-110.68,1966.0,20170714,46.4,81.32,64.58,,,,,0.0,0.0
276468,Deadman Creek,MT,46.79,-110.68,1966.0,20170715,48.92,85.82,67.82,,,,,0.0,0.0
276469,Deadman Creek,MT,46.79,-110.68,1966.0,20170716,44.96,78.8,61.34,,,,,0.0,0.0
276470,Deadman Creek,MT,46.79,-110.68,1966.0,20170717,40.28,73.94,57.38,,,,,0.0,0.0
276471,Deadman Creek,MT,46.79,-110.68,1966.0,20170718,39.92,77.18,58.82,,,,,0.0,0.0
276472,Deadman Creek,MT,46.79,-110.68,1966.0,20170719,44.42,79.16,59.9,,,,,0.0,0.09842525
276473,Deadman Creek,MT,46.79,-110.68,1966.0,20170720,42.8,83.3,62.42,,,,,0.0,0.0
276474,Deadman Creek,MT,46.79,-110.68,1966.0,20170721,37.58,74.48,57.02,,,,,0.0,0.0
276475,Deadman Creek,MT,46.79,-110.68,1966.0,20170722,36.32,76.28,56.66,,,,,0.0,0.0
276476,Deadman Creek,MT,46.79,-110.68,1966.0,20170723,41.0,83.12,61.52,,,,,0.0,0.0
276477,Deadman Creek,MT,46.79,-110.68,1966.0,20170724,42.26,79.16,60.62,,,,,0.0,0.0
276478,Deadman Creek,MT,46.79,-110.68,1966.0,20170725,38.66,73.58,56.66,,,,,0.0,0.0
276479,Deadman Creek,MT,46.79,-110.68,1966.0,20170726,42.08,82.76,60.98,,,,,0.0,0.0
276480,Deadman Creek,MT,46.79,-110.68,1966.0,20170727,47.3,80.06,63.5,,,,,0.0,0.0
276481,Deadman Creek,MT,46.79,-110.68,1966.0,20170728,44.24,81.14,62.06,,,,,0.0,0.0
276482,Deadman Creek,MT,46.79,-110.68,1966.0,20170729,46.22,81.86,61.88,,,,,0.0,0.0
276483,Deadman Creek,MT,46.79,-110.68,1966.0,20170730,42.26,82.94,61.88,,,,,0.0,0.0
276484,Deadman Creek,MT,46.79,-110.68,1966.0,20170731,40.82,82.04,61.52,,,,,0.0,0.0
276485,Deadman Creek,MT,46.79,-110.68,1966.0,20170801,42.62,78.62,59.9,,,,,0.0,0.0
276486,Deadman Creek,MT,46.79,-110.68,1966.0,20170802,39.74,64.04,52.52,,,,,0.0,0.0
276487,Deadman Creek,MT,46.79,-110.68,1966.0,20170803,40.82,73.94,54.68,,,,,0.0,0.0
276488,Deadman Creek,MT,46.79,-110.68,1966.0,20170804,39.02,75.38,57.02,,,,,0.0,0.0
276489,Deadman Creek,MT,46.79,-110.68,1966.0,20170805,35.96,60.8,49.82,,,,,0.0,0.0
276490,Deadman Creek,MT,46.79,-110.68,1966.0,20170806,33.08,66.56,49.28,,,,,0.0,0.0
276491,Deadman Creek,MT,46.79,-110.68,1966.0,20170807,34.88,73.4,53.6,,,,,0.0,0.0
276492,Deadman Creek,MT,46.79,-110.68,1966.0,20170808,37.4,70.52,54.5,,,,,0.0,0.0
276493,Deadman Creek,MT,46.79,-110.68,1966.0,20170809,36.14,71.24,48.92,,,,,0.0,0.09842525
276494,Deadman Creek,MT,46.79,-110.68,1966.0,20170810,33.8,72.32,52.52,,,,,0.0,0.0
276495,Deadman Creek,MT,46.79,-110.68,1966.0,20170811,39.2,74.3,54.14,,,,,0.0,0.0
276496,Deadman Creek,MT,46.79,-110.68,1966.0,20170812,38.3,75.56,55.22,,,,,0.0,0.0
276497,Deadman Creek,MT,46.79,-110.68,1966.0,20170813,43.16,73.94,56.12,,,,,0.0,0.0
276498,Deadman Creek,MT,46.79,-110.68,1966.0,20170814,37.94,66.02,50.36,,,,,0.0,0.0
276499,Deadman Creek,MT,46.79,-110.68,1966.0,20170815,34.16,70.88,50.9,,,,,0.0,0.09842525
276500,Deadman Creek,MT,46.79,-110.68,1966.0,20170816,33.62,73.04,52.34,,,,,0.0,0.0
276501,Deadman Creek,MT,46.79,-110.68,1966.0,20170817,35.78,73.58,52.7,,,,,0.0,0.0
276502,Deadman Creek,MT,46.79,-110.68,1966.0,20170818,35.06,75.56,55.22,,,,,0.0,0.0
276503,Deadman Creek,MT,46.79,-110.68,1966.0,20170819,39.02,75.92,57.74,,,,,0.0,0.0
276504,Deadman Creek,MT,46.79,-110.68,1966.0,20170820,34.7,68.72,50.54,,,,,0.0,0.09842525
276505,Deadman Creek,MT,46.79,-110.68,1966.0,20170821,34.7,71.78,51.98,,,,,0.0,0.0
276506,Deadman Creek,MT,46.79,-110.68,1966.0,20170822,35.78,78.44,55.76,,,,,0.0,0.0
276507,Deadman Creek,MT,46.79,-110.68,1966.0,20170823,38.12,80.78,59.36,,,,,0.0,0.0
276508,Deadman Creek,MT,46.79,-110.68,1966.0,20170824,42.62,75.92,55.76,,,,,0.0,0.0
276509,Deadman Creek,MT,46.79,-110.68,1966.0,20170825,38.48,73.58,54.86,,,,,0.0,0.09842525
276510,Deadman Creek,MT,46.79,-110.68,1966.0,20170826,35.06,75.56,53.6,,,,,0.0,0.0
276511,Deadman Creek,MT,46.79,-110.68,1966.0,20170827,35.06,81.68,55.58,,,,,0.0,0.0
276512,Deadman Creek,MT,46.79,-110.68,1966.0,20170828,37.94,82.04,58.46,,,,,0.0,0.0
276513,Deadman Creek,MT,46.79,-110.68,1966.0,20170829,45.14,78.98,59.9,,,,,0.0,0.0
276514,Deadman Creek,MT,46.79,-110.68,1966.0,20170830,43.52,81.68,61.52,,,,,0.0,0.0
276515,Deadman Creek,MT,46.79,-110.68,1966.0,20170831,43.16,77.36,59.72,,,,,0.0,0.0
276516,Deadman Creek,MT,46.79,-110.68,1966.0,20170901,36.5,72.32,53.96,,,,,0.0,0.0
276517,Deadman Creek,MT,46.79,-110.68,1966.0,20170902,38.84,80.6,58.64,,,,,0.0,0.0
276518,Deadman Creek,MT,46.79,-110.68,1966.0,20170903,45.14,81.68,62.96,,,,,0.0,0.0
276519,Deadman Creek,MT,46.79,-110.68,1966.0,20170904,35.06,68.36,51.26,,,,,0.0,0.0
276520,Deadman Creek,MT,46.79,-110.68,1966.0,20170905,30.2,71.96,48.74,,,,,0.0,0.0
276521,Deadman Creek,MT,46.79,-110.68,1966.0,20170906,33.62,78.8,52.7,,,,,0.0,0.0
276522,Deadman Creek,MT,46.79,-110.68,1966.0,20170907,32.9,80.96,54.5,,,,,0.0,0.0
276523,Deadman Creek,MT,46.79,-110.68,1966.0,20170908,36.68,80.06,56.48,,,,,0.0,0.0
276524,Deadman Creek,MT,46.79,-110.68,1966.0,20170909,41.18,79.16,58.46,,,,,0.0,0.0
276525,Deadman Creek,MT,46.79,-110.68,1966.0,20170910,40.46,73.76,55.04,,,,,0.0,0.0
276526,Deadman Creek,MT,46.79,-110.68,1966.0,20170911,36.68,77.18,53.42,,,,,0.0,0.0
276527,Deadman Creek,MT,46.79,-110.68,1966.0,20170912,33.8,78.98,55.04,,,,,0.0,0.0
276528,Deadman Creek,MT,46.79,-110.68,1966.0,20170913,44.42,71.06,55.04,,,,,0.0,0.40157502
276529,Deadman Creek,MT,46.79,-110.68,1966.0,20170914,35.78,44.42,39.74,,,,,0.0,0.09842525
276530,Deadman Creek,MT,46.79,-110.68,1966.0,20170915,32.9,37.04,34.88,,,,,0.0,0.40157502
276531,Deadman Creek,MT,46.79,-110.68,1966.0,20170916,29.3,42.62,34.52,,,,,0.0,0.09842525
276532,Deadman Creek,MT,46.79,-110.68,1966.0,20170917,27.32,53.06,37.04,,,,,0.0,0.09842525
276533,Deadman Creek,MT,46.79,-110.68,1966.0,20170918,32.18,55.4,41.36,,,,,0.0,0.0
276534,Deadman Creek,MT,46.79,-110.68,1966.0,20170919,30.56,48.38,36.5,,,,,0.0,0.0
276535,Deadman Creek,MT,46.79,-110.68,1966.0,20170920,29.48,38.12,34.34,,,,,0.0,0.0
276536,Deadman Creek,MT,46.79,-110.68,1966.0,20170921,30.38,42.26,35.78,,,,,0.0,0.59842552
276537,Daisy Peak,MT,46.67,-110.33,2316.5,20170101,-6.7,15.8,7.16,,,,,12.992133,0.09842525
276538,Daisy Peak,MT,46.67,-110.33,2316.5,20170102,-12.64,1.04,-7.96,,,,,12.992133,0.0
276539,Daisy Peak,MT,46.67,-110.33,2316.5,20170103,-13.18,8.78,-1.48,,,,,12.992133,0.0
276540,Daisy Peak,MT,46.67,-110.33,2316.5,20170104,-8.32,2.12,-3.64,,,,,12.992133,0.0
276541,Daisy Peak,MT,46.67,-110.33,2316.5,20170105,-8.14,8.42,1.04,,,,,12.992133,0.09842525
276542,Daisy Peak,MT,46.67,-110.33,2316.5,20170106,1.76,14.0,8.24,,,,,12.007880499999999,0.09842525
276543,Daisy Peak,MT,46.67,-110.33,2316.5,20170107,10.94,24.26,17.42,,,,,12.992133,0.09842525
276544,Daisy Peak,MT,46.67,-110.33,2316.5,20170108,18.14,29.48,23.36,,,,,15.9842606,0.29921276
276545,Daisy Peak,MT,46.67,-110.33,2316.5,20170109,15.44,33.44,26.96,,,,,19.0157583,0.20078751
276546,Daisy Peak,MT,46.67,-110.33,2316.5,20170110,-11.2,20.66,9.32,,,,,20.000010800000002,0.09842525
276547,Daisy Peak,MT,46.67,-110.33,2316.5,20170111,-9.04,14.0,3.74,,,,,19.0157583,0.0
276548,Daisy Peak,MT,46.67,-110.33,2316.5,20170112,2.12,16.52,9.86,,,,,19.0157583,0.0
276549,Daisy Peak,MT,46.67,-110.33,2316.5,20170113,11.12,21.38,15.98,,,,,17.9921357,0.09842525
276550,Daisy Peak,MT,46.67,-110.33,2316.5,20170114,15.26,24.8,20.12,,,,,17.0078832,0.0
276551,Daisy Peak,MT,46.67,-110.33,2316.5,20170115,19.4,30.56,23.9,,,,,17.0078832,0.0
276552,Daisy Peak,MT,46.67,-110.33,2316.5,20170116,17.6,28.04,23.18,,,,,17.0078832,0.0
276553,Daisy Peak,MT,46.67,-110.33,2316.5,20170117,27.86,41.72,35.06,,,,,15.9842606,0.0
276554,Daisy Peak,MT,46.67,-110.33,2316.5,20170118,32.0,44.96,36.14,,,,,15.9842606,0.0
276555,Daisy Peak,MT,46.67,-110.33,2316.5,20170119,26.78,34.7,30.92,,,,,15.9842606,0.0
276556,Daisy Peak,MT,46.67,-110.33,2316.5,20170120,16.16,29.48,23.9,,,,,15.9842606,0.0
276557,Daisy Peak,MT,46.67,-110.33,2316.5,20170121,16.52,29.48,22.1,,,,,15.9842606,0.0
276558,Daisy Peak,MT,46.67,-110.33,2316.5,20170122,17.78,30.56,22.82,,,,,15.0000081,0.0
276559,Daisy Peak,MT,46.67,-110.33,2316.5,20170123,9.32,22.82,18.14,,,,,15.9842606,0.0
276560,Daisy Peak,MT,46.67,-110.33,2316.5,20170124,8.06,20.84,12.74,,,,,15.9842606,0.0
276561,Daisy Peak,MT,46.67,-110.33,2316.5,20170125,10.04,21.2,14.54,,,,,15.9842606,0.0
276562,Daisy Peak,MT,46.67,-110.33,2316.5,20170126,10.58,20.66,14.36,,,,,15.9842606,0.0
276563,Daisy Peak,MT,46.67,-110.33,2316.5,20170127,12.74,24.8,17.96,,,,,15.9842606,0.0
276564,Daisy Peak,MT,46.67,-110.33,2316.5,20170128,20.3,33.44,26.6,,,,,15.9842606,0.0
276565,Daisy Peak,MT,46.67,-110.33,2316.5,20170129,27.86,39.92,33.44,,,,,15.0000081,0.09842525
276566,Daisy Peak,MT,46.67,-110.33,2316.5,20170130,24.44,32.9,29.12,,,,,15.0000081,0.0
276567,Daisy Peak,MT,46.67,-110.33,2316.5,20170131,2.48,24.26,9.68,,,,,17.0078832,0.09842525
276568,Daisy Peak,MT,46.67,-110.33,2316.5,20170201,-7.6,6.98,-0.58,,,,,17.0078832,0.0
276569,Daisy Peak,MT,46.67,-110.33,2316.5,20170202,-8.32,6.26,-1.12,,,,,17.0078832,0.0
276570,Daisy Peak,MT,46.67,-110.33,2316.5,20170203,3.74,30.02,21.56,,,,,15.9842606,0.20078751
276571,Daisy Peak,MT,46.67,-110.33,2316.5,20170204,24.8,30.2,27.32,,,,,17.9921357,0.09842525
276572,Daisy Peak,MT,46.67,-110.33,2316.5,20170205,26.24,33.08,30.2,,,,,17.9921357,0.0
276573,Daisy Peak,MT,46.67,-110.33,2316.5,20170206,14.54,34.88,25.52,,,,,20.9842633,0.20078751
276574,Daisy Peak,MT,46.67,-110.33,2316.5,20170207,11.3,20.66,14.54,,,,,20.9842633,0.09842525
276575,Daisy Peak,MT,46.67,-110.33,2316.5,20170208,11.3,28.4,20.12,,,,,20.9842633,0.09842525
276576,Daisy Peak,MT,46.67,-110.33,2316.5,20170209,28.58,41.54,36.14,,,,,20.9842633,0.09842525
276577,Daisy Peak,MT,46.67,-110.33,2316.5,20170210,23.36,35.96,29.3,,,,,22.992138399999998,0.09842525
276578,Daisy Peak,MT,46.67,-110.33,2316.5,20170211,15.98,23.72,19.4,,,,,22.992138399999998,0.0
276579,Daisy Peak,MT,46.67,-110.33,2316.5,20170212,15.8,33.44,24.08,,,,,22.007885899999998,0.0
276580,Daisy Peak,MT,46.67,-110.33,2316.5,20170213,24.62,37.94,30.2,,,,,22.007885899999998,0.0
276581,Daisy Peak,MT,46.67,-110.33,2316.5,20170214,28.76,49.1,37.58,,,,,20.9842633,0.0
276582,Daisy Peak,MT,46.67,-110.33,2316.5,20170215,35.06,49.28,41.18,,,,,20.000010800000002,0.0
276583,Daisy Peak,MT,46.67,-110.33,2316.5,20170216,30.38,47.12,38.66,,,,,20.000010800000002,0.0
276584,Daisy Peak,MT,46.67,-110.33,2316.5,20170217,26.24,37.22,30.38,,,,,20.9842633,0.09842525
276585,Daisy Peak,MT,46.67,-110.33,2316.5,20170218,29.84,43.88,35.24,,,,,20.9842633,0.0
276586,Daisy Peak,MT,46.67,-110.33,2316.5,20170219,25.34,36.68,31.64,,,,,20.9842633,0.0
276587,Daisy Peak,MT,46.67,-110.33,2316.5,20170220,23.72,37.4,30.02,,,,,20.9842633,0.09842525
276588,Daisy Peak,MT,46.67,-110.33,2316.5,20170221,25.34,37.58,32.18,,,,,22.007885899999998,0.09842525
276589,Daisy Peak,MT,46.67,-110.33,2316.5,20170222,17.96,27.86,23.18,,,,,24.015760999999998,0.20078751
276590,Daisy Peak,MT,46.67,-110.33,2316.5,20170223,11.84,19.4,15.98,,,,,25.984266,0.20078751
276591,Daisy Peak,MT,46.67,-110.33,2316.5,20170224,9.86,22.28,14.54,,,,,27.9921411,0.09842525
276592,Daisy Peak,MT,46.67,-110.33,2316.5,20170225,8.24,15.44,11.12,,,,,27.0078886,0.0
276593,Daisy Peak,MT,46.67,-110.33,2316.5,20170226,11.12,20.3,14.9,,,,,32.0078913,0.29921276
276594,Daisy Peak,MT,46.67,-110.33,2316.5,20170227,8.6,22.64,14.36,,,,,32.0078913,0.09842525
276595,Daisy Peak,MT,46.67,-110.33,2316.5,20170228,7.88,20.84,13.46,,,,,30.984268699999998,0.09842525
276596,Daisy Peak,MT,46.67,-110.33,2316.5,20170301,8.24,24.62,17.6,,,,,32.0078913,0.20078751
276597,Daisy Peak,MT,46.67,-110.33,2316.5,20170302,20.12,29.84,23.72,,,,,30.0000162,0.09842525
276598,Daisy Peak,MT,46.67,-110.33,2316.5,20170303,23.36,39.02,29.66,,,,,29.015763699999997,0.0
276599,Daisy Peak,MT,46.67,-110.33,2316.5,20170304,28.76,39.74,32.18,,,,,27.9921411,0.0
276600,Daisy Peak,MT,46.67,-110.33,2316.5,20170305,19.94,40.64,29.12,,,,,27.9921411,0.0
276601,Daisy Peak,MT,46.67,-110.33,2316.5,20170306,13.28,26.24,17.42,,,,,25.984266,0.0
276602,Daisy Peak,MT,46.67,-110.33,2316.5,20170307,11.3,23.18,17.24,,,,,25.0000135,0.09842525
276603,Daisy Peak,MT,46.67,-110.33,2316.5,20170308,15.98,30.2,23.9,,,,,34.0157664,0.40157502
276604,Daisy Peak,MT,46.67,-110.33,2316.5,20170309,7.7,22.28,16.16,,,,,39.0157691,0.50000027
276605,Daisy Peak,MT,46.67,-110.33,2316.5,20170310,20.3,38.12,32.54,,,,,35.9842714,0.09842525
276606,Daisy Peak,MT,46.67,-110.33,2316.5,20170311,26.06,41.9,32.54,,,,,35.0000189,0.0
276607,Daisy Peak,MT,46.67,-110.33,2316.5,20170312,25.52,37.22,30.2,,,,,34.0157664,0.0
276608,Daisy Peak,MT,46.67,-110.33,2316.5,20170313,26.42,42.8,33.8,,,,,32.9921438,0.0
276609,Daisy Peak,MT,46.67,-110.33,2316.5,20170314,33.08,43.34,37.76,,,,,30.984268699999998,0.09842525
276610,Daisy Peak,MT,46.67,-110.33,2316.5,20170315,37.94,54.86,43.52,,,,,29.015763699999997,0.0
276611,Daisy Peak,MT,46.67,-110.33,2316.5,20170316,24.62,41.54,34.52,,,,,29.015763699999997,0.0
276612,Daisy Peak,MT,46.67,-110.33,2316.5,20170317,23.54,45.68,33.08,,,,,29.015763699999997,0.0
276613,Daisy Peak,MT,46.67,-110.33,2316.5,20170318,35.78,57.92,45.5,,,,,27.9921411,0.0
276614,Daisy Peak,MT,46.67,-110.33,2316.5,20170319,30.02,47.3,37.04,,,,,27.0078886,0.0
276615,Daisy Peak,MT,46.67,-110.33,2316.5,20170320,22.28,36.32,27.14,,,,,25.984266,0.09842525
276616,Daisy Peak,MT,46.67,-110.33,2316.5,20170321,21.74,39.02,28.94,,,,,25.0000135,0.0
276617,Daisy Peak,MT,46.67,-110.33,2316.5,20170322,33.08,50.54,38.84,,,,,27.0078886,0.0
276618,Daisy Peak,MT,46.67,-110.33,2316.5,20170323,27.32,46.4,35.78,,,,,27.0078886,0.0
276619,Daisy Peak,MT,46.67,-110.33,2316.5,20170324,26.24,52.34,38.12,,,,,27.0078886,0.0
276620,Daisy Peak,MT,46.67,-110.33,2316.5,20170325,27.5,45.32,32.9,,,,,27.0078886,0.0
276621,Daisy Peak,MT,46.67,-110.33,2316.5,20170326,25.52,45.32,33.62,,,,,25.984266,0.0
276622,Daisy Peak,MT,46.67,-110.33,2316.5,20170327,29.12,42.98,33.62,,,,,27.0078886,0.09842525
276623,Daisy Peak,MT,46.67,-110.33,2316.5,20170328,23.36,41.36,31.1,,,,,27.0078886,0.0
276624,Daisy Peak,MT,46.67,-110.33,2316.5,20170329,28.58,42.98,34.52,,,,,27.0078886,0.0
276625,Daisy Peak,MT,46.67,-110.33,2316.5,20170330,33.08,44.6,35.42,,,,,25.984266,0.0
276626,Daisy Peak,MT,46.67,-110.33,2316.5,20170331,29.84,43.52,33.98,,,,,25.984266,0.09842525
276627,Daisy Peak,MT,46.67,-110.33,2316.5,20170401,29.66,45.68,37.4,,,,,25.984266,0.0
276628,Daisy Peak,MT,46.67,-110.33,2316.5,20170402,21.2,43.34,32.9,,,,,25.984266,0.0
276629,Daisy Peak,MT,46.67,-110.33,2316.5,20170403,17.96,33.26,23.36,,,,,27.9921411,0.20078751
276630,Daisy Peak,MT,46.67,-110.33,2316.5,20170404,20.12,38.3,26.96,,,,,30.0000162,0.20078751
276631,Daisy Peak,MT,46.67,-110.33,2316.5,20170405,24.08,46.04,34.7,,,,,27.9921411,0.0
276632,Daisy Peak,MT,46.67,-110.33,2316.5,20170406,32.9,55.58,43.52,,,,,25.984266,0.0
276633,Daisy Peak,MT,46.67,-110.33,2316.5,20170407,30.74,50.18,39.74,,,,,25.984266,0.0
276634,Daisy Peak,MT,46.67,-110.33,2316.5,20170408,29.48,45.5,33.98,,,,,27.9921411,0.20078751
276635,Daisy Peak,MT,46.67,-110.33,2316.5,20170409,19.76,29.48,25.7,,,,,32.0078913,0.40157502
276636,Daisy Peak,MT,46.67,-110.33,2316.5,20170410,19.4,37.76,26.78,,,,,30.984268699999998,0.09842525
276637,Daisy Peak,MT,46.67,-110.33,2316.5,20170411,20.84,42.26,29.84,,,,,30.984268699999998,0.0
276638,Daisy Peak,MT,46.67,-110.33,2316.5,20170412,26.78,46.4,35.78,,,,,29.015763699999997,0.09842525
276639,Daisy Peak,MT,46.67,-110.33,2316.5,20170413,32.18,59.36,44.78,,,,,27.0078886,0.09842525
276640,Daisy Peak,MT,46.67,-110.33,2316.5,20170414,24.62,42.26,31.46,,,,,30.0000162,0.09842525
276641,Daisy Peak,MT,46.67,-110.33,2316.5,20170415,21.2,35.96,26.78,,,,,29.015763699999997,0.0
276642,Daisy Peak,MT,46.67,-110.33,2316.5,20170416,21.2,45.32,31.28,,,,,27.9921411,0.0
276643,Daisy Peak,MT,46.67,-110.33,2316.5,20170417,26.96,40.28,34.52,,,,,27.9921411,0.0
276644,Daisy Peak,MT,46.67,-110.33,2316.5,20170418,31.46,52.52,39.2,,,,,27.9921411,0.09842525
276645,Daisy Peak,MT,46.67,-110.33,2316.5,20170419,28.4,47.66,35.6,,,,,27.9921411,0.09842525
276646,Daisy Peak,MT,46.67,-110.33,2316.5,20170420,32.0,52.7,39.74,,,,,25.984266,0.0
276647,Daisy Peak,MT,46.67,-110.33,2316.5,20170421,28.04,36.5,31.82,,,,,32.9921438,0.70078778
276648,Daisy Peak,MT,46.67,-110.33,2316.5,20170422,26.6,47.84,36.14,,,,,30.984268699999998,0.0
276649,Daisy Peak,MT,46.67,-110.33,2316.5,20170423,31.46,48.92,37.94,,,,,29.015763699999997,0.09842525
276650,Daisy Peak,MT,46.67,-110.33,2316.5,20170424,31.1,44.6,34.34,,,,,30.0000162,0.20078751
276651,Daisy Peak,MT,46.67,-110.33,2316.5,20170425,28.04,38.48,32.54,,,,,30.984268699999998,0.20078751
276652,Daisy Peak,MT,46.67,-110.33,2316.5,20170426,26.42,41.0,31.82,,,,,32.0078913,0.20078751
276653,Daisy Peak,MT,46.67,-110.33,2316.5,20170427,27.14,36.5,30.2,,,,,32.9921438,0.09842525
276654,Daisy Peak,MT,46.67,-110.33,2316.5,20170428,24.98,38.84,30.2,,,,,32.0078913,0.09842525
276655,Daisy Peak,MT,46.67,-110.33,2316.5,20170429,24.44,45.32,32.72,,,,,30.984268699999998,0.0
276656,Daisy Peak,MT,46.67,-110.33,2316.5,20170430,29.3,43.16,34.16,,,,,32.0078913,0.09842525
276657,Daisy Peak,MT,46.67,-110.33,2316.5,20170501,28.04,43.16,32.72,,,,,32.0078913,0.20078751
276658,Daisy Peak,MT,46.67,-110.33,2316.5,20170502,27.32,39.92,32.36,,,,,32.9921438,0.09842525
276659,Daisy Peak,MT,46.67,-110.33,2316.5,20170503,26.24,54.68,40.1,,,,,32.0078913,0.0
276660,Daisy Peak,MT,46.67,-110.33,2316.5,20170504,39.38,67.82,51.8,,,,,29.015763699999997,0.0
276661,Daisy Peak,MT,46.67,-110.33,2316.5,20170505,47.12,71.6,57.38,,,,,27.0078886,0.0
276662,Daisy Peak,MT,46.67,-110.33,2316.5,20170506,45.32,70.16,55.4,,,,,25.0000135,0.0
276663,Daisy Peak,MT,46.67,-110.33,2316.5,20170507,30.56,57.02,44.24,,,,,22.992138399999998,1.00000054
276664,Daisy Peak,MT,46.67,-110.33,2316.5,20170508,27.14,53.06,38.12,,,,,22.007885899999998,0.0
276665,Daisy Peak,MT,46.67,-110.33,2316.5,20170509,33.26,52.88,41.72,,,,,22.007885899999998,0.0
276666,Daisy Peak,MT,46.67,-110.33,2316.5,20170510,36.14,61.16,47.48,,,,,19.0157583,0.0
276667,Daisy Peak,MT,46.67,-110.33,2316.5,20170511,41.54,70.16,53.6,,,,,17.0078832,0.09842525
276668,Daisy Peak,MT,46.67,-110.33,2316.5,20170512,34.7,67.82,53.6,,,,,15.0000081,0.0
276669,Daisy Peak,MT,46.67,-110.33,2316.5,20170513,26.06,42.98,32.9,,,,,15.0000081,0.09842525
276670,Daisy Peak,MT,46.67,-110.33,2316.5,20170514,25.34,45.14,34.16,,,,,15.0000081,0.0
276671,Daisy Peak,MT,46.67,-110.33,2316.5,20170515,30.56,42.44,35.06,,,,,15.0000081,0.20078751
276672,Daisy Peak,MT,46.67,-110.33,2316.5,20170516,29.66,50.18,38.3,,,,,14.015755599999999,0.09842525
276673,Daisy Peak,MT,46.67,-110.33,2316.5,20170517,32.9,36.5,34.88,,,,,22.992138399999998,1.40157556
276674,Daisy Peak,MT,46.67,-110.33,2316.5,20170518,29.12,43.52,34.7,,,,,20.000010800000002,0.0
276675,Daisy Peak,MT,46.67,-110.33,2316.5,20170519,27.32,50.36,36.32,,,,,19.0157583,0.0
276676,Daisy Peak,MT,46.67,-110.33,2316.5,20170520,34.34,49.28,39.74,,,,,17.9921357,0.09842525
276677,Daisy Peak,MT,46.67,-110.33,2316.5,20170521,35.78,55.76,43.88,,,,,17.0078832,0.0
276678,Daisy Peak,MT,46.67,-110.33,2316.5,20170522,39.38,53.96,43.88,,,,,14.015755599999999,0.0
276679,Daisy Peak,MT,46.67,-110.33,2316.5,20170523,37.4,64.58,51.8,,,,,10.9842579,0.0
276680,Daisy Peak,MT,46.67,-110.33,2316.5,20170524,32.36,55.04,46.4,,,,,9.0157529,0.0
276681,Daisy Peak,MT,46.67,-110.33,2316.5,20170525,30.38,43.7,34.88,,,,,9.0157529,0.0
276682,Daisy Peak,MT,46.67,-110.33,2316.5,20170526,32.0,51.8,39.74,,,,,7.9921303,0.0
276683,Daisy Peak,MT,46.67,-110.33,2316.5,20170527,36.14,60.26,47.12,,,,,5.0000027000000005,0.0
276684,Daisy Peak,MT,46.67,-110.33,2316.5,20170528,39.92,58.82,48.74,,,,,0.0,0.0
276685,Daisy Peak,MT,46.67,-110.33,2316.5,20170529,39.38,61.88,49.1,,,,,0.0,0.0
276686,Daisy Peak,MT,46.67,-110.33,2316.5,20170530,41.9,62.96,51.44,,,,,0.0,0.0
276687,Daisy Peak,MT,46.67,-110.33,2316.5,20170531,46.04,69.62,56.66,,,,,0.0,0.0
276688,Daisy Peak,MT,46.67,-110.33,2316.5,20170601,45.32,69.62,56.66,,,,,0.0,0.0
276689,Daisy Peak,MT,46.67,-110.33,2316.5,20170602,41.54,61.34,50.0,,,,,0.0,0.0
276690,Daisy Peak,MT,46.67,-110.33,2316.5,20170603,41.54,68.0,55.4,,,,,0.0,0.0
276691,Daisy Peak,MT,46.67,-110.33,2316.5,20170604,49.1,76.1,60.26,,,,,0.0,0.0
276692,Daisy Peak,MT,46.67,-110.33,2316.5,20170605,38.48,60.62,48.02,,,,,0.0,0.0
276693,Daisy Peak,MT,46.67,-110.33,2316.5,20170606,37.76,60.98,48.74,,,,,0.0,0.0
276694,Daisy Peak,MT,46.67,-110.33,2316.5,20170607,44.24,70.52,56.84,,,,,0.0,0.0
276695,Daisy Peak,MT,46.67,-110.33,2316.5,20170608,51.44,73.76,62.06,,,,,0.0,0.0
276696,Daisy Peak,MT,46.67,-110.33,2316.5,20170609,35.42,60.26,45.68,,,,,0.0,0.09842525
276697,Daisy Peak,MT,46.67,-110.33,2316.5,20170610,32.36,52.88,39.38,,,,,0.0,0.09842525
276698,Daisy Peak,MT,46.67,-110.33,2316.5,20170611,30.92,58.28,43.34,,,,,0.0,0.0
276699,Daisy Peak,MT,46.67,-110.33,2316.5,20170612,42.08,63.86,49.28,,,,,0.9842525,1.00000054
276700,Daisy Peak,MT,46.67,-110.33,2316.5,20170613,33.26,42.26,38.12,,,,,0.0,0.50000027
276701,Daisy Peak,MT,46.67,-110.33,2316.5,20170614,35.42,53.42,43.34,,,,,0.0,0.0
276702,Daisy Peak,MT,46.67,-110.33,2316.5,20170615,38.12,54.14,45.86,,,,,0.0,0.20078751
276703,Daisy Peak,MT,46.67,-110.33,2316.5,20170616,39.74,54.32,46.04,,,,,0.0,0.20078751
276704,Daisy Peak,MT,46.67,-110.33,2316.5,20170617,37.04,54.86,44.42,,,,,0.0,0.0
276705,Daisy Peak,MT,46.67,-110.33,2316.5,20170618,41.54,55.58,46.4,,,,,0.0,0.0
276706,Daisy Peak,MT,46.67,-110.33,2316.5,20170619,41.54,66.92,53.06,,,,,0.0,0.0
276707,Daisy Peak,MT,46.67,-110.33,2316.5,20170620,49.46,71.78,59.18,,,,,0.0,0.0
276708,Daisy Peak,MT,46.67,-110.33,2316.5,20170621,44.42,68.36,55.04,,,,,0.0,0.0
276709,Daisy Peak,MT,46.67,-110.33,2316.5,20170622,36.14,54.32,44.24,,,,,0.0,0.0
276710,Daisy Peak,MT,46.67,-110.33,2316.5,20170623,35.06,55.04,43.7,,,,,0.0,0.0
276711,Daisy Peak,MT,46.67,-110.33,2316.5,20170624,38.84,58.28,47.48,,,,,0.0,0.0
276712,Daisy Peak,MT,46.67,-110.33,2316.5,20170625,40.46,66.92,53.96,,,,,0.0,0.0
276713,Daisy Peak,MT,46.67,-110.33,2316.5,20170626,48.38,77.0,62.42,,,,,0.0,0.0
276714,Daisy Peak,MT,46.67,-110.33,2316.5,20170627,43.88,61.16,52.16,,,,,0.0,0.09842525
276715,Daisy Peak,MT,46.67,-110.33,2316.5,20170628,43.34,62.06,50.72,,,,,0.0,0.0
276716,Daisy Peak,MT,46.67,-110.33,2316.5,20170629,39.74,56.12,46.22,,,,,0.0,0.0
276717,Daisy Peak,MT,46.67,-110.33,2316.5,20170630,41.36,64.76,51.98,,,,,0.0,0.0
276718,Daisy Peak,MT,46.67,-110.33,2316.5,20170701,48.74,75.38,61.34,,,,,0.0,0.0
276719,Daisy Peak,MT,46.67,-110.33,2316.5,20170702,52.16,76.64,61.16,,,,,0.0,0.0
276720,Daisy Peak,MT,46.67,-110.33,2316.5,20170703,53.96,77.9,64.76,,,,,0.0,0.0
276721,Daisy Peak,MT,46.67,-110.33,2316.5,20170704,51.8,75.38,63.32,,,,,0.0,0.0
276722,Daisy Peak,MT,46.67,-110.33,2316.5,20170705,53.6,82.22,65.84,,,,,0.0,0.0
276723,Daisy Peak,MT,46.67,-110.33,2316.5,20170706,54.14,78.44,62.6,,,,,0.0,0.09842525
276724,Daisy Peak,MT,46.67,-110.33,2316.5,20170707,57.02,79.52,65.12,,,,,0.0,0.0
276725,Daisy Peak,MT,46.67,-110.33,2316.5,20170708,57.74,82.04,68.18,,,,,0.0,0.0
276726,Daisy Peak,MT,46.67,-110.33,2316.5,20170709,55.94,81.86,65.84,,,,,0.0,0.0
276727,Daisy Peak,MT,46.67,-110.33,2316.5,20170710,51.26,74.66,59.72,,,,,0.0,0.09842525
276728,Daisy Peak,MT,46.67,-110.33,2316.5,20170711,46.04,70.34,56.48,,,,,0.0,0.0
276729,Daisy Peak,MT,46.67,-110.33,2316.5,20170712,46.4,72.86,58.46,,,,,0.0,0.0
276730,Daisy Peak,MT,46.67,-110.33,2316.5,20170713,53.96,81.68,67.28,,,,,0.0,0.0
276731,Daisy Peak,MT,46.67,-110.33,2316.5,20170714,52.88,80.6,67.46,,,,,0.0,0.0
276732,Daisy Peak,MT,46.67,-110.33,2316.5,20170715,58.64,81.5,67.46,,,,,0.0,0.0
276733,Daisy Peak,MT,46.67,-110.33,2316.5,20170716,55.4,78.62,65.66,,,,,0.0,0.0
276734,Daisy Peak,MT,46.67,-110.33,2316.5,20170717,49.46,71.06,58.1,,,,,0.0,0.0
276735,Daisy Peak,MT,46.67,-110.33,2316.5,20170718,47.66,75.56,60.8,,,,,0.0,0.0
276736,Daisy Peak,MT,46.67,-110.33,2316.5,20170719,51.62,77.0,63.5,,,,,0.0,0.0
276737,Daisy Peak,MT,46.67,-110.33,2316.5,20170720,56.3,82.22,66.92,,,,,0.0,0.0
276738,Daisy Peak,MT,46.67,-110.33,2316.5,20170721,50.54,72.32,60.08,,,,,0.0,0.0
276739,Daisy Peak,MT,46.67,-110.33,2316.5,20170722,50.0,76.1,61.16,,,,,0.0,0.0
276740,Daisy Peak,MT,46.67,-110.33,2316.5,20170723,53.6,83.66,67.1,,,,,0.0,0.0
276741,Daisy Peak,MT,46.67,-110.33,2316.5,20170724,54.5,78.62,65.12,,,,,0.0,0.0
276742,Daisy Peak,MT,46.67,-110.33,2316.5,20170725,44.42,68.18,56.3,,,,,0.0,0.0
276743,Daisy Peak,MT,46.67,-110.33,2316.5,20170726,51.8,79.88,62.06,,,,,0.0,0.0
276744,Daisy Peak,MT,46.67,-110.33,2316.5,20170727,55.22,74.66,62.06,,,,,0.0,0.0
276745,Daisy Peak,MT,46.67,-110.33,2316.5,20170728,56.48,76.82,64.4,,,,,0.0,0.0
276746,Daisy Peak,MT,46.67,-110.33,2316.5,20170729,55.76,76.46,63.68,,,,,0.0,0.0
276747,Daisy Peak,MT,46.67,-110.33,2316.5,20170730,57.92,81.32,68.36,,,,,0.0,0.0
276748,Daisy Peak,MT,46.67,-110.33,2316.5,20170731,57.02,80.96,65.66,,,,,0.0,0.0
276749,Daisy Peak,MT,46.67,-110.33,2316.5,20170801,54.32,76.64,62.06,,,,,0.0,0.0
276750,Daisy Peak,MT,46.67,-110.33,2316.5,20170802,44.42,59.18,49.82,,,,,0.0,0.09842525
276751,Daisy Peak,MT,46.67,-110.33,2316.5,20170803,43.88,67.64,53.24,,,,,0.0,0.0
276752,Daisy Peak,MT,46.67,-110.33,2316.5,20170804,44.78,73.4,57.56,,,,,0.0,0.0
276753,Daisy Peak,MT,46.67,-110.33,2316.5,20170805,41.18,55.4,46.76,,,,,0.0,0.0
276754,Daisy Peak,MT,46.67,-110.33,2316.5,20170806,41.0,63.32,49.46,,,,,0.0,0.0
276755,Daisy Peak,MT,46.67,-110.33,2316.5,20170807,43.52,71.42,55.4,,,,,0.0,0.0
276756,Daisy Peak,MT,46.67,-110.33,2316.5,20170808,45.68,65.84,54.68,,,,,0.0,0.0
276757,Daisy Peak,MT,46.67,-110.33,2316.5,20170809,43.16,67.46,51.98,,,,,0.0,0.0
276758,Daisy Peak,MT,46.67,-110.33,2316.5,20170810,43.88,69.44,55.22,,,,,0.0,0.0
276759,Daisy Peak,MT,46.67,-110.33,2316.5,20170811,46.22,68.72,54.68,,,,,0.0,0.09842525
276760,Daisy Peak,MT,46.67,-110.33,2316.5,20170812,47.48,69.62,57.38,,,,,0.0,0.0
276761,Daisy Peak,MT,46.67,-110.33,2316.5,20170813,45.5,70.34,55.76,,,,,0.0,0.0
276762,Daisy Peak,MT,46.67,-110.33,2316.5,20170814,44.78,64.76,51.62,,,,,0.0,0.0
276763,Daisy Peak,MT,46.67,-110.33,2316.5,20170815,44.42,70.16,55.04,,,,,0.0,0.0
276764,Daisy Peak,MT,46.67,-110.33,2316.5,20170816,48.2,70.7,58.1,,,,,0.0,0.0
276765,Daisy Peak,MT,46.67,-110.33,2316.5,20170817,49.64,69.8,57.74,,,,,0.0,0.0
276766,Daisy Peak,MT,46.67,-110.33,2316.5,20170818,49.46,74.66,60.62,,,,,0.0,0.0
276767,Daisy Peak,MT,46.67,-110.33,2316.5,20170819,47.66,71.6,57.92,,,,,0.0,0.0
276768,Daisy Peak,MT,46.67,-110.33,2316.5,20170820,42.44,66.2,53.24,,,,,0.0,0.0
276769,Daisy Peak,MT,46.67,-110.33,2316.5,20170821,46.4,68.9,54.68,,,,,0.0,0.0
276770,Daisy Peak,MT,46.67,-110.33,2316.5,20170822,49.1,76.46,61.7,,,,,0.0,0.0
276771,Daisy Peak,MT,46.67,-110.33,2316.5,20170823,55.04,80.24,64.94,,,,,0.0,0.0
276772,Daisy Peak,MT,46.67,-110.33,2316.5,20170824,49.1,74.84,58.82,,,,,0.0,0.20078751
276773,Daisy Peak,MT,46.67,-110.33,2316.5,20170825,48.02,72.32,57.56,,,,,0.0,0.0
276774,Daisy Peak,MT,46.67,-110.33,2316.5,20170826,49.82,73.76,58.82,,,,,0.0,0.0
276775,Daisy Peak,MT,46.67,-110.33,2316.5,20170827,51.26,78.98,63.32,,,,,0.0,0.0
276776,Daisy Peak,MT,46.67,-110.33,2316.5,20170828,58.46,79.7,65.84,,,,,0.0,0.0
276777,Daisy Peak,MT,46.67,-110.33,2316.5,20170829,59.36,78.62,65.66,,,,,0.0,0.0
276778,Daisy Peak,MT,46.67,-110.33,2316.5,20170830,57.2,81.32,66.2,,,,,0.0,0.0
276779,Daisy Peak,MT,46.67,-110.33,2316.5,20170831,52.16,76.28,63.14,,,,,0.0,0.0
276780,Daisy Peak,MT,46.67,-110.33,2316.5,20170901,47.48,70.34,58.46,,,,,0.0,0.0
276781,Daisy Peak,MT,46.67,-110.33,2316.5,20170902,53.6,78.44,65.3,,,,,0.0,0.0
276782,Daisy Peak,MT,46.67,-110.33,2316.5,20170903,50.0,80.78,65.48,,,,,0.0,0.0
276783,Daisy Peak,MT,46.67,-110.33,2316.5,20170904,41.9,59.36,48.02,,,,,0.0,0.0
276784,Daisy Peak,MT,46.67,-110.33,2316.5,20170905,37.4,66.74,51.26,,,,,0.0,0.0
276785,Daisy Peak,MT,46.67,-110.33,2316.5,20170906,47.48,74.12,58.82,,,,,0.0,0.0
276786,Daisy Peak,MT,46.67,-110.33,2316.5,20170907,50.72,76.28,60.98,,,,,0.0,0.0
276787,Daisy Peak,MT,46.67,-110.33,2316.5,20170908,52.34,77.0,63.14,,,,,0.0,0.0
276788,Daisy Peak,MT,46.67,-110.33,2316.5,20170909,57.02,77.72,63.5,,,,,0.0,0.0
276789,Daisy Peak,MT,46.67,-110.33,2316.5,20170910,53.06,70.52,59.9,,,,,0.0,0.0
276790,Daisy Peak,MT,46.67,-110.33,2316.5,20170911,50.0,75.38,60.62,,,,,0.0,0.0
276791,Daisy Peak,MT,46.67,-110.33,2316.5,20170912,55.04,76.1,62.96,,,,,0.0,0.0
276792,Daisy Peak,MT,46.67,-110.33,2316.5,20170913,41.54,67.28,55.04,,,,,0.0,0.09842525
276793,Daisy Peak,MT,46.67,-110.33,2316.5,20170914,33.08,41.9,36.68,,,,,0.9842525,1.00000054
276794,Daisy Peak,MT,46.67,-110.33,2316.5,20170915,28.94,33.62,31.28,,,,,2.9921276000000003,0.59842552
276795,Daisy Peak,MT,46.67,-110.33,2316.5,20170916,28.04,38.3,32.0,,,,,2.9921276000000003,0.29921276
276796,Daisy Peak,MT,46.67,-110.33,2316.5,20170917,29.48,44.24,36.68,,,,,2.9921276000000003,0.0
276797,Daisy Peak,MT,46.67,-110.33,2316.5,20170918,33.62,51.62,41.18,,,,,0.9842525,0.09842525
276798,Daisy Peak,MT,46.67,-110.33,2316.5,20170919,29.12,42.98,33.44,,,,,0.0,0.0
276799,Daisy Peak,MT,46.67,-110.33,2316.5,20170920,28.04,39.02,32.18,,,,,2.0078751,0.20078751
276800,Daisy Peak,MT,46.67,-110.33,2316.5,20170921,29.84,38.48,33.08,,,,,2.9921276000000003,0.20078751
276801,Onion Park,MT,46.91,-110.85,2258.6,20170101,-5.98,16.34,5.9,,,,,19.0157583,0.20078751
276802,Onion Park,MT,46.91,-110.85,2258.6,20170102,-15.88,1.76,-8.14,,,,,19.0157583,0.0
276803,Onion Park,MT,46.91,-110.85,2258.6,20170103,-14.62,7.88,-4.0,,,,,17.9921357,0.0
276804,Onion Park,MT,46.91,-110.85,2258.6,20170104,-14.62,-0.4,-5.98,,,,,17.9921357,0.0
276805,Onion Park,MT,46.91,-110.85,2258.6,20170105,-13.36,11.12,-2.92,,,,,17.9921357,0.0
276806,Onion Park,MT,46.91,-110.85,2258.6,20170106,-1.3,14.36,6.62,,,,,17.9921357,0.0
276807,Onion Park,MT,46.91,-110.85,2258.6,20170107,7.34,21.38,14.18,,,,,19.0157583,0.59842552
276808,Onion Park,MT,46.91,-110.85,2258.6,20170108,17.96,28.76,24.26,,,,,22.007885899999998,0.70078778
276809,Onion Park,MT,46.91,-110.85,2258.6,20170109,15.8,33.8,26.78,,,,,22.007885899999998,0.0
276810,Onion Park,MT,46.91,-110.85,2258.6,20170110,-12.64,21.74,8.24,,,,,22.992138399999998,0.0
276811,Onion Park,MT,46.91,-110.85,2258.6,20170111,-7.24,14.36,0.68,,,,,22.007885899999998,0.09842525
276812,Onion Park,MT,46.91,-110.85,2258.6,20170112,-5.62,16.88,7.16,,,,,20.9842633,0.0
276813,Onion Park,MT,46.91,-110.85,2258.6,20170113,5.72,23.9,12.02,,,,,22.007885899999998,0.09842525
276814,Onion Park,MT,46.91,-110.85,2258.6,20170114,9.14,26.06,15.44,,,,,22.007885899999998,0.0
276815,Onion Park,MT,46.91,-110.85,2258.6,20170115,10.04,31.64,17.06,,,,,20.9842633,0.0
276816,Onion Park,MT,46.91,-110.85,2258.6,20170116,9.68,29.12,18.86,,,,,20.9842633,0.0
276817,Onion Park,MT,46.91,-110.85,2258.6,20170117,21.74,39.92,31.46,,,,,20.9842633,0.0
276818,Onion Park,MT,46.91,-110.85,2258.6,20170118,30.92,42.44,34.52,,,,,20.000010800000002,0.0
276819,Onion Park,MT,46.91,-110.85,2258.6,20170119,26.96,33.62,30.38,,,,,20.000010800000002,0.0
276820,Onion Park,MT,46.91,-110.85,2258.6,20170120,13.28,30.92,23.0,,,,,20.000010800000002,0.0
276821,Onion Park,MT,46.91,-110.85,2258.6,20170121,12.56,31.82,20.66,,,,,20.000010800000002,0.0
276822,Onion Park,MT,46.91,-110.85,2258.6,20170122,17.06,30.92,22.28,,,,,20.9842633,0.0
276823,Onion Park,MT,46.91,-110.85,2258.6,20170123,5.36,22.82,16.7,,,,,20.000010800000002,0.0
276824,Onion Park,MT,46.91,-110.85,2258.6,20170124,2.12,19.4,11.12,,,,,20.9842633,0.0
276825,Onion Park,MT,46.91,-110.85,2258.6,20170125,10.4,26.24,14.36,,,,,20.9842633,0.0
276826,Onion Park,MT,46.91,-110.85,2258.6,20170126,8.42,24.08,14.36,,,,,19.0157583,0.0
276827,Onion Park,MT,46.91,-110.85,2258.6,20170127,7.52,28.58,15.62,,,,,20.9842633,0.0
276828,Onion Park,MT,46.91,-110.85,2258.6,20170128,15.62,37.04,25.7,,,,,20.9842633,0.20078751
276829,Onion Park,MT,46.91,-110.85,2258.6,20170129,26.06,42.8,33.44,,,,,20.9842633,0.09842525
276830,Onion Park,MT,46.91,-110.85,2258.6,20170130,23.9,35.96,28.58,,,,,20.9842633,0.0
276831,Onion Park,MT,46.91,-110.85,2258.6,20170131,3.02,24.08,10.4,,,,,22.992138399999998,0.09842525
276832,Onion Park,MT,46.91,-110.85,2258.6,20170201,-10.66,3.2,-2.02,,,,,22.992138399999998,0.0
276833,Onion Park,MT,46.91,-110.85,2258.6,20170202,-16.06,9.86,-5.98,,,,,22.007885899999998,0.0
276834,Onion Park,MT,46.91,-110.85,2258.6,20170203,-4.0,28.94,20.3,,,,,24.015760999999998,0.40157502
276835,Onion Park,MT,46.91,-110.85,2258.6,20170204,24.62,32.0,27.5,,,,,25.984266,0.40157502
276836,Onion Park,MT,46.91,-110.85,2258.6,20170205,27.14,32.18,29.48,,,,,25.0000135,0.09842525
276837,Onion Park,MT,46.91,-110.85,2258.6,20170206,13.64,32.54,24.8,,,,,27.9921411,0.20078751
276838,Onion Park,MT,46.91,-110.85,2258.6,20170207,7.7,22.28,14.9,,,,,27.9921411,0.0
276839,Onion Park,MT,46.91,-110.85,2258.6,20170208,12.92,28.22,20.3,,,,,27.9921411,0.09842525
276840,Onion Park,MT,46.91,-110.85,2258.6,20170209,28.22,38.84,35.06,,,,,27.0078886,0.0
276841,Onion Park,MT,46.91,-110.85,2258.6,20170210,22.46,33.8,29.48,,,,,27.9921411,0.09842525
276842,Onion Park,MT,46.91,-110.85,2258.6,20170211,13.64,24.44,19.4,,,,,27.0078886,0.0
276843,Onion Park,MT,46.91,-110.85,2258.6,20170212,12.92,34.16,22.46,,,,,27.0078886,0.0
276844,Onion Park,MT,46.91,-110.85,2258.6,20170213,17.24,41.54,26.42,,,,,27.0078886,0.09842525
276845,Onion Park,MT,46.91,-110.85,2258.6,20170214,21.56,50.72,32.54,,,,,25.984266,0.09842525
276846,Onion Park,MT,46.91,-110.85,2258.6,20170215,33.8,51.08,39.56,,,,,25.984266,0.40157502
276847,Onion Park,MT,46.91,-110.85,2258.6,20170216,30.02,49.28,37.4,,,,,27.0078886,0.20078751
276848,Onion Park,MT,46.91,-110.85,2258.6,20170217,26.24,38.3,30.38,,,,,27.0078886,0.0
276849,Onion Park,MT,46.91,-110.85,2258.6,20170218,30.2,44.78,35.06,,,,,27.0078886,0.0
276850,Onion Park,MT,46.91,-110.85,2258.6,20170219,25.16,36.14,31.64,,,,,30.0000162,0.29921276
276851,Onion Park,MT,46.91,-110.85,2258.6,20170220,22.1,36.68,28.76,,,,,29.015763699999997,0.20078751
276852,Onion Park,MT,46.91,-110.85,2258.6,20170221,26.24,35.6,30.92,,,,,32.9921438,0.40157502
276853,Onion Park,MT,46.91,-110.85,2258.6,20170222,17.6,30.92,23.36,,,,,37.007894,0.20078751
276854,Onion Park,MT,46.91,-110.85,2258.6,20170223,10.04,21.38,16.52,,,,,35.9842714,0.0
276855,Onion Park,MT,46.91,-110.85,2258.6,20170224,6.26,20.3,12.38,,,,,35.9842714,0.0
276856,Onion Park,MT,46.91,-110.85,2258.6,20170225,6.08,17.96,11.12,,,,,35.9842714,0.09842525
276857,Onion Park,MT,46.91,-110.85,2258.6,20170226,9.14,24.26,14.54,,,,,42.9921492,0.40157502
276858,Onion Park,MT,46.91,-110.85,2258.6,20170227,5.36,26.06,14.18,,,,,40.9842741,0.0
276859,Onion Park,MT,46.91,-110.85,2258.6,20170228,6.98,21.92,14.0,,,,,40.000021600000004,0.0
276860,Onion Park,MT,46.91,-110.85,2258.6,20170301,7.52,25.34,18.14,,,,,37.992146500000004,0.09842525
276861,Onion Park,MT,46.91,-110.85,2258.6,20170302,20.3,30.2,23.9,,,,,37.992146500000004,0.20078751
276862,Onion Park,MT,46.91,-110.85,2258.6,20170303,22.1,41.18,30.2,,,,,37.007894,0.09842525
276863,Onion Park,MT,46.91,-110.85,2258.6,20170304,25.34,42.62,31.46,,,,,37.007894,0.20078751
276864,Onion Park,MT,46.91,-110.85,2258.6,20170305,19.22,34.52,25.88,,,,,37.007894,0.0
276865,Onion Park,MT,46.91,-110.85,2258.6,20170306,6.98,26.78,15.8,,,,,37.007894,0.0
276866,Onion Park,MT,46.91,-110.85,2258.6,20170307,11.12,24.62,17.78,,,,,37.992146500000004,0.0
276867,Onion Park,MT,46.91,-110.85,2258.6,20170308,20.3,30.02,25.7,,,,,39.0157691,0.29921276
276868,Onion Park,MT,46.91,-110.85,2258.6,20170309,17.78,29.48,22.46,,,,,44.015771799999996,0.40157502
276869,Onion Park,MT,46.91,-110.85,2258.6,20170310,25.34,40.1,32.72,,,,,40.9842741,0.09842525
276870,Onion Park,MT,46.91,-110.85,2258.6,20170311,22.1,44.42,32.18,,,,,39.0157691,0.0
276871,Onion Park,MT,46.91,-110.85,2258.6,20170312,25.52,37.04,30.56,,,,,37.992146500000004,0.0
276872,Onion Park,MT,46.91,-110.85,2258.6,20170313,27.14,45.32,34.16,,,,,35.9842714,0.40157502
276873,Onion Park,MT,46.91,-110.85,2258.6,20170314,32.36,41.9,36.68,,,,,37.992146500000004,0.20078751
276874,Onion Park,MT,46.91,-110.85,2258.6,20170315,35.42,52.34,41.36,,,,,35.0000189,0.09842525
276875,Onion Park,MT,46.91,-110.85,2258.6,20170316,23.18,42.44,33.98,,,,,35.0000189,0.09842525
276876,Onion Park,MT,46.91,-110.85,2258.6,20170317,21.38,46.04,34.34,,,,,34.0157664,0.0
276877,Onion Park,MT,46.91,-110.85,2258.6,20170318,37.76,58.46,44.96,,,,,32.0078913,0.0
276878,Onion Park,MT,46.91,-110.85,2258.6,20170319,26.78,46.58,36.32,,,,,32.0078913,0.0
276879,Onion Park,MT,46.91,-110.85,2258.6,20170320,19.58,38.12,28.04,,,,,30.984268699999998,0.0
276880,Onion Park,MT,46.91,-110.85,2258.6,20170321,27.32,51.44,37.4,,,,,30.984268699999998,0.0
276881,Onion Park,MT,46.91,-110.85,2258.6,20170322,30.56,49.82,38.12,,,,,30.0000162,0.0
276882,Onion Park,MT,46.91,-110.85,2258.6,20170323,25.88,47.48,33.62,,,,,30.0000162,0.0
276883,Onion Park,MT,46.91,-110.85,2258.6,20170324,24.98,51.44,37.4,,,,,29.015763699999997,0.0
276884,Onion Park,MT,46.91,-110.85,2258.6,20170325,26.96,44.42,32.54,,,,,29.015763699999997,0.0
276885,Onion Park,MT,46.91,-110.85,2258.6,20170326,24.98,45.68,33.44,,,,,27.9921411,0.09842525
276886,Onion Park,MT,46.91,-110.85,2258.6,20170327,28.76,41.0,33.08,,,,,30.0000162,0.09842525
276887,Onion Park,MT,46.91,-110.85,2258.6,20170328,21.74,41.18,30.02,,,,,29.015763699999997,0.0
276888,Onion Park,MT,46.91,-110.85,2258.6,20170329,28.76,41.54,34.7,,,,,29.015763699999997,0.09842525
276889,Onion Park,MT,46.91,-110.85,2258.6,20170330,31.1,47.84,35.96,,,,,30.984268699999998,0.20078751
276890,Onion Park,MT,46.91,-110.85,2258.6,20170331,28.58,44.78,32.72,,,,,29.015763699999997,0.0
276891,Onion Park,MT,46.91,-110.85,2258.6,20170401,28.4,47.66,36.86,,,,,29.015763699999997,0.0
276892,Onion Park,MT,46.91,-110.85,2258.6,20170402,22.82,44.6,33.08,,,,,29.015763699999997,0.0
276893,Onion Park,MT,46.91,-110.85,2258.6,20170403,20.48,34.16,23.72,,,,,32.0078913,0.20078751
276894,Onion Park,MT,46.91,-110.85,2258.6,20170404,21.02,41.9,27.68,,,,,30.0000162,0.0
276895,Onion Park,MT,46.91,-110.85,2258.6,20170405,21.92,48.92,33.98,,,,,30.0000162,0.09842525
276896,Onion Park,MT,46.91,-110.85,2258.6,20170406,34.7,54.68,43.16,,,,,29.015763699999997,0.20078751
276897,Onion Park,MT,46.91,-110.85,2258.6,20170407,30.92,49.28,39.2,,,,,27.9921411,0.0
276898,Onion Park,MT,46.91,-110.85,2258.6,20170408,28.94,50.54,34.7,,,,,30.984268699999998,0.20078751
276899,Onion Park,MT,46.91,-110.85,2258.6,20170409,19.22,31.1,25.7,,,,,35.0000189,0.20078751
276900,Onion Park,MT,46.91,-110.85,2258.6,20170410,19.4,39.56,26.78,,,,,35.0000189,0.20078751
276901,Onion Park,MT,46.91,-110.85,2258.6,20170411,19.04,43.52,30.02,,,,,32.9921438,0.20078751
276902,Onion Park,MT,46.91,-110.85,2258.6,20170412,28.4,48.74,37.4,,,,,30.984268699999998,0.09842525
276903,Onion Park,MT,46.91,-110.85,2258.6,20170413,31.46,62.06,44.24,,,,,29.015763699999997,0.20078751
276904,Onion Park,MT,46.91,-110.85,2258.6,20170414,25.16,39.92,30.74,,,,,29.015763699999997,0.0
276905,Onion Park,MT,46.91,-110.85,2258.6,20170415,22.1,38.12,27.32,,,,,30.0000162,0.0
276906,Onion Park,MT,46.91,-110.85,2258.6,20170416,18.14,46.58,31.82,,,,,27.9921411,0.0
276907,Onion Park,MT,46.91,-110.85,2258.6,20170417,28.94,41.36,35.06,,,,,29.015763699999997,0.0
276908,Onion Park,MT,46.91,-110.85,2258.6,20170418,29.12,51.62,38.12,,,,,32.0078913,0.29921276
276909,Onion Park,MT,46.91,-110.85,2258.6,20170419,27.86,47.12,34.88,,,,,29.015763699999997,0.0
276910,Onion Park,MT,46.91,-110.85,2258.6,20170420,28.4,53.06,38.3,,,,,27.9921411,0.20078751
276911,Onion Park,MT,46.91,-110.85,2258.6,20170421,28.4,35.78,30.92,,,,,30.984268699999998,0.40157502
276912,Onion Park,MT,46.91,-110.85,2258.6,20170422,28.58,48.02,36.32,,,,,29.015763699999997,0.09842525
276913,Onion Park,MT,46.91,-110.85,2258.6,20170423,30.38,47.12,36.68,,,,,29.015763699999997,0.0
276914,Onion Park,MT,46.91,-110.85,2258.6,20170424,30.02,46.22,35.06,,,,,27.9921411,0.09842525
276915,Onion Park,MT,46.91,-110.85,2258.6,20170425,26.42,42.26,33.26,,,,,29.015763699999997,0.20078751
276916,Onion Park,MT,46.91,-110.85,2258.6,20170426,25.16,45.86,33.08,,,,,30.0000162,0.20078751
276917,Onion Park,MT,46.91,-110.85,2258.6,20170427,27.5,37.58,30.38,,,,,35.0000189,0.40157502
276918,Onion Park,MT,46.91,-110.85,2258.6,20170428,21.56,39.74,29.12,,,,,34.0157664,0.0
276919,Onion Park,MT,46.91,-110.85,2258.6,20170429,20.84,47.66,32.36,,,,,32.0078913,0.09842525
276920,Onion Park,MT,46.91,-110.85,2258.6,20170430,29.48,43.88,34.34,,,,,32.0078913,0.29921276
276921,Onion Park,MT,46.91,-110.85,2258.6,20170501,28.94,43.88,32.72,,,,,34.0157664,0.29921276
276922,Onion Park,MT,46.91,-110.85,2258.6,20170502,24.08,41.18,32.18,,,,,34.0157664,0.0
276923,Onion Park,MT,46.91,-110.85,2258.6,20170503,21.74,54.68,38.12,,,,,32.9921438,0.29921276
276924,Onion Park,MT,46.91,-110.85,2258.6,20170504,33.62,68.36,49.28,,,,,30.0000162,0.09842525
276925,Onion Park,MT,46.91,-110.85,2258.6,20170505,40.82,72.86,54.32,,,,,27.0078886,0.0
276926,Onion Park,MT,46.91,-110.85,2258.6,20170506,39.56,68.72,51.62,,,,,25.984266,0.0
276927,Onion Park,MT,46.91,-110.85,2258.6,20170507,31.28,49.28,39.02,,,,,25.0000135,0.0
276928,Onion Park,MT,46.91,-110.85,2258.6,20170508,26.96,55.04,38.84,,,,,24.015760999999998,0.0
276929,Onion Park,MT,46.91,-110.85,2258.6,20170509,32.72,56.66,42.8,,,,,22.007885899999998,0.0
276930,Onion Park,MT,46.91,-110.85,2258.6,20170510,33.98,63.68,47.3,,,,,19.0157583,0.0
276931,Onion Park,MT,46.91,-110.85,2258.6,20170511,37.04,69.08,51.26,,,,,17.0078832,0.0
276932,Onion Park,MT,46.91,-110.85,2258.6,20170512,33.26,68.0,51.26,,,,,14.015755599999999,0.20078751
276933,Onion Park,MT,46.91,-110.85,2258.6,20170513,22.64,40.1,31.28,,,,,17.9921357,0.09842525
276934,Onion Park,MT,46.91,-110.85,2258.6,20170514,22.82,44.06,32.54,,,,,15.9842606,0.0
276935,Onion Park,MT,46.91,-110.85,2258.6,20170515,29.3,47.3,35.6,,,,,15.9842606,0.0
276936,Onion Park,MT,46.91,-110.85,2258.6,20170516,28.22,50.9,37.4,,,,,15.0000081,0.20078751
276937,Onion Park,MT,46.91,-110.85,2258.6,20170517,33.98,37.4,35.24,,,,,22.007885899999998,0.90157529
276938,Onion Park,MT,46.91,-110.85,2258.6,20170518,28.94,48.2,36.5,,,,,17.0078832,0.0
276939,Onion Park,MT,46.91,-110.85,2258.6,20170519,26.42,54.14,37.04,,,,,15.9842606,0.0
276940,Onion Park,MT,46.91,-110.85,2258.6,20170520,31.64,51.26,39.56,,,,,15.9842606,0.0
276941,Onion Park,MT,46.91,-110.85,2258.6,20170521,30.92,55.94,42.26,,,,,14.015755599999999,0.0
276942,Onion Park,MT,46.91,-110.85,2258.6,20170522,35.6,54.5,42.62,,,,,12.007880499999999,0.0
276943,Onion Park,MT,46.91,-110.85,2258.6,20170523,34.52,64.58,50.36,,,,,9.0157529,0.0
276944,Onion Park,MT,46.91,-110.85,2258.6,20170524,31.46,52.88,44.96,,,,,5.0000027000000005,0.0
276945,Onion Park,MT,46.91,-110.85,2258.6,20170525,30.74,42.26,34.88,,,,,9.0157529,0.29921276
276946,Onion Park,MT,46.91,-110.85,2258.6,20170526,32.18,53.42,39.38,,,,,7.9921303,0.0
276947,Onion Park,MT,46.91,-110.85,2258.6,20170527,31.46,57.92,44.6,,,,,7.007877799999999,0.0
276948,Onion Park,MT,46.91,-110.85,2258.6,20170528,36.68,57.02,46.22,,,,,2.9921276000000003,0.0
276949,Onion Park,MT,46.91,-110.85,2258.6,20170529,35.78,60.62,47.84,,,,,0.0,0.0
276950,Onion Park,MT,46.91,-110.85,2258.6,20170530,39.74,60.98,49.28,,,,,0.0,0.0
276951,Onion Park,MT,46.91,-110.85,2258.6,20170531,44.78,72.32,54.14,,,,,0.0,0.0
276952,Onion Park,MT,46.91,-110.85,2258.6,20170601,42.98,65.3,52.88,,,,,0.0,0.0
276953,Onion Park,MT,46.91,-110.85,2258.6,20170602,38.66,59.36,48.2,,,,,0.0,0.0
276954,Onion Park,MT,46.91,-110.85,2258.6,20170603,35.6,67.82,53.6,,,,,0.0,0.0
276955,Onion Park,MT,46.91,-110.85,2258.6,20170604,46.58,74.66,57.38,,,,,0.0,0.20078751
276956,Onion Park,MT,46.91,-110.85,2258.6,20170605,37.22,53.96,44.96,,,,,0.0,0.0
276957,Onion Park,MT,46.91,-110.85,2258.6,20170606,34.7,64.04,50.0,,,,,0.0,0.0
276958,Onion Park,MT,46.91,-110.85,2258.6,20170607,43.88,74.48,57.02,,,,,0.0,0.20078751
276959,Onion Park,MT,46.91,-110.85,2258.6,20170608,46.22,75.38,60.26,,,,,0.0,0.0
276960,Onion Park,MT,46.91,-110.85,2258.6,20170609,37.22,54.68,45.14,,,,,0.0,0.0
276961,Onion Park,MT,46.91,-110.85,2258.6,20170610,31.82,48.74,39.74,,,,,0.0,0.0
276962,Onion Park,MT,46.91,-110.85,2258.6,20170611,29.84,58.1,43.52,,,,,0.0,0.09842525
276963,Onion Park,MT,46.91,-110.85,2258.6,20170612,42.62,66.92,53.06,,,,,0.0,0.79921303
276964,Onion Park,MT,46.91,-110.85,2258.6,20170613,35.24,44.24,39.92,,,,,0.0,1.00000054
276965,Onion Park,MT,46.91,-110.85,2258.6,20170614,35.6,54.32,43.88,,,,,0.0,0.20078751
276966,Onion Park,MT,46.91,-110.85,2258.6,20170615,39.2,53.78,45.86,,,,,0.0,0.0
276967,Onion Park,MT,46.91,-110.85,2258.6,20170616,39.74,54.32,46.04,,,,,0.0,0.09842525
276968,Onion Park,MT,46.91,-110.85,2258.6,20170617,37.94,53.96,43.88,,,,,0.0,0.0
276969,Onion Park,MT,46.91,-110.85,2258.6,20170618,39.56,55.22,46.04,,,,,0.0,0.0
276970,Onion Park,MT,46.91,-110.85,2258.6,20170619,38.48,66.92,52.7,,,,,0.0,0.0
276971,Onion Park,MT,46.91,-110.85,2258.6,20170620,51.98,68.72,59.54,,,,,0.0,0.0
276972,Onion Park,MT,46.91,-110.85,2258.6,20170621,39.92,64.94,54.32,,,,,0.0,0.0
276973,Onion Park,MT,46.91,-110.85,2258.6,20170622,32.18,52.88,42.44,,,,,0.0,0.0
276974,Onion Park,MT,46.91,-110.85,2258.6,20170623,32.0,53.42,43.16,,,,,0.0,0.0
276975,Onion Park,MT,46.91,-110.85,2258.6,20170624,35.42,61.34,48.2,,,,,0.0,0.0
276976,Onion Park,MT,46.91,-110.85,2258.6,20170625,40.1,68.18,54.5,,,,,0.0,0.09842525
276977,Onion Park,MT,46.91,-110.85,2258.6,20170626,50.54,78.62,63.14,,,,,0.0,0.0
276978,Onion Park,MT,46.91,-110.85,2258.6,20170627,44.42,64.4,52.88,,,,,0.0,0.20078751
276979,Onion Park,MT,46.91,-110.85,2258.6,20170628,40.28,63.5,50.72,,,,,0.0,0.0
276980,Onion Park,MT,46.91,-110.85,2258.6,20170629,37.04,52.52,43.34,,,,,0.0,0.0
276981,Onion Park,MT,46.91,-110.85,2258.6,20170630,36.68,66.92,51.62,,,,,0.0,0.0
276982,Onion Park,MT,46.91,-110.85,2258.6,20170701,45.5,73.94,59.36,,,,,0.0,0.0
276983,Onion Park,MT,46.91,-110.85,2258.6,20170702,48.56,75.38,60.08,,,,,0.0,0.0
276984,Onion Park,MT,46.91,-110.85,2258.6,20170703,48.56,75.92,62.78,,,,,0.0,0.0
276985,Onion Park,MT,46.91,-110.85,2258.6,20170704,44.6,75.74,59.9,,,,,0.0,0.0
276986,Onion Park,MT,46.91,-110.85,2258.6,20170705,51.44,82.04,64.76,,,,,0.0,0.0
276987,Onion Park,MT,46.91,-110.85,2258.6,20170706,53.24,77.36,64.04,,,,,0.0,0.0
276988,Onion Park,MT,46.91,-110.85,2258.6,20170707,50.72,78.98,64.76,,,,,0.0,0.0
276989,Onion Park,MT,46.91,-110.85,2258.6,20170708,57.56,82.4,67.64,,,,,0.0,0.0
276990,Onion Park,MT,46.91,-110.85,2258.6,20170709,54.32,81.14,65.3,,,,,0.0,0.0
276991,Onion Park,MT,46.91,-110.85,2258.6,20170710,47.12,72.86,56.48,,,,,0.0,0.20078751
276992,Onion Park,MT,46.91,-110.85,2258.6,20170711,44.42,68.36,54.5,,,,,0.0,0.0
276993,Onion Park,MT,46.91,-110.85,2258.6,20170712,42.26,74.12,58.46,,,,,0.0,0.0
276994,Onion Park,MT,46.91,-110.85,2258.6,20170713,52.16,81.14,66.2,,,,,0.0,0.0
276995,Onion Park,MT,46.91,-110.85,2258.6,20170714,52.88,77.72,65.3,,,,,0.0,0.0
276996,Onion Park,MT,46.91,-110.85,2258.6,20170715,51.08,81.68,65.3,,,,,0.0,0.09842525
276997,Onion Park,MT,46.91,-110.85,2258.6,20170716,49.28,75.56,61.34,,,,,0.0,0.0
276998,Onion Park,MT,46.91,-110.85,2258.6,20170717,44.78,71.96,56.84,,,,,0.0,0.0
276999,Onion Park,MT,46.91,-110.85,2258.6,20170718,46.58,72.5,59.9,,,,,0.0,0.09842525
277000,Onion Park,MT,46.91,-110.85,2258.6,20170719,44.78,75.74,60.08,,,,,0.0,0.0
277001,Onion Park,MT,46.91,-110.85,2258.6,20170720,50.54,79.52,64.58,,,,,0.0,0.0
277002,Onion Park,MT,46.91,-110.85,2258.6,20170721,46.76,70.52,57.74,,,,,0.0,0.0
277003,Onion Park,MT,46.91,-110.85,2258.6,20170722,44.42,73.4,58.64,,,,,0.0,0.0
277004,Onion Park,MT,46.91,-110.85,2258.6,20170723,50.9,80.78,64.76,,,,,0.0,0.0
277005,Onion Park,MT,46.91,-110.85,2258.6,20170724,50.9,76.1,62.24,,,,,0.0,0.0
277006,Onion Park,MT,46.91,-110.85,2258.6,20170725,43.16,72.5,57.38,,,,,0.0,0.0
277007,Onion Park,MT,46.91,-110.85,2258.6,20170726,49.1,76.46,61.7,,,,,0.0,0.0
277008,Onion Park,MT,46.91,-110.85,2258.6,20170727,51.98,74.12,61.52,,,,,0.0,0.0
277009,Onion Park,MT,46.91,-110.85,2258.6,20170728,50.0,77.72,62.42,,,,,0.0,0.0
277010,Onion Park,MT,46.91,-110.85,2258.6,20170729,52.16,74.84,62.06,,,,,0.0,0.0
277011,Onion Park,MT,46.91,-110.85,2258.6,20170730,51.44,79.88,63.86,,,,,0.0,0.0
277012,Onion Park,MT,46.91,-110.85,2258.6,20170731,51.08,79.16,62.96,,,,,0.0,0.0
277013,Onion Park,MT,46.91,-110.85,2258.6,20170801,49.46,72.14,60.8,,,,,0.0,0.0
277014,Onion Park,MT,46.91,-110.85,2258.6,20170802,44.24,59.54,50.36,,,,,0.0,0.0
277015,Onion Park,MT,46.91,-110.85,2258.6,20170803,42.98,70.52,55.4,,,,,0.0,0.0
277016,Onion Park,MT,46.91,-110.85,2258.6,20170804,45.14,69.98,55.22,,,,,0.0,0.09842525
277017,Onion Park,MT,46.91,-110.85,2258.6,20170805,39.02,49.64,44.96,,,,,0.0,0.0
277018,Onion Park,MT,46.91,-110.85,2258.6,20170806,36.86,63.14,48.38,,,,,0.0,0.0
277019,Onion Park,MT,46.91,-110.85,2258.6,20170807,42.62,69.62,54.32,,,,,0.0,0.0
277020,Onion Park,MT,46.91,-110.85,2258.6,20170808,43.7,65.84,52.52,,,,,0.0,0.0
277021,Onion Park,MT,46.91,-110.85,2258.6,20170809,41.72,67.28,53.24,,,,,0.0,0.0
277022,Onion Park,MT,46.91,-110.85,2258.6,20170810,43.16,68.72,55.04,,,,,0.0,0.0
277023,Onion Park,MT,46.91,-110.85,2258.6,20170811,43.88,70.16,54.86,,,,,0.0,0.0
277024,Onion Park,MT,46.91,-110.85,2258.6,20170812,44.6,73.22,57.38,,,,,0.0,0.0
277025,Onion Park,MT,46.91,-110.85,2258.6,20170813,45.5,71.24,56.84,,,,,0.0,0.0
277026,Onion Park,MT,46.91,-110.85,2258.6,20170814,42.8,60.98,50.0,,,,,0.0,0.0
277027,Onion Park,MT,46.91,-110.85,2258.6,20170815,39.92,67.64,52.7,,,,,0.0,0.0
277028,Onion Park,MT,46.91,-110.85,2258.6,20170816,42.62,71.06,55.4,,,,,0.0,0.0
277029,Onion Park,MT,46.91,-110.85,2258.6,20170817,43.34,70.7,55.58,,,,,0.0,0.0
277030,Onion Park,MT,46.91,-110.85,2258.6,20170818,44.42,74.3,58.82,,,,,0.0,0.0
277031,Onion Park,MT,46.91,-110.85,2258.6,20170819,45.86,70.52,57.92,,,,,0.0,0.0
277032,Onion Park,MT,46.91,-110.85,2258.6,20170820,42.08,65.84,52.7,,,,,0.0,0.0
277033,Onion Park,MT,46.91,-110.85,2258.6,20170821,41.54,68.36,53.24,,,,,0.0,0.0
277034,Onion Park,MT,46.91,-110.85,2258.6,20170822,46.22,75.92,59.9,,,,,0.0,0.0
277035,Onion Park,MT,46.91,-110.85,2258.6,20170823,49.82,78.44,62.96,,,,,0.0,0.0
277036,Onion Park,MT,46.91,-110.85,2258.6,20170824,50.36,75.02,58.46,,,,,0.0,0.0
277037,Onion Park,MT,46.91,-110.85,2258.6,20170825,46.58,70.52,57.56,,,,,0.0,0.0
277038,Onion Park,MT,46.91,-110.85,2258.6,20170826,43.7,72.5,56.84,,,,,0.0,0.0
277039,Onion Park,MT,46.91,-110.85,2258.6,20170827,47.66,78.08,61.34,,,,,0.0,0.0
277040,Onion Park,MT,46.91,-110.85,2258.6,20170828,50.0,78.62,62.6,,,,,0.0,0.0
277041,Onion Park,MT,46.91,-110.85,2258.6,20170829,55.76,75.2,64.04,,,,,0.0,0.0
277042,Onion Park,MT,46.91,-110.85,2258.6,20170830,54.14,79.7,65.12,,,,,0.0,0.0
277043,Onion Park,MT,46.91,-110.85,2258.6,20170831,48.74,73.58,60.8,,,,,0.0,0.0
277044,Onion Park,MT,46.91,-110.85,2258.6,20170901,43.16,70.16,56.3,,,,,0.0,0.0
277045,Onion Park,MT,46.91,-110.85,2258.6,20170902,48.92,77.54,63.14,,,,,0.0,0.0
277046,Onion Park,MT,46.91,-110.85,2258.6,20170903,49.28,79.52,63.5,,,,,0.0,0.0
277047,Onion Park,MT,46.91,-110.85,2258.6,20170904,41.9,59.18,48.56,,,,,0.0,0.0
277048,Onion Park,MT,46.91,-110.85,2258.6,20170905,40.82,71.24,53.42,,,,,0.0,0.0
277049,Onion Park,MT,46.91,-110.85,2258.6,20170906,44.6,72.86,56.12,,,,,0.0,0.0
277050,Onion Park,MT,46.91,-110.85,2258.6,20170907,45.5,76.28,59.36,,,,,0.0,0.0
277051,Onion Park,MT,46.91,-110.85,2258.6,20170908,53.24,77.36,63.68,,,,,0.0,0.0
277052,Onion Park,MT,46.91,-110.85,2258.6,20170909,52.52,77.36,61.88,,,,,0.0,0.0
277053,Onion Park,MT,46.91,-110.85,2258.6,20170910,47.48,69.98,57.38,,,,,0.0,0.0
277054,Onion Park,MT,46.91,-110.85,2258.6,20170911,45.32,74.84,58.64,,,,,0.0,0.0
277055,Onion Park,MT,46.91,-110.85,2258.6,20170912,49.64,76.28,61.52,,,,,0.0,0.0
277056,Onion Park,MT,46.91,-110.85,2258.6,20170913,38.48,70.34,53.24,,,,,0.0,0.0
277057,Onion Park,MT,46.91,-110.85,2258.6,20170914,32.72,41.36,35.6,,,,,0.9842525,0.70078778
277058,Onion Park,MT,46.91,-110.85,2258.6,20170915,29.3,33.98,31.46,,,,,2.9921276000000003,0.50000027
277059,Onion Park,MT,46.91,-110.85,2258.6,20170916,28.76,41.9,32.72,,,,,2.9921276000000003,0.20078751
277060,Onion Park,MT,46.91,-110.85,2258.6,20170917,29.66,48.38,36.32,,,,,2.0078751,0.09842525
277061,Onion Park,MT,46.91,-110.85,2258.6,20170918,33.8,53.06,39.74,,,,,0.0,0.09842525
277062,Onion Park,MT,46.91,-110.85,2258.6,20170919,30.38,43.7,33.62,,,,,0.0,0.0
277063,Onion Park,MT,46.91,-110.85,2258.6,20170920,29.48,37.4,32.54,,,,,0.0,0.09842525
277064,Onion Park,MT,46.91,-110.85,2258.6,20170921,28.94,40.82,33.26,,,,,0.0,0.09842525
277065,Stringer Creek,MT,46.93,-110.9,1996.4,20170101,-1.84,17.06,6.08,,,,,15.9842606,0.09842525
277066,Stringer Creek,MT,46.93,-110.9,1996.4,20170102,-16.24,7.7,-6.88,,,,,15.9842606,0.0
277067,Stringer Creek,MT,46.93,-110.9,1996.4,20170103,-16.42,11.48,-4.54,,,,,15.9842606,0.0
277068,Stringer Creek,MT,46.93,-110.9,1996.4,20170104,-18.22,3.2,-4.54,,,,,15.9842606,0.09842525
277069,Stringer Creek,MT,46.93,-110.9,1996.4,20170105,-16.24,17.24,-4.36,,,,,15.9842606,0.0
277070,Stringer Creek,MT,46.93,-110.9,1996.4,20170106,-10.3,19.04,2.3,,,,,15.0000081,0.0
277071,Stringer Creek,MT,46.93,-110.9,1996.4,20170107,-4.72,26.42,8.6,,,,,15.9842606,0.09842525
277072,Stringer Creek,MT,46.93,-110.9,1996.4,20170108,19.04,32.18,26.42,,,,,17.9921357,0.40157502
277073,Stringer Creek,MT,46.93,-110.9,1996.4,20170109,17.42,37.94,28.94,,,,,17.9921357,0.0
277074,Stringer Creek,MT,46.93,-110.9,1996.4,20170110,-7.24,25.88,10.94,,,,,17.9921357,0.0
277075,Stringer Creek,MT,46.93,-110.9,1996.4,20170111,-10.84,18.68,-1.84,,,,,17.9921357,0.0
277076,Stringer Creek,MT,46.93,-110.9,1996.4,20170112,-12.1,23.36,3.02,,,,,17.0078832,0.0
277077,Stringer Creek,MT,46.93,-110.9,1996.4,20170113,-2.74,29.48,5.18,,,,,17.0078832,0.0
277078,Stringer Creek,MT,46.93,-110.9,1996.4,20170114,-1.12,31.64,8.96,,,,,17.0078832,0.0
277079,Stringer Creek,MT,46.93,-110.9,1996.4,20170115,3.38,35.96,11.48,,,,,17.0078832,0.0
277080,Stringer Creek,MT,46.93,-110.9,1996.4,20170116,0.68,35.24,12.92,,,,,15.9842606,0.09842525
277081,Stringer Creek,MT,46.93,-110.9,1996.4,20170117,12.2,41.18,23.54,,,,,15.9842606,0.0
277082,Stringer Creek,MT,46.93,-110.9,1996.4,20170118,25.16,47.66,31.28,,,,,15.9842606,0.0
277083,Stringer Creek,MT,46.93,-110.9,1996.4,20170119,26.78,37.76,31.82,,,,,15.0000081,0.0
277084,Stringer Creek,MT,46.93,-110.9,1996.4,20170120,9.14,35.42,23.18,,,,,15.9842606,0.0
277085,Stringer Creek,MT,46.93,-110.9,1996.4,20170121,5.72,36.5,17.6,,,,,15.9842606,0.0
277086,Stringer Creek,MT,46.93,-110.9,1996.4,20170122,10.4,37.94,21.02,,,,,15.9842606,0.0
277087,Stringer Creek,MT,46.93,-110.9,1996.4,20170123,3.74,23.54,17.6,,,,,15.9842606,0.0
277088,Stringer Creek,MT,46.93,-110.9,1996.4,20170124,-3.28,26.78,10.22,,,,,15.9842606,0.0
277089,Stringer Creek,MT,46.93,-110.9,1996.4,20170125,10.94,25.88,15.98,,,,,15.9842606,0.0
277090,Stringer Creek,MT,46.93,-110.9,1996.4,20170126,3.92,28.22,15.62,,,,,15.9842606,0.0
277091,Stringer Creek,MT,46.93,-110.9,1996.4,20170127,2.84,33.26,11.84,,,,,15.9842606,0.0
277092,Stringer Creek,MT,46.93,-110.9,1996.4,20170128,7.7,41.54,21.74,,,,,15.9842606,0.0
277093,Stringer Creek,MT,46.93,-110.9,1996.4,20170129,15.08,46.58,29.84,,,,,15.9842606,0.0
277094,Stringer Creek,MT,46.93,-110.9,1996.4,20170130,18.86,40.82,30.38,,,,,15.9842606,0.0
277095,Stringer Creek,MT,46.93,-110.9,1996.4,20170131,2.84,27.68,14.0,,,,,17.9921357,0.09842525
277096,Stringer Creek,MT,46.93,-110.9,1996.4,20170201,-12.28,12.02,0.32,,,,,17.9921357,0.0
277097,Stringer Creek,MT,46.93,-110.9,1996.4,20170202,-19.3,15.08,-8.68,,,,,17.0078832,0.0
277098,Stringer Creek,MT,46.93,-110.9,1996.4,20170203,-14.62,33.8,17.24,,,,,19.0157583,0.20078751
277099,Stringer Creek,MT,46.93,-110.9,1996.4,20170204,11.3,36.32,26.96,,,,,20.000010800000002,0.29921276
277100,Stringer Creek,MT,46.93,-110.9,1996.4,20170205,25.34,37.04,31.1,,,,,20.000010800000002,0.0
277101,Stringer Creek,MT,46.93,-110.9,1996.4,20170206,12.2,36.86,24.98,,,,,22.992138399999998,0.20078751
277102,Stringer Creek,MT,46.93,-110.9,1996.4,20170207,2.48,25.52,11.84,,,,,22.992138399999998,0.09842525
277103,Stringer Creek,MT,46.93,-110.9,1996.4,20170208,10.76,30.38,22.1,,,,,22.992138399999998,0.09842525
277104,Stringer Creek,MT,46.93,-110.9,1996.4,20170209,29.84,44.24,38.12,,,,,20.000010800000002,0.0
277105,Stringer Creek,MT,46.93,-110.9,1996.4,20170210,22.64,36.32,32.18,,,,,20.9842633,0.09842525
277106,Stringer Creek,MT,46.93,-110.9,1996.4,20170211,8.96,27.68,21.2,,,,,20.9842633,0.0
277107,Stringer Creek,MT,46.93,-110.9,1996.4,20170212,7.16,41.36,20.48,,,,,20.9842633,0.0
277108,Stringer Creek,MT,46.93,-110.9,1996.4,20170213,9.14,45.14,22.82,,,,,20.9842633,0.0
277109,Stringer Creek,MT,46.93,-110.9,1996.4,20170214,13.46,53.6,26.6,,,,,20.9842633,0.0
277110,Stringer Creek,MT,46.93,-110.9,1996.4,20170215,20.66,57.02,34.52,,,,,20.000010800000002,0.0
277111,Stringer Creek,MT,46.93,-110.9,1996.4,20170216,30.92,54.14,39.2,,,,,20.000010800000002,0.09842525
277112,Stringer Creek,MT,46.93,-110.9,1996.4,20170217,27.14,45.32,32.72,,,,,20.9842633,0.0
277113,Stringer Creek,MT,46.93,-110.9,1996.4,20170218,28.4,50.0,36.68,,,,,20.9842633,0.0
277114,Stringer Creek,MT,46.93,-110.9,1996.4,20170219,26.42,41.54,33.44,,,,,20.9842633,0.20078751
277115,Stringer Creek,MT,46.93,-110.9,1996.4,20170220,20.12,41.54,28.76,,,,,22.992138399999998,0.20078751
277116,Stringer Creek,MT,46.93,-110.9,1996.4,20170221,24.62,39.38,32.18,,,,,25.984266,0.29921276
277117,Stringer Creek,MT,46.93,-110.9,1996.4,20170222,20.3,35.6,26.42,,,,,29.015763699999997,0.40157502
277118,Stringer Creek,MT,46.93,-110.9,1996.4,20170223,8.42,26.6,19.4,,,,,27.0078886,0.0
277119,Stringer Creek,MT,46.93,-110.9,1996.4,20170224,4.28,23.72,13.46,,,,,27.9921411,0.0
277120,Stringer Creek,MT,46.93,-110.9,1996.4,20170225,2.66,24.62,12.74,,,,,27.9921411,0.09842525
277121,Stringer Creek,MT,46.93,-110.9,1996.4,20170226,10.4,26.78,17.06,,,,,34.0157664,0.29921276
277122,Stringer Creek,MT,46.93,-110.9,1996.4,20170227,2.84,30.92,14.36,,,,,32.0078913,0.0
277123,Stringer Creek,MT,46.93,-110.9,1996.4,20170228,4.1,26.96,16.88,,,,,32.0078913,0.09842525
277124,Stringer Creek,MT,46.93,-110.9,1996.4,20170301,3.92,30.02,21.2,,,,,30.0000162,0.09842525
277125,Stringer Creek,MT,46.93,-110.9,1996.4,20170302,17.6,34.34,25.88,,,,,29.015763699999997,0.0
277126,Stringer Creek,MT,46.93,-110.9,1996.4,20170303,18.86,47.84,32.54,,,,,29.015763699999997,0.0
277127,Stringer Creek,MT,46.93,-110.9,1996.4,20170304,22.82,47.3,33.62,,,,,30.0000162,0.20078751
277128,Stringer Creek,MT,46.93,-110.9,1996.4,20170305,19.76,39.02,26.24,,,,,30.984268699999998,0.09842525
277129,Stringer Creek,MT,46.93,-110.9,1996.4,20170306,6.62,28.58,17.6,,,,,30.0000162,0.0
277130,Stringer Creek,MT,46.93,-110.9,1996.4,20170307,15.26,28.94,21.38,,,,,30.0000162,0.0
277131,Stringer Creek,MT,46.93,-110.9,1996.4,20170308,23.0,35.6,29.3,,,,,30.984268699999998,0.20078751
277132,Stringer Creek,MT,46.93,-110.9,1996.4,20170309,16.34,29.48,21.38,,,,,35.0000189,0.20078751
277133,Stringer Creek,MT,46.93,-110.9,1996.4,20170310,23.9,45.14,34.52,,,,,30.984268699999998,0.09842525
277134,Stringer Creek,MT,46.93,-110.9,1996.4,20170311,17.06,49.1,32.9,,,,,30.0000162,0.0
277135,Stringer Creek,MT,46.93,-110.9,1996.4,20170312,23.72,40.82,33.26,,,,,29.015763699999997,0.0
277136,Stringer Creek,MT,46.93,-110.9,1996.4,20170313,29.84,49.46,37.76,,,,,29.015763699999997,0.0
277137,Stringer Creek,MT,46.93,-110.9,1996.4,20170314,32.54,46.76,37.58,,,,,27.9921411,0.20078751
277138,Stringer Creek,MT,46.93,-110.9,1996.4,20170315,31.46,57.92,41.72,,,,,27.0078886,0.0
277139,Stringer Creek,MT,46.93,-110.9,1996.4,20170316,21.74,46.94,36.5,,,,,25.984266,0.0
277140,Stringer Creek,MT,46.93,-110.9,1996.4,20170317,18.14,50.54,34.16,,,,,25.0000135,0.0
277141,Stringer Creek,MT,46.93,-110.9,1996.4,20170318,30.56,64.58,45.14,,,,,22.992138399999998,0.0
277142,Stringer Creek,MT,46.93,-110.9,1996.4,20170319,24.98,50.0,38.48,,,,,22.992138399999998,0.0
277143,Stringer Creek,MT,46.93,-110.9,1996.4,20170320,18.68,42.98,30.02,,,,,22.007885899999998,0.0
277144,Stringer Creek,MT,46.93,-110.9,1996.4,20170321,29.12,55.94,38.3,,,,,22.007885899999998,0.0
277145,Stringer Creek,MT,46.93,-110.9,1996.4,20170322,30.38,55.04,40.1,,,,,20.000010800000002,0.0
277146,Stringer Creek,MT,46.93,-110.9,1996.4,20170323,22.82,49.46,34.7,,,,,20.000010800000002,0.0
277147,Stringer Creek,MT,46.93,-110.9,1996.4,20170324,20.84,57.74,38.48,,,,,19.0157583,0.0
277148,Stringer Creek,MT,46.93,-110.9,1996.4,20170325,28.04,46.58,34.7,,,,,19.0157583,0.09842525
277149,Stringer Creek,MT,46.93,-110.9,1996.4,20170326,23.72,50.36,35.42,,,,,17.9921357,0.0
277150,Stringer Creek,MT,46.93,-110.9,1996.4,20170327,29.84,46.58,35.42,,,,,19.0157583,0.20078751
277151,Stringer Creek,MT,46.93,-110.9,1996.4,20170328,21.56,46.76,32.54,,,,,17.0078832,0.0
277152,Stringer Creek,MT,46.93,-110.9,1996.4,20170329,30.38,48.56,37.94,,,,,17.0078832,0.0
277153,Stringer Creek,MT,46.93,-110.9,1996.4,20170330,33.26,53.06,38.12,,,,,15.9842606,0.20078751
277154,Stringer Creek,MT,46.93,-110.9,1996.4,20170331,28.4,49.82,35.24,,,,,15.9842606,0.0
277155,Stringer Creek,MT,46.93,-110.9,1996.4,20170401,27.68,53.42,39.38,,,,,15.9842606,0.0
277156,Stringer Creek,MT,46.93,-110.9,1996.4,20170402,26.42,47.84,36.32,,,,,15.0000081,0.0
277157,Stringer Creek,MT,46.93,-110.9,1996.4,20170403,23.0,37.76,26.6,,,,,20.000010800000002,0.40157502
277158,Stringer Creek,MT,46.93,-110.9,1996.4,20170404,18.68,44.6,29.66,,,,,17.0078832,0.0
277159,Stringer Creek,MT,46.93,-110.9,1996.4,20170405,18.14,50.18,33.98,,,,,15.9842606,0.0
277160,Stringer Creek,MT,46.93,-110.9,1996.4,20170406,29.3,59.9,43.16,,,,,15.0000081,0.0
277161,Stringer Creek,MT,46.93,-110.9,1996.4,20170407,31.1,53.6,39.02,,,,,14.015755599999999,0.09842525
277162,Stringer Creek,MT,46.93,-110.9,1996.4,20170408,28.94,52.34,36.32,,,,,15.0000081,0.20078751
277163,Stringer Creek,MT,46.93,-110.9,1996.4,20170409,16.16,32.0,27.32,,,,,19.0157583,0.40157502
277164,Stringer Creek,MT,46.93,-110.9,1996.4,20170410,14.18,42.26,27.68,,,,,19.0157583,0.20078751
277165,Stringer Creek,MT,46.93,-110.9,1996.4,20170411,16.52,48.38,31.64,,,,,17.0078832,0.0
277166,Stringer Creek,MT,46.93,-110.9,1996.4,20170412,30.38,53.06,41.72,,,,,15.9842606,0.0
277167,Stringer Creek,MT,46.93,-110.9,1996.4,20170413,31.46,65.3,44.24,,,,,14.015755599999999,0.20078751
277168,Stringer Creek,MT,46.93,-110.9,1996.4,20170414,29.12,44.06,33.98,,,,,14.015755599999999,0.09842525
277169,Stringer Creek,MT,46.93,-110.9,1996.4,20170415,22.46,42.62,30.92,,,,,15.0000081,0.09842525
277170,Stringer Creek,MT,46.93,-110.9,1996.4,20170416,18.68,51.26,33.62,,,,,14.015755599999999,0.0
277171,Stringer Creek,MT,46.93,-110.9,1996.4,20170417,29.3,48.56,36.86,,,,,14.015755599999999,0.0
277172,Stringer Creek,MT,46.93,-110.9,1996.4,20170418,28.04,53.96,39.56,,,,,12.992133,0.29921276
277173,Stringer Creek,MT,46.93,-110.9,1996.4,20170419,27.68,53.06,37.22,,,,,12.992133,0.0
277174,Stringer Creek,MT,46.93,-110.9,1996.4,20170420,25.88,55.58,39.38,,,,,10.9842579,0.0
277175,Stringer Creek,MT,46.93,-110.9,1996.4,20170421,31.1,39.92,33.26,,,,,14.015755599999999,0.50000027
277176,Stringer Creek,MT,46.93,-110.9,1996.4,20170422,30.2,55.22,39.02,,,,,12.992133,0.0
277177,Stringer Creek,MT,46.93,-110.9,1996.4,20170423,31.28,50.0,38.12,,,,,12.007880499999999,0.09842525
277178,Stringer Creek,MT,46.93,-110.9,1996.4,20170424,30.92,51.44,37.22,,,,,10.9842579,0.0
277179,Stringer Creek,MT,46.93,-110.9,1996.4,20170425,28.58,47.3,37.94,,,,,10.9842579,0.20078751
277180,Stringer Creek,MT,46.93,-110.9,1996.4,20170426,26.78,47.84,35.06,,,,,10.000005400000001,0.20078751
277181,Stringer Creek,MT,46.93,-110.9,1996.4,20170427,29.84,39.56,32.54,,,,,17.9921357,0.59842552
277182,Stringer Creek,MT,46.93,-110.9,1996.4,20170428,22.64,44.24,32.36,,,,,15.9842606,0.20078751
277183,Stringer Creek,MT,46.93,-110.9,1996.4,20170429,21.38,49.64,34.16,,,,,14.015755599999999,0.0
277184,Stringer Creek,MT,46.93,-110.9,1996.4,20170430,26.96,48.92,36.5,,,,,14.015755599999999,0.20078751
277185,Stringer Creek,MT,46.93,-110.9,1996.4,20170501,31.28,46.4,35.6,,,,,15.9842606,0.40157502
277186,Stringer Creek,MT,46.93,-110.9,1996.4,20170502,24.98,43.88,34.16,,,,,15.9842606,0.0
277187,Stringer Creek,MT,46.93,-110.9,1996.4,20170503,22.1,60.26,39.74,,,,,14.015755599999999,0.0
277188,Stringer Creek,MT,46.93,-110.9,1996.4,20170504,32.0,72.5,48.02,,,,,10.9842579,0.0
277189,Stringer Creek,MT,46.93,-110.9,1996.4,20170505,33.26,75.38,51.62,,,,,7.9921303,0.0
277190,Stringer Creek,MT,46.93,-110.9,1996.4,20170506,34.88,73.4,49.64,,,,,4.0157502,0.0
277191,Stringer Creek,MT,46.93,-110.9,1996.4,20170507,32.0,53.6,39.74,,,,,4.0157502,0.20078751
277192,Stringer Creek,MT,46.93,-110.9,1996.4,20170508,28.22,59.36,40.46,,,,,0.9842525,0.0
277193,Stringer Creek,MT,46.93,-110.9,1996.4,20170509,30.74,60.44,43.52,,,,,0.0,0.0
277194,Stringer Creek,MT,46.93,-110.9,1996.4,20170510,31.28,67.64,47.3,,,,,0.0,0.0
277195,Stringer Creek,MT,46.93,-110.9,1996.4,20170511,32.72,73.58,50.9,,,,,0.0,0.0
277196,Stringer Creek,MT,46.93,-110.9,1996.4,20170512,34.88,72.86,52.16,,,,,0.9842525,0.0
277197,Stringer Creek,MT,46.93,-110.9,1996.4,20170513,25.52,41.36,33.8,,,,,0.0,0.29921276
277198,Stringer Creek,MT,46.93,-110.9,1996.4,20170514,25.52,45.68,35.06,,,,,0.0,0.09842525
277199,Stringer Creek,MT,46.93,-110.9,1996.4,20170515,30.02,48.74,37.76,,,,,0.0,0.0
277200,Stringer Creek,MT,46.93,-110.9,1996.4,20170516,27.86,51.8,39.92,,,,,0.0,0.09842525
277201,Stringer Creek,MT,46.93,-110.9,1996.4,20170517,34.88,40.82,36.86,,,,,0.9842525,1.00000054
277202,Stringer Creek,MT,46.93,-110.9,1996.4,20170518,29.84,51.44,39.38,,,,,0.0,0.0
277203,Stringer Creek,MT,46.93,-110.9,1996.4,20170519,27.14,55.04,39.92,,,,,0.0,0.0
277204,Stringer Creek,MT,46.93,-110.9,1996.4,20170520,31.46,56.66,41.54,,,,,0.0,0.0
277205,Stringer Creek,MT,46.93,-110.9,1996.4,20170521,30.38,59.72,44.06,,,,,0.0,0.0
277206,Stringer Creek,MT,46.93,-110.9,1996.4,20170522,33.8,60.62,47.12,,,,,0.0,0.0
277207,Stringer Creek,MT,46.93,-110.9,1996.4,20170523,32.18,70.7,51.08,,,,,0.0,0.0
277208,Stringer Creek,MT,46.93,-110.9,1996.4,20170524,33.8,55.76,46.76,,,,,0.0,0.0
277209,Stringer Creek,MT,46.93,-110.9,1996.4,20170525,32.9,47.3,37.04,,,,,0.0,0.70078778
277210,Stringer Creek,MT,46.93,-110.9,1996.4,20170526,32.54,56.84,42.26,,,,,0.0,0.0
277211,Stringer Creek,MT,46.93,-110.9,1996.4,20170527,31.28,62.6,46.22,,,,,0.0,0.0
277212,Stringer Creek,MT,46.93,-110.9,1996.4,20170528,34.7,63.86,48.56,,,,,0.0,0.09842525
277213,Stringer Creek,MT,46.93,-110.9,1996.4,20170529,33.44,66.38,50.0,,,,,0.0,0.0
277214,Stringer Creek,MT,46.93,-110.9,1996.4,20170530,37.58,64.58,50.72,,,,,0.0,0.0
277215,Stringer Creek,MT,46.93,-110.9,1996.4,20170531,38.48,78.8,54.14,,,,,0.0,0.09842525
277216,Stringer Creek,MT,46.93,-110.9,1996.4,20170601,42.08,69.44,54.86,,,,,0.0,0.0
277217,Stringer Creek,MT,46.93,-110.9,1996.4,20170602,36.32,64.58,51.08,,,,,0.0,0.0
277218,Stringer Creek,MT,46.93,-110.9,1996.4,20170603,32.9,73.58,53.96,,,,,0.0,0.0
277219,Stringer Creek,MT,46.93,-110.9,1996.4,20170604,44.42,79.16,58.28,,,,,0.0,0.29921276
277220,Stringer Creek,MT,46.93,-110.9,1996.4,20170605,36.32,60.98,48.2,,,,,0.0,0.20078751
277221,Stringer Creek,MT,46.93,-110.9,1996.4,20170606,33.44,67.82,51.44,,,,,0.0,0.0
277222,Stringer Creek,MT,46.93,-110.9,1996.4,20170607,39.74,79.88,59.72,,,,,0.0,0.0
277223,Stringer Creek,MT,46.93,-110.9,1996.4,20170608,45.5,79.16,62.42,,,,,0.0,0.0
277224,Stringer Creek,MT,46.93,-110.9,1996.4,20170609,37.94,59.54,48.74,,,,,0.9842525,0.20078751
277225,Stringer Creek,MT,46.93,-110.9,1996.4,20170610,30.2,54.32,41.72,,,,,0.0,0.0
277226,Stringer Creek,MT,46.93,-110.9,1996.4,20170611,28.76,63.5,44.96,,,,,0.0,0.0
277227,Stringer Creek,MT,46.93,-110.9,1996.4,20170612,36.86,68.36,53.06,,,,,0.0,1.00000054
277228,Stringer Creek,MT,46.93,-110.9,1996.4,20170613,38.12,47.84,42.62,,,,,0.0,1.00000054
277229,Stringer Creek,MT,46.93,-110.9,1996.4,20170614,38.48,58.28,47.66,,,,,0.0,0.0
277230,Stringer Creek,MT,46.93,-110.9,1996.4,20170615,34.88,57.74,48.2,,,,,0.0,0.0
277231,Stringer Creek,MT,46.93,-110.9,1996.4,20170616,42.08,57.74,49.64,,,,,0.0,0.09842525
277232,Stringer Creek,MT,46.93,-110.9,1996.4,20170617,38.84,58.82,48.92,,,,,0.0,0.0
277233,Stringer Creek,MT,46.93,-110.9,1996.4,20170618,38.48,56.84,48.2,,,,,0.0,0.0
277234,Stringer Creek,MT,46.93,-110.9,1996.4,20170619,35.42,71.96,53.6,,,,,0.0,0.0
277235,Stringer Creek,MT,46.93,-110.9,1996.4,20170620,46.94,72.32,60.44,,,,,0.0,0.0
277236,Stringer Creek,MT,46.93,-110.9,1996.4,20170621,39.38,69.44,56.3,,,,,0.0,0.0
277237,Stringer Creek,MT,46.93,-110.9,1996.4,20170622,32.36,56.66,44.6,,,,,0.0,0.0
277238,Stringer Creek,MT,46.93,-110.9,1996.4,20170623,30.74,60.08,46.04,,,,,0.0,0.0
277239,Stringer Creek,MT,46.93,-110.9,1996.4,20170624,33.8,65.66,50.36,,,,,0.0,0.0
277240,Stringer Creek,MT,46.93,-110.9,1996.4,20170625,36.5,75.74,54.86,,,,,0.0,0.0
277241,Stringer Creek,MT,46.93,-110.9,1996.4,20170626,41.54,82.58,62.42,,,,,0.0,0.0
277242,Stringer Creek,MT,46.93,-110.9,1996.4,20170627,43.16,68.72,55.22,,,,,0.0,0.20078751
277243,Stringer Creek,MT,46.93,-110.9,1996.4,20170628,38.48,66.74,51.8,,,,,0.0,0.0
277244,Stringer Creek,MT,46.93,-110.9,1996.4,20170629,35.78,58.1,46.94,,,,,0.0,0.0
277245,Stringer Creek,MT,46.93,-110.9,1996.4,20170630,33.8,71.6,52.52,,,,,0.0,0.0
277246,Stringer Creek,MT,46.93,-110.9,1996.4,20170701,40.46,78.8,59.36,,,,,0.0,0.0
277247,Stringer Creek,MT,46.93,-110.9,1996.4,20170702,44.24,78.08,59.72,,,,,0.0,0.0
277248,Stringer Creek,MT,46.93,-110.9,1996.4,20170703,44.06,81.14,61.7,,,,,0.0,0.0
277249,Stringer Creek,MT,46.93,-110.9,1996.4,20170704,38.66,80.24,59.54,,,,,0.0,0.0
277250,Stringer Creek,MT,46.93,-110.9,1996.4,20170705,44.6,87.8,63.14,,,,,0.0,0.0
277251,Stringer Creek,MT,46.93,-110.9,1996.4,20170706,48.2,82.76,65.48,,,,,0.0,0.0
277252,Stringer Creek,MT,46.93,-110.9,1996.4,20170707,45.68,84.56,63.14,,,,,0.0,0.0
277253,Stringer Creek,MT,46.93,-110.9,1996.4,20170708,49.1,87.8,66.74,,,,,0.0,0.0
277254,Stringer Creek,MT,46.93,-110.9,1996.4,20170709,47.84,84.2,65.12,,,,,0.0,0.0
277255,Stringer Creek,MT,46.93,-110.9,1996.4,20170710,45.68,73.4,59.54,,,,,0.0,0.29921276
277256,Stringer Creek,MT,46.93,-110.9,1996.4,20170711,41.54,74.66,58.1,,,,,0.0,0.0
277257,Stringer Creek,MT,46.93,-110.9,1996.4,20170712,41.54,78.98,59.0,,,,,0.0,0.0
277258,Stringer Creek,MT,46.93,-110.9,1996.4,20170713,46.94,86.0,66.02,,,,,0.0,0.0
277259,Stringer Creek,MT,46.93,-110.9,1996.4,20170714,47.12,84.56,65.12,,,,,0.0,0.0
277260,Stringer Creek,MT,46.93,-110.9,1996.4,20170715,51.44,87.44,69.44,,,,,0.0,0.09842525
277261,Stringer Creek,MT,46.93,-110.9,1996.4,20170716,46.76,79.88,61.88,,,,,0.0,0.0
277262,Stringer Creek,MT,46.93,-110.9,1996.4,20170717,41.54,76.28,58.1,,,,,0.0,0.0
277263,Stringer Creek,MT,46.93,-110.9,1996.4,20170718,41.18,79.52,59.54,,,,,0.0,0.0
277264,Stringer Creek,MT,46.93,-110.9,1996.4,20170719,45.68,82.22,61.52,,,,,0.0,0.09842525
277265,Stringer Creek,MT,46.93,-110.9,1996.4,20170720,46.4,85.64,64.22,,,,,0.0,0.0
277266,Stringer Creek,MT,46.93,-110.9,1996.4,20170721,41.0,75.38,57.74,,,,,0.0,0.0
277267,Stringer Creek,MT,46.93,-110.9,1996.4,20170722,40.1,80.06,59.18,,,,,0.0,0.0
277268,Stringer Creek,MT,46.93,-110.9,1996.4,20170723,44.42,86.9,64.04,,,,,0.0,0.0
277269,Stringer Creek,MT,46.93,-110.9,1996.4,20170724,45.86,82.22,64.04,,,,,0.0,0.0
277270,Stringer Creek,MT,46.93,-110.9,1996.4,20170725,41.9,77.36,58.46,,,,,0.0,0.0
277271,Stringer Creek,MT,46.93,-110.9,1996.4,20170726,44.78,81.32,62.24,,,,,0.0,0.0
277272,Stringer Creek,MT,46.93,-110.9,1996.4,20170727,51.08,81.68,63.5,,,,,0.0,0.0
277273,Stringer Creek,MT,46.93,-110.9,1996.4,20170728,46.4,83.84,63.68,,,,,0.0,0.0
277274,Stringer Creek,MT,46.93,-110.9,1996.4,20170729,42.62,82.94,62.24,,,,,0.0,0.0
277275,Stringer Creek,MT,46.93,-110.9,1996.4,20170730,44.6,85.28,62.78,,,,,0.0,0.0
277276,Stringer Creek,MT,46.93,-110.9,1996.4,20170731,43.16,83.48,61.7,,,,,0.0,0.0
277277,Stringer Creek,MT,46.93,-110.9,1996.4,20170801,45.86,78.44,60.44,,,,,0.0,0.0
277278,Stringer Creek,MT,46.93,-110.9,1996.4,20170802,44.06,63.14,53.42,,,,,0.0,0.0
277279,Stringer Creek,MT,46.93,-110.9,1996.4,20170803,40.1,76.64,56.66,,,,,0.0,0.09842525
277280,Stringer Creek,MT,46.93,-110.9,1996.4,20170804,42.62,74.48,56.3,,,,,0.0,0.0
277281,Stringer Creek,MT,46.93,-110.9,1996.4,20170805,36.86,68.72,47.3,,,,,0.0,0.0
277282,Stringer Creek,MT,46.93,-110.9,1996.4,20170806,34.7,69.8,50.36,,,,,0.0,0.0
277283,Stringer Creek,MT,46.93,-110.9,1996.4,20170807,32.36,74.66,54.68,,,,,0.0,0.0
277284,Stringer Creek,MT,46.93,-110.9,1996.4,20170808,39.38,70.52,53.42,,,,,0.0,0.0
277285,Stringer Creek,MT,46.93,-110.9,1996.4,20170809,38.66,72.86,54.32,,,,,0.0,0.0
277286,Stringer Creek,MT,46.93,-110.9,1996.4,20170810,38.3,72.86,55.76,,,,,0.0,0.0
277287,Stringer Creek,MT,46.93,-110.9,1996.4,20170811,41.18,75.2,55.94,,,,,0.0,0.0
277288,Stringer Creek,MT,46.93,-110.9,1996.4,20170812,41.9,78.08,57.74,,,,,0.0,0.0
277289,Stringer Creek,MT,46.93,-110.9,1996.4,20170813,45.32,80.24,57.56,,,,,0.0,0.0
277290,Stringer Creek,MT,46.93,-110.9,1996.4,20170814,39.74,68.54,51.62,,,,,0.0,0.0
277291,Stringer Creek,MT,46.93,-110.9,1996.4,20170815,36.5,73.94,53.06,,,,,0.0,0.0
277292,Stringer Creek,MT,46.93,-110.9,1996.4,20170816,37.04,75.38,55.04,,,,,0.0,0.0
277293,Stringer Creek,MT,46.93,-110.9,1996.4,20170817,38.48,73.76,55.58,,,,,0.0,0.0
277294,Stringer Creek,MT,46.93,-110.9,1996.4,20170818,39.56,79.34,58.46,,,,,0.0,0.0
277295,Stringer Creek,MT,46.93,-110.9,1996.4,20170819,43.7,75.02,59.0,,,,,0.0,0.0
277296,Stringer Creek,MT,46.93,-110.9,1996.4,20170820,37.94,70.52,54.32,,,,,0.0,0.0
277297,Stringer Creek,MT,46.93,-110.9,1996.4,20170821,37.58,73.04,53.24,,,,,0.0,0.0
277298,Stringer Creek,MT,46.93,-110.9,1996.4,20170822,39.38,81.5,58.46,,,,,0.0,0.0
277299,Stringer Creek,MT,46.93,-110.9,1996.4,20170823,41.9,82.22,61.7,,,,,0.0,0.0
277300,Stringer Creek,MT,46.93,-110.9,1996.4,20170824,47.84,78.08,59.0,,,,,0.0,0.0
277301,Stringer Creek,MT,46.93,-110.9,1996.4,20170825,42.62,75.74,57.92,,,,,0.0,0.0
277302,Stringer Creek,MT,46.93,-110.9,1996.4,20170826,38.3,77.36,55.94,,,,,0.0,0.0
277303,Stringer Creek,MT,46.93,-110.9,1996.4,20170827,40.1,83.3,59.18,,,,,0.0,0.0
277304,Stringer Creek,MT,46.93,-110.9,1996.4,20170828,41.36,83.84,62.6,,,,,0.0,0.0
277305,Stringer Creek,MT,46.93,-110.9,1996.4,20170829,50.0,80.42,65.12,,,,,0.0,0.0
277306,Stringer Creek,MT,46.93,-110.9,1996.4,20170830,47.12,85.28,63.86,,,,,0.0,0.0
277307,Stringer Creek,MT,46.93,-110.9,1996.4,20170831,45.86,78.62,60.8,,,,,0.0,0.0
277308,Stringer Creek,MT,46.93,-110.9,1996.4,20170901,39.2,75.56,56.12,,,,,0.0,0.0
277309,Stringer Creek,MT,46.93,-110.9,1996.4,20170902,42.44,83.48,61.16,,,,,0.0,0.0
277310,Stringer Creek,MT,46.93,-110.9,1996.4,20170903,43.7,82.94,63.32,,,,,0.0,0.0
277311,Stringer Creek,MT,46.93,-110.9,1996.4,20170904,38.12,63.32,50.36,,,,,0.0,0.0
277312,Stringer Creek,MT,46.93,-110.9,1996.4,20170905,35.6,76.28,52.7,,,,,0.0,0.0
277313,Stringer Creek,MT,46.93,-110.9,1996.4,20170906,37.22,78.26,54.5,,,,,0.0,0.0
277314,Stringer Creek,MT,46.93,-110.9,1996.4,20170907,36.86,83.3,56.48,,,,,0.0,0.0
277315,Stringer Creek,MT,46.93,-110.9,1996.4,20170908,42.26,81.14,60.08,,,,,0.0,0.0
277316,Stringer Creek,MT,46.93,-110.9,1996.4,20170909,45.5,80.24,59.0,,,,,0.0,0.0
277317,Stringer Creek,MT,46.93,-110.9,1996.4,20170910,42.62,74.3,55.58,,,,,0.0,0.0
277318,Stringer Creek,MT,46.93,-110.9,1996.4,20170911,39.74,80.42,56.48,,,,,0.0,0.0
277319,Stringer Creek,MT,46.93,-110.9,1996.4,20170912,32.9,81.5,57.74,,,,,0.0,0.0
277320,Stringer Creek,MT,46.93,-110.9,1996.4,20170913,42.44,72.86,54.86,,,,,0.0,0.09842525
277321,Stringer Creek,MT,46.93,-110.9,1996.4,20170914,34.7,43.16,37.58,,,,,0.0,0.90157529
277322,Stringer Creek,MT,46.93,-110.9,1996.4,20170915,32.18,36.32,34.34,,,,,0.9842525,0.50000027
277323,Stringer Creek,MT,46.93,-110.9,1996.4,20170916,30.56,42.98,34.7,,,,,0.0,0.09842525
277324,Stringer Creek,MT,46.93,-110.9,1996.4,20170917,30.56,55.58,38.84,,,,,0.0,0.0
277325,Stringer Creek,MT,46.93,-110.9,1996.4,20170918,32.0,57.74,41.54,,,,,0.0,0.20078751
277326,Stringer Creek,MT,46.93,-110.9,1996.4,20170919,31.64,46.4,36.5,,,,,0.0,0.09842525
277327,Stringer Creek,MT,46.93,-110.9,1996.4,20170920,29.84,41.9,35.96,,,,,0.0,0.09842525
277328,Stringer Creek,MT,46.93,-110.9,1996.4,20170921,30.2,83.3,36.14,,,,,0.0,0.0
277329,Elk Peak,MT,46.48,-110.71,2316.5,20170101,-4.72,23.0,9.5,,,,,22.007885899999998,0.20078751
277330,Elk Peak,MT,46.48,-110.71,2316.5,20170102,-13.36,-2.38,-8.5,,,,,22.007885899999998,0.0
277331,Elk Peak,MT,46.48,-110.71,2316.5,20170103,-14.08,10.04,-0.22,,,,,20.9842633,0.0
277332,Elk Peak,MT,46.48,-110.71,2316.5,20170104,-12.46,3.02,-5.44,,,,,20.9842633,0.0
277333,Elk Peak,MT,46.48,-110.71,2316.5,20170105,-9.58,10.58,1.04,,,,,20.9842633,0.0
277334,Elk Peak,MT,46.48,-110.71,2316.5,20170106,4.46,17.96,11.48,,,,,20.9842633,0.09842525
277335,Elk Peak,MT,46.48,-110.71,2316.5,20170107,15.98,26.6,19.58,,,,,20.9842633,0.0
277336,Elk Peak,MT,46.48,-110.71,2316.5,20170108,19.94,31.46,26.24,,,,,24.015760999999998,0.40157502
277337,Elk Peak,MT,46.48,-110.71,2316.5,20170109,16.16,34.52,27.5,,,,,27.0078886,0.20078751
277338,Elk Peak,MT,46.48,-110.71,2316.5,20170110,-6.34,20.84,13.1,,,,,25.984266,0.0
277339,Elk Peak,MT,46.48,-110.71,2316.5,20170111,-9.22,18.68,5.36,,,,,27.0078886,0.09842525
277340,Elk Peak,MT,46.48,-110.71,2316.5,20170112,1.76,18.14,11.84,,,,,27.0078886,0.0
277341,Elk Peak,MT,46.48,-110.71,2316.5,20170113,14.0,24.98,19.4,,,,,27.0078886,0.0
277342,Elk Peak,MT,46.48,-110.71,2316.5,20170114,19.04,26.78,22.82,,,,,25.984266,0.0
277343,Elk Peak,MT,46.48,-110.71,2316.5,20170115,21.56,31.46,25.88,,,,,25.984266,0.0
277344,Elk Peak,MT,46.48,-110.71,2316.5,20170116,18.86,34.7,26.06,,,,,25.984266,0.09842525
277345,Elk Peak,MT,46.48,-110.71,2316.5,20170117,31.28,41.54,38.12,,,,,25.0000135,0.0
277346,Elk Peak,MT,46.48,-110.71,2316.5,20170118,31.28,41.36,37.4,,,,,25.0000135,0.0
277347,Elk Peak,MT,46.48,-110.71,2316.5,20170119,26.6,35.78,31.1,,,,,25.0000135,0.0
277348,Elk Peak,MT,46.48,-110.71,2316.5,20170120,18.86,29.66,24.44,,,,,25.984266,0.0
277349,Elk Peak,MT,46.48,-110.71,2316.5,20170121,20.3,30.56,23.9,,,,,25.984266,0.0
277350,Elk Peak,MT,46.48,-110.71,2316.5,20170122,17.06,29.3,23.18,,,,,25.984266,0.0
277351,Elk Peak,MT,46.48,-110.71,2316.5,20170123,10.76,23.18,17.78,,,,,25.984266,0.0
277352,Elk Peak,MT,46.48,-110.71,2316.5,20170124,6.62,18.5,12.2,,,,,25.984266,0.0
277353,Elk Peak,MT,46.48,-110.71,2316.5,20170125,11.84,20.12,14.36,,,,,25.984266,0.0
277354,Elk Peak,MT,46.48,-110.71,2316.5,20170126,11.66,17.96,14.9,,,,,27.0078886,0.0
277355,Elk Peak,MT,46.48,-110.71,2316.5,20170127,14.18,30.02,22.28,,,,,27.0078886,0.0
277356,Elk Peak,MT,46.48,-110.71,2316.5,20170128,23.18,34.16,28.94,,,,,25.984266,0.0
277357,Elk Peak,MT,46.48,-110.71,2316.5,20170129,31.82,40.28,35.96,,,,,25.0000135,0.0
277358,Elk Peak,MT,46.48,-110.71,2316.5,20170130,23.9,34.52,29.66,,,,,25.0000135,0.0
277359,Elk Peak,MT,46.48,-110.71,2316.5,20170131,2.3,23.9,12.2,,,,,27.0078886,0.09842525
277360,Elk Peak,MT,46.48,-110.71,2316.5,20170201,-9.4,6.26,-1.84,,,,,25.0000135,0.0
277361,Elk Peak,MT,46.48,-110.71,2316.5,20170202,-8.32,9.68,-1.66,,,,,24.015760999999998,0.0
277362,Elk Peak,MT,46.48,-110.71,2316.5,20170203,5.0,32.72,26.6,,,,,27.0078886,0.20078751
277363,Elk Peak,MT,46.48,-110.71,2316.5,20170204,26.24,32.18,29.3,,,,,27.9921411,0.09842525
277364,Elk Peak,MT,46.48,-110.71,2316.5,20170205,28.58,34.52,31.46,,,,,27.9921411,0.09842525
277365,Elk Peak,MT,46.48,-110.71,2316.5,20170206,14.54,33.98,27.14,,,,,30.0000162,0.09842525
277366,Elk Peak,MT,46.48,-110.71,2316.5,20170207,12.56,24.44,15.8,,,,,30.984268699999998,0.09842525
277367,Elk Peak,MT,46.48,-110.71,2316.5,20170208,14.9,32.0,22.1,,,,,32.0078913,0.09842525
277368,Elk Peak,MT,46.48,-110.71,2316.5,20170209,31.82,41.72,37.58,,,,,30.0000162,0.20078751
277369,Elk Peak,MT,46.48,-110.71,2316.5,20170210,21.56,36.32,29.48,,,,,32.9921438,0.20078751
277370,Elk Peak,MT,46.48,-110.71,2316.5,20170211,13.64,22.28,19.22,,,,,35.9842714,0.0
277371,Elk Peak,MT,46.48,-110.71,2316.5,20170212,17.6,32.54,26.06,,,,,35.0000189,0.09842525
277372,Elk Peak,MT,46.48,-110.71,2316.5,20170213,27.68,37.04,31.28,,,,,35.0000189,0.0
277373,Elk Peak,MT,46.48,-110.71,2316.5,20170214,29.48,51.62,39.56,,,,,34.0157664,0.09842525
277374,Elk Peak,MT,46.48,-110.71,2316.5,20170215,39.02,47.12,42.62,,,,,34.0157664,0.0
277375,Elk Peak,MT,46.48,-110.71,2316.5,20170216,29.66,45.68,38.66,,,,,34.0157664,0.0
277376,Elk Peak,MT,46.48,-110.71,2316.5,20170217,28.22,36.68,31.28,,,,,34.0157664,0.0
277377,Elk Peak,MT,46.48,-110.71,2316.5,20170218,28.76,44.78,34.7,,,,,34.0157664,0.09842525
277378,Elk Peak,MT,46.48,-110.71,2316.5,20170219,26.24,34.88,31.64,,,,,35.0000189,0.20078751
277379,Elk Peak,MT,46.48,-110.71,2316.5,20170220,25.52,36.86,31.28,,,,,35.0000189,0.0
277380,Elk Peak,MT,46.48,-110.71,2316.5,20170221,25.52,37.04,32.72,,,,,37.007894,0.09842525
277381,Elk Peak,MT,46.48,-110.71,2316.5,20170222,18.14,27.14,23.18,,,,,37.007894,0.0
277382,Elk Peak,MT,46.48,-110.71,2316.5,20170223,12.2,21.02,15.8,,,,,37.992146500000004,0.0
277383,Elk Peak,MT,46.48,-110.71,2316.5,20170224,6.8,21.02,13.64,,,,,39.0157691,0.09842525
277384,Elk Peak,MT,46.48,-110.71,2316.5,20170225,8.24,15.44,11.12,,,,,42.0078967,0.09842525
277385,Elk Peak,MT,46.48,-110.71,2316.5,20170226,11.3,19.04,14.72,,,,,44.015771799999996,0.09842525
277386,Elk Peak,MT,46.48,-110.71,2316.5,20170227,11.48,22.64,15.62,,,,,44.015771799999996,0.09842525
277387,Elk Peak,MT,46.48,-110.71,2316.5,20170228,9.32,19.76,13.64,,,,,45.00002429999999,0.09842525
277388,Elk Peak,MT,46.48,-110.71,2316.5,20170301,9.32,22.64,18.14,,,,,45.984276799999996,0.09842525
277389,Elk Peak,MT,46.48,-110.71,2316.5,20170302,20.84,30.38,25.88,,,,,45.984276799999996,0.09842525
277390,Elk Peak,MT,46.48,-110.71,2316.5,20170303,27.14,38.66,32.54,,,,,45.00002429999999,0.0
277391,Elk Peak,MT,46.48,-110.71,2316.5,20170304,28.76,38.66,32.9,,,,,44.015771799999996,0.0
277392,Elk Peak,MT,46.48,-110.71,2316.5,20170305,19.04,38.12,29.12,,,,,45.00002429999999,0.0
277393,Elk Peak,MT,46.48,-110.71,2316.5,20170306,12.38,23.0,16.16,,,,,45.00002429999999,0.0
277394,Elk Peak,MT,46.48,-110.71,2316.5,20170307,11.3,23.9,17.96,,,,,45.984276799999996,0.0
277395,Elk Peak,MT,46.48,-110.71,2316.5,20170308,20.84,30.56,26.42,,,,,50.000027,0.50000027
277396,Elk Peak,MT,46.48,-110.71,2316.5,20170309,6.8,32.36,19.4,,,,,55.9842822,0.40157502
277397,Elk Peak,MT,46.48,-110.71,2316.5,20170310,29.12,40.46,34.52,,,,,54.0157772,0.29921276
277398,Elk Peak,MT,46.48,-110.71,2316.5,20170311,27.68,42.98,34.16,,,,,54.0157772,0.0
277399,Elk Peak,MT,46.48,-110.71,2316.5,20170312,26.96,33.98,29.84,,,,,52.0079021,0.09842525
277400,Elk Peak,MT,46.48,-110.71,2316.5,20170313,27.68,41.9,34.34,,,,,52.9921546,0.20078751
277401,Elk Peak,MT,46.48,-110.71,2316.5,20170314,33.26,44.6,39.38,,,,,50.9842795,0.20078751
277402,Elk Peak,MT,46.48,-110.71,2316.5,20170315,41.0,51.44,44.96,,,,,49.0157745,0.0
277403,Elk Peak,MT,46.48,-110.71,2316.5,20170316,26.24,42.98,33.26,,,,,50.000027,0.09842525
277404,Elk Peak,MT,46.48,-110.71,2316.5,20170317,24.8,48.74,36.5,,,,,49.0157745,0.09842525
277405,Elk Peak,MT,46.48,-110.71,2316.5,20170318,41.54,57.56,47.12,,,,,47.0078994,0.0
277406,Elk Peak,MT,46.48,-110.71,2316.5,20170319,29.48,41.54,35.96,,,,,45.984276799999996,0.0
277407,Elk Peak,MT,46.48,-110.71,2316.5,20170320,22.82,35.96,27.86,,,,,47.992151899999996,0.20078751
277408,Elk Peak,MT,46.48,-110.71,2316.5,20170321,21.38,46.58,32.18,,,,,47.0078994,0.09842525
277409,Elk Peak,MT,46.48,-110.71,2316.5,20170322,32.0,48.02,38.84,,,,,45.984276799999996,0.0
277410,Elk Peak,MT,46.48,-110.71,2316.5,20170323,25.88,42.8,33.62,,,,,45.984276799999996,0.0
277411,Elk Peak,MT,46.48,-110.71,2316.5,20170324,25.7,50.0,38.66,,,,,45.00002429999999,0.09842525
277412,Elk Peak,MT,46.48,-110.71,2316.5,20170325,27.68,43.52,32.54,,,,,45.984276799999996,0.09842525
277413,Elk Peak,MT,46.48,-110.71,2316.5,20170326,25.88,43.88,33.44,,,,,45.00002429999999,0.0
277414,Elk Peak,MT,46.48,-110.71,2316.5,20170327,27.14,41.54,32.9,,,,,45.984276799999996,0.09842525
277415,Elk Peak,MT,46.48,-110.71,2316.5,20170328,22.46,39.38,30.2,,,,,45.984276799999996,0.09842525
277416,Elk Peak,MT,46.48,-110.71,2316.5,20170329,26.78,40.46,34.34,,,,,45.00002429999999,0.0
277417,Elk Peak,MT,46.48,-110.71,2316.5,20170330,32.0,42.62,35.42,,,,,45.00002429999999,0.20078751
277418,Elk Peak,MT,46.48,-110.71,2316.5,20170331,30.02,42.8,34.52,,,,,45.00002429999999,0.0
277419,Elk Peak,MT,46.48,-110.71,2316.5,20170401,28.04,45.5,37.58,,,,,45.00002429999999,0.0
277420,Elk Peak,MT,46.48,-110.71,2316.5,20170402,20.66,40.46,31.64,,,,,45.00002429999999,0.0
277421,Elk Peak,MT,46.48,-110.71,2316.5,20170403,19.94,35.24,23.0,,,,,45.984276799999996,0.0
277422,Elk Peak,MT,46.48,-110.71,2316.5,20170404,19.58,39.38,28.4,,,,,45.00002429999999,0.0
277423,Elk Peak,MT,46.48,-110.71,2316.5,20170405,28.04,41.9,35.42,,,,,45.00002429999999,0.09842525
277424,Elk Peak,MT,46.48,-110.71,2316.5,20170406,37.76,53.42,44.78,,,,,44.015771799999996,0.09842525
277425,Elk Peak,MT,46.48,-110.71,2316.5,20170407,31.82,50.0,41.0,,,,,44.015771799999996,0.0
277426,Elk Peak,MT,46.48,-110.71,2316.5,20170408,28.22,48.2,35.24,,,,,44.015771799999996,0.09842525
277427,Elk Peak,MT,46.48,-110.71,2316.5,20170409,21.38,28.22,24.62,,,,,47.0078994,0.09842525
277428,Elk Peak,MT,46.48,-110.71,2316.5,20170410,22.1,40.1,27.86,,,,,47.992151899999996,0.09842525
277429,Elk Peak,MT,46.48,-110.71,2316.5,20170411,22.46,43.52,30.92,,,,,47.992151899999996,0.09842525
277430,Elk Peak,MT,46.48,-110.71,2316.5,20170412,28.04,48.38,36.68,,,,,47.0078994,0.20078751
277431,Elk Peak,MT,46.48,-110.71,2316.5,20170413,30.2,60.26,44.42,,,,,45.00002429999999,0.0
277432,Elk Peak,MT,46.48,-110.71,2316.5,20170414,24.44,41.36,30.56,,,,,47.992151899999996,0.20078751
277433,Elk Peak,MT,46.48,-110.71,2316.5,20170415,21.92,33.26,26.06,,,,,50.000027,0.0
277434,Elk Peak,MT,46.48,-110.71,2316.5,20170416,22.1,42.62,31.1,,,,,49.0157745,0.0
277435,Elk Peak,MT,46.48,-110.71,2316.5,20170417,25.7,40.64,33.44,,,,,49.0157745,0.20078751
277436,Elk Peak,MT,46.48,-110.71,2316.5,20170418,31.46,50.72,38.84,,,,,49.0157745,0.20078751
277437,Elk Peak,MT,46.48,-110.71,2316.5,20170419,28.04,44.42,35.06,,,,,47.0078994,0.0
277438,Elk Peak,MT,46.48,-110.71,2316.5,20170420,29.66,53.06,39.2,,,,,47.0078994,0.0
277439,Elk Peak,MT,46.48,-110.71,2316.5,20170421,27.86,34.7,30.02,,,,,50.000027,0.40157502
277440,Elk Peak,MT,46.48,-110.71,2316.5,20170422,25.88,48.74,38.3,,,,,47.0078994,0.09842525
277441,Elk Peak,MT,46.48,-110.71,2316.5,20170423,31.64,49.82,38.66,,,,,47.992151899999996,0.20078751
277442,Elk Peak,MT,46.48,-110.71,2316.5,20170424,30.02,48.38,35.42,,,,,47.992151899999996,0.09842525
277443,Elk Peak,MT,46.48,-110.71,2316.5,20170425,28.04,42.26,33.26,,,,,49.0157745,0.09842525
277444,Elk Peak,MT,46.48,-110.71,2316.5,20170426,26.06,43.7,32.9,,,,,49.0157745,0.20078751
277445,Elk Peak,MT,46.48,-110.71,2316.5,20170427,26.24,36.14,28.76,,,,,52.0079021,0.40157502
277446,Elk Peak,MT,46.48,-110.71,2316.5,20170428,26.6,38.66,30.02,,,,,60.0000324,0.70078778
277447,Elk Peak,MT,46.48,-110.71,2316.5,20170429,22.82,47.84,33.62,,,,,55.0000297,0.0
277448,Elk Peak,MT,46.48,-110.71,2316.5,20170430,29.66,41.54,34.52,,,,,55.0000297,0.09842525
277449,Elk Peak,MT,46.48,-110.71,2316.5,20170501,27.86,41.72,32.72,,,,,55.9842822,0.29921276
277450,Elk Peak,MT,46.48,-110.71,2316.5,20170502,27.68,38.12,31.64,,,,,57.992157299999995,0.20078751
277451,Elk Peak,MT,46.48,-110.71,2316.5,20170503,23.72,50.9,41.36,,,,,54.0157772,0.0
277452,Elk Peak,MT,46.48,-110.71,2316.5,20170504,41.0,64.22,51.8,,,,,50.000027,0.0
277453,Elk Peak,MT,46.48,-110.71,2316.5,20170505,47.84,70.52,58.46,,,,,47.0078994,0.09842525
277454,Elk Peak,MT,46.48,-110.71,2316.5,20170506,45.14,68.54,55.04,,,,,45.00002429999999,0.0
277455,Elk Peak,MT,46.48,-110.71,2316.5,20170507,31.28,59.18,42.98,,,,,44.015771799999996,0.09842525
277456,Elk Peak,MT,46.48,-110.71,2316.5,20170508,27.5,53.06,38.84,,,,,42.9921492,0.0
277457,Elk Peak,MT,46.48,-110.71,2316.5,20170509,34.52,57.38,44.6,,,,,40.9842741,0.09842525
277458,Elk Peak,MT,46.48,-110.71,2316.5,20170510,37.94,61.7,49.64,,,,,39.0157691,0.0
277459,Elk Peak,MT,46.48,-110.71,2316.5,20170511,41.9,67.82,53.96,,,,,35.9842714,0.0
277460,Elk Peak,MT,46.48,-110.71,2316.5,20170512,32.0,68.0,51.98,,,,,34.0157664,0.0
277461,Elk Peak,MT,46.48,-110.71,2316.5,20170513,24.62,42.08,31.28,,,,,35.9842714,0.09842525
277462,Elk Peak,MT,46.48,-110.71,2316.5,20170514,26.6,42.8,33.8,,,,,34.0157664,0.09842525
277463,Elk Peak,MT,46.48,-110.71,2316.5,20170515,29.3,45.5,35.96,,,,,32.9921438,0.0
277464,Elk Peak,MT,46.48,-110.71,2316.5,20170516,29.66,50.54,38.66,,,,,32.9921438,0.20078751
277465,Elk Peak,MT,46.48,-110.71,2316.5,20170517,32.0,35.42,34.34,,,,,50.000027,2.4015761
277466,Elk Peak,MT,46.48,-110.71,2316.5,20170518,29.12,41.54,33.8,,,,,45.984276799999996,0.09842525
277467,Elk Peak,MT,46.48,-110.71,2316.5,20170519,26.24,56.66,39.02,,,,,42.0078967,0.0
277468,Elk Peak,MT,46.48,-110.71,2316.5,20170520,34.34,52.88,41.18,,,,,40.000021600000004,0.20078751
277469,Elk Peak,MT,46.48,-110.71,2316.5,20170521,33.98,54.14,43.88,,,,,39.0157691,0.0
277470,Elk Peak,MT,46.48,-110.71,2316.5,20170522,39.02,52.88,44.42,,,,,37.007894,0.09842525
277471,Elk Peak,MT,46.48,-110.71,2316.5,20170523,37.58,63.86,53.6,,,,,34.0157664,0.0
277472,Elk Peak,MT,46.48,-110.71,2316.5,20170524,32.72,54.86,46.4,,,,,30.984268699999998,0.0
277473,Elk Peak,MT,46.48,-110.71,2316.5,20170525,30.56,43.7,34.52,,,,,30.984268699999998,0.0
277474,Elk Peak,MT,46.48,-110.71,2316.5,20170526,32.18,51.8,40.28,,,,,30.0000162,0.0
277475,Elk Peak,MT,46.48,-110.71,2316.5,20170527,37.58,57.74,48.02,,,,,27.0078886,0.0
277476,Elk Peak,MT,46.48,-110.71,2316.5,20170528,40.82,59.72,47.48,,,,,25.984266,0.29921276
277477,Elk Peak,MT,46.48,-110.71,2316.5,20170529,38.3,63.14,50.0,,,,,24.015760999999998,0.0
277478,Elk Peak,MT,46.48,-110.71,2316.5,20170530,44.24,61.7,52.16,,,,,20.9842633,0.0
277479,Elk Peak,MT,46.48,-110.71,2316.5,20170531,46.76,68.9,57.74,,,,,17.0078832,0.0
277480,Elk Peak,MT,46.48,-110.71,2316.5,20170601,44.06,68.0,56.84,,,,,12.992133,0.0
277481,Elk Peak,MT,46.48,-110.71,2316.5,20170602,42.08,60.08,50.0,,,,,7.9921303,0.0
277482,Elk Peak,MT,46.48,-110.71,2316.5,20170603,41.9,68.9,56.84,,,,,4.0157502,0.09842525
277483,Elk Peak,MT,46.48,-110.71,2316.5,20170604,46.58,73.4,59.72,,,,,0.0,0.20078751
277484,Elk Peak,MT,46.48,-110.71,2316.5,20170605,40.64,57.2,47.12,,,,,0.0,0.0
277485,Elk Peak,MT,46.48,-110.71,2316.5,20170606,39.74,58.64,48.74,,,,,0.0,0.0
277486,Elk Peak,MT,46.48,-110.71,2316.5,20170607,45.14,67.82,56.48,,,,,0.0,0.0
277487,Elk Peak,MT,46.48,-110.71,2316.5,20170608,49.28,73.04,62.78,,,,,0.0,0.0
277488,Elk Peak,MT,46.48,-110.71,2316.5,20170609,36.5,55.76,44.42,,,,,0.0,0.29921276
277489,Elk Peak,MT,46.48,-110.71,2316.5,20170610,30.92,49.82,38.48,,,,,0.0,0.20078751
277490,Elk Peak,MT,46.48,-110.71,2316.5,20170611,29.84,55.94,43.16,,,,,0.0,0.09842525
277491,Elk Peak,MT,46.48,-110.71,2316.5,20170612,41.0,59.0,47.3,,,,,0.0,0.90157529
277492,Elk Peak,MT,46.48,-110.71,2316.5,20170613,33.8,43.88,38.12,,,,,0.0,0.40157502
277493,Elk Peak,MT,46.48,-110.71,2316.5,20170614,35.96,52.88,44.42,,,,,0.0,0.09842525
277494,Elk Peak,MT,46.48,-110.71,2316.5,20170615,39.92,53.42,46.94,,,,,0.0,0.09842525
277495,Elk Peak,MT,46.48,-110.71,2316.5,20170616,40.64,51.98,45.86,,,,,0.0,0.09842525
277496,Elk Peak,MT,46.48,-110.71,2316.5,20170617,38.3,53.06,44.24,,,,,0.0,0.0
277497,Elk Peak,MT,46.48,-110.71,2316.5,20170618,40.82,51.98,45.86,,,,,0.0,0.0
277498,Elk Peak,MT,46.48,-110.71,2316.5,20170619,43.52,66.38,55.4,,,,,0.0,0.0
277499,Elk Peak,MT,46.48,-110.71,2316.5,20170620,54.68,71.78,61.88,,,,,0.0,0.0
277500,Elk Peak,MT,46.48,-110.71,2316.5,20170621,45.14,64.76,57.02,,,,,0.0,0.0
277501,Elk Peak,MT,46.48,-110.71,2316.5,20170622,35.06,53.42,44.96,,,,,0.0,0.09842525
277502,Elk Peak,MT,46.48,-110.71,2316.5,20170623,34.16,58.82,45.32,,,,,0.0,0.0
277503,Elk Peak,MT,46.48,-110.71,2316.5,20170624,38.84,62.06,49.28,,,,,0.0,0.0
277504,Elk Peak,MT,46.48,-110.71,2316.5,20170625,42.08,68.72,55.94,,,,,0.0,0.09842525
277505,Elk Peak,MT,46.48,-110.71,2316.5,20170626,51.08,77.9,64.94,,,,,0.0,0.0
277506,Elk Peak,MT,46.48,-110.71,2316.5,20170627,47.3,61.7,53.24,,,,,0.0,0.20078751
277507,Elk Peak,MT,46.48,-110.71,2316.5,20170628,42.98,61.52,50.9,,,,,0.0,0.0
277508,Elk Peak,MT,46.48,-110.71,2316.5,20170629,39.92,57.2,46.58,,,,,0.0,0.0
277509,Elk Peak,MT,46.48,-110.71,2316.5,20170630,43.34,65.3,53.96,,,,,0.0,0.0
277510,Elk Peak,MT,46.48,-110.71,2316.5,20170701,48.2,73.58,60.62,,,,,0.0,0.20078751
277511,Elk Peak,MT,46.48,-110.71,2316.5,20170702,51.8,74.48,62.96,,,,,0.0,0.09842525
277512,Elk Peak,MT,46.48,-110.71,2316.5,20170703,57.74,74.3,65.3,,,,,0.0,0.0
277513,Elk Peak,MT,46.48,-110.71,2316.5,20170704,52.16,76.1,64.4,,,,,0.0,0.0
277514,Elk Peak,MT,46.48,-110.71,2316.5,20170705,55.04,81.68,66.92,,,,,0.0,0.0
277515,Elk Peak,MT,46.48,-110.71,2316.5,20170706,58.64,79.34,66.56,,,,,0.0,0.0
277516,Elk Peak,MT,46.48,-110.71,2316.5,20170707,57.2,76.64,65.66,,,,,0.0,0.0
277517,Elk Peak,MT,46.48,-110.71,2316.5,20170708,62.6,81.14,71.24,,,,,0.0,0.0
277518,Elk Peak,MT,46.48,-110.71,2316.5,20170709,58.46,82.4,68.36,,,,,0.0,0.0
277519,Elk Peak,MT,46.48,-110.71,2316.5,20170710,51.26,73.94,60.8,,,,,0.0,0.0
277520,Elk Peak,MT,46.48,-110.71,2316.5,20170711,48.02,67.28,56.66,,,,,0.0,0.09842525
277521,Elk Peak,MT,46.48,-110.71,2316.5,20170712,46.04,72.5,58.82,,,,,0.0,0.0
277522,Elk Peak,MT,46.48,-110.71,2316.5,20170713,53.42,79.88,68.0,,,,,0.0,0.0
277523,Elk Peak,MT,46.48,-110.71,2316.5,20170714,54.68,78.62,67.82,,,,,0.0,0.0
277524,Elk Peak,MT,46.48,-110.71,2316.5,20170715,55.04,79.7,66.38,,,,,0.0,0.0
277525,Elk Peak,MT,46.48,-110.71,2316.5,20170716,56.3,76.82,65.84,,,,,0.0,0.0
277526,Elk Peak,MT,46.48,-110.71,2316.5,20170717,51.62,69.26,59.36,,,,,0.0,0.0
277527,Elk Peak,MT,46.48,-110.71,2316.5,20170718,50.0,74.12,62.24,,,,,0.0,0.0
277528,Elk Peak,MT,46.48,-110.71,2316.5,20170719,51.44,75.74,63.5,,,,,0.0,0.0
277529,Elk Peak,MT,46.48,-110.71,2316.5,20170720,56.48,78.8,66.92,,,,,0.0,0.0
277530,Elk Peak,MT,46.48,-110.71,2316.5,20170721,50.72,69.62,59.72,,,,,0.0,0.0
277531,Elk Peak,MT,46.48,-110.71,2316.5,20170722,50.9,72.32,61.16,,,,,0.0,0.0
277532,Elk Peak,MT,46.48,-110.71,2316.5,20170723,52.34,80.24,67.46,,,,,0.0,0.0
277533,Elk Peak,MT,46.48,-110.71,2316.5,20170724,58.28,76.82,65.48,,,,,0.0,0.0
277534,Elk Peak,MT,46.48,-110.71,2316.5,20170725,48.92,66.92,58.1,,,,,0.0,0.0
277535,Elk Peak,MT,46.48,-110.71,2316.5,20170726,52.88,76.28,62.96,,,,,0.0,0.0
277536,Elk Peak,MT,46.48,-110.71,2316.5,20170727,53.96,75.92,64.22,,,,,0.0,0.0
277537,Elk Peak,MT,46.48,-110.71,2316.5,20170728,55.94,77.18,64.76,,,,,0.0,0.0
277538,Elk Peak,MT,46.48,-110.71,2316.5,20170729,54.5,79.16,66.56,,,,,0.0,0.0
277539,Elk Peak,MT,46.48,-110.71,2316.5,20170730,56.84,79.52,67.82,,,,,0.0,0.0
277540,Elk Peak,MT,46.48,-110.71,2316.5,20170731,57.2,79.16,66.74,,,,,0.0,0.0
277541,Elk Peak,MT,46.48,-110.71,2316.5,20170801,53.78,77.18,64.58,,,,,0.0,0.0
277542,Elk Peak,MT,46.48,-110.71,2316.5,20170802,43.52,62.24,51.62,,,,,0.0,0.0
277543,Elk Peak,MT,46.48,-110.71,2316.5,20170803,44.42,67.28,53.78,,,,,0.0,0.0
277544,Elk Peak,MT,46.48,-110.71,2316.5,20170804,46.4,73.4,60.62,,,,,0.0,0.0
277545,Elk Peak,MT,46.48,-110.71,2316.5,20170805,41.72,60.08,49.46,,,,,0.0,0.0
277546,Elk Peak,MT,46.48,-110.71,2316.5,20170806,41.18,62.96,50.54,,,,,0.0,0.0
277547,Elk Peak,MT,46.48,-110.71,2316.5,20170807,43.16,70.34,57.02,,,,,0.0,0.0
277548,Elk Peak,MT,46.48,-110.71,2316.5,20170808,48.02,69.26,56.3,,,,,0.0,0.0
277549,Elk Peak,MT,46.48,-110.71,2316.5,20170809,44.78,65.12,53.42,,,,,0.0,0.0
277550,Elk Peak,MT,46.48,-110.71,2316.5,20170810,44.78,70.52,57.38,,,,,0.0,0.0
277551,Elk Peak,MT,46.48,-110.71,2316.5,20170811,46.76,72.68,58.64,,,,,0.0,0.0
277552,Elk Peak,MT,46.48,-110.71,2316.5,20170812,48.56,73.04,59.54,,,,,0.0,0.0
277553,Elk Peak,MT,46.48,-110.71,2316.5,20170813,45.5,69.08,55.76,,,,,0.0,0.0
277554,Elk Peak,MT,46.48,-110.71,2316.5,20170814,45.68,60.8,51.62,,,,,0.0,0.09842525
277555,Elk Peak,MT,46.48,-110.71,2316.5,20170815,43.34,67.1,54.5,,,,,0.0,0.0
277556,Elk Peak,MT,46.48,-110.71,2316.5,20170816,50.0,69.26,57.92,,,,,0.0,0.0
277557,Elk Peak,MT,46.48,-110.71,2316.5,20170817,51.44,68.36,58.28,,,,,0.0,0.0
277558,Elk Peak,MT,46.48,-110.71,2316.5,20170818,49.28,72.68,60.44,,,,,0.0,0.0
277559,Elk Peak,MT,46.48,-110.71,2316.5,20170819,50.72,70.16,59.18,,,,,0.0,0.0
277560,Elk Peak,MT,46.48,-110.71,2316.5,20170820,43.88,62.6,54.14,,,,,0.0,0.0
277561,Elk Peak,MT,46.48,-110.71,2316.5,20170821,44.6,67.28,55.4,,,,,0.0,0.0
277562,Elk Peak,MT,46.48,-110.71,2316.5,20170822,48.56,76.64,62.24,,,,,0.0,0.0
277563,Elk Peak,MT,46.48,-110.71,2316.5,20170823,57.74,75.92,65.66,,,,,0.0,0.0
277564,Elk Peak,MT,46.48,-110.71,2316.5,20170824,51.62,74.84,60.44,,,,,0.0,0.0
277565,Elk Peak,MT,46.48,-110.71,2316.5,20170825,52.16,70.16,59.18,,,,,0.0,0.0
277566,Elk Peak,MT,46.48,-110.71,2316.5,20170826,52.34,70.7,59.54,,,,,0.0,0.0
277567,Elk Peak,MT,46.48,-110.71,2316.5,20170827,50.18,77.18,63.86,,,,,0.0,0.0
277568,Elk Peak,MT,46.48,-110.71,2316.5,20170828,54.14,78.44,65.84,,,,,0.0,0.0
277569,Elk Peak,MT,46.48,-110.71,2316.5,20170829,59.36,77.54,66.56,,,,,0.0,0.0
277570,Elk Peak,MT,46.48,-110.71,2316.5,20170830,57.92,80.06,67.1,,,,,0.0,0.0
277571,Elk Peak,MT,46.48,-110.71,2316.5,20170831,52.16,72.5,62.78,,,,,0.0,0.0
277572,Elk Peak,MT,46.48,-110.71,2316.5,20170901,46.76,68.18,58.28,,,,,0.0,0.0
277573,Elk Peak,MT,46.48,-110.71,2316.5,20170902,56.12,77.36,66.2,,,,,0.0,0.0
277574,Elk Peak,MT,46.48,-110.71,2316.5,20170903,53.06,78.98,67.46,,,,,0.0,0.0
277575,Elk Peak,MT,46.48,-110.71,2316.5,20170904,42.62,59.72,50.0,,,,,0.0,0.0
277576,Elk Peak,MT,46.48,-110.71,2316.5,20170905,39.56,65.12,52.52,,,,,0.0,0.0
277577,Elk Peak,MT,46.48,-110.71,2316.5,20170906,48.56,72.5,60.08,,,,,0.0,0.0
277578,Elk Peak,MT,46.48,-110.71,2316.5,20170907,51.26,75.38,61.7,,,,,0.0,0.0
277579,Elk Peak,MT,46.48,-110.71,2316.5,20170908,54.5,77.18,65.66,,,,,0.0,0.0
277580,Elk Peak,MT,46.48,-110.71,2316.5,20170909,56.84,75.38,63.86,,,,,0.0,0.0
277581,Elk Peak,MT,46.48,-110.71,2316.5,20170910,52.16,67.28,58.46,,,,,0.0,0.0
277582,Elk Peak,MT,46.48,-110.71,2316.5,20170911,48.02,73.76,60.98,,,,,0.0,0.0
277583,Elk Peak,MT,46.48,-110.71,2316.5,20170912,56.48,74.66,63.86,,,,,0.0,0.0
277584,Elk Peak,MT,46.48,-110.71,2316.5,20170913,42.62,65.48,55.4,,,,,0.0,0.0
277585,Elk Peak,MT,46.48,-110.71,2316.5,20170914,33.08,42.62,37.4,,,,,0.0,0.79921303
277586,Elk Peak,MT,46.48,-110.71,2316.5,20170915,29.66,33.08,31.46,,,,,10.000005400000001,1.00000054
277587,Elk Peak,MT,46.48,-110.71,2316.5,20170916,28.58,44.06,32.36,,,,,9.0157529,0.29921276
277588,Elk Peak,MT,46.48,-110.71,2316.5,20170917,30.02,46.76,39.74,,,,,5.0000027000000005,0.09842525
277589,Elk Peak,MT,46.48,-110.71,2316.5,20170918,34.7,50.18,42.44,,,,,2.0078751,0.29921276
277590,Elk Peak,MT,46.48,-110.71,2316.5,20170919,30.38,39.92,33.26,,,,,2.0078751,0.09842525
277591,Elk Peak,MT,46.48,-110.71,2316.5,20170920,30.02,41.18,33.62,,,,,2.0078751,0.20078751
277592,Elk Peak,MT,46.48,-110.71,2316.5,20170921,29.66,40.1,33.08,,,,,2.9921276000000003,0.20078751
277593,Northeast Entrance,MT,45.01,-110.01,2240.3,20170101,-6.52,23.54,10.4,,,,,20.9842633,0.0
277594,Northeast Entrance,MT,45.01,-110.01,2240.3,20170102,-7.24,9.68,2.12,,,,,22.007885899999998,0.09842525
277595,Northeast Entrance,MT,45.01,-110.01,2240.3,20170103,-5.44,13.28,1.76,,,,,22.007885899999998,0.0
277596,Northeast Entrance,MT,45.01,-110.01,2240.3,20170104,-26.14,11.3,-4.18,,,,,22.007885899999998,0.0
277597,Northeast Entrance,MT,45.01,-110.01,2240.3,20170105,-32.26,9.14,-16.06,,,,,22.007885899999998,0.0
277598,Northeast Entrance,MT,45.01,-110.01,2240.3,20170106,-14.62,15.08,-0.94,,,,,22.007885899999998,0.0
277599,Northeast Entrance,MT,45.01,-110.01,2240.3,20170107,-18.94,24.8,5.18,,,,,22.992138399999998,0.20078751
277600,Northeast Entrance,MT,45.01,-110.01,2240.3,20170108,21.2,35.24,27.86,,,,,24.015760999999998,0.29921276
277601,Northeast Entrance,MT,45.01,-110.01,2240.3,20170109,23.72,36.5,31.82,,,,,27.9921411,0.40157502
277602,Northeast Entrance,MT,45.01,-110.01,2240.3,20170110,20.84,27.68,24.44,,,,,32.9921438,0.29921276
277603,Northeast Entrance,MT,45.01,-110.01,2240.3,20170111,8.6,29.48,17.78,,,,,35.9842714,0.29921276
277604,Northeast Entrance,MT,45.01,-110.01,2240.3,20170112,-4.9,28.4,15.62,,,,,35.0000189,0.0
277605,Northeast Entrance,MT,45.01,-110.01,2240.3,20170113,-11.92,29.84,3.02,,,,,32.9921438,0.0
277606,Northeast Entrance,MT,45.01,-110.01,2240.3,20170114,-11.92,31.46,4.1,,,,,32.0078913,0.0
277607,Northeast Entrance,MT,45.01,-110.01,2240.3,20170115,-9.58,31.82,6.26,,,,,30.984268699999998,0.0
277608,Northeast Entrance,MT,45.01,-110.01,2240.3,20170116,-8.68,32.0,8.96,,,,,30.0000162,0.0
277609,Northeast Entrance,MT,45.01,-110.01,2240.3,20170117,4.46,40.46,16.7,,,,,29.015763699999997,0.09842525
277610,Northeast Entrance,MT,45.01,-110.01,2240.3,20170118,3.38,42.26,21.92,,,,,29.015763699999997,0.0
277611,Northeast Entrance,MT,45.01,-110.01,2240.3,20170119,21.92,35.24,28.22,,,,,27.9921411,0.0
277612,Northeast Entrance,MT,45.01,-110.01,2240.3,20170120,10.94,32.18,24.44,,,,,27.9921411,0.0
277613,Northeast Entrance,MT,45.01,-110.01,2240.3,20170121,8.24,32.72,21.74,,,,,27.9921411,0.09842525
277614,Northeast Entrance,MT,45.01,-110.01,2240.3,20170122,21.2,32.9,25.52,,,,,27.9921411,0.0
277615,Northeast Entrance,MT,45.01,-110.01,2240.3,20170123,15.26,36.32,23.54,,,,,27.9921411,0.0
277616,Northeast Entrance,MT,45.01,-110.01,2240.3,20170124,8.78,26.24,15.98,,,,,27.9921411,0.0
277617,Northeast Entrance,MT,45.01,-110.01,2240.3,20170125,5.0,21.38,12.38,,,,,27.9921411,0.0
277618,Northeast Entrance,MT,45.01,-110.01,2240.3,20170126,-0.94,20.84,12.2,,,,,27.9921411,0.0
277619,Northeast Entrance,MT,45.01,-110.01,2240.3,20170127,-6.16,30.2,9.32,,,,,27.9921411,0.0
277620,Northeast Entrance,MT,45.01,-110.01,2240.3,20170128,2.66,34.52,15.26,,,,,27.9921411,0.0
277621,Northeast Entrance,MT,45.01,-110.01,2240.3,20170129,3.74,40.28,21.02,,,,,27.9921411,0.09842525
277622,Northeast Entrance,MT,45.01,-110.01,2240.3,20170130,11.3,39.56,25.7,,,,,27.9921411,0.0
277623,Northeast Entrance,MT,45.01,-110.01,2240.3,20170131,15.62,26.06,23.72,,,,,32.9921438,0.29921276
277624,Northeast Entrance,MT,45.01,-110.01,2240.3,20170201,5.72,22.1,10.94,,,,,34.0157664,0.0
277625,Northeast Entrance,MT,45.01,-110.01,2240.3,20170202,-19.66,12.56,0.68,,,,,35.9842714,0.29921276
277626,Northeast Entrance,MT,45.01,-110.01,2240.3,20170203,-19.66,32.9,15.62,,,,,34.0157664,0.20078751
277627,Northeast Entrance,MT,45.01,-110.01,2240.3,20170204,30.56,34.88,32.54,,,,,35.9842714,0.29921276
277628,Northeast Entrance,MT,45.01,-110.01,2240.3,20170205,31.28,34.88,33.44,,,,,35.0000189,0.29921276
277629,Northeast Entrance,MT,45.01,-110.01,2240.3,20170206,27.68,36.14,33.26,,,,,37.007894,0.20078751
277630,Northeast Entrance,MT,45.01,-110.01,2240.3,20170207,24.98,30.74,27.86,,,,,39.0157691,0.20078751
277631,Northeast Entrance,MT,45.01,-110.01,2240.3,20170208,24.98,34.52,29.12,,,,,40.9842741,0.40157502
277632,Northeast Entrance,MT,45.01,-110.01,2240.3,20170209,33.62,42.26,38.3,,,,,37.007894,0.79921303
277633,Northeast Entrance,MT,45.01,-110.01,2240.3,20170210,31.64,40.28,34.88,,,,,39.0157691,0.20078751
277634,Northeast Entrance,MT,45.01,-110.01,2240.3,20170211,1.76,32.54,23.9,,,,,37.992146500000004,0.0
277635,Northeast Entrance,MT,45.01,-110.01,2240.3,20170212,-4.54,41.54,16.34,,,,,37.992146500000004,0.0
277636,Northeast Entrance,MT,45.01,-110.01,2240.3,20170213,2.66,45.14,21.38,,,,,37.007894,0.0
277637,Northeast Entrance,MT,45.01,-110.01,2240.3,20170214,4.28,50.54,24.26,,,,,35.9842714,0.0
277638,Northeast Entrance,MT,45.01,-110.01,2240.3,20170215,10.22,50.36,27.86,,,,,35.9842714,0.0
277639,Northeast Entrance,MT,45.01,-110.01,2240.3,20170216,16.52,47.66,33.62,,,,,35.0000189,0.09842525
277640,Northeast Entrance,MT,45.01,-110.01,2240.3,20170217,29.48,46.58,34.7,,,,,35.0000189,0.0
277641,Northeast Entrance,MT,45.01,-110.01,2240.3,20170218,30.2,41.72,36.32,,,,,34.0157664,0.09842525
277642,Northeast Entrance,MT,45.01,-110.01,2240.3,20170219,29.12,39.38,35.06,,,,,35.0000189,0.09842525
277643,Northeast Entrance,MT,45.01,-110.01,2240.3,20170220,29.3,38.66,34.52,,,,,35.0000189,0.20078751
277644,Northeast Entrance,MT,45.01,-110.01,2240.3,20170221,29.66,40.82,35.06,,,,,37.007894,0.09842525
277645,Northeast Entrance,MT,45.01,-110.01,2240.3,20170222,9.32,38.12,24.98,,,,,37.007894,0.0
277646,Northeast Entrance,MT,45.01,-110.01,2240.3,20170223,7.34,28.04,17.42,,,,,37.007894,0.0
277647,Northeast Entrance,MT,45.01,-110.01,2240.3,20170224,9.14,24.98,16.52,,,,,37.007894,0.09842525
277648,Northeast Entrance,MT,45.01,-110.01,2240.3,20170225,10.4,20.12,13.64,,,,,37.992146500000004,0.09842525
277649,Northeast Entrance,MT,45.01,-110.01,2240.3,20170226,10.76,21.74,16.16,,,,,37.007894,0.0
277650,Northeast Entrance,MT,45.01,-110.01,2240.3,20170227,9.86,30.92,18.32,,,,,37.992146500000004,0.0
277651,Northeast Entrance,MT,45.01,-110.01,2240.3,20170228,14.0,24.44,17.06,,,,,39.0157691,0.09842525
277652,Northeast Entrance,MT,45.01,-110.01,2240.3,20170301,13.64,26.06,20.66,,,,,39.0157691,0.09842525
277653,Northeast Entrance,MT,45.01,-110.01,2240.3,20170302,21.38,35.6,27.32,,,,,39.0157691,0.0
277654,Northeast Entrance,MT,45.01,-110.01,2240.3,20170303,27.5,45.32,34.34,,,,,37.007894,0.0
277655,Northeast Entrance,MT,45.01,-110.01,2240.3,20170304,29.66,42.62,35.78,,,,,37.007894,0.09842525
277656,Northeast Entrance,MT,45.01,-110.01,2240.3,20170305,24.26,35.78,30.92,,,,,39.0157691,0.09842525
277657,Northeast Entrance,MT,45.01,-110.01,2240.3,20170306,15.98,27.32,19.4,,,,,40.9842741,0.20078751
277658,Northeast Entrance,MT,45.01,-110.01,2240.3,20170307,14.0,27.5,21.56,,,,,40.9842741,0.09842525
277659,Northeast Entrance,MT,45.01,-110.01,2240.3,20170308,26.96,35.96,32.72,,,,,42.9921492,0.40157502
277660,Northeast Entrance,MT,45.01,-110.01,2240.3,20170309,32.54,39.92,35.6,,,,,45.00002429999999,0.90157529
277661,Northeast Entrance,MT,45.01,-110.01,2240.3,20170310,34.88,44.96,38.3,,,,,42.0078967,0.0
277662,Northeast Entrance,MT,45.01,-110.01,2240.3,20170311,29.12,48.02,38.12,,,,,40.000021600000004,0.0
277663,Northeast Entrance,MT,45.01,-110.01,2240.3,20170312,26.24,41.72,33.44,,,,,40.9842741,0.09842525
277664,Northeast Entrance,MT,45.01,-110.01,2240.3,20170313,29.84,47.48,38.3,,,,,39.0157691,0.09842525
277665,Northeast Entrance,MT,45.01,-110.01,2240.3,20170314,34.7,55.94,41.18,,,,,39.0157691,0.09842525
277666,Northeast Entrance,MT,45.01,-110.01,2240.3,20170315,35.78,56.84,47.3,,,,,35.9842714,0.0
277667,Northeast Entrance,MT,45.01,-110.01,2240.3,20170316,28.58,46.58,38.84,,,,,35.9842714,0.40157502
277668,Northeast Entrance,MT,45.01,-110.01,2240.3,20170317,25.52,53.42,40.1,,,,,35.0000189,0.09842525
277669,Northeast Entrance,MT,45.01,-110.01,2240.3,20170318,31.82,59.54,48.38,,,,,32.9921438,0.0
277670,Northeast Entrance,MT,45.01,-110.01,2240.3,20170319,35.24,46.04,41.18,,,,,32.0078913,0.20078751
277671,Northeast Entrance,MT,45.01,-110.01,2240.3,20170320,34.52,45.14,37.76,,,,,30.984268699999998,0.29921276
277672,Northeast Entrance,MT,45.01,-110.01,2240.3,20170321,32.72,54.14,40.1,,,,,30.0000162,0.0
277673,Northeast Entrance,MT,45.01,-110.01,2240.3,20170322,33.26,53.6,41.18,,,,,29.015763699999997,0.20078751
277674,Northeast Entrance,MT,45.01,-110.01,2240.3,20170323,24.98,48.02,35.42,,,,,27.9921411,0.0
277675,Northeast Entrance,MT,45.01,-110.01,2240.3,20170324,17.96,50.18,36.68,,,,,25.984266,0.0
277676,Northeast Entrance,MT,45.01,-110.01,2240.3,20170325,28.4,42.26,36.86,,,,,27.0078886,0.20078751
277677,Northeast Entrance,MT,45.01,-110.01,2240.3,20170326,28.58,47.48,35.6,,,,,25.0000135,0.0
277678,Northeast Entrance,MT,45.01,-110.01,2240.3,20170327,30.2,43.88,35.06,,,,,27.0078886,0.29921276
277679,Northeast Entrance,MT,45.01,-110.01,2240.3,20170328,23.18,48.2,34.7,,,,,27.0078886,0.0
277680,Northeast Entrance,MT,45.01,-110.01,2240.3,20170329,23.18,44.24,35.06,,,,,25.984266,0.0
277681,Northeast Entrance,MT,45.01,-110.01,2240.3,20170330,30.02,48.38,37.76,,,,,25.984266,0.20078751
277682,Northeast Entrance,MT,45.01,-110.01,2240.3,20170331,26.24,48.74,36.32,,,,,25.0000135,0.0
277683,Northeast Entrance,MT,45.01,-110.01,2240.3,20170401,18.68,54.14,38.48,,,,,22.992138399999998,0.0
277684,Northeast Entrance,MT,45.01,-110.01,2240.3,20170402,27.5,47.48,36.5,,,,,24.015760999999998,0.09842525
277685,Northeast Entrance,MT,45.01,-110.01,2240.3,20170403,17.42,35.78,25.88,,,,,24.015760999999998,0.0
277686,Northeast Entrance,MT,45.01,-110.01,2240.3,20170404,9.32,44.06,27.68,,,,,22.992138399999998,0.09842525
277687,Northeast Entrance,MT,45.01,-110.01,2240.3,20170405,23.54,49.46,35.24,,,,,22.007885899999998,0.0
277688,Northeast Entrance,MT,45.01,-110.01,2240.3,20170406,23.18,57.2,41.9,,,,,20.000010800000002,0.0
277689,Northeast Entrance,MT,45.01,-110.01,2240.3,20170407,31.28,51.62,41.54,,,,,19.0157583,0.20078751
277690,Northeast Entrance,MT,45.01,-110.01,2240.3,20170408,31.28,47.12,35.6,,,,,19.0157583,0.09842525
277691,Northeast Entrance,MT,45.01,-110.01,2240.3,20170409,16.88,35.24,28.94,,,,,20.9842633,0.20078751
277692,Northeast Entrance,MT,45.01,-110.01,2240.3,20170410,13.64,41.9,28.76,,,,,20.9842633,0.09842525
277693,Northeast Entrance,MT,45.01,-110.01,2240.3,20170411,29.48,48.74,36.68,,,,,20.000010800000002,0.09842525
277694,Northeast Entrance,MT,45.01,-110.01,2240.3,20170412,32.36,55.04,41.36,,,,,17.9921357,0.0
277695,Northeast Entrance,MT,45.01,-110.01,2240.3,20170413,30.38,61.7,46.22,,,,,15.9842606,0.0
277696,Northeast Entrance,MT,45.01,-110.01,2240.3,20170414,27.68,42.98,34.88,,,,,15.9842606,0.0
277697,Northeast Entrance,MT,45.01,-110.01,2240.3,20170415,24.8,40.46,32.72,,,,,15.0000081,0.0
277698,Northeast Entrance,MT,45.01,-110.01,2240.3,20170416,21.38,52.16,37.58,,,,,12.992133,0.0
277699,Northeast Entrance,MT,45.01,-110.01,2240.3,20170417,30.38,47.66,37.22,,,,,12.007880499999999,0.09842525
277700,Northeast Entrance,MT,45.01,-110.01,2240.3,20170418,33.98,46.58,39.02,,,,,12.007880499999999,0.09842525
277701,Northeast Entrance,MT,45.01,-110.01,2240.3,20170419,24.8,50.9,38.12,,,,,10.000005400000001,0.0
277702,Northeast Entrance,MT,45.01,-110.01,2240.3,20170420,23.36,53.06,37.76,,,,,10.000005400000001,0.20078751
277703,Northeast Entrance,MT,45.01,-110.01,2240.3,20170421,25.16,41.9,33.62,,,,,10.9842579,0.29921276
277704,Northeast Entrance,MT,45.01,-110.01,2240.3,20170422,24.08,51.98,37.58,,,,,9.0157529,0.0
277705,Northeast Entrance,MT,45.01,-110.01,2240.3,20170423,28.76,51.8,37.04,,,,,9.0157529,0.29921276
277706,Northeast Entrance,MT,45.01,-110.01,2240.3,20170424,30.56,43.34,35.42,,,,,12.007880499999999,0.40157502
277707,Northeast Entrance,MT,45.01,-110.01,2240.3,20170425,28.4,50.0,36.68,,,,,9.0157529,0.0
277708,Northeast Entrance,MT,45.01,-110.01,2240.3,20170426,28.94,48.02,34.88,,,,,10.000005400000001,0.29921276
277709,Northeast Entrance,MT,45.01,-110.01,2240.3,20170427,28.4,40.28,33.08,,,,,10.000005400000001,0.09842525
277710,Northeast Entrance,MT,45.01,-110.01,2240.3,20170428,26.42,43.16,33.8,,,,,9.0157529,0.0
277711,Northeast Entrance,MT,45.01,-110.01,2240.3,20170429,19.4,48.38,33.26,,,,,7.9921303,0.0
277712,Northeast Entrance,MT,45.01,-110.01,2240.3,20170430,28.04,46.04,36.86,,,,,7.007877799999999,0.29921276
277713,Northeast Entrance,MT,45.01,-110.01,2240.3,20170501,30.92,48.38,37.76,,,,,7.9921303,0.09842525
277714,Northeast Entrance,MT,45.01,-110.01,2240.3,20170502,28.4,48.56,38.84,,,,,5.984255200000001,0.0
277715,Northeast Entrance,MT,45.01,-110.01,2240.3,20170503,23.36,58.82,40.82,,,,,2.0078751,0.0
277716,Northeast Entrance,MT,45.01,-110.01,2240.3,20170504,28.94,67.28,46.94,,,,,0.0,0.0
277717,Northeast Entrance,MT,45.01,-110.01,2240.3,20170505,30.74,69.8,50.18,,,,,0.0,0.0
277718,Northeast Entrance,MT,45.01,-110.01,2240.3,20170506,35.96,70.52,51.8,,,,,0.0,0.0
277719,Northeast Entrance,MT,45.01,-110.01,2240.3,20170507,37.22,64.04,48.74,,,,,0.0,0.0
277720,Northeast Entrance,MT,45.01,-110.01,2240.3,20170508,35.78,59.54,46.04,,,,,0.0,0.0
277721,Northeast Entrance,MT,45.01,-110.01,2240.3,20170509,31.1,57.02,40.82,,,,,0.0,0.09842525
277722,Northeast Entrance,MT,45.01,-110.01,2240.3,20170510,28.76,63.32,45.32,,,,,0.0,0.0
277723,Northeast Entrance,MT,45.01,-110.01,2240.3,20170511,30.74,68.54,48.02,,,,,0.0,0.0
277724,Northeast Entrance,MT,45.01,-110.01,2240.3,20170512,33.62,69.98,51.62,,,,,0.0,0.0
277725,Northeast Entrance,MT,45.01,-110.01,2240.3,20170513,32.18,56.12,41.72,,,,,0.0,0.0
277726,Northeast Entrance,MT,45.01,-110.01,2240.3,20170514,30.92,50.0,39.74,,,,,0.0,0.0
277727,Northeast Entrance,MT,45.01,-110.01,2240.3,20170515,32.18,56.3,44.96,,,,,0.0,0.0
277728,Northeast Entrance,MT,45.01,-110.01,2240.3,20170516,29.12,52.52,39.92,,,,,0.0,0.09842525
277729,Northeast Entrance,MT,45.01,-110.01,2240.3,20170517,27.14,35.78,31.82,,,,,0.9842525,0.50000027
277730,Northeast Entrance,MT,45.01,-110.01,2240.3,20170518,26.96,48.2,35.24,,,,,0.0,0.0
277731,Northeast Entrance,MT,45.01,-110.01,2240.3,20170519,24.8,53.6,37.94,,,,,0.0,0.0
277732,Northeast Entrance,MT,45.01,-110.01,2240.3,20170520,28.04,53.96,41.72,,,,,0.0,0.0
277733,Northeast Entrance,MT,45.01,-110.01,2240.3,20170521,30.38,56.3,43.16,,,,,0.0,0.0
277734,Northeast Entrance,MT,45.01,-110.01,2240.3,20170522,30.92,53.6,41.9,,,,,0.0,0.0
277735,Northeast Entrance,MT,45.01,-110.01,2240.3,20170523,27.86,66.74,49.46,,,,,0.0,0.0
277736,Northeast Entrance,MT,45.01,-110.01,2240.3,20170524,33.98,65.84,49.28,,,,,0.0,0.0
277737,Northeast Entrance,MT,45.01,-110.01,2240.3,20170525,28.22,46.76,38.12,,,,,0.0,0.0
277738,Northeast Entrance,MT,45.01,-110.01,2240.3,20170526,31.28,48.02,40.1,,,,,0.0,0.0
277739,Northeast Entrance,MT,45.01,-110.01,2240.3,20170527,27.86,58.64,42.8,,,,,0.0,0.0
277740,Northeast Entrance,MT,45.01,-110.01,2240.3,20170528,28.58,61.88,46.58,,,,,0.0,0.0
277741,Northeast Entrance,MT,45.01,-110.01,2240.3,20170529,30.38,65.12,48.74,,,,,0.0,0.0
277742,Northeast Entrance,MT,45.01,-110.01,2240.3,20170530,32.18,70.16,50.0,,,,,0.0,0.0
277743,Northeast Entrance,MT,45.01,-110.01,2240.3,20170531,34.16,72.86,53.06,,,,,0.0,0.0
277744,Northeast Entrance,MT,45.01,-110.01,2240.3,20170601,37.4,72.68,55.04,,,,,0.0,0.09842525
277745,Northeast Entrance,MT,45.01,-110.01,2240.3,20170602,38.84,66.74,53.6,,,,,0.0,0.0
277746,Northeast Entrance,MT,45.01,-110.01,2240.3,20170603,35.78,72.86,53.96,,,,,0.0,0.0
277747,Northeast Entrance,MT,45.01,-110.01,2240.3,20170604,36.86,78.26,57.92,,,,,0.0,0.0
277748,Northeast Entrance,MT,45.01,-110.01,2240.3,20170605,43.16,69.8,55.76,,,,,0.0,0.0
277749,Northeast Entrance,MT,45.01,-110.01,2240.3,20170606,42.08,73.04,56.66,,,,,0.0,0.0
277750,Northeast Entrance,MT,45.01,-110.01,2240.3,20170607,40.46,75.38,57.74,,,,,0.0,0.09842525
277751,Northeast Entrance,MT,45.01,-110.01,2240.3,20170608,42.8,77.0,60.62,,,,,0.0,0.0
277752,Northeast Entrance,MT,45.01,-110.01,2240.3,20170609,36.32,61.7,47.84,,,,,0.0,0.29921276
277753,Northeast Entrance,MT,45.01,-110.01,2240.3,20170610,37.94,55.58,46.04,,,,,0.0,0.09842525
277754,Northeast Entrance,MT,45.01,-110.01,2240.3,20170611,31.28,60.26,48.02,,,,,0.0,0.09842525
277755,Northeast Entrance,MT,45.01,-110.01,2240.3,20170612,35.24,66.92,48.2,,,,,0.0,0.09842525
277756,Northeast Entrance,MT,45.01,-110.01,2240.3,20170613,34.16,41.54,38.48,,,,,0.0,0.40157502
277757,Northeast Entrance,MT,45.01,-110.01,2240.3,20170614,39.92,57.2,48.02,,,,,0.0,0.09842525
277758,Northeast Entrance,MT,45.01,-110.01,2240.3,20170615,43.7,59.0,52.52,,,,,0.0,0.0
277759,Northeast Entrance,MT,45.01,-110.01,2240.3,20170616,44.96,52.88,48.38,,,,,0.0,0.50000027
277760,Northeast Entrance,MT,45.01,-110.01,2240.3,20170617,41.54,60.98,49.64,,,,,0.0,0.0
277761,Northeast Entrance,MT,45.01,-110.01,2240.3,20170618,45.5,59.9,51.98,,,,,0.0,0.0
277762,Northeast Entrance,MT,45.01,-110.01,2240.3,20170619,38.84,71.24,55.4,,,,,0.0,0.0
277763,Northeast Entrance,MT,45.01,-110.01,2240.3,20170620,40.1,78.26,57.74,,,,,0.0,0.0
277764,Northeast Entrance,MT,45.01,-110.01,2240.3,20170621,40.28,74.84,59.18,,,,,0.0,0.0
277765,Northeast Entrance,MT,45.01,-110.01,2240.3,20170622,35.6,65.84,50.72,,,,,0.0,0.0
277766,Northeast Entrance,MT,45.01,-110.01,2240.3,20170623,31.64,64.76,48.74,,,,,0.0,0.0
277767,Northeast Entrance,MT,45.01,-110.01,2240.3,20170624,33.8,67.1,51.26,,,,,0.0,0.0
277768,Northeast Entrance,MT,45.01,-110.01,2240.3,20170625,36.14,73.04,55.04,,,,,0.0,0.0
277769,Northeast Entrance,MT,45.01,-110.01,2240.3,20170626,37.22,78.62,59.36,,,,,0.0,0.0
277770,Northeast Entrance,MT,45.01,-110.01,2240.3,20170627,39.92,62.6,52.7,,,,,0.0,0.0
277771,Northeast Entrance,MT,45.01,-110.01,2240.3,20170628,35.78,64.76,45.5,,,,,0.0,0.29921276
277772,Northeast Entrance,MT,45.01,-110.01,2240.3,20170629,34.34,58.28,44.96,,,,,0.0,0.0
277773,Northeast Entrance,MT,45.01,-110.01,2240.3,20170630,30.74,67.82,50.0,,,,,0.0,0.09842525
277774,Northeast Entrance,MT,45.01,-110.01,2240.3,20170701,37.22,75.74,57.02,,,,,0.0,0.0
277775,Northeast Entrance,MT,45.01,-110.01,2240.3,20170702,38.3,74.66,55.4,,,,,0.0,0.0
277776,Northeast Entrance,MT,45.01,-110.01,2240.3,20170703,39.92,79.16,61.88,,,,,0.0,0.0
277777,Northeast Entrance,MT,45.01,-110.01,2240.3,20170704,44.96,80.6,62.6,,,,,0.0,0.0
277778,Northeast Entrance,MT,45.01,-110.01,2240.3,20170705,43.52,84.02,63.86,,,,,0.0,0.0
277779,Northeast Entrance,MT,45.01,-110.01,2240.3,20170706,48.74,82.4,63.86,,,,,0.0,0.0
277780,Northeast Entrance,MT,45.01,-110.01,2240.3,20170707,46.58,79.16,59.9,,,,,0.0,0.09842525
277781,Northeast Entrance,MT,45.01,-110.01,2240.3,20170708,41.72,82.22,60.44,,,,,0.0,0.09842525
277782,Northeast Entrance,MT,45.01,-110.01,2240.3,20170709,44.24,82.04,56.84,,,,,0.0,0.29921276
277783,Northeast Entrance,MT,45.01,-110.01,2240.3,20170710,44.24,75.92,60.44,,,,,0.0,0.20078751
277784,Northeast Entrance,MT,45.01,-110.01,2240.3,20170711,42.98,73.94,57.56,,,,,0.0,0.09842525
277785,Northeast Entrance,MT,45.01,-110.01,2240.3,20170712,43.88,77.18,60.26,,,,,0.0,0.0
277786,Northeast Entrance,MT,45.01,-110.01,2240.3,20170713,44.06,82.58,63.5,,,,,0.0,0.0
277787,Northeast Entrance,MT,45.01,-110.01,2240.3,20170714,44.6,82.4,63.5,,,,,0.0,0.09842525
277788,Northeast Entrance,MT,45.01,-110.01,2240.3,20170715,49.28,80.6,63.5,,,,,0.0,0.0
277789,Northeast Entrance,MT,45.01,-110.01,2240.3,20170716,44.96,80.24,59.0,,,,,0.0,0.0
277790,Northeast Entrance,MT,45.01,-110.01,2240.3,20170717,40.46,77.9,59.0,,,,,0.0,0.0
277791,Northeast Entrance,MT,45.01,-110.01,2240.3,20170718,41.18,77.0,60.44,,,,,0.0,0.0
277792,Northeast Entrance,MT,45.01,-110.01,2240.3,20170719,47.84,80.6,63.68,,,,,0.0,0.0
277793,Northeast Entrance,MT,45.01,-110.01,2240.3,20170720,43.16,73.04,57.56,,,,,0.0,0.09842525
277794,Northeast Entrance,MT,45.01,-110.01,2240.3,20170721,41.18,76.28,58.82,,,,,0.0,0.0
277795,Northeast Entrance,MT,45.01,-110.01,2240.3,20170722,39.56,79.52,60.26,,,,,0.0,0.0
277796,Northeast Entrance,MT,45.01,-110.01,2240.3,20170723,41.9,78.08,59.18,,,,,0.0,0.0
277797,Northeast Entrance,MT,45.01,-110.01,2240.3,20170724,41.9,82.22,59.72,,,,,0.0,0.0
277798,Northeast Entrance,MT,45.01,-110.01,2240.3,20170725,41.9,70.52,53.24,,,,,0.0,0.0
277799,Northeast Entrance,MT,45.01,-110.01,2240.3,20170726,39.74,75.38,56.84,,,,,0.0,0.09842525
277800,Northeast Entrance,MT,45.01,-110.01,2240.3,20170727,45.86,76.82,55.94,,,,,0.0,0.0
277801,Northeast Entrance,MT,45.01,-110.01,2240.3,20170728,40.64,75.38,55.22,,,,,0.0,0.40157502
277802,Northeast Entrance,MT,45.01,-110.01,2240.3,20170729,41.72,77.18,54.68,,,,,0.0,0.0
277803,Northeast Entrance,MT,45.01,-110.01,2240.3,20170730,39.2,79.34,58.46,,,,,0.0,0.0
277804,Northeast Entrance,MT,45.01,-110.01,2240.3,20170731,39.74,81.5,60.08,,,,,0.0,0.0
277805,Northeast Entrance,MT,45.01,-110.01,2240.3,20170801,42.08,79.52,60.98,,,,,0.0,0.0
277806,Northeast Entrance,MT,45.01,-110.01,2240.3,20170802,43.88,74.3,57.74,,,,,0.0,0.0
277807,Northeast Entrance,MT,45.01,-110.01,2240.3,20170803,46.04,76.82,59.18,,,,,0.0,0.0
277808,Northeast Entrance,MT,45.01,-110.01,2240.3,20170804,40.1,80.78,60.98,,,,,0.0,0.0
277809,Northeast Entrance,MT,45.01,-110.01,2240.3,20170805,45.32,71.24,56.84,,,,,0.0,0.09842525
277810,Northeast Entrance,MT,45.01,-110.01,2240.3,20170806,39.92,68.18,53.42,,,,,0.0,0.0
277811,Northeast Entrance,MT,45.01,-110.01,2240.3,20170807,36.5,74.48,56.3,,,,,0.0,0.0
277812,Northeast Entrance,MT,45.01,-110.01,2240.3,20170808,42.98,70.34,54.5,,,,,0.0,0.0
277813,Northeast Entrance,MT,45.01,-110.01,2240.3,20170809,37.76,70.16,50.9,,,,,0.0,0.20078751
277814,Northeast Entrance,MT,45.01,-110.01,2240.3,20170810,38.84,71.42,54.86,,,,,0.0,0.0
277815,Northeast Entrance,MT,45.01,-110.01,2240.3,20170811,40.82,71.6,53.42,,,,,0.0,0.0
277816,Northeast Entrance,MT,45.01,-110.01,2240.3,20170812,37.76,73.58,55.94,,,,,0.0,0.0
277817,Northeast Entrance,MT,45.01,-110.01,2240.3,20170813,45.32,70.52,53.96,,,,,0.0,0.20078751
277818,Northeast Entrance,MT,45.01,-110.01,2240.3,20170814,41.54,61.7,51.26,,,,,0.0,0.40157502
277819,Northeast Entrance,MT,45.01,-110.01,2240.3,20170815,39.92,66.38,51.26,,,,,0.0,0.20078751
277820,Northeast Entrance,MT,45.01,-110.01,2240.3,20170816,36.32,69.62,51.8,,,,,0.0,0.0
277821,Northeast Entrance,MT,45.01,-110.01,2240.3,20170817,39.74,71.6,54.68,,,,,0.0,0.0
277822,Northeast Entrance,MT,45.01,-110.01,2240.3,20170818,35.78,74.84,55.76,,,,,0.0,0.0
277823,Northeast Entrance,MT,45.01,-110.01,2240.3,20170819,37.76,73.76,55.94,,,,,0.0,0.0
277824,Northeast Entrance,MT,45.01,-110.01,2240.3,20170820,36.86,72.68,55.58,,,,,0.0,0.0
277825,Northeast Entrance,MT,45.01,-110.01,2240.3,20170821,39.02,73.22,55.4,,,,,0.0,0.0
277826,Northeast Entrance,MT,45.01,-110.01,2240.3,20170822,35.78,78.26,57.38,,,,,0.0,0.0
277827,Northeast Entrance,MT,45.01,-110.01,2240.3,20170823,39.02,77.54,57.92,,,,,0.0,0.0
277828,Northeast Entrance,MT,45.01,-110.01,2240.3,20170824,44.78,71.78,54.5,,,,,0.0,0.29921276
277829,Northeast Entrance,MT,45.01,-110.01,2240.3,20170825,40.1,71.6,50.54,,,,,0.0,0.20078751
277830,Northeast Entrance,MT,45.01,-110.01,2240.3,20170826,37.94,75.56,55.4,,,,,0.0,0.0
277831,Northeast Entrance,MT,45.01,-110.01,2240.3,20170827,38.3,80.78,59.36,,,,,0.0,0.0
277832,Northeast Entrance,MT,45.01,-110.01,2240.3,20170828,40.28,80.06,59.36,,,,,0.0,0.0
277833,Northeast Entrance,MT,45.01,-110.01,2240.3,20170829,41.18,78.08,58.46,,,,,0.0,0.0
277834,Northeast Entrance,MT,45.01,-110.01,2240.3,20170830,41.18,77.9,59.54,,,,,0.0,0.09842525
277835,Northeast Entrance,MT,45.01,-110.01,2240.3,20170831,43.52,71.96,53.42,,,,,0.0,0.0
277836,Northeast Entrance,MT,45.01,-110.01,2240.3,20170901,39.74,74.84,55.76,,,,,0.0,0.0
277837,Northeast Entrance,MT,45.01,-110.01,2240.3,20170902,37.76,80.96,58.82,,,,,0.0,0.0
277838,Northeast Entrance,MT,45.01,-110.01,2240.3,20170903,41.0,83.3,60.08,,,,,0.0,0.0
277839,Northeast Entrance,MT,45.01,-110.01,2240.3,20170904,40.1,72.86,54.14,,,,,0.0,0.0
277840,Northeast Entrance,MT,45.01,-110.01,2240.3,20170905,37.94,76.46,54.86,,,,,0.0,0.0
277841,Northeast Entrance,MT,45.01,-110.01,2240.3,20170906,33.26,76.46,54.14,,,,,0.0,0.0
277842,Northeast Entrance,MT,45.01,-110.01,2240.3,20170907,35.78,76.82,55.94,,,,,0.0,0.0
277843,Northeast Entrance,MT,45.01,-110.01,2240.3,20170908,37.94,76.64,54.86,,,,,0.0,0.0
277844,Northeast Entrance,MT,45.01,-110.01,2240.3,20170909,38.84,72.5,54.86,,,,,0.0,0.0
277845,Northeast Entrance,MT,45.01,-110.01,2240.3,20170910,45.14,72.14,57.02,,,,,0.0,0.0
277846,Northeast Entrance,MT,45.01,-110.01,2240.3,20170911,41.36,77.9,57.74,,,,,0.0,0.0
277847,Northeast Entrance,MT,45.01,-110.01,2240.3,20170912,40.82,76.64,57.38,,,,,0.0,0.0
277848,Northeast Entrance,MT,45.01,-110.01,2240.3,20170913,41.9,71.06,52.52,,,,,0.0,0.09842525
277849,Northeast Entrance,MT,45.01,-110.01,2240.3,20170914,38.48,64.76,47.66,,,,,0.0,0.29921276
277850,Northeast Entrance,MT,45.01,-110.01,2240.3,20170915,33.98,41.9,37.4,,,,,0.9842525,0.29921276
277851,Northeast Entrance,MT,45.01,-110.01,2240.3,20170916,28.58,41.0,34.7,,,,,0.0,0.20078751
277852,Northeast Entrance,MT,45.01,-110.01,2240.3,20170917,25.34,54.32,37.76,,,,,0.0,0.0
277853,Northeast Entrance,MT,45.01,-110.01,2240.3,20170918,28.94,56.12,43.52,,,,,0.0,0.20078751
277854,Northeast Entrance,MT,45.01,-110.01,2240.3,20170919,32.72,40.64,35.78,,,,,0.9842525,0.50000027
277855,Northeast Entrance,MT,45.01,-110.01,2240.3,20170920,33.62,44.24,38.12,,,,,0.0,0.20078751
277856,Northeast Entrance,MT,45.01,-110.01,2240.3,20170921,33.08,39.2,35.78,,,,,,
277857,Sacajawea,MT,45.87,-110.93,1996.4,20170101,-3.64,21.2,11.12,,,,,22.992138399999998,0.0
277858,Sacajawea,MT,45.87,-110.93,1996.4,20170102,-14.62,1.4,-4.36,,,,,22.992138399999998,0.09842525
277859,Sacajawea,MT,45.87,-110.93,1996.4,20170103,-17.32,11.66,-4.72,,,,,22.007885899999998,0.0
277860,Sacajawea,MT,45.87,-110.93,1996.4,20170104,-14.44,8.24,-5.98,,,,,22.007885899999998,0.0
277861,Sacajawea,MT,45.87,-110.93,1996.4,20170105,-16.96,12.38,-1.66,,,,,22.007885899999998,0.0
277862,Sacajawea,MT,45.87,-110.93,1996.4,20170106,11.48,23.0,18.68,,,,,22.007885899999998,0.09842525
277863,Sacajawea,MT,45.87,-110.93,1996.4,20170107,3.2,28.58,18.32,,,,,22.992138399999998,0.20078751
277864,Sacajawea,MT,45.87,-110.93,1996.4,20170108,26.24,37.94,32.18,,,,,24.015760999999998,0.09842525
277865,Sacajawea,MT,45.87,-110.93,1996.4,20170109,22.1,39.38,32.72,,,,,25.984266,0.20078751
277866,Sacajawea,MT,45.87,-110.93,1996.4,20170110,-4.18,26.96,19.58,,,,,27.0078886,0.09842525
277867,Sacajawea,MT,45.87,-110.93,1996.4,20170111,-4.9,14.18,3.2,,,,,27.9921411,0.09842525
277868,Sacajawea,MT,45.87,-110.93,1996.4,20170112,4.28,24.08,16.34,,,,,27.9921411,0.0
277869,Sacajawea,MT,45.87,-110.93,1996.4,20170113,13.64,32.18,23.36,,,,,27.0078886,0.0
277870,Sacajawea,MT,45.87,-110.93,1996.4,20170114,22.82,34.7,28.76,,,,,25.984266,0.0
277871,Sacajawea,MT,45.87,-110.93,1996.4,20170115,16.7,37.58,26.96,,,,,25.984266,0.0
277872,Sacajawea,MT,45.87,-110.93,1996.4,20170116,19.58,35.6,29.48,,,,,25.0000135,0.0
277873,Sacajawea,MT,45.87,-110.93,1996.4,20170117,27.5,50.18,40.64,,,,,25.0000135,0.0
277874,Sacajawea,MT,45.87,-110.93,1996.4,20170118,28.04,50.0,39.74,,,,,24.015760999999998,0.0
277875,Sacajawea,MT,45.87,-110.93,1996.4,20170119,30.74,41.36,35.6,,,,,25.984266,0.09842525
277876,Sacajawea,MT,45.87,-110.93,1996.4,20170120,14.18,36.14,25.34,,,,,25.984266,0.09842525
277877,Sacajawea,MT,45.87,-110.93,1996.4,20170121,14.0,37.22,24.98,,,,,25.0000135,0.0
277878,Sacajawea,MT,45.87,-110.93,1996.4,20170122,23.36,35.6,28.58,,,,,24.015760999999998,0.0
277879,Sacajawea,MT,45.87,-110.93,1996.4,20170123,13.82,32.36,21.38,,,,,24.015760999999998,0.09842525
277880,Sacajawea,MT,45.87,-110.93,1996.4,20170124,8.6,26.06,16.16,,,,,24.015760999999998,0.0
277881,Sacajawea,MT,45.87,-110.93,1996.4,20170125,12.92,26.24,17.78,,,,,25.0000135,0.20078751
277882,Sacajawea,MT,45.87,-110.93,1996.4,20170126,16.34,22.64,18.5,,,,,25.0000135,0.09842525
277883,Sacajawea,MT,45.87,-110.93,1996.4,20170127,17.42,31.1,25.52,,,,,25.984266,0.0
277884,Sacajawea,MT,45.87,-110.93,1996.4,20170128,29.66,39.38,34.34,,,,,25.0000135,0.0
277885,Sacajawea,MT,45.87,-110.93,1996.4,20170129,37.22,44.96,41.0,,,,,25.984266,0.0
277886,Sacajawea,MT,45.87,-110.93,1996.4,20170130,30.2,41.54,36.86,,,,,25.984266,0.0
277887,Sacajawea,MT,45.87,-110.93,1996.4,20170131,9.14,30.2,18.5,,,,,37.007894,0.90157529
277888,Sacajawea,MT,45.87,-110.93,1996.4,20170201,-11.92,13.46,2.48,,,,,34.0157664,0.0
277889,Sacajawea,MT,45.87,-110.93,1996.4,20170202,-11.2,9.86,-0.94,,,,,32.9921438,0.0
277890,Sacajawea,MT,45.87,-110.93,1996.4,20170203,-7.42,36.86,24.44,,,,,32.0078913,0.09842525
277891,Sacajawea,MT,45.87,-110.93,1996.4,20170204,30.02,36.14,33.98,,,,,32.0078913,0.20078751
277892,Sacajawea,MT,45.87,-110.93,1996.4,20170205,33.62,39.38,37.04,,,,,30.984268699999998,0.0
277893,Sacajawea,MT,45.87,-110.93,1996.4,20170206,21.38,44.06,34.16,,,,,35.9842714,0.40157502
277894,Sacajawea,MT,45.87,-110.93,1996.4,20170207,8.78,26.6,17.78,,,,,42.0078967,0.40157502
277895,Sacajawea,MT,45.87,-110.93,1996.4,20170208,12.38,37.4,28.22,,,,,40.000021600000004,0.29921276
277896,Sacajawea,MT,45.87,-110.93,1996.4,20170209,35.6,46.4,42.62,,,,,32.0078913,0.0
277897,Sacajawea,MT,45.87,-110.93,1996.4,20170210,32.0,39.92,35.78,,,,,30.0000162,0.0
277898,Sacajawea,MT,45.87,-110.93,1996.4,20170211,24.62,32.9,26.96,,,,,30.0000162,0.0
277899,Sacajawea,MT,45.87,-110.93,1996.4,20170212,13.1,39.02,30.38,,,,,30.0000162,0.0
277900,Sacajawea,MT,45.87,-110.93,1996.4,20170213,23.72,44.06,33.98,,,,,30.0000162,0.0
277901,Sacajawea,MT,45.87,-110.93,1996.4,20170214,23.18,49.82,36.68,,,,,29.015763699999997,0.0
277902,Sacajawea,MT,45.87,-110.93,1996.4,20170215,39.74,55.76,47.66,,,,,29.015763699999997,0.0
277903,Sacajawea,MT,45.87,-110.93,1996.4,20170216,35.42,51.26,43.7,,,,,27.9921411,0.0
277904,Sacajawea,MT,45.87,-110.93,1996.4,20170217,28.94,44.24,35.6,,,,,27.9921411,0.0
277905,Sacajawea,MT,45.87,-110.93,1996.4,20170218,29.3,49.82,38.12,,,,,27.9921411,0.0
277906,Sacajawea,MT,45.87,-110.93,1996.4,20170219,30.38,41.18,34.88,,,,,30.984268699999998,0.40157502
277907,Sacajawea,MT,45.87,-110.93,1996.4,20170220,30.02,41.9,36.68,,,,,30.0000162,0.0
277908,Sacajawea,MT,45.87,-110.93,1996.4,20170221,30.38,43.88,37.94,,,,,29.015763699999997,0.0
277909,Sacajawea,MT,45.87,-110.93,1996.4,20170222,17.06,37.04,27.68,,,,,35.0000189,0.50000027
277910,Sacajawea,MT,45.87,-110.93,1996.4,20170223,16.34,28.76,21.38,,,,,37.992146500000004,0.50000027
277911,Sacajawea,MT,45.87,-110.93,1996.4,20170224,12.56,26.96,18.68,,,,,37.992146500000004,0.09842525
277912,Sacajawea,MT,45.87,-110.93,1996.4,20170225,15.26,20.48,17.24,,,,,42.9921492,0.40157502
277913,Sacajawea,MT,45.87,-110.93,1996.4,20170226,16.16,24.26,19.4,,,,,47.0078994,0.40157502
277914,Sacajawea,MT,45.87,-110.93,1996.4,20170227,11.84,31.28,21.38,,,,,45.00002429999999,0.09842525
277915,Sacajawea,MT,45.87,-110.93,1996.4,20170228,16.16,24.26,19.4,,,,,45.00002429999999,0.0
277916,Sacajawea,MT,45.87,-110.93,1996.4,20170301,17.42,31.46,25.52,,,,,42.0078967,0.0
277917,Sacajawea,MT,45.87,-110.93,1996.4,20170302,26.06,37.04,31.82,,,,,40.000021600000004,0.0
277918,Sacajawea,MT,45.87,-110.93,1996.4,20170303,32.9,45.32,38.84,,,,,39.0157691,0.09842525
277919,Sacajawea,MT,45.87,-110.93,1996.4,20170304,35.24,43.7,38.48,,,,,39.0157691,0.0
277920,Sacajawea,MT,45.87,-110.93,1996.4,20170305,24.08,44.96,34.7,,,,,37.992146500000004,0.0
277921,Sacajawea,MT,45.87,-110.93,1996.4,20170306,18.14,27.86,22.1,,,,,37.992146500000004,0.0
277922,Sacajawea,MT,45.87,-110.93,1996.4,20170307,16.88,32.54,24.44,,,,,37.992146500000004,0.0
277923,Sacajawea,MT,45.87,-110.93,1996.4,20170308,31.1,39.38,35.24,,,,,39.0157691,0.09842525
277924,Sacajawea,MT,45.87,-110.93,1996.4,20170309,12.74,31.82,22.1,,,,,42.9921492,0.79921303
277925,Sacajawea,MT,45.87,-110.93,1996.4,20170310,31.82,45.86,39.74,,,,,40.9842741,0.0
277926,Sacajawea,MT,45.87,-110.93,1996.4,20170311,31.64,50.54,40.46,,,,,39.0157691,0.09842525
277927,Sacajawea,MT,45.87,-110.93,1996.4,20170312,30.02,42.26,35.6,,,,,39.0157691,0.0
277928,Sacajawea,MT,45.87,-110.93,1996.4,20170313,34.34,49.64,42.44,,,,,37.992146500000004,0.0
277929,Sacajawea,MT,45.87,-110.93,1996.4,20170314,37.04,51.8,44.96,,,,,35.0000189,0.50000027
277930,Sacajawea,MT,45.87,-110.93,1996.4,20170315,47.12,58.46,51.26,,,,,32.9921438,0.0
277931,Sacajawea,MT,45.87,-110.93,1996.4,20170316,28.94,48.02,38.3,,,,,32.0078913,0.40157502
277932,Sacajawea,MT,45.87,-110.93,1996.4,20170317,27.86,52.34,41.54,,,,,32.0078913,0.0
277933,Sacajawea,MT,45.87,-110.93,1996.4,20170318,40.1,60.8,51.62,,,,,30.0000162,0.0
277934,Sacajawea,MT,45.87,-110.93,1996.4,20170319,34.34,47.66,40.28,,,,,29.015763699999997,0.70078778
277935,Sacajawea,MT,45.87,-110.93,1996.4,20170320,28.58,35.6,32.36,,,,,32.0078913,0.40157502
277936,Sacajawea,MT,45.87,-110.93,1996.4,20170321,26.24,40.28,30.38,,,,,30.984268699999998,0.0
277937,Sacajawea,MT,45.87,-110.93,1996.4,20170322,32.54,51.8,40.28,,,,,29.015763699999997,0.0
277938,Sacajawea,MT,45.87,-110.93,1996.4,20170323,26.6,46.76,36.14,,,,,29.015763699999997,0.0
277939,Sacajawea,MT,45.87,-110.93,1996.4,20170324,25.16,56.3,41.9,,,,,27.0078886,0.0
277940,Sacajawea,MT,45.87,-110.93,1996.4,20170325,27.14,45.32,35.96,,,,,27.9921411,0.50000027
277941,Sacajawea,MT,45.87,-110.93,1996.4,20170326,26.24,48.92,36.86,,,,,27.9921411,0.0
277942,Sacajawea,MT,45.87,-110.93,1996.4,20170327,32.0,50.0,37.94,,,,,27.0078886,0.0
277943,Sacajawea,MT,45.87,-110.93,1996.4,20170328,29.12,42.8,36.5,,,,,27.0078886,0.0
277944,Sacajawea,MT,45.87,-110.93,1996.4,20170329,34.7,46.58,39.74,,,,,25.984266,0.79921303
277945,Sacajawea,MT,45.87,-110.93,1996.4,20170330,34.7,48.56,37.94,,,,,25.984266,0.40157502
277946,Sacajawea,MT,45.87,-110.93,1996.4,20170331,32.9,47.3,36.86,,,,,25.0000135,0.0
277947,Sacajawea,MT,45.87,-110.93,1996.4,20170401,28.22,50.9,41.0,,,,,25.0000135,0.0
277948,Sacajawea,MT,45.87,-110.93,1996.4,20170402,26.24,47.66,36.68,,,,,22.992138399999998,0.20078751
277949,Sacajawea,MT,45.87,-110.93,1996.4,20170403,16.52,39.74,27.32,,,,,25.0000135,0.20078751
277950,Sacajawea,MT,45.87,-110.93,1996.4,20170404,23.54,41.36,31.46,,,,,25.0000135,0.0
277951,Sacajawea,MT,45.87,-110.93,1996.4,20170405,33.26,48.92,39.92,,,,,24.015760999999998,0.0
277952,Sacajawea,MT,45.87,-110.93,1996.4,20170406,33.8,59.0,46.58,,,,,22.007885899999998,0.0
277953,Sacajawea,MT,45.87,-110.93,1996.4,20170407,34.52,55.04,44.42,,,,,20.000010800000002,0.70078778
277954,Sacajawea,MT,45.87,-110.93,1996.4,20170408,31.1,51.26,37.58,,,,,24.015760999999998,0.50000027
277955,Sacajawea,MT,45.87,-110.93,1996.4,20170409,17.96,35.96,27.86,,,,,27.0078886,0.59842552
277956,Sacajawea,MT,45.87,-110.93,1996.4,20170410,18.86,43.16,30.2,,,,,27.9921411,0.09842525
277957,Sacajawea,MT,45.87,-110.93,1996.4,20170411,18.14,46.76,35.06,,,,,27.0078886,0.29921276
277958,Sacajawea,MT,45.87,-110.93,1996.4,20170412,31.64,50.18,38.84,,,,,25.0000135,0.09842525
277959,Sacajawea,MT,45.87,-110.93,1996.4,20170413,32.0,64.58,44.96,,,,,22.992138399999998,0.09842525
277960,Sacajawea,MT,45.87,-110.93,1996.4,20170414,27.86,42.8,34.16,,,,,25.984266,0.90157529
277961,Sacajawea,MT,45.87,-110.93,1996.4,20170415,25.52,38.84,31.46,,,,,24.015760999999998,0.20078751
277962,Sacajawea,MT,45.87,-110.93,1996.4,20170416,27.68,48.38,37.4,,,,,24.015760999999998,0.0
277963,Sacajawea,MT,45.87,-110.93,1996.4,20170417,30.92,43.52,35.24,,,,,25.0000135,0.40157502
277964,Sacajawea,MT,45.87,-110.93,1996.4,20170418,31.1,54.68,41.36,,,,,22.007885899999998,0.20078751
277965,Sacajawea,MT,45.87,-110.93,1996.4,20170419,28.94,48.74,37.58,,,,,22.007885899999998,0.0
277966,Sacajawea,MT,45.87,-110.93,1996.4,20170420,27.86,53.96,39.2,,,,,20.000010800000002,0.09842525
277967,Sacajawea,MT,45.87,-110.93,1996.4,20170421,27.68,40.1,33.8,,,,,22.992138399999998,0.29921276
277968,Sacajawea,MT,45.87,-110.93,1996.4,20170422,25.88,54.14,40.1,,,,,20.9842633,0.0
277969,Sacajawea,MT,45.87,-110.93,1996.4,20170423,34.7,54.5,40.46,,,,,20.000010800000002,0.50000027
277970,Sacajawea,MT,45.87,-110.93,1996.4,20170424,34.16,47.48,38.84,,,,,20.000010800000002,0.20078751
277971,Sacajawea,MT,45.87,-110.93,1996.4,20170425,32.72,44.96,36.32,,,,,20.000010800000002,0.40157502
277972,Sacajawea,MT,45.87,-110.93,1996.4,20170426,33.26,46.76,36.32,,,,,22.007885899999998,0.59842552
277973,Sacajawea,MT,45.87,-110.93,1996.4,20170427,28.76,41.72,33.98,,,,,20.9842633,0.29921276
277974,Sacajawea,MT,45.87,-110.93,1996.4,20170428,28.76,41.18,33.8,,,,,22.007885899999998,0.09842525
277975,Sacajawea,MT,45.87,-110.93,1996.4,20170429,24.8,49.46,36.14,,,,,20.9842633,0.0
277976,Sacajawea,MT,45.87,-110.93,1996.4,20170430,31.46,48.02,39.74,,,,,20.9842633,0.09842525
277977,Sacajawea,MT,45.87,-110.93,1996.4,20170501,33.44,47.48,39.2,,,,,19.0157583,0.0
277978,Sacajawea,MT,45.87,-110.93,1996.4,20170502,27.86,46.76,36.32,,,,,20.000010800000002,0.09842525
277979,Sacajawea,MT,45.87,-110.93,1996.4,20170503,25.16,55.04,44.06,,,,,17.9921357,0.0
277980,Sacajawea,MT,45.87,-110.93,1996.4,20170504,38.66,67.46,52.7,,,,,12.992133,0.09842525
277981,Sacajawea,MT,45.87,-110.93,1996.4,20170505,38.48,73.94,55.94,,,,,10.000005400000001,0.0
277982,Sacajawea,MT,45.87,-110.93,1996.4,20170506,41.36,72.32,55.22,,,,,5.984255200000001,0.0
277983,Sacajawea,MT,45.87,-110.93,1996.4,20170507,34.52,61.34,45.14,,,,,5.0000027000000005,0.09842525
277984,Sacajawea,MT,45.87,-110.93,1996.4,20170508,32.9,55.76,41.9,,,,,2.0078751,0.0
277985,Sacajawea,MT,45.87,-110.93,1996.4,20170509,31.28,60.8,44.6,,,,,0.0,0.0
277986,Sacajawea,MT,45.87,-110.93,1996.4,20170510,33.62,65.66,48.92,,,,,0.0,0.0
277987,Sacajawea,MT,45.87,-110.93,1996.4,20170511,37.94,71.42,53.42,,,,,0.0,0.0
277988,Sacajawea,MT,45.87,-110.93,1996.4,20170512,36.5,73.22,55.76,,,,,0.0,0.0
277989,Sacajawea,MT,45.87,-110.93,1996.4,20170513,28.58,44.96,36.14,,,,,0.0,0.50000027
277990,Sacajawea,MT,45.87,-110.93,1996.4,20170514,28.4,46.58,37.76,,,,,0.0,0.0
277991,Sacajawea,MT,45.87,-110.93,1996.4,20170515,30.92,48.38,39.38,,,,,0.0,0.0
277992,Sacajawea,MT,45.87,-110.93,1996.4,20170516,29.84,54.5,41.54,,,,,0.0,0.09842525
277993,Sacajawea,MT,45.87,-110.93,1996.4,20170517,33.26,39.2,35.78,,,,,5.0000027000000005,1.40157556
277994,Sacajawea,MT,45.87,-110.93,1996.4,20170518,30.02,44.24,35.6,,,,,2.9921276000000003,0.09842525
277995,Sacajawea,MT,45.87,-110.93,1996.4,20170519,25.52,53.6,39.56,,,,,0.0,0.0
277996,Sacajawea,MT,45.87,-110.93,1996.4,20170520,33.44,54.68,42.44,,,,,0.0,0.0
277997,Sacajawea,MT,45.87,-110.93,1996.4,20170521,32.9,57.56,44.06,,,,,0.0,0.0
277998,Sacajawea,MT,45.87,-110.93,1996.4,20170522,36.86,58.64,48.92,,,,,0.0,0.0
277999,Sacajawea,MT,45.87,-110.93,1996.4,20170523,36.68,66.92,56.48,,,,,0.0,0.0
278000,Sacajawea,MT,45.87,-110.93,1996.4,20170524,37.58,64.94,53.6,,,,,0.0,0.0
278001,Sacajawea,MT,45.87,-110.93,1996.4,20170525,31.1,46.76,37.22,,,,,0.0,0.20078751
278002,Sacajawea,MT,45.87,-110.93,1996.4,20170526,30.38,54.68,42.26,,,,,0.0,0.0
278003,Sacajawea,MT,45.87,-110.93,1996.4,20170527,36.32,61.7,48.74,,,,,0.0,0.0
278004,Sacajawea,MT,45.87,-110.93,1996.4,20170528,37.94,66.74,49.28,,,,,0.0,0.20078751
278005,Sacajawea,MT,45.87,-110.93,1996.4,20170529,36.32,66.2,50.72,,,,,0.0,0.0
278006,Sacajawea,MT,45.87,-110.93,1996.4,20170530,39.02,71.96,54.14,,,,,0.0,0.0
278007,Sacajawea,MT,45.87,-110.93,1996.4,20170531,40.28,76.1,57.56,,,,,0.0,0.0
278008,Sacajawea,MT,45.87,-110.93,1996.4,20170601,44.78,72.32,59.0,,,,,0.0,0.0
278009,Sacajawea,MT,45.87,-110.93,1996.4,20170602,40.64,63.68,52.34,,,,,0.0,0.20078751
278010,Sacajawea,MT,45.87,-110.93,1996.4,20170603,39.56,72.5,57.38,,,,,0.0,0.0
278011,Sacajawea,MT,45.87,-110.93,1996.4,20170604,45.5,78.62,61.16,,,,,0.0,0.09842525
278012,Sacajawea,MT,45.87,-110.93,1996.4,20170605,42.62,63.32,52.34,,,,,0.0,0.0
278013,Sacajawea,MT,45.87,-110.93,1996.4,20170606,43.16,64.58,54.14,,,,,0.0,0.0
278014,Sacajawea,MT,45.87,-110.93,1996.4,20170607,42.62,74.66,58.46,,,,,0.0,0.0
278015,Sacajawea,MT,45.87,-110.93,1996.4,20170608,46.76,79.16,64.4,,,,,0.0,0.09842525
278016,Sacajawea,MT,45.87,-110.93,1996.4,20170609,38.84,57.2,48.92,,,,,0.0,0.90157529
278017,Sacajawea,MT,45.87,-110.93,1996.4,20170610,33.44,48.2,39.92,,,,,0.0,0.90157529
278018,Sacajawea,MT,45.87,-110.93,1996.4,20170611,32.72,56.12,44.6,,,,,0.0,0.0
278019,Sacajawea,MT,45.87,-110.93,1996.4,20170612,37.04,61.34,48.02,,,,,0.0,1.09842579
278020,Sacajawea,MT,45.87,-110.93,1996.4,20170613,34.7,44.24,39.74,,,,,0.0,1.70078832
278021,Sacajawea,MT,45.87,-110.93,1996.4,20170614,39.2,57.38,48.02,,,,,0.0,0.0
278022,Sacajawea,MT,45.87,-110.93,1996.4,20170615,36.86,59.0,50.54,,,,,0.0,0.0
278023,Sacajawea,MT,45.87,-110.93,1996.4,20170616,43.7,60.98,51.26,,,,,0.0,0.40157502
278024,Sacajawea,MT,45.87,-110.93,1996.4,20170617,40.46,57.2,47.3,,,,,0.0,0.0
278025,Sacajawea,MT,45.87,-110.93,1996.4,20170618,45.68,57.38,51.8,,,,,0.0,0.0
278026,Sacajawea,MT,45.87,-110.93,1996.4,20170619,44.42,72.32,57.38,,,,,0.0,0.0
278027,Sacajawea,MT,45.87,-110.93,1996.4,20170620,46.94,78.26,63.5,,,,,0.0,0.0
278028,Sacajawea,MT,45.87,-110.93,1996.4,20170621,48.2,70.52,59.9,,,,,0.0,0.0
278029,Sacajawea,MT,45.87,-110.93,1996.4,20170622,34.7,62.06,49.1,,,,,0.0,0.09842525
278030,Sacajawea,MT,45.87,-110.93,1996.4,20170623,32.9,60.26,46.58,,,,,0.0,0.0
278031,Sacajawea,MT,45.87,-110.93,1996.4,20170624,36.32,66.56,51.62,,,,,0.0,0.0
278032,Sacajawea,MT,45.87,-110.93,1996.4,20170625,38.48,71.96,55.76,,,,,0.0,0.0
278033,Sacajawea,MT,45.87,-110.93,1996.4,20170626,43.52,80.78,64.58,,,,,0.0,0.0
278034,Sacajawea,MT,45.87,-110.93,1996.4,20170627,49.64,64.58,55.58,,,,,0.0,0.0
278035,Sacajawea,MT,45.87,-110.93,1996.4,20170628,43.34,63.5,53.24,,,,,0.0,0.29921276
278036,Sacajawea,MT,45.87,-110.93,1996.4,20170629,37.4,55.58,45.5,,,,,0.0,0.0
278037,Sacajawea,MT,45.87,-110.93,1996.4,20170630,38.66,67.82,52.88,,,,,0.0,0.0
278038,Sacajawea,MT,45.87,-110.93,1996.4,20170701,44.42,76.1,62.06,,,,,0.0,0.0
278039,Sacajawea,MT,45.87,-110.93,1996.4,20170702,49.46,78.44,63.32,,,,,0.0,0.0
278040,Sacajawea,MT,45.87,-110.93,1996.4,20170703,48.2,78.26,64.22,,,,,0.0,0.0
278041,Sacajawea,MT,45.87,-110.93,1996.4,20170704,46.22,78.26,63.5,,,,,0.0,0.0
278042,Sacajawea,MT,45.87,-110.93,1996.4,20170705,48.74,84.92,65.48,,,,,0.0,0.0
278043,Sacajawea,MT,45.87,-110.93,1996.4,20170706,51.26,83.48,68.0,,,,,0.0,0.0
278044,Sacajawea,MT,45.87,-110.93,1996.4,20170707,49.82,80.78,64.58,,,,,0.0,0.0
278045,Sacajawea,MT,45.87,-110.93,1996.4,20170708,51.26,83.66,67.64,,,,,0.0,0.0
278046,Sacajawea,MT,45.87,-110.93,1996.4,20170709,52.34,82.58,68.18,,,,,0.0,0.0
278047,Sacajawea,MT,45.87,-110.93,1996.4,20170710,47.84,79.34,63.32,,,,,0.0,0.09842525
278048,Sacajawea,MT,45.87,-110.93,1996.4,20170711,47.12,71.24,58.1,,,,,0.0,0.0
278049,Sacajawea,MT,45.87,-110.93,1996.4,20170712,47.48,76.82,60.26,,,,,0.0,0.0
278050,Sacajawea,MT,45.87,-110.93,1996.4,20170713,48.38,82.4,65.66,,,,,0.0,0.0
278051,Sacajawea,MT,45.87,-110.93,1996.4,20170714,54.32,85.1,68.54,,,,,0.0,0.0
278052,Sacajawea,MT,45.87,-110.93,1996.4,20170715,51.44,82.58,66.2,,,,,0.0,0.0
278053,Sacajawea,MT,45.87,-110.93,1996.4,20170716,51.44,79.88,65.66,,,,,0.0,0.0
278054,Sacajawea,MT,45.87,-110.93,1996.4,20170717,44.24,74.3,57.56,,,,,0.0,0.0
278055,Sacajawea,MT,45.87,-110.93,1996.4,20170718,45.14,77.18,61.52,,,,,0.0,0.0
278056,Sacajawea,MT,45.87,-110.93,1996.4,20170719,47.12,79.16,64.4,,,,,0.0,0.0
278057,Sacajawea,MT,45.87,-110.93,1996.4,20170720,48.74,83.66,66.92,,,,,0.0,0.0
278058,Sacajawea,MT,45.87,-110.93,1996.4,20170721,44.42,74.12,58.82,,,,,0.0,0.0
278059,Sacajawea,MT,45.87,-110.93,1996.4,20170722,43.16,75.92,59.72,,,,,0.0,0.0
278060,Sacajawea,MT,45.87,-110.93,1996.4,20170723,47.12,84.02,64.58,,,,,0.0,0.0
278061,Sacajawea,MT,45.87,-110.93,1996.4,20170724,50.72,80.78,65.84,,,,,0.0,0.0
278062,Sacajawea,MT,45.87,-110.93,1996.4,20170725,48.2,66.56,55.4,,,,,0.0,0.0
278063,Sacajawea,MT,45.87,-110.93,1996.4,20170726,47.66,77.9,60.98,,,,,0.0,0.0
278064,Sacajawea,MT,45.87,-110.93,1996.4,20170727,51.62,78.8,64.58,,,,,0.0,0.0
278065,Sacajawea,MT,45.87,-110.93,1996.4,20170728,53.42,80.24,66.2,,,,,0.0,0.0
278066,Sacajawea,MT,45.87,-110.93,1996.4,20170729,51.44,80.6,65.12,,,,,0.0,0.0
278067,Sacajawea,MT,45.87,-110.93,1996.4,20170730,50.72,82.76,67.64,,,,,0.0,0.0
278068,Sacajawea,MT,45.87,-110.93,1996.4,20170731,51.08,82.58,65.12,,,,,0.0,0.09842525
278069,Sacajawea,MT,45.87,-110.93,1996.4,20170801,49.46,81.5,65.66,,,,,0.0,0.0
278070,Sacajawea,MT,45.87,-110.93,1996.4,20170802,45.14,66.74,55.22,,,,,0.0,0.0
278071,Sacajawea,MT,45.87,-110.93,1996.4,20170803,42.08,70.52,55.4,,,,,0.0,0.09842525
278072,Sacajawea,MT,45.87,-110.93,1996.4,20170804,45.14,79.16,62.42,,,,,0.0,0.0
278073,Sacajawea,MT,45.87,-110.93,1996.4,20170805,42.8,68.18,54.14,,,,,0.0,0.0
278074,Sacajawea,MT,45.87,-110.93,1996.4,20170806,43.34,67.1,53.6,,,,,0.0,0.09842525
278075,Sacajawea,MT,45.87,-110.93,1996.4,20170807,39.92,74.12,56.12,,,,,0.0,0.0
278076,Sacajawea,MT,45.87,-110.93,1996.4,20170808,44.42,72.68,57.38,,,,,0.0,0.0
278077,Sacajawea,MT,45.87,-110.93,1996.4,20170809,41.9,70.7,53.42,,,,,0.0,0.20078751
278078,Sacajawea,MT,45.87,-110.93,1996.4,20170810,39.74,73.76,55.22,,,,,0.0,0.09842525
278079,Sacajawea,MT,45.87,-110.93,1996.4,20170811,44.6,75.38,59.54,,,,,0.0,0.0
278080,Sacajawea,MT,45.87,-110.93,1996.4,20170812,43.34,75.38,58.28,,,,,0.0,0.0
278081,Sacajawea,MT,45.87,-110.93,1996.4,20170813,46.4,75.02,58.1,,,,,0.0,0.09842525
278082,Sacajawea,MT,45.87,-110.93,1996.4,20170814,45.86,64.22,53.42,,,,,0.0,0.0
278083,Sacajawea,MT,45.87,-110.93,1996.4,20170815,42.26,69.44,53.96,,,,,0.0,0.0
278084,Sacajawea,MT,45.87,-110.93,1996.4,20170816,42.26,72.14,57.02,,,,,0.0,0.0
278085,Sacajawea,MT,45.87,-110.93,1996.4,20170817,45.14,70.34,56.66,,,,,0.0,0.0
278086,Sacajawea,MT,45.87,-110.93,1996.4,20170818,43.16,75.2,58.28,,,,,0.0,0.0
278087,Sacajawea,MT,45.87,-110.93,1996.4,20170819,45.86,74.12,60.26,,,,,0.0,0.0
278088,Sacajawea,MT,45.87,-110.93,1996.4,20170820,42.08,69.62,55.04,,,,,0.0,0.0
278089,Sacajawea,MT,45.87,-110.93,1996.4,20170821,41.72,72.14,54.68,,,,,0.0,0.09842525
278090,Sacajawea,MT,45.87,-110.93,1996.4,20170822,42.44,79.34,59.9,,,,,0.0,0.0
278091,Sacajawea,MT,45.87,-110.93,1996.4,20170823,48.56,81.14,64.04,,,,,0.0,0.0
278092,Sacajawea,MT,45.87,-110.93,1996.4,20170824,47.12,77.36,60.08,,,,,0.0,0.0
278093,Sacajawea,MT,45.87,-110.93,1996.4,20170825,44.78,74.48,58.1,,,,,0.0,0.0
278094,Sacajawea,MT,45.87,-110.93,1996.4,20170826,46.58,74.12,58.82,,,,,0.0,0.0
278095,Sacajawea,MT,45.87,-110.93,1996.4,20170827,44.78,80.06,60.8,,,,,0.0,0.0
278096,Sacajawea,MT,45.87,-110.93,1996.4,20170828,49.1,82.4,62.96,,,,,0.0,0.0
278097,Sacajawea,MT,45.87,-110.93,1996.4,20170829,51.44,81.32,64.22,,,,,0.0,0.0
278098,Sacajawea,MT,45.87,-110.93,1996.4,20170830,51.62,82.22,66.56,,,,,0.0,0.0
278099,Sacajawea,MT,45.87,-110.93,1996.4,20170831,49.1,77.36,65.84,,,,,0.0,0.0
278100,Sacajawea,MT,45.87,-110.93,1996.4,20170901,43.7,72.14,60.08,,,,,0.0,0.0
278101,Sacajawea,MT,45.87,-110.93,1996.4,20170902,48.56,80.06,65.12,,,,,0.0,0.0
278102,Sacajawea,MT,45.87,-110.93,1996.4,20170903,50.72,84.38,68.9,,,,,0.0,0.0
278103,Sacajawea,MT,45.87,-110.93,1996.4,20170904,41.0,63.68,51.44,,,,,0.0,0.0
278104,Sacajawea,MT,45.87,-110.93,1996.4,20170905,37.04,70.34,51.26,,,,,0.0,0.0
278105,Sacajawea,MT,45.87,-110.93,1996.4,20170906,40.82,77.18,57.02,,,,,0.0,0.0
278106,Sacajawea,MT,45.87,-110.93,1996.4,20170907,45.86,77.72,59.18,,,,,0.0,0.0
278107,Sacajawea,MT,45.87,-110.93,1996.4,20170908,44.96,80.6,63.86,,,,,0.0,0.0
278108,Sacajawea,MT,45.87,-110.93,1996.4,20170909,50.72,80.06,65.48,,,,,0.0,0.0
278109,Sacajawea,MT,45.87,-110.93,1996.4,20170910,48.92,74.12,60.98,,,,,0.0,0.0
278110,Sacajawea,MT,45.87,-110.93,1996.4,20170911,46.58,77.18,59.18,,,,,0.0,0.0
278111,Sacajawea,MT,45.87,-110.93,1996.4,20170912,48.56,80.6,62.42,,,,,0.0,0.0
278112,Sacajawea,MT,45.87,-110.93,1996.4,20170913,45.86,73.22,56.12,,,,,0.0,0.59842552
278113,Sacajawea,MT,45.87,-110.93,1996.4,20170914,35.6,47.3,42.08,,,,,0.0,0.90157529
278114,Sacajawea,MT,45.87,-110.93,1996.4,20170915,32.72,35.6,34.7,,,,,5.984255200000001,1.2992133
278115,Sacajawea,MT,45.87,-110.93,1996.4,20170916,31.82,41.72,34.88,,,,,5.0000027000000005,0.29921276
278116,Sacajawea,MT,45.87,-110.93,1996.4,20170917,31.82,51.44,40.28,,,,,2.0078751,0.0
278117,Sacajawea,MT,45.87,-110.93,1996.4,20170918,36.86,54.5,45.32,,,,,0.0,1.20078805
278118,Sacajawea,MT,45.87,-110.93,1996.4,20170919,33.44,44.06,36.14,,,,,0.0,0.79921303
278119,Sacajawea,MT,45.87,-110.93,1996.4,20170920,33.62,43.88,37.04,,,,,0.0,0.79921303
278120,Sacajawea,MT,45.87,-110.93,1996.4,20170921,32.9,39.38,35.6,,,,,,0.40157502
278121,Monument Peak,MT,45.22,-110.24,2697.5,20170101,-5.44,16.52,7.52,,,,,32.9921438,0.0
278122,Monument Peak,MT,45.22,-110.24,2697.5,20170102,-17.5,6.08,-7.24,,,,,32.9921438,0.0
278123,Monument Peak,MT,45.22,-110.24,2697.5,20170103,-4.9,13.1,0.86,,,,,32.9921438,0.0
278124,Monument Peak,MT,45.22,-110.24,2697.5,20170104,-19.48,-0.76,-7.24,,,,,32.9921438,0.0
278125,Monument Peak,MT,45.22,-110.24,2697.5,20170105,-19.3,8.06,-7.06,,,,,32.0078913,0.0
278126,Monument Peak,MT,45.22,-110.24,2697.5,20170106,-4.18,6.98,0.32,,,,,32.0078913,0.0
278127,Monument Peak,MT,45.22,-110.24,2697.5,20170107,-4.36,16.16,8.78,,,,,32.9921438,0.40157502
278128,Monument Peak,MT,45.22,-110.24,2697.5,20170108,14.9,29.3,22.1,,,,,37.007894,0.50000027
278129,Monument Peak,MT,45.22,-110.24,2697.5,20170109,15.26,29.66,25.34,,,,,42.0078967,0.70078778
278130,Monument Peak,MT,45.22,-110.24,2697.5,20170110,13.1,20.84,17.42,,,,,45.00002429999999,0.29921276
278131,Monument Peak,MT,45.22,-110.24,2697.5,20170111,12.74,26.42,20.12,,,,,45.984276799999996,0.29921276
278132,Monument Peak,MT,45.22,-110.24,2697.5,20170112,2.48,18.86,12.56,,,,,42.9921492,0.0
278133,Monument Peak,MT,45.22,-110.24,2697.5,20170113,2.3,19.4,7.88,,,,,44.015771799999996,0.0
278134,Monument Peak,MT,45.22,-110.24,2697.5,20170114,5.72,20.66,10.76,,,,,42.0078967,0.0
278135,Monument Peak,MT,45.22,-110.24,2697.5,20170115,10.04,28.4,16.7,,,,,40.000021600000004,0.0
278136,Monument Peak,MT,45.22,-110.24,2697.5,20170116,9.5,26.24,16.16,,,,,40.000021600000004,0.09842525
278137,Monument Peak,MT,45.22,-110.24,2697.5,20170117,19.4,31.46,23.9,,,,,39.0157691,0.0
278138,Monument Peak,MT,45.22,-110.24,2697.5,20170118,20.84,32.54,25.88,,,,,39.0157691,0.0
278139,Monument Peak,MT,45.22,-110.24,2697.5,20170119,21.38,29.12,24.98,,,,,40.000021600000004,0.09842525
278140,Monument Peak,MT,45.22,-110.24,2697.5,20170120,14.18,26.24,19.94,,,,,39.0157691,0.0
278141,Monument Peak,MT,45.22,-110.24,2697.5,20170121,10.4,27.14,19.04,,,,,40.000021600000004,0.09842525
278142,Monument Peak,MT,45.22,-110.24,2697.5,20170122,15.98,24.98,19.04,,,,,40.000021600000004,0.09842525
278143,Monument Peak,MT,45.22,-110.24,2697.5,20170123,9.32,26.06,15.26,,,,,40.000021600000004,0.0
278144,Monument Peak,MT,45.22,-110.24,2697.5,20170124,7.52,16.52,10.22,,,,,40.9842741,0.0
278145,Monument Peak,MT,45.22,-110.24,2697.5,20170125,4.64,15.98,8.96,,,,,40.000021600000004,0.0
278146,Monument Peak,MT,45.22,-110.24,2697.5,20170126,3.02,15.44,7.52,,,,,40.000021600000004,0.0
278147,Monument Peak,MT,45.22,-110.24,2697.5,20170127,3.74,28.94,14.9,,,,,40.000021600000004,0.09842525
278148,Monument Peak,MT,45.22,-110.24,2697.5,20170128,17.06,33.8,24.98,,,,,40.000021600000004,0.0
278149,Monument Peak,MT,45.22,-110.24,2697.5,20170129,14.72,34.7,25.34,,,,,39.0157691,0.0
278150,Monument Peak,MT,45.22,-110.24,2697.5,20170130,12.2,30.92,19.76,,,,,40.9842741,0.20078751
278151,Monument Peak,MT,45.22,-110.24,2697.5,20170131,2.48,22.64,14.72,,,,,50.9842795,0.29921276
278152,Monument Peak,MT,45.22,-110.24,2697.5,20170201,-4.72,7.88,0.86,,,,,50.9842795,0.09842525
278153,Monument Peak,MT,45.22,-110.24,2697.5,20170202,-4.54,7.7,0.68,,,,,47.992151899999996,0.09842525
278154,Monument Peak,MT,45.22,-110.24,2697.5,20170203,-2.56,28.4,20.84,,,,,47.992151899999996,0.40157502
278155,Monument Peak,MT,45.22,-110.24,2697.5,20170204,24.98,29.3,26.42,,,,,50.000027,0.50000027
278156,Monument Peak,MT,45.22,-110.24,2697.5,20170205,25.52,28.76,26.78,,,,,52.9921546,0.50000027
278157,Monument Peak,MT,45.22,-110.24,2697.5,20170206,15.62,29.12,26.06,,,,,57.992157299999995,0.79921303
278158,Monument Peak,MT,45.22,-110.24,2697.5,20170207,13.28,23.9,19.22,,,,,60.98428489999999,0.29921276
278159,Monument Peak,MT,45.22,-110.24,2697.5,20170208,18.32,28.22,23.18,,,,,62.007907499999995,0.40157502
278160,Monument Peak,MT,45.22,-110.24,2697.5,20170209,28.04,34.88,33.08,,,,,62.99216,0.70078778
278161,Monument Peak,MT,45.22,-110.24,2697.5,20170210,23.36,34.7,29.66,,,,,67.00791020000001,0.90157529
278162,Monument Peak,MT,45.22,-110.24,2697.5,20170211,6.26,24.44,17.42,,,,,65.0000351,0.0
278163,Monument Peak,MT,45.22,-110.24,2697.5,20170212,5.72,34.16,16.7,,,,,62.99216,0.0
278164,Monument Peak,MT,45.22,-110.24,2697.5,20170213,14.54,37.4,21.56,,,,,60.98428489999999,0.09842525
278165,Monument Peak,MT,45.22,-110.24,2697.5,20170214,18.14,42.62,26.96,,,,,60.0000324,0.0
278166,Monument Peak,MT,45.22,-110.24,2697.5,20170215,20.66,41.18,27.32,,,,,59.0157799,0.0
278167,Monument Peak,MT,45.22,-110.24,2697.5,20170216,24.62,39.2,30.38,,,,,59.0157799,0.0
278168,Monument Peak,MT,45.22,-110.24,2697.5,20170217,22.1,37.58,27.32,,,,,57.992157299999995,0.09842525
278169,Monument Peak,MT,45.22,-110.24,2697.5,20170218,28.04,35.06,31.1,,,,,57.992157299999995,0.09842525
278170,Monument Peak,MT,45.22,-110.24,2697.5,20170219,22.46,33.44,28.76,,,,,60.0000324,0.29921276
278171,Monument Peak,MT,45.22,-110.24,2697.5,20170220,21.74,31.64,27.86,,,,,60.98428489999999,0.40157502
278172,Monument Peak,MT,45.22,-110.24,2697.5,20170221,20.84,33.26,28.4,,,,,65.0000351,0.40157502
278173,Monument Peak,MT,45.22,-110.24,2697.5,20170222,7.7,28.22,19.22,,,,,65.0000351,0.20078751
278174,Monument Peak,MT,45.22,-110.24,2697.5,20170223,6.98,20.84,13.28,,,,,65.0000351,0.0
278175,Monument Peak,MT,45.22,-110.24,2697.5,20170224,4.46,21.56,11.3,,,,,65.0000351,0.09842525
278176,Monument Peak,MT,45.22,-110.24,2697.5,20170225,3.56,17.6,8.06,,,,,64.0157826,0.09842525
278177,Monument Peak,MT,45.22,-110.24,2697.5,20170226,-3.46,16.88,9.5,,,,,65.0000351,0.20078751
278178,Monument Peak,MT,45.22,-110.24,2697.5,20170227,1.94,37.4,11.3,,,,,64.0157826,0.0
278179,Monument Peak,MT,45.22,-110.24,2697.5,20170228,-1.66,19.76,10.76,,,,,65.0000351,0.09842525
278180,Monument Peak,MT,45.22,-110.24,2697.5,20170301,3.02,21.38,13.1,,,,,64.0157826,0.09842525
278181,Monument Peak,MT,45.22,-110.24,2697.5,20170302,5.18,28.94,19.58,,,,,62.99216,0.09842525
278182,Monument Peak,MT,45.22,-110.24,2697.5,20170303,18.86,39.56,25.88,,,,,62.99216,0.0
278183,Monument Peak,MT,45.22,-110.24,2697.5,20170304,25.34,30.92,27.86,,,,,62.99216,0.09842525
278184,Monument Peak,MT,45.22,-110.24,2697.5,20170305,18.68,29.66,25.16,,,,,64.0157826,0.20078751
278185,Monument Peak,MT,45.22,-110.24,2697.5,20170306,8.06,53.6,13.64,,,,,65.9842876,0.29921276
278186,Monument Peak,MT,45.22,-110.24,2697.5,20170307,7.34,22.46,15.44,,,,,65.0000351,0.09842525
278187,Monument Peak,MT,45.22,-110.24,2697.5,20170308,20.84,30.2,26.24,,,,,69.0157853,0.40157502
278188,Monument Peak,MT,45.22,-110.24,2697.5,20170309,27.14,34.88,30.74,,,,,74.015788,0.50000027
278189,Monument Peak,MT,45.22,-110.24,2697.5,20170310,28.4,38.84,33.08,,,,,72.00791290000001,0.20078751
278190,Monument Peak,MT,45.22,-110.24,2697.5,20170311,21.2,41.18,30.02,,,,,72.00791290000001,0.09842525
278191,Monument Peak,MT,45.22,-110.24,2697.5,20170312,18.32,39.56,26.6,,,,,72.00791290000001,0.09842525
278192,Monument Peak,MT,45.22,-110.24,2697.5,20170313,22.46,46.4,31.64,,,,,70.0000378,0.09842525
278193,Monument Peak,MT,45.22,-110.24,2697.5,20170314,30.38,47.66,35.42,,,,,69.0157853,0.20078751
278194,Monument Peak,MT,45.22,-110.24,2697.5,20170315,30.74,53.24,39.56,,,,,67.9921627,0.0
278195,Monument Peak,MT,45.22,-110.24,2697.5,20170316,26.78,44.06,33.98,,,,,67.00791020000001,0.20078751
278196,Monument Peak,MT,45.22,-110.24,2697.5,20170317,21.74,50.0,34.7,,,,,67.00791020000001,0.0
278197,Monument Peak,MT,45.22,-110.24,2697.5,20170318,37.04,54.5,43.34,,,,,65.0000351,0.09842525
278198,Monument Peak,MT,45.22,-110.24,2697.5,20170319,31.28,39.2,34.88,,,,,65.9842876,0.29921276
278199,Monument Peak,MT,45.22,-110.24,2697.5,20170320,28.94,39.02,33.62,,,,,69.0157853,0.40157502
278200,Monument Peak,MT,45.22,-110.24,2697.5,20170321,30.38,47.84,36.86,,,,,65.9842876,0.09842525
278201,Monument Peak,MT,45.22,-110.24,2697.5,20170322,29.3,50.18,35.96,,,,,65.9842876,0.09842525
278202,Monument Peak,MT,45.22,-110.24,2697.5,20170323,21.02,42.08,30.56,,,,,65.0000351,0.0
278203,Monument Peak,MT,45.22,-110.24,2697.5,20170324,20.12,49.46,32.54,,,,,64.0157826,0.0
278204,Monument Peak,MT,45.22,-110.24,2697.5,20170325,21.38,39.74,31.28,,,,,65.9842876,0.20078751
278205,Monument Peak,MT,45.22,-110.24,2697.5,20170326,23.18,44.24,30.74,,,,,65.9842876,0.09842525
278206,Monument Peak,MT,45.22,-110.24,2697.5,20170327,25.7,41.54,31.28,,,,,69.0157853,0.29921276
278207,Monument Peak,MT,45.22,-110.24,2697.5,20170328,23.54,44.96,30.02,,,,,65.9842876,0.0
278208,Monument Peak,MT,45.22,-110.24,2697.5,20170329,20.84,37.58,29.3,,,,,67.00791020000001,0.20078751
278209,Monument Peak,MT,45.22,-110.24,2697.5,20170330,29.48,41.54,33.44,,,,,67.9921627,0.29921276
278210,Monument Peak,MT,45.22,-110.24,2697.5,20170331,19.04,38.84,30.02,,,,,69.0157853,0.09842525
278211,Monument Peak,MT,45.22,-110.24,2697.5,20170401,8.24,51.8,33.26,,,,,67.9921627,0.0
278212,Monument Peak,MT,45.22,-110.24,2697.5,20170402,21.02,45.86,31.28,,,,,69.0157853,0.29921276
278213,Monument Peak,MT,45.22,-110.24,2697.5,20170403,9.68,34.16,19.22,,,,,67.9921627,0.0
278214,Monument Peak,MT,45.22,-110.24,2697.5,20170404,10.4,41.54,22.46,,,,,67.00791020000001,0.09842525
278215,Monument Peak,MT,45.22,-110.24,2697.5,20170405,18.32,51.26,30.38,,,,,67.00791020000001,0.0
278216,Monument Peak,MT,45.22,-110.24,2697.5,20170406,25.7,54.5,39.02,,,,,67.00791020000001,0.0
278217,Monument Peak,MT,45.22,-110.24,2697.5,20170407,29.84,44.6,37.4,,,,,69.0157853,0.29921276
278218,Monument Peak,MT,45.22,-110.24,2697.5,20170408,26.78,44.24,31.28,,,,,67.9921627,0.09842525
278219,Monument Peak,MT,45.22,-110.24,2697.5,20170409,12.56,32.54,23.72,,,,,69.0157853,0.09842525
278220,Monument Peak,MT,45.22,-110.24,2697.5,20170410,12.56,36.14,24.44,,,,,69.0157853,0.20078751
278221,Monument Peak,MT,45.22,-110.24,2697.5,20170411,16.16,43.88,29.48,,,,,70.0000378,0.20078751
278222,Monument Peak,MT,45.22,-110.24,2697.5,20170412,29.3,51.26,37.4,,,,,67.9921627,0.09842525
278223,Monument Peak,MT,45.22,-110.24,2697.5,20170413,30.38,60.8,44.06,,,,,65.0000351,0.0
278224,Monument Peak,MT,45.22,-110.24,2697.5,20170414,20.66,37.94,28.22,,,,,67.00791020000001,0.20078751
278225,Monument Peak,MT,45.22,-110.24,2697.5,20170415,16.88,40.28,26.24,,,,,65.9842876,0.0
278226,Monument Peak,MT,45.22,-110.24,2697.5,20170416,18.14,50.54,33.26,,,,,64.0157826,0.09842525
278227,Monument Peak,MT,45.22,-110.24,2697.5,20170417,26.6,39.74,33.62,,,,,67.00791020000001,0.29921276
278228,Monument Peak,MT,45.22,-110.24,2697.5,20170418,30.38,45.5,35.42,,,,,65.0000351,0.0
278229,Monument Peak,MT,45.22,-110.24,2697.5,20170419,26.24,49.46,34.7,,,,,65.0000351,0.09842525
278230,Monument Peak,MT,45.22,-110.24,2697.5,20170420,23.9,48.2,34.52,,,,,67.9921627,0.29921276
278231,Monument Peak,MT,45.22,-110.24,2697.5,20170421,24.08,39.92,29.66,,,,,69.0157853,0.29921276
278232,Monument Peak,MT,45.22,-110.24,2697.5,20170422,17.78,50.54,33.62,,,,,65.0000351,0.0
278233,Monument Peak,MT,45.22,-110.24,2697.5,20170423,26.96,45.14,33.98,,,,,67.00791020000001,0.40157502
278234,Monument Peak,MT,45.22,-110.24,2697.5,20170424,27.86,41.54,32.72,,,,,69.0157853,0.40157502
278235,Monument Peak,MT,45.22,-110.24,2697.5,20170425,23.0,46.22,31.1,,,,,67.00791020000001,0.20078751
278236,Monument Peak,MT,45.22,-110.24,2697.5,20170426,24.44,45.86,31.28,,,,,70.9842903,0.29921276
278237,Monument Peak,MT,45.22,-110.24,2697.5,20170427,23.36,38.12,28.58,,,,,72.00791290000001,0.29921276
278238,Monument Peak,MT,45.22,-110.24,2697.5,20170428,22.46,36.14,26.6,,,,,75.98429300000001,0.40157502
278239,Monument Peak,MT,45.22,-110.24,2697.5,20170429,16.52,47.66,29.48,,,,,72.00791290000001,0.0
278240,Monument Peak,MT,45.22,-110.24,2697.5,20170430,25.88,40.82,32.54,,,,,72.00791290000001,0.20078751
278241,Monument Peak,MT,45.22,-110.24,2697.5,20170501,26.06,47.12,32.36,,,,,74.015788,0.29921276
278242,Monument Peak,MT,45.22,-110.24,2697.5,20170502,25.52,46.94,33.26,,,,,72.9921654,0.09842525
278243,Monument Peak,MT,45.22,-110.24,2697.5,20170503,18.32,57.38,36.86,,,,,70.0000378,0.0
278244,Monument Peak,MT,45.22,-110.24,2697.5,20170504,31.46,68.72,46.58,,,,,67.00791020000001,0.0
278245,Monument Peak,MT,45.22,-110.24,2697.5,20170505,37.4,68.9,50.0,,,,,64.0157826,0.0
278246,Monument Peak,MT,45.22,-110.24,2697.5,20170506,39.56,70.34,49.82,,,,,60.98428489999999,0.0
278247,Monument Peak,MT,45.22,-110.24,2697.5,20170507,34.34,60.26,45.5,,,,,59.0157799,0.0
278248,Monument Peak,MT,45.22,-110.24,2697.5,20170508,31.82,57.2,40.28,,,,,57.0079048,0.0
278249,Monument Peak,MT,45.22,-110.24,2697.5,20170509,31.64,54.14,38.84,,,,,55.9842822,0.20078751
278250,Monument Peak,MT,45.22,-110.24,2697.5,20170510,30.38,61.7,43.88,,,,,54.0157772,0.0
278251,Monument Peak,MT,45.22,-110.24,2697.5,20170511,36.32,66.92,47.66,,,,,50.9842795,0.0
278252,Monument Peak,MT,45.22,-110.24,2697.5,20170512,36.68,66.74,48.92,,,,,47.992151899999996,0.0
278253,Monument Peak,MT,45.22,-110.24,2697.5,20170513,27.14,54.86,37.58,,,,,47.0078994,0.0
278254,Monument Peak,MT,45.22,-110.24,2697.5,20170514,25.7,45.86,34.16,,,,,45.00002429999999,0.0
278255,Monument Peak,MT,45.22,-110.24,2697.5,20170515,29.66,50.54,36.86,,,,,45.00002429999999,0.0
278256,Monument Peak,MT,45.22,-110.24,2697.5,20170516,28.94,50.36,36.32,,,,,45.00002429999999,0.09842525
278257,Monument Peak,MT,45.22,-110.24,2697.5,20170517,24.8,34.16,29.48,,,,,59.0157799,1.2992133
278258,Monument Peak,MT,45.22,-110.24,2697.5,20170518,23.18,42.26,32.0,,,,,55.9842822,0.20078751
278259,Monument Peak,MT,45.22,-110.24,2697.5,20170519,20.12,55.22,34.88,,,,,50.000027,0.0
278260,Monument Peak,MT,45.22,-110.24,2697.5,20170520,27.5,51.98,38.12,,,,,47.992151899999996,0.0
278261,Monument Peak,MT,45.22,-110.24,2697.5,20170521,28.76,55.4,39.74,,,,,45.984276799999996,0.0
278262,Monument Peak,MT,45.22,-110.24,2697.5,20170522,31.64,48.02,39.74,,,,,45.00002429999999,0.0
278263,Monument Peak,MT,45.22,-110.24,2697.5,20170523,31.1,66.38,47.3,,,,,42.0078967,0.0
278264,Monument Peak,MT,45.22,-110.24,2697.5,20170524,28.94,61.7,42.98,,,,,40.000021600000004,0.09842525
278265,Monument Peak,MT,45.22,-110.24,2697.5,20170525,25.52,44.78,32.72,,,,,40.000021600000004,0.09842525
278266,Monument Peak,MT,45.22,-110.24,2697.5,20170526,29.12,44.42,35.24,,,,,40.000021600000004,0.0
278267,Monument Peak,MT,45.22,-110.24,2697.5,20170527,29.12,54.86,40.28,,,,,39.0157691,0.0
278268,Monument Peak,MT,45.22,-110.24,2697.5,20170528,33.98,59.9,43.16,,,,,37.007894,0.0
278269,Monument Peak,MT,45.22,-110.24,2697.5,20170529,34.16,64.94,45.86,,,,,35.0000189,0.0
278270,Monument Peak,MT,45.22,-110.24,2697.5,20170530,36.5,65.48,46.58,,,,,32.9921438,0.0
278271,Monument Peak,MT,45.22,-110.24,2697.5,20170531,38.12,70.34,49.28,,,,,30.0000162,0.0
278272,Monument Peak,MT,45.22,-110.24,2697.5,20170601,40.82,66.38,50.0,,,,,27.9921411,0.0
278273,Monument Peak,MT,45.22,-110.24,2697.5,20170602,38.12,63.68,48.02,,,,,25.0000135,0.0
278274,Monument Peak,MT,45.22,-110.24,2697.5,20170603,37.04,68.18,50.18,,,,,22.007885899999998,0.0
278275,Monument Peak,MT,45.22,-110.24,2697.5,20170604,40.28,72.32,53.24,,,,,19.0157583,0.0
278276,Monument Peak,MT,45.22,-110.24,2697.5,20170605,36.32,64.04,47.84,,,,,15.9842606,0.0
278277,Monument Peak,MT,45.22,-110.24,2697.5,20170606,34.7,68.72,48.56,,,,,12.007880499999999,0.0
278278,Monument Peak,MT,45.22,-110.24,2697.5,20170607,40.82,70.88,50.72,,,,,9.0157529,0.0
278279,Monument Peak,MT,45.22,-110.24,2697.5,20170608,42.08,72.68,55.94,,,,,5.0000027000000005,0.0
278280,Monument Peak,MT,45.22,-110.24,2697.5,20170609,34.34,50.54,41.72,,,,,7.007877799999999,0.20078751
278281,Monument Peak,MT,45.22,-110.24,2697.5,20170610,30.92,50.72,39.2,,,,,4.0157502,0.09842525
278282,Monument Peak,MT,45.22,-110.24,2697.5,20170611,30.02,50.72,41.0,,,,,2.9921276000000003,0.0
278283,Monument Peak,MT,45.22,-110.24,2697.5,20170612,31.28,64.4,44.24,,,,,0.0,0.20078751
278284,Monument Peak,MT,45.22,-110.24,2697.5,20170613,31.28,40.64,34.7,,,,,2.9921276000000003,0.70078778
278285,Monument Peak,MT,45.22,-110.24,2697.5,20170614,34.7,55.76,42.62,,,,,0.0,0.0
278286,Monument Peak,MT,45.22,-110.24,2697.5,20170615,35.6,56.66,44.96,,,,,0.0,0.0
278287,Monument Peak,MT,45.22,-110.24,2697.5,20170616,39.38,55.58,44.24,,,,,0.0,0.29921276
278288,Monument Peak,MT,45.22,-110.24,2697.5,20170617,34.7,56.84,42.8,,,,,0.0,0.09842525
278289,Monument Peak,MT,45.22,-110.24,2697.5,20170618,39.2,56.66,45.14,,,,,0.0,0.0
278290,Monument Peak,MT,45.22,-110.24,2697.5,20170619,37.22,69.98,51.62,,,,,0.0,0.0
278291,Monument Peak,MT,45.22,-110.24,2697.5,20170620,44.06,72.68,55.58,,,,,0.0,0.0
278292,Monument Peak,MT,45.22,-110.24,2697.5,20170621,42.26,73.76,56.66,,,,,0.0,0.0
278293,Monument Peak,MT,45.22,-110.24,2697.5,20170622,32.0,60.8,44.96,,,,,0.0,0.0
278294,Monument Peak,MT,45.22,-110.24,2697.5,20170623,30.56,60.44,43.7,,,,,0.0,0.0
278295,Monument Peak,MT,45.22,-110.24,2697.5,20170624,34.52,63.5,47.12,,,,,0.0,0.0
278296,Monument Peak,MT,45.22,-110.24,2697.5,20170625,37.58,70.16,52.34,,,,,0.0,0.0
278297,Monument Peak,MT,45.22,-110.24,2697.5,20170626,43.34,76.28,58.28,,,,,0.0,0.0
278298,Monument Peak,MT,45.22,-110.24,2697.5,20170627,39.56,59.54,48.38,,,,,0.0,0.29921276
278299,Monument Peak,MT,45.22,-110.24,2697.5,20170628,35.96,54.32,41.36,,,,,0.0,0.40157502
278300,Monument Peak,MT,45.22,-110.24,2697.5,20170629,34.16,49.46,39.2,,,,,0.0,0.20078751
278301,Monument Peak,MT,45.22,-110.24,2697.5,20170630,33.62,65.3,47.66,,,,,0.0,0.0
278302,Monument Peak,MT,45.22,-110.24,2697.5,20170701,42.08,72.5,54.86,,,,,0.0,0.0
278303,Monument Peak,MT,45.22,-110.24,2697.5,20170702,44.42,69.44,54.32,,,,,0.0,0.0
278304,Monument Peak,MT,45.22,-110.24,2697.5,20170703,45.14,75.2,59.18,,,,,0.0,0.0
278305,Monument Peak,MT,45.22,-110.24,2697.5,20170704,47.84,75.02,59.9,,,,,0.0,0.0
278306,Monument Peak,MT,45.22,-110.24,2697.5,20170705,49.46,77.18,57.92,,,,,0.0,0.09842525
278307,Monument Peak,MT,45.22,-110.24,2697.5,20170706,49.82,77.18,58.46,,,,,0.0,0.09842525
278308,Monument Peak,MT,45.22,-110.24,2697.5,20170707,49.46,74.12,58.82,,,,,0.0,0.0
278309,Monument Peak,MT,45.22,-110.24,2697.5,20170708,48.56,76.82,59.54,,,,,0.0,0.0
278310,Monument Peak,MT,45.22,-110.24,2697.5,20170709,51.44,77.36,58.46,,,,,0.0,0.0
278311,Monument Peak,MT,45.22,-110.24,2697.5,20170710,46.76,75.56,57.74,,,,,0.0,0.0
278312,Monument Peak,MT,45.22,-110.24,2697.5,20170711,45.86,67.64,53.78,,,,,0.0,0.09842525
278313,Monument Peak,MT,45.22,-110.24,2697.5,20170712,44.78,74.48,56.48,,,,,0.0,0.0
278314,Monument Peak,MT,45.22,-110.24,2697.5,20170713,48.38,79.34,61.88,,,,,0.0,0.0
278315,Monument Peak,MT,45.22,-110.24,2697.5,20170714,51.26,79.34,61.88,,,,,0.0,0.0
278316,Monument Peak,MT,45.22,-110.24,2697.5,20170715,49.28,77.36,60.8,,,,,0.0,0.50000027
278317,Monument Peak,MT,45.22,-110.24,2697.5,20170716,46.04,73.94,53.42,,,,,0.0,0.09842525
278318,Monument Peak,MT,45.22,-110.24,2697.5,20170717,44.06,72.14,54.68,,,,,0.0,0.0
278319,Monument Peak,MT,45.22,-110.24,2697.5,20170718,43.34,74.48,58.1,,,,,0.0,0.0
278320,Monument Peak,MT,45.22,-110.24,2697.5,20170719,49.1,77.72,61.7,,,,,0.0,0.0
278321,Monument Peak,MT,45.22,-110.24,2697.5,20170720,51.08,73.22,60.98,,,,,0.0,0.0
278322,Monument Peak,MT,45.22,-110.24,2697.5,20170721,44.96,73.76,57.56,,,,,0.0,0.0
278323,Monument Peak,MT,45.22,-110.24,2697.5,20170722,43.7,76.46,58.28,,,,,0.0,0.0
278324,Monument Peak,MT,45.22,-110.24,2697.5,20170723,48.38,75.38,59.54,,,,,0.0,0.0
278325,Monument Peak,MT,45.22,-110.24,2697.5,20170724,49.64,77.0,60.44,,,,,0.0,0.0
278326,Monument Peak,MT,45.22,-110.24,2697.5,20170725,45.32,63.86,53.96,,,,,0.0,0.20078751
278327,Monument Peak,MT,45.22,-110.24,2697.5,20170726,45.14,68.0,53.96,,,,,0.0,0.0
278328,Monument Peak,MT,45.22,-110.24,2697.5,20170727,45.14,70.52,53.78,,,,,0.0,0.0
278329,Monument Peak,MT,45.22,-110.24,2697.5,20170728,44.96,69.98,53.06,,,,,0.0,0.20078751
278330,Monument Peak,MT,45.22,-110.24,2697.5,20170729,44.24,71.96,55.4,,,,,0.0,0.0
278331,Monument Peak,MT,45.22,-110.24,2697.5,20170730,47.84,76.1,57.2,,,,,0.0,0.0
278332,Monument Peak,MT,45.22,-110.24,2697.5,20170731,48.02,79.52,60.44,,,,,0.0,0.0
278333,Monument Peak,MT,45.22,-110.24,2697.5,20170801,48.38,77.72,60.62,,,,,0.0,0.0
278334,Monument Peak,MT,45.22,-110.24,2697.5,20170802,44.78,69.08,53.42,,,,,0.0,0.0
278335,Monument Peak,MT,45.22,-110.24,2697.5,20170803,41.9,71.6,54.5,,,,,0.0,0.0
278336,Monument Peak,MT,45.22,-110.24,2697.5,20170804,46.4,77.18,58.82,,,,,0.0,0.0
278337,Monument Peak,MT,45.22,-110.24,2697.5,20170805,41.72,67.64,51.8,,,,,0.0,0.0
278338,Monument Peak,MT,45.22,-110.24,2697.5,20170806,39.38,61.88,48.56,,,,,0.0,0.0
278339,Monument Peak,MT,45.22,-110.24,2697.5,20170807,39.2,69.8,52.7,,,,,0.0,0.0
278340,Monument Peak,MT,45.22,-110.24,2697.5,20170808,44.96,67.82,53.6,,,,,0.0,0.0
278341,Monument Peak,MT,45.22,-110.24,2697.5,20170809,40.1,65.3,49.64,,,,,0.0,0.59842552
278342,Monument Peak,MT,45.22,-110.24,2697.5,20170810,39.38,68.54,50.9,,,,,0.0,0.0
278343,Monument Peak,MT,45.22,-110.24,2697.5,20170811,43.88,70.52,54.32,,,,,0.0,0.0
278344,Monument Peak,MT,45.22,-110.24,2697.5,20170812,42.98,69.62,54.68,,,,,0.0,0.0
278345,Monument Peak,MT,45.22,-110.24,2697.5,20170813,45.14,66.92,50.18,,,,,0.0,0.40157502
278346,Monument Peak,MT,45.22,-110.24,2697.5,20170814,39.92,56.66,46.58,,,,,0.0,0.50000027
278347,Monument Peak,MT,45.22,-110.24,2697.5,20170815,39.38,64.58,48.2,,,,,0.0,0.0
278348,Monument Peak,MT,45.22,-110.24,2697.5,20170816,39.92,66.38,50.9,,,,,0.0,0.0
278349,Monument Peak,MT,45.22,-110.24,2697.5,20170817,44.06,68.18,53.42,,,,,0.0,0.0
278350,Monument Peak,MT,45.22,-110.24,2697.5,20170818,42.44,72.5,55.22,,,,,0.0,0.0
278351,Monument Peak,MT,45.22,-110.24,2697.5,20170819,42.62,68.54,54.5,,,,,0.0,0.0
278352,Monument Peak,MT,45.22,-110.24,2697.5,20170820,40.1,68.54,51.62,,,,,0.0,0.0
278353,Monument Peak,MT,45.22,-110.24,2697.5,20170821,41.36,68.72,51.62,,,,,0.0,0.0
278354,Monument Peak,MT,45.22,-110.24,2697.5,20170822,43.7,75.56,56.66,,,,,0.0,0.0
278355,Monument Peak,MT,45.22,-110.24,2697.5,20170823,46.76,71.78,55.58,,,,,0.0,0.0
278356,Monument Peak,MT,45.22,-110.24,2697.5,20170824,43.7,66.92,52.34,,,,,0.0,0.09842525
278357,Monument Peak,MT,45.22,-110.24,2697.5,20170825,41.54,66.02,50.0,,,,,0.0,0.0
278358,Monument Peak,MT,45.22,-110.24,2697.5,20170826,43.52,72.86,55.4,,,,,0.0,0.0
278359,Monument Peak,MT,45.22,-110.24,2697.5,20170827,46.94,77.18,59.18,,,,,0.0,0.0
278360,Monument Peak,MT,45.22,-110.24,2697.5,20170828,49.64,77.9,60.44,,,,,0.0,0.0
278361,Monument Peak,MT,45.22,-110.24,2697.5,20170829,51.44,73.76,59.54,,,,,0.0,0.0
278362,Monument Peak,MT,45.22,-110.24,2697.5,20170830,50.0,72.14,58.64,,,,,0.0,0.0
278363,Monument Peak,MT,45.22,-110.24,2697.5,20170831,47.3,70.16,55.04,,,,,0.0,0.0
278364,Monument Peak,MT,45.22,-110.24,2697.5,20170901,41.18,72.14,55.04,,,,,0.0,0.0
278365,Monument Peak,MT,45.22,-110.24,2697.5,20170902,46.22,79.34,59.9,,,,,0.0,0.0
278366,Monument Peak,MT,45.22,-110.24,2697.5,20170903,50.0,80.06,61.88,,,,,0.0,0.0
278367,Monument Peak,MT,45.22,-110.24,2697.5,20170904,37.4,60.98,48.74,,,,,0.0,0.0
278368,Monument Peak,MT,45.22,-110.24,2697.5,20170905,36.32,71.06,50.18,,,,,0.0,0.0
278369,Monument Peak,MT,45.22,-110.24,2697.5,20170906,43.16,72.32,54.5,,,,,0.0,0.0
278370,Monument Peak,MT,45.22,-110.24,2697.5,20170907,45.32,72.68,56.3,,,,,0.0,0.0
278371,Monument Peak,MT,45.22,-110.24,2697.5,20170908,43.52,73.22,53.42,,,,,0.0,0.0
278372,Monument Peak,MT,45.22,-110.24,2697.5,20170909,43.52,70.34,54.32,,,,,0.0,0.0
278373,Monument Peak,MT,45.22,-110.24,2697.5,20170910,48.02,69.98,55.58,,,,,0.0,0.0
278374,Monument Peak,MT,45.22,-110.24,2697.5,20170911,44.96,74.66,56.48,,,,,0.0,0.0
278375,Monument Peak,MT,45.22,-110.24,2697.5,20170912,47.84,75.56,57.2,,,,,0.0,0.0
278376,Monument Peak,MT,45.22,-110.24,2697.5,20170913,42.8,69.8,51.98,,,,,0.0,0.20078751
278377,Monument Peak,MT,45.22,-110.24,2697.5,20170914,32.9,57.2,42.8,,,,,0.0,0.59842552
278378,Monument Peak,MT,45.22,-110.24,2697.5,20170915,27.5,34.7,31.28,,,,,4.0157502,0.50000027
278379,Monument Peak,MT,45.22,-110.24,2697.5,20170916,26.96,36.68,30.02,,,,,2.9921276000000003,0.29921276
278380,Monument Peak,MT,45.22,-110.24,2697.5,20170917,25.52,46.94,34.52,,,,,0.0,0.0
278381,Monument Peak,MT,45.22,-110.24,2697.5,20170918,32.9,50.9,40.1,,,,,0.9842525,0.40157502
278382,Monument Peak,MT,45.22,-110.24,2697.5,20170919,27.86,39.2,31.82,,,,,5.0000027000000005,0.90157529
278383,Monument Peak,MT,45.22,-110.24,2697.5,20170920,27.14,35.78,31.64,,,,,10.000005400000001,0.59842552
278384,Monument Peak,MT,45.22,-110.24,2697.5,20170921,28.58,36.86,32.36,,,,,,
278385,Lick Creek,MT,45.5,-110.97,2090.9,20170101,-1.66,19.58,10.76,,,,,17.9921357,0.0
278386,Lick Creek,MT,45.5,-110.97,2090.9,20170102,-16.78,1.94,-7.24,,,,,17.9921357,0.0
278387,Lick Creek,MT,45.5,-110.97,2090.9,20170103,-18.22,10.94,-4.0,,,,,17.0078832,0.0
278388,Lick Creek,MT,45.5,-110.97,2090.9,20170104,-14.98,3.92,-5.62,,,,,17.0078832,0.0
278389,Lick Creek,MT,45.5,-110.97,2090.9,20170105,-17.68,8.24,-3.82,,,,,15.9842606,0.09842525
278390,Lick Creek,MT,45.5,-110.97,2090.9,20170106,3.74,22.28,11.84,,,,,15.9842606,0.0
278391,Lick Creek,MT,45.5,-110.97,2090.9,20170107,4.1,31.64,18.5,,,,,15.9842606,0.20078751
278392,Lick Creek,MT,45.5,-110.97,2090.9,20170108,25.52,41.0,33.98,,,,,15.9842606,0.0
278393,Lick Creek,MT,45.5,-110.97,2090.9,20170109,21.74,41.0,32.9,,,,,17.0078832,0.09842525
278394,Lick Creek,MT,45.5,-110.97,2090.9,20170110,7.52,30.2,22.46,,,,,17.0078832,0.09842525
278395,Lick Creek,MT,45.5,-110.97,2090.9,20170111,1.4,15.08,7.88,,,,,17.9921357,0.09842525
278396,Lick Creek,MT,45.5,-110.97,2090.9,20170112,3.92,23.54,13.82,,,,,19.0157583,0.09842525
278397,Lick Creek,MT,45.5,-110.97,2090.9,20170113,2.84,27.5,12.2,,,,,17.9921357,0.0
278398,Lick Creek,MT,45.5,-110.97,2090.9,20170114,5.0,30.92,15.08,,,,,17.9921357,0.0
278399,Lick Creek,MT,45.5,-110.97,2090.9,20170115,9.5,32.36,17.6,,,,,17.0078832,0.0
278400,Lick Creek,MT,45.5,-110.97,2090.9,20170116,7.7,33.62,19.22,,,,,17.0078832,0.0
278401,Lick Creek,MT,45.5,-110.97,2090.9,20170117,19.76,45.32,30.56,,,,,17.0078832,0.09842525
278402,Lick Creek,MT,45.5,-110.97,2090.9,20170118,30.92,50.54,39.56,,,,,17.0078832,0.0
278403,Lick Creek,MT,45.5,-110.97,2090.9,20170119,29.84,39.02,34.7,,,,,17.0078832,0.0
278404,Lick Creek,MT,45.5,-110.97,2090.9,20170120,16.52,34.34,26.24,,,,,17.0078832,0.0
278405,Lick Creek,MT,45.5,-110.97,2090.9,20170121,14.0,33.8,24.26,,,,,17.0078832,0.0
278406,Lick Creek,MT,45.5,-110.97,2090.9,20170122,12.2,35.06,25.16,,,,,17.0078832,0.0
278407,Lick Creek,MT,45.5,-110.97,2090.9,20170123,10.04,28.4,18.5,,,,,17.0078832,0.0
278408,Lick Creek,MT,45.5,-110.97,2090.9,20170124,9.5,20.48,15.26,,,,,17.0078832,0.0
278409,Lick Creek,MT,45.5,-110.97,2090.9,20170125,10.58,22.46,15.08,,,,,17.0078832,0.0
278410,Lick Creek,MT,45.5,-110.97,2090.9,20170126,3.56,21.56,13.82,,,,,17.0078832,0.0
278411,Lick Creek,MT,45.5,-110.97,2090.9,20170127,2.48,33.44,17.6,,,,,17.0078832,0.0
278412,Lick Creek,MT,45.5,-110.97,2090.9,20170128,20.48,40.1,29.66,,,,,17.0078832,0.09842525
278413,Lick Creek,MT,45.5,-110.97,2090.9,20170129,26.24,48.92,36.86,,,,,17.0078832,0.0
278414,Lick Creek,MT,45.5,-110.97,2090.9,20170130,29.84,43.34,36.68,,,,,17.0078832,0.0
278415,Lick Creek,MT,45.5,-110.97,2090.9,20170131,10.22,31.46,21.74,,,,,29.015763699999997,0.59842552
278416,Lick Creek,MT,45.5,-110.97,2090.9,20170201,-9.58,12.92,4.1,,,,,25.984266,0.09842525
278417,Lick Creek,MT,45.5,-110.97,2090.9,20170202,-8.32,7.7,-0.76,,,,,25.0000135,0.0
278418,Lick Creek,MT,45.5,-110.97,2090.9,20170203,-5.44,39.2,25.16,,,,,24.015760999999998,0.20078751
278419,Lick Creek,MT,45.5,-110.97,2090.9,20170204,31.28,41.36,35.06,,,,,22.992138399999998,0.0
278420,Lick Creek,MT,45.5,-110.97,2090.9,20170205,31.82,43.52,37.04,,,,,22.007885899999998,0.0
278421,Lick Creek,MT,45.5,-110.97,2090.9,20170206,21.74,41.18,34.34,,,,,24.015760999999998,0.09842525
278422,Lick Creek,MT,45.5,-110.97,2090.9,20170207,13.82,28.04,21.02,,,,,25.984266,0.20078751
278423,Lick Creek,MT,45.5,-110.97,2090.9,20170208,18.5,36.32,28.94,,,,,25.984266,0.20078751
278424,Lick Creek,MT,45.5,-110.97,2090.9,20170209,35.42,47.3,42.44,,,,,20.9842633,0.0
278425,Lick Creek,MT,45.5,-110.97,2090.9,20170210,27.86,39.56,34.16,,,,,22.007885899999998,0.20078751
278426,Lick Creek,MT,45.5,-110.97,2090.9,20170211,9.5,31.82,22.46,,,,,22.007885899999998,0.0
278427,Lick Creek,MT,45.5,-110.97,2090.9,20170212,9.14,40.46,23.54,,,,,22.007885899999998,0.0
278428,Lick Creek,MT,45.5,-110.97,2090.9,20170213,16.52,38.84,26.42,,,,,22.007885899999998,0.0
278429,Lick Creek,MT,45.5,-110.97,2090.9,20170214,17.96,47.3,30.38,,,,,20.9842633,0.0
278430,Lick Creek,MT,45.5,-110.97,2090.9,20170215,27.5,57.2,40.46,,,,,20.9842633,0.0
278431,Lick Creek,MT,45.5,-110.97,2090.9,20170216,33.08,51.8,42.08,,,,,20.000010800000002,0.0
278432,Lick Creek,MT,45.5,-110.97,2090.9,20170217,26.42,43.7,34.52,,,,,20.000010800000002,0.0
278433,Lick Creek,MT,45.5,-110.97,2090.9,20170218,32.54,48.2,39.38,,,,,20.9842633,0.0
278434,Lick Creek,MT,45.5,-110.97,2090.9,20170219,28.58,43.7,36.14,,,,,20.9842633,0.0
278435,Lick Creek,MT,45.5,-110.97,2090.9,20170220,28.58,44.42,37.58,,,,,20.000010800000002,0.0
278436,Lick Creek,MT,45.5,-110.97,2090.9,20170221,30.74,45.32,37.76,,,,,20.000010800000002,0.0
278437,Lick Creek,MT,45.5,-110.97,2090.9,20170222,18.14,31.28,25.52,,,,,24.015760999999998,0.20078751
278438,Lick Creek,MT,45.5,-110.97,2090.9,20170223,15.62,24.44,20.12,,,,,24.015760999999998,0.0
278439,Lick Creek,MT,45.5,-110.97,2090.9,20170224,12.02,23.9,16.52,,,,,24.015760999999998,0.09842525
278440,Lick Creek,MT,45.5,-110.97,2090.9,20170225,4.82,22.28,14.54,,,,,24.015760999999998,0.0
278441,Lick Creek,MT,45.5,-110.97,2090.9,20170226,5.72,26.06,18.5,,,,,24.015760999999998,0.09842525
278442,Lick Creek,MT,45.5,-110.97,2090.9,20170227,2.84,30.56,16.16,,,,,24.015760999999998,0.0
278443,Lick Creek,MT,45.5,-110.97,2090.9,20170228,9.68,30.02,18.14,,,,,24.015760999999998,0.0
278444,Lick Creek,MT,45.5,-110.97,2090.9,20170301,7.88,33.26,23.72,,,,,24.015760999999998,0.0
278445,Lick Creek,MT,45.5,-110.97,2090.9,20170302,25.34,38.66,31.64,,,,,22.992138399999998,0.0
278446,Lick Creek,MT,45.5,-110.97,2090.9,20170303,30.02,46.4,37.4,,,,,22.992138399999998,0.09842525
278447,Lick Creek,MT,45.5,-110.97,2090.9,20170304,34.52,42.8,37.94,,,,,22.992138399999998,0.0
278448,Lick Creek,MT,45.5,-110.97,2090.9,20170305,22.1,41.72,33.26,,,,,24.015760999999998,0.09842525
278449,Lick Creek,MT,45.5,-110.97,2090.9,20170306,14.18,24.8,19.58,,,,,29.015763699999997,0.20078751
278450,Lick Creek,MT,45.5,-110.97,2090.9,20170307,12.92,31.82,24.26,,,,,27.9921411,0.09842525
278451,Lick Creek,MT,45.5,-110.97,2090.9,20170308,29.3,46.04,37.58,,,,,25.984266,0.0
278452,Lick Creek,MT,45.5,-110.97,2090.9,20170309,32.9,41.54,38.3,,,,,27.0078886,0.20078751
278453,Lick Creek,MT,45.5,-110.97,2090.9,20170310,27.86,48.92,40.28,,,,,25.0000135,0.0
278454,Lick Creek,MT,45.5,-110.97,2090.9,20170311,24.26,49.46,37.4,,,,,24.015760999999998,0.0
278455,Lick Creek,MT,45.5,-110.97,2090.9,20170312,26.42,41.9,32.72,,,,,25.0000135,0.09842525
278456,Lick Creek,MT,45.5,-110.97,2090.9,20170313,27.32,51.62,41.36,,,,,24.015760999999998,0.0
278457,Lick Creek,MT,45.5,-110.97,2090.9,20170314,35.78,56.3,44.06,,,,,22.007885899999998,0.0
278458,Lick Creek,MT,45.5,-110.97,2090.9,20170315,38.66,60.26,48.56,,,,,20.9842633,0.0
278459,Lick Creek,MT,45.5,-110.97,2090.9,20170316,24.98,45.86,37.94,,,,,20.9842633,0.0
278460,Lick Creek,MT,45.5,-110.97,2090.9,20170317,22.64,51.98,39.74,,,,,20.000010800000002,0.0
278461,Lick Creek,MT,45.5,-110.97,2090.9,20170318,36.5,61.52,49.64,,,,,17.9921357,0.0
278462,Lick Creek,MT,45.5,-110.97,2090.9,20170319,32.54,52.88,41.0,,,,,15.9842606,0.0
278463,Lick Creek,MT,45.5,-110.97,2090.9,20170320,30.74,39.74,34.7,,,,,15.0000081,0.0
278464,Lick Creek,MT,45.5,-110.97,2090.9,20170321,26.96,55.4,41.54,,,,,12.992133,0.0
278465,Lick Creek,MT,45.5,-110.97,2090.9,20170322,30.56,53.42,39.56,,,,,12.992133,0.0
278466,Lick Creek,MT,45.5,-110.97,2090.9,20170323,24.8,43.88,33.98,,,,,12.992133,0.0
278467,Lick Creek,MT,45.5,-110.97,2090.9,20170324,22.64,52.34,38.48,,,,,12.992133,0.09842525
278468,Lick Creek,MT,45.5,-110.97,2090.9,20170325,27.14,39.74,34.34,,,,,12.007880499999999,0.0
278469,Lick Creek,MT,45.5,-110.97,2090.9,20170326,25.52,47.12,35.6,,,,,12.007880499999999,0.09842525
278470,Lick Creek,MT,45.5,-110.97,2090.9,20170327,29.84,42.62,35.24,,,,,15.9842606,0.20078751
278471,Lick Creek,MT,45.5,-110.97,2090.9,20170328,25.34,39.02,31.64,,,,,14.015755599999999,0.09842525
278472,Lick Creek,MT,45.5,-110.97,2090.9,20170329,24.8,50.18,36.68,,,,,12.992133,0.0
278473,Lick Creek,MT,45.5,-110.97,2090.9,20170330,33.98,45.14,37.04,,,,,14.015755599999999,0.50000027
278474,Lick Creek,MT,45.5,-110.97,2090.9,20170331,28.04,42.26,35.24,,,,,14.015755599999999,0.09842525
278475,Lick Creek,MT,45.5,-110.97,2090.9,20170401,24.44,53.96,39.2,,,,,12.992133,0.09842525
278476,Lick Creek,MT,45.5,-110.97,2090.9,20170402,23.9,44.42,33.8,,,,,15.0000081,0.09842525
278477,Lick Creek,MT,45.5,-110.97,2090.9,20170403,17.96,32.18,24.8,,,,,15.0000081,0.20078751
278478,Lick Creek,MT,45.5,-110.97,2090.9,20170404,21.2,39.38,27.86,,,,,15.0000081,0.20078751
278479,Lick Creek,MT,45.5,-110.97,2090.9,20170405,21.02,50.9,35.78,,,,,14.015755599999999,0.09842525
278480,Lick Creek,MT,45.5,-110.97,2090.9,20170406,30.92,58.28,45.5,,,,,12.992133,0.09842525
278481,Lick Creek,MT,45.5,-110.97,2090.9,20170407,33.98,55.22,44.6,,,,,12.007880499999999,0.09842525
278482,Lick Creek,MT,45.5,-110.97,2090.9,20170408,29.48,47.84,36.86,,,,,12.007880499999999,0.0
278483,Lick Creek,MT,45.5,-110.97,2090.9,20170409,16.52,33.26,26.96,,,,,15.9842606,0.40157502
278484,Lick Creek,MT,45.5,-110.97,2090.9,20170410,15.62,39.56,28.94,,,,,17.9921357,0.20078751
278485,Lick Creek,MT,45.5,-110.97,2090.9,20170411,16.7,46.04,33.26,,,,,15.0000081,0.0
278486,Lick Creek,MT,45.5,-110.97,2090.9,20170412,30.2,55.94,41.9,,,,,12.992133,0.0
278487,Lick Creek,MT,45.5,-110.97,2090.9,20170413,32.54,62.24,48.38,,,,,12.007880499999999,0.0
278488,Lick Creek,MT,45.5,-110.97,2090.9,20170414,26.06,39.2,31.64,,,,,20.000010800000002,0.59842552
278489,Lick Creek,MT,45.5,-110.97,2090.9,20170415,18.86,37.94,29.3,,,,,17.9921357,0.29921276
278490,Lick Creek,MT,45.5,-110.97,2090.9,20170416,17.6,46.94,34.34,,,,,15.9842606,0.0
278491,Lick Creek,MT,45.5,-110.97,2090.9,20170417,30.38,49.28,38.3,,,,,15.9842606,0.09842525
278492,Lick Creek,MT,45.5,-110.97,2090.9,20170418,30.2,50.9,37.94,,,,,15.9842606,0.20078751
278493,Lick Creek,MT,45.5,-110.97,2090.9,20170419,28.58,48.02,36.5,,,,,15.0000081,0.29921276
278494,Lick Creek,MT,45.5,-110.97,2090.9,20170420,29.12,50.9,38.84,,,,,15.9842606,0.0
278495,Lick Creek,MT,45.5,-110.97,2090.9,20170421,28.94,36.14,32.18,,,,,19.0157583,0.50000027
278496,Lick Creek,MT,45.5,-110.97,2090.9,20170422,26.42,54.14,39.56,,,,,15.9842606,0.20078751
278497,Lick Creek,MT,45.5,-110.97,2090.9,20170423,32.0,53.24,39.74,,,,,15.0000081,0.0
278498,Lick Creek,MT,45.5,-110.97,2090.9,20170424,32.0,41.72,35.42,,,,,17.0078832,0.20078751
278499,Lick Creek,MT,45.5,-110.97,2090.9,20170425,31.82,44.42,35.42,,,,,17.0078832,0.59842552
278500,Lick Creek,MT,45.5,-110.97,2090.9,20170426,31.1,44.78,35.6,,,,,17.0078832,0.29921276
278501,Lick Creek,MT,45.5,-110.97,2090.9,20170427,28.58,36.5,31.46,,,,,29.015763699999997,1.20078805
278502,Lick Creek,MT,45.5,-110.97,2090.9,20170428,25.52,37.22,30.38,,,,,32.9921438,0.70078778
278503,Lick Creek,MT,45.5,-110.97,2090.9,20170429,24.08,46.76,33.8,,,,,29.015763699999997,0.09842525
278504,Lick Creek,MT,45.5,-110.97,2090.9,20170430,28.22,49.1,37.22,,,,,25.984266,0.0
278505,Lick Creek,MT,45.5,-110.97,2090.9,20170501,30.38,47.66,37.04,,,,,24.015760999999998,0.0
278506,Lick Creek,MT,45.5,-110.97,2090.9,20170502,31.1,39.56,34.7,,,,,25.0000135,0.20078751
278507,Lick Creek,MT,45.5,-110.97,2090.9,20170503,24.26,57.56,41.0,,,,,22.992138399999998,0.09842525
278508,Lick Creek,MT,45.5,-110.97,2090.9,20170504,32.54,66.92,48.92,,,,,20.000010800000002,0.0
278509,Lick Creek,MT,45.5,-110.97,2090.9,20170505,36.5,73.58,54.32,,,,,17.0078832,0.0
278510,Lick Creek,MT,45.5,-110.97,2090.9,20170506,37.94,72.14,53.6,,,,,15.0000081,0.0
278511,Lick Creek,MT,45.5,-110.97,2090.9,20170507,34.88,59.72,45.14,,,,,12.007880499999999,0.0
278512,Lick Creek,MT,45.5,-110.97,2090.9,20170508,32.0,54.68,41.18,,,,,10.000005400000001,0.09842525
278513,Lick Creek,MT,45.5,-110.97,2090.9,20170509,31.1,58.1,42.62,,,,,10.000005400000001,0.0
278514,Lick Creek,MT,45.5,-110.97,2090.9,20170510,31.1,65.12,48.2,,,,,7.007877799999999,0.0
278515,Lick Creek,MT,45.5,-110.97,2090.9,20170511,35.6,70.16,49.28,,,,,5.0000027000000005,0.09842525
278516,Lick Creek,MT,45.5,-110.97,2090.9,20170512,33.98,70.16,54.14,,,,,4.0157502,0.20078751
278517,Lick Creek,MT,45.5,-110.97,2090.9,20170513,27.5,39.2,33.8,,,,,2.9921276000000003,0.0
278518,Lick Creek,MT,45.5,-110.97,2090.9,20170514,24.08,47.12,35.42,,,,,0.0,0.20078751
278519,Lick Creek,MT,45.5,-110.97,2090.9,20170515,30.38,47.12,36.5,,,,,0.0,
278520,Lick Creek,MT,45.5,-110.97,2090.9,20170516,30.38,51.62,40.64,,,,,0.0,0.50000027
278521,Lick Creek,MT,45.5,-110.97,2090.9,20170517,31.46,39.92,34.52,,,,,7.9921303,1.00000054
278522,Lick Creek,MT,45.5,-110.97,2090.9,20170518,28.76,38.84,34.16,,,,,5.0000027000000005,0.20078751
278523,Lick Creek,MT,45.5,-110.97,2090.9,20170519,25.16,51.26,38.48,,,,,2.9921276000000003,0.20078751
278524,Lick Creek,MT,45.5,-110.97,2090.9,20170520,30.92,54.68,40.82,,,,,2.0078751,0.09842525
278525,Lick Creek,MT,45.5,-110.97,2090.9,20170521,31.1,55.76,41.72,,,,,0.0,0.0
278526,Lick Creek,MT,45.5,-110.97,2090.9,20170522,33.26,57.02,44.42,,,,,0.0,0.0
278527,Lick Creek,MT,45.5,-110.97,2090.9,20170523,32.0,67.28,51.08,,,,,0.0,0.0
278528,Lick Creek,MT,45.5,-110.97,2090.9,20170524,29.84,67.46,50.36,,,,,0.0,0.0
278529,Lick Creek,MT,45.5,-110.97,2090.9,20170525,29.48,43.52,35.42,,,,,0.0,0.0
278530,Lick Creek,MT,45.5,-110.97,2090.9,20170526,28.4,51.26,40.28,,,,,0.0,0.0
278531,Lick Creek,MT,45.5,-110.97,2090.9,20170527,31.46,60.44,45.32,,,,,0.0,0.0
278532,Lick Creek,MT,45.5,-110.97,2090.9,20170528,33.8,64.58,49.28,,,,,0.0,0.0
278533,Lick Creek,MT,45.5,-110.97,2090.9,20170529,35.06,65.66,50.36,,,,,0.0,0.0
278534,Lick Creek,MT,45.5,-110.97,2090.9,20170530,37.4,69.08,53.24,,,,,0.0,0.0
278535,Lick Creek,MT,45.5,-110.97,2090.9,20170531,40.46,74.48,55.76,,,,,0.0,0.0
278536,Lick Creek,MT,45.5,-110.97,2090.9,20170601,43.7,70.88,57.02,,,,,0.0,0.0
278537,Lick Creek,MT,45.5,-110.97,2090.9,20170602,38.66,65.48,51.8,,,,,0.0,0.0
278538,Lick Creek,MT,45.5,-110.97,2090.9,20170603,36.68,71.42,56.12,,,,,0.0,0.20078751
278539,Lick Creek,MT,45.5,-110.97,2090.9,20170604,45.5,79.88,60.8,,,,,0.0,0.0
278540,Lick Creek,MT,45.5,-110.97,2090.9,20170605,39.92,61.16,49.28,,,,,0.0,0.0
278541,Lick Creek,MT,45.5,-110.97,2090.9,20170606,36.32,65.3,52.52,,,,,0.0,0.0
278542,Lick Creek,MT,45.5,-110.97,2090.9,20170607,41.9,74.84,56.12,,,,,0.0,0.0
278543,Lick Creek,MT,45.5,-110.97,2090.9,20170608,46.22,77.9,63.68,,,,,0.0,0.0
278544,Lick Creek,MT,45.5,-110.97,2090.9,20170609,37.22,58.64,47.3,,,,,0.0,0.09842525
278545,Lick Creek,MT,45.5,-110.97,2090.9,20170610,33.44,54.14,40.46,,,,,0.0,0.0
278546,Lick Creek,MT,45.5,-110.97,2090.9,20170611,30.74,53.78,42.98,,,,,0.0,0.20078751
278547,Lick Creek,MT,45.5,-110.97,2090.9,20170612,36.86,65.3,48.2,,,,,0.0,0.20078751
278548,Lick Creek,MT,45.5,-110.97,2090.9,20170613,36.14,44.42,39.74,,,,,0.0,0.50000027
278549,Lick Creek,MT,45.5,-110.97,2090.9,20170614,39.38,59.0,47.48,,,,,0.0,0.29921276
278550,Lick Creek,MT,45.5,-110.97,2090.9,20170615,35.42,61.16,50.36,,,,,0.0,0.0
278551,Lick Creek,MT,45.5,-110.97,2090.9,20170616,43.52,63.86,51.62,,,,,0.0,0.0
278552,Lick Creek,MT,45.5,-110.97,2090.9,20170617,40.82,58.28,47.48,,,,,0.0,0.0
278553,Lick Creek,MT,45.5,-110.97,2090.9,20170618,42.08,58.64,50.18,,,,,0.0,0.0
278554,Lick Creek,MT,45.5,-110.97,2090.9,20170619,38.3,72.86,56.66,,,,,0.0,0.0
278555,Lick Creek,MT,45.5,-110.97,2090.9,20170620,47.84,79.88,64.58,,,,,0.0,0.0
278556,Lick Creek,MT,45.5,-110.97,2090.9,20170621,43.34,72.68,59.18,,,,,0.0,0.0
278557,Lick Creek,MT,45.5,-110.97,2090.9,20170622,34.34,61.88,47.66,,,,,0.0,0.0
278558,Lick Creek,MT,45.5,-110.97,2090.9,20170623,30.74,60.44,46.76,,,,,0.0,0.0
278559,Lick Creek,MT,45.5,-110.97,2090.9,20170624,34.34,65.12,51.44,,,,,0.0,0.0
278560,Lick Creek,MT,45.5,-110.97,2090.9,20170625,37.58,70.88,55.58,,,,,0.0,0.0
278561,Lick Creek,MT,45.5,-110.97,2090.9,20170626,43.88,81.32,63.5,,,,,0.0,0.0
278562,Lick Creek,MT,45.5,-110.97,2090.9,20170627,41.36,64.76,51.98,,,,,0.0,0.0
278563,Lick Creek,MT,45.5,-110.97,2090.9,20170628,39.56,61.34,48.92,,,,,0.0,0.0
278564,Lick Creek,MT,45.5,-110.97,2090.9,20170629,36.32,57.38,45.86,,,,,0.0,0.0
278565,Lick Creek,MT,45.5,-110.97,2090.9,20170630,35.06,66.92,52.34,,,,,0.0,0.0
278566,Lick Creek,MT,45.5,-110.97,2090.9,20170701,41.36,75.92,59.36,,,,,0.0,0.0
278567,Lick Creek,MT,45.5,-110.97,2090.9,20170702,46.22,73.94,57.2,,,,,0.0,0.0
278568,Lick Creek,MT,45.5,-110.97,2090.9,20170703,44.24,79.34,63.14,,,,,0.0,0.0
278569,Lick Creek,MT,45.5,-110.97,2090.9,20170704,44.42,78.44,62.24,,,,,0.0,0.0
278570,Lick Creek,MT,45.5,-110.97,2090.9,20170705,48.92,84.02,62.24,,,,,0.0,0.0
278571,Lick Creek,MT,45.5,-110.97,2090.9,20170706,50.0,81.32,65.66,,,,,0.0,0.0
278572,Lick Creek,MT,45.5,-110.97,2090.9,20170707,50.36,80.24,65.48,,,,,0.0,0.0
278573,Lick Creek,MT,45.5,-110.97,2090.9,20170708,51.62,82.22,66.38,,,,,0.0,0.0
278574,Lick Creek,MT,45.5,-110.97,2090.9,20170709,50.9,82.94,62.6,,,,,0.0,0.0
278575,Lick Creek,MT,45.5,-110.97,2090.9,20170710,45.86,79.52,58.28,,,,,0.0,0.0
278576,Lick Creek,MT,45.5,-110.97,2090.9,20170711,43.7,70.16,56.3,,,,,0.0,0.09842525
278577,Lick Creek,MT,45.5,-110.97,2090.9,20170712,43.7,74.12,59.72,,,,,0.0,0.0
278578,Lick Creek,MT,45.5,-110.97,2090.9,20170713,47.84,81.86,66.02,,,,,0.0,0.0
278579,Lick Creek,MT,45.5,-110.97,2090.9,20170714,51.44,82.58,67.46,,,,,0.0,0.0
278580,Lick Creek,MT,45.5,-110.97,2090.9,20170715,55.58,82.76,64.58,,,,,0.0,0.0
278581,Lick Creek,MT,45.5,-110.97,2090.9,20170716,48.56,78.98,62.06,,,,,0.0,0.0
278582,Lick Creek,MT,45.5,-110.97,2090.9,20170717,42.8,72.86,55.4,,,,,0.0,0.0
278583,Lick Creek,MT,45.5,-110.97,2090.9,20170718,41.72,75.74,60.44,,,,,0.0,0.0
278584,Lick Creek,MT,45.5,-110.97,2090.9,20170719,47.12,80.06,64.4,,,,,0.0,0.0
278585,Lick Creek,MT,45.5,-110.97,2090.9,20170720,50.18,81.32,65.66,,,,,0.0,0.0
278586,Lick Creek,MT,45.5,-110.97,2090.9,20170721,44.06,75.92,59.9,,,,,0.0,0.0
278587,Lick Creek,MT,45.5,-110.97,2090.9,20170722,41.72,76.28,59.36,,,,,0.0,0.0
278588,Lick Creek,MT,45.5,-110.97,2090.9,20170723,45.5,82.76,64.58,,,,,0.0,0.0
278589,Lick Creek,MT,45.5,-110.97,2090.9,20170724,50.0,83.12,64.04,,,,,0.0,0.0
278590,Lick Creek,MT,45.5,-110.97,2090.9,20170725,45.86,67.28,55.4,,,,,0.0,0.0
278591,Lick Creek,MT,45.5,-110.97,2090.9,20170726,47.12,73.58,55.76,,,,,0.0,0.0
278592,Lick Creek,MT,45.5,-110.97,2090.9,20170727,44.96,73.76,56.3,,,,,0.0,0.0
278593,Lick Creek,MT,45.5,-110.97,2090.9,20170728,44.42,76.46,60.08,,,,,0.0,0.0
278594,Lick Creek,MT,45.5,-110.97,2090.9,20170729,46.94,77.18,61.88,,,,,0.0,0.0
278595,Lick Creek,MT,45.5,-110.97,2090.9,20170730,48.2,80.78,63.68,,,,,0.0,0.0
278596,Lick Creek,MT,45.5,-110.97,2090.9,20170731,47.48,80.6,63.86,,,,,0.0,0.0
278597,Lick Creek,MT,45.5,-110.97,2090.9,20170801,47.12,79.16,62.96,,,,,0.0,0.0
278598,Lick Creek,MT,45.5,-110.97,2090.9,20170802,43.52,67.82,55.04,,,,,0.0,0.0
278599,Lick Creek,MT,45.5,-110.97,2090.9,20170803,41.0,72.5,56.48,,,,,0.0,0.0
278600,Lick Creek,MT,45.5,-110.97,2090.9,20170804,46.4,77.0,62.42,,,,,0.0,0.0
278601,Lick Creek,MT,45.5,-110.97,2090.9,20170805,42.98,67.28,55.22,,,,,0.0,0.0
278602,Lick Creek,MT,45.5,-110.97,2090.9,20170806,39.2,66.74,52.52,,,,,0.0,0.0
278603,Lick Creek,MT,45.5,-110.97,2090.9,20170807,38.12,70.7,55.04,,,,,0.0,0.0
278604,Lick Creek,MT,45.5,-110.97,2090.9,20170808,44.6,71.96,58.1,,,,,0.0,0.0
278605,Lick Creek,MT,45.5,-110.97,2090.9,20170809,44.06,70.88,55.58,,,,,0.0,0.0
278606,Lick Creek,MT,45.5,-110.97,2090.9,20170810,40.1,72.86,56.3,,,,,0.0,0.0
278607,Lick Creek,MT,45.5,-110.97,2090.9,20170811,45.5,73.94,59.72,,,,,0.0,0.0
278608,Lick Creek,MT,45.5,-110.97,2090.9,20170812,43.52,74.12,58.28,,,,,0.0,0.0
278609,Lick Creek,MT,45.5,-110.97,2090.9,20170813,46.58,72.68,54.86,,,,,0.0,0.0
278610,Lick Creek,MT,45.5,-110.97,2090.9,20170814,45.68,60.08,51.44,,,,,0.0,0.59842552
278611,Lick Creek,MT,45.5,-110.97,2090.9,20170815,41.9,66.02,53.24,,,,,0.0,0.09842525
278612,Lick Creek,MT,45.5,-110.97,2090.9,20170816,39.74,71.6,56.12,,,,,0.0,0.0
278613,Lick Creek,MT,45.5,-110.97,2090.9,20170817,42.62,69.08,55.58,,,,,0.0,0.0
278614,Lick Creek,MT,45.5,-110.97,2090.9,20170818,41.0,75.74,58.1,,,,,0.0,0.0
278615,Lick Creek,MT,45.5,-110.97,2090.9,20170819,45.32,73.4,58.28,,,,,0.0,0.0
278616,Lick Creek,MT,45.5,-110.97,2090.9,20170820,39.74,69.08,53.78,,,,,0.0,0.0
278617,Lick Creek,MT,45.5,-110.97,2090.9,20170821,39.02,68.72,53.24,,,,,0.0,0.0
278618,Lick Creek,MT,45.5,-110.97,2090.9,20170822,42.62,76.82,59.36,,,,,0.0,0.0
278619,Lick Creek,MT,45.5,-110.97,2090.9,20170823,45.86,77.72,61.7,,,,,0.0,0.0
278620,Lick Creek,MT,45.5,-110.97,2090.9,20170824,46.76,73.58,57.38,,,,,0.0,0.20078751
278621,Lick Creek,MT,45.5,-110.97,2090.9,20170825,42.26,73.4,56.3,,,,,0.0,0.0
278622,Lick Creek,MT,45.5,-110.97,2090.9,20170826,41.9,73.58,56.48,,,,,0.0,0.0
278623,Lick Creek,MT,45.5,-110.97,2090.9,20170827,44.24,79.16,60.26,,,,,0.0,0.0
278624,Lick Creek,MT,45.5,-110.97,2090.9,20170828,46.76,78.8,61.34,,,,,0.0,0.0
278625,Lick Creek,MT,45.5,-110.97,2090.9,20170829,48.38,78.62,61.7,,,,,0.0,0.0
278626,Lick Creek,MT,45.5,-110.97,2090.9,20170830,52.16,80.6,64.76,,,,,0.0,0.0
278627,Lick Creek,MT,45.5,-110.97,2090.9,20170831,50.9,75.92,61.88,,,,,0.0,0.0
278628,Lick Creek,MT,45.5,-110.97,2090.9,20170901,41.36,74.12,56.48,,,,,0.0,0.0
278629,Lick Creek,MT,45.5,-110.97,2090.9,20170902,45.14,81.32,62.24,,,,,0.0,0.0
278630,Lick Creek,MT,45.5,-110.97,2090.9,20170903,49.64,84.02,64.58,,,,,0.0,0.0
278631,Lick Creek,MT,45.5,-110.97,2090.9,20170904,40.46,63.32,53.6,,,,,0.0,0.0
278632,Lick Creek,MT,45.5,-110.97,2090.9,20170905,37.04,71.42,51.98,,,,,0.0,0.0
278633,Lick Creek,MT,45.5,-110.97,2090.9,20170906,41.72,74.12,56.48,,,,,0.0,0.0
278634,Lick Creek,MT,45.5,-110.97,2090.9,20170907,44.96,76.46,58.1,,,,,0.0,0.0
278635,Lick Creek,MT,45.5,-110.97,2090.9,20170908,46.04,78.98,60.8,,,,,0.0,0.0
278636,Lick Creek,MT,45.5,-110.97,2090.9,20170909,47.48,75.02,57.74,,,,,0.0,0.0
278637,Lick Creek,MT,45.5,-110.97,2090.9,20170910,47.12,72.14,57.92,,,,,0.0,0.0
278638,Lick Creek,MT,45.5,-110.97,2090.9,20170911,43.16,75.74,57.38,,,,,0.0,0.0
278639,Lick Creek,MT,45.5,-110.97,2090.9,20170912,45.86,76.46,59.36,,,,,0.0,0.0
278640,Lick Creek,MT,45.5,-110.97,2090.9,20170913,44.6,69.98,53.96,,,,,0.0,0.0
278641,Lick Creek,MT,45.5,-110.97,2090.9,20170914,36.14,46.94,42.8,,,,,0.0,0.40157502
278642,Lick Creek,MT,45.5,-110.97,2090.9,20170915,31.46,36.32,33.98,,,,,0.0,0.70078778
278643,Lick Creek,MT,45.5,-110.97,2090.9,20170916,29.12,36.5,33.08,,,,,0.0,0.20078751
278644,Lick Creek,MT,45.5,-110.97,2090.9,20170917,28.22,53.24,37.94,,,,,0.0,0.09842525
278645,Lick Creek,MT,45.5,-110.97,2090.9,20170918,34.16,57.02,45.86,,,,,0.0,0.50000027
278646,Lick Creek,MT,45.5,-110.97,2090.9,20170919,30.56,41.36,34.88,,,,,2.0078751,0.79921303
278647,Lick Creek,MT,45.5,-110.97,2090.9,20170920,28.94,48.92,36.68,,,,,0.0,0.09842525
278648,Lick Creek,MT,45.5,-110.97,2090.9,20170921,31.64,37.76,34.52,,,,,,0.40157502
278649,Shower Falls,MT,45.4,-110.96,2468.9,20170101,-3.1,20.66,9.86,,,,,35.0000189,0.09842525
278650,Shower Falls,MT,45.4,-110.96,2468.9,20170102,-16.06,-0.58,-8.5,,,,,35.0000189,0.0
278651,Shower Falls,MT,45.4,-110.96,2468.9,20170103,-9.58,11.12,-0.4,,,,,32.9921438,0.0
278652,Shower Falls,MT,45.4,-110.96,2468.9,20170104,-15.7,0.14,-6.88,,,,,32.9921438,0.0
278653,Shower Falls,MT,45.4,-110.96,2468.9,20170105,-18.58,2.3,-8.68,,,,,32.9921438,0.0
278654,Shower Falls,MT,45.4,-110.96,2468.9,20170106,2.3,17.78,8.78,,,,,32.0078913,0.0
278655,Shower Falls,MT,45.4,-110.96,2468.9,20170107,4.28,25.34,14.36,,,,,32.0078913,0.20078751
278656,Shower Falls,MT,45.4,-110.96,2468.9,20170108,21.74,33.98,28.22,,,,,34.0157664,0.20078751
278657,Shower Falls,MT,45.4,-110.96,2468.9,20170109,17.96,33.98,28.22,,,,,37.992146500000004,0.29921276
278658,Shower Falls,MT,45.4,-110.96,2468.9,20170110,14.72,24.26,19.58,,,,,39.0157691,0.09842525
278659,Shower Falls,MT,45.4,-110.96,2468.9,20170111,8.78,24.98,18.32,,,,,40.9842741,0.29921276
278660,Shower Falls,MT,45.4,-110.96,2468.9,20170112,3.74,19.76,12.2,,,,,40.000021600000004,0.0
278661,Shower Falls,MT,45.4,-110.96,2468.9,20170113,2.84,17.42,7.88,,,,,37.992146500000004,0.0
278662,Shower Falls,MT,45.4,-110.96,2468.9,20170114,5.36,20.66,11.12,,,,,37.007894,0.0
278663,Shower Falls,MT,45.4,-110.96,2468.9,20170115,9.14,22.28,12.74,,,,,35.9842714,0.0
278664,Shower Falls,MT,45.4,-110.96,2468.9,20170116,6.98,23.72,14.18,,,,,35.0000189,0.0
278665,Shower Falls,MT,45.4,-110.96,2468.9,20170117,18.5,35.42,27.5,,,,,35.0000189,0.09842525
278666,Shower Falls,MT,45.4,-110.96,2468.9,20170118,28.76,42.8,34.34,,,,,35.0000189,0.0
278667,Shower Falls,MT,45.4,-110.96,2468.9,20170119,25.34,32.54,29.48,,,,,35.0000189,0.0
278668,Shower Falls,MT,45.4,-110.96,2468.9,20170120,16.16,27.86,21.92,,,,,35.0000189,0.0
278669,Shower Falls,MT,45.4,-110.96,2468.9,20170121,14.18,32.36,22.46,,,,,35.0000189,0.0
278670,Shower Falls,MT,45.4,-110.96,2468.9,20170122,11.84,27.32,20.48,,,,,35.0000189,0.0
278671,Shower Falls,MT,45.4,-110.96,2468.9,20170123,7.52,25.7,15.44,,,,,35.0000189,0.0
278672,Shower Falls,MT,45.4,-110.96,2468.9,20170124,9.14,15.44,12.02,,,,,35.0000189,0.0
278673,Shower Falls,MT,45.4,-110.96,2468.9,20170125,8.24,16.88,11.3,,,,,34.0157664,0.0
278674,Shower Falls,MT,45.4,-110.96,2468.9,20170126,1.94,16.7,10.58,,,,,32.0078913,0.0
278675,Shower Falls,MT,45.4,-110.96,2468.9,20170127,1.94,27.32,15.8,,,,,34.0157664,0.09842525
278676,Shower Falls,MT,45.4,-110.96,2468.9,20170128,19.4,35.78,27.86,,,,,34.0157664,0.0
278677,Shower Falls,MT,45.4,-110.96,2468.9,20170129,25.52,41.9,32.36,,,,,32.9921438,0.09842525
278678,Shower Falls,MT,45.4,-110.96,2468.9,20170130,25.52,36.68,30.56,,,,,32.9921438,0.0
278679,Shower Falls,MT,45.4,-110.96,2468.9,20170131,7.16,26.24,19.4,,,,,49.0157745,0.90157529
278680,Shower Falls,MT,45.4,-110.96,2468.9,20170201,-8.14,9.68,2.48,,,,,45.984276799999996,0.09842525
278681,Shower Falls,MT,45.4,-110.96,2468.9,20170202,-4.54,7.7,-0.94,,,,,45.00002429999999,0.09842525
278682,Shower Falls,MT,45.4,-110.96,2468.9,20170203,-1.12,38.12,24.26,,,,,42.0078967,0.20078751
278683,Shower Falls,MT,45.4,-110.96,2468.9,20170204,27.5,33.44,29.66,,,,,42.0078967,0.09842525
278684,Shower Falls,MT,45.4,-110.96,2468.9,20170205,27.5,34.7,30.92,,,,,42.0078967,0.09842525
278685,Shower Falls,MT,45.4,-110.96,2468.9,20170206,18.14,37.22,29.48,,,,,44.015771799999996,0.09842525
278686,Shower Falls,MT,45.4,-110.96,2468.9,20170207,13.1,26.24,19.76,,,,,47.992151899999996,0.29921276
278687,Shower Falls,MT,45.4,-110.96,2468.9,20170208,19.22,31.82,26.24,,,,,47.0078994,0.29921276
278688,Shower Falls,MT,45.4,-110.96,2468.9,20170209,31.46,39.2,36.14,,,,,45.00002429999999,0.29921276
278689,Shower Falls,MT,45.4,-110.96,2468.9,20170210,20.66,35.78,30.02,,,,,47.0078994,0.50000027
278690,Shower Falls,MT,45.4,-110.96,2468.9,20170211,9.68,26.24,18.5,,,,,45.984276799999996,0.0
278691,Shower Falls,MT,45.4,-110.96,2468.9,20170212,9.5,34.52,18.86,,,,,45.00002429999999,0.0
278692,Shower Falls,MT,45.4,-110.96,2468.9,20170213,13.82,35.24,21.02,,,,,45.00002429999999,0.0
278693,Shower Falls,MT,45.4,-110.96,2468.9,20170214,15.98,41.36,25.34,,,,,45.00002429999999,0.0
278694,Shower Falls,MT,45.4,-110.96,2468.9,20170215,25.7,48.2,34.16,,,,,44.015771799999996,0.09842525
278695,Shower Falls,MT,45.4,-110.96,2468.9,20170216,29.3,46.22,36.5,,,,,44.015771799999996,0.0
278696,Shower Falls,MT,45.4,-110.96,2468.9,20170217,24.44,37.4,30.92,,,,,44.015771799999996,0.0
278697,Shower Falls,MT,45.4,-110.96,2468.9,20170218,31.28,41.0,34.52,,,,,44.015771799999996,0.09842525
278698,Shower Falls,MT,45.4,-110.96,2468.9,20170219,22.64,40.46,32.0,,,,,45.00002429999999,0.09842525
278699,Shower Falls,MT,45.4,-110.96,2468.9,20170220,21.2,37.94,31.46,,,,,44.015771799999996,0.09842525
278700,Shower Falls,MT,45.4,-110.96,2468.9,20170221,24.62,38.48,32.18,,,,,45.984276799999996,0.20078751
278701,Shower Falls,MT,45.4,-110.96,2468.9,20170222,14.72,26.6,21.56,,,,,57.0079048,0.70078778
278702,Shower Falls,MT,45.4,-110.96,2468.9,20170223,12.02,21.74,17.06,,,,,55.9842822,0.09842525
278703,Shower Falls,MT,45.4,-110.96,2468.9,20170224,8.6,21.02,13.1,,,,,57.0079048,0.20078751
278704,Shower Falls,MT,45.4,-110.96,2468.9,20170225,6.26,16.16,11.3,,,,,55.9842822,0.09842525
278705,Shower Falls,MT,45.4,-110.96,2468.9,20170226,9.32,20.48,14.0,,,,,54.0157772,0.09842525
278706,Shower Falls,MT,45.4,-110.96,2468.9,20170227,1.04,23.54,12.38,,,,,52.9921546,0.09842525
278707,Shower Falls,MT,45.4,-110.96,2468.9,20170228,4.64,22.1,12.56,,,,,54.0157772,0.09842525
278708,Shower Falls,MT,45.4,-110.96,2468.9,20170301,3.38,25.52,18.32,,,,,52.9921546,0.09842525
278709,Shower Falls,MT,45.4,-110.96,2468.9,20170302,19.4,31.64,24.62,,,,,52.0079021,0.0
278710,Shower Falls,MT,45.4,-110.96,2468.9,20170303,21.92,41.0,30.56,,,,,50.9842795,0.09842525
278711,Shower Falls,MT,45.4,-110.96,2468.9,20170304,29.84,35.24,31.82,,,,,50.9842795,0.0
278712,Shower Falls,MT,45.4,-110.96,2468.9,20170305,18.86,35.96,28.76,,,,,52.0079021,0.09842525
278713,Shower Falls,MT,45.4,-110.96,2468.9,20170306,11.12,24.08,15.26,,,,,57.0079048,0.40157502
278714,Shower Falls,MT,45.4,-110.96,2468.9,20170307,9.32,25.16,18.14,,,,,55.0000297,0.09842525
278715,Shower Falls,MT,45.4,-110.96,2468.9,20170308,24.26,39.74,31.64,,,,,52.9921546,0.09842525
278716,Shower Falls,MT,45.4,-110.96,2468.9,20170309,28.22,38.48,33.26,,,,,55.0000297,0.20078751
278717,Shower Falls,MT,45.4,-110.96,2468.9,20170310,26.96,42.8,36.5,,,,,52.9921546,0.09842525
278718,Shower Falls,MT,45.4,-110.96,2468.9,20170311,21.92,45.5,33.26,,,,,52.9921546,0.0
278719,Shower Falls,MT,45.4,-110.96,2468.9,20170312,22.28,36.86,29.12,,,,,52.9921546,0.09842525
278720,Shower Falls,MT,45.4,-110.96,2468.9,20170313,24.8,47.48,37.22,,,,,52.0079021,0.0
278721,Shower Falls,MT,45.4,-110.96,2468.9,20170314,34.7,50.36,39.56,,,,,50.9842795,0.09842525
278722,Shower Falls,MT,45.4,-110.96,2468.9,20170315,36.32,57.2,43.7,,,,,50.000027,0.0
278723,Shower Falls,MT,45.4,-110.96,2468.9,20170316,23.54,41.18,35.06,,,,,50.000027,0.20078751
278724,Shower Falls,MT,45.4,-110.96,2468.9,20170317,22.82,49.28,35.96,,,,,50.000027,0.0
278725,Shower Falls,MT,45.4,-110.96,2468.9,20170318,34.88,57.02,44.42,,,,,47.992151899999996,0.0
278726,Shower Falls,MT,45.4,-110.96,2468.9,20170319,32.72,44.42,37.94,,,,,47.992151899999996,0.20078751
278727,Shower Falls,MT,45.4,-110.96,2468.9,20170320,31.28,40.82,34.7,,,,,47.992151899999996,0.20078751
278728,Shower Falls,MT,45.4,-110.96,2468.9,20170321,30.2,50.72,39.74,,,,,47.0078994,0.0
278729,Shower Falls,MT,45.4,-110.96,2468.9,20170322,30.74,49.28,36.86,,,,,45.984276799999996,0.0
278730,Shower Falls,MT,45.4,-110.96,2468.9,20170323,22.82,39.92,30.92,,,,,47.0078994,0.09842525
278731,Shower Falls,MT,45.4,-110.96,2468.9,20170324,22.82,47.12,34.52,,,,,45.984276799999996,0.0
278732,Shower Falls,MT,45.4,-110.96,2468.9,20170325,21.38,35.78,30.56,,,,,47.992151899999996,0.20078751
278733,Shower Falls,MT,45.4,-110.96,2468.9,20170326,21.38,43.16,31.82,,,,,47.0078994,0.0
278734,Shower Falls,MT,45.4,-110.96,2468.9,20170327,26.24,41.36,32.54,,,,,50.000027,0.29921276
278735,Shower Falls,MT,45.4,-110.96,2468.9,20170328,21.74,39.2,28.22,,,,,49.0157745,0.0
278736,Shower Falls,MT,45.4,-110.96,2468.9,20170329,23.36,41.54,33.26,,,,,50.000027,0.29921276
278737,Shower Falls,MT,45.4,-110.96,2468.9,20170330,31.82,39.56,34.52,,,,,54.0157772,0.70078778
278738,Shower Falls,MT,45.4,-110.96,2468.9,20170331,23.18,37.22,31.28,,,,,55.9842822,0.20078751
278739,Shower Falls,MT,45.4,-110.96,2468.9,20170401,20.3,47.66,32.9,,,,,54.0157772,0.20078751
278740,Shower Falls,MT,45.4,-110.96,2468.9,20170402,20.66,45.68,31.1,,,,,57.0079048,0.29921276
278741,Shower Falls,MT,45.4,-110.96,2468.9,20170403,13.1,28.76,20.3,,,,,59.0157799,0.20078751
278742,Shower Falls,MT,45.4,-110.96,2468.9,20170404,17.06,39.02,23.18,,,,,59.0157799,0.09842525
278743,Shower Falls,MT,45.4,-110.96,2468.9,20170405,16.88,45.14,30.92,,,,,57.0079048,0.09842525
278744,Shower Falls,MT,45.4,-110.96,2468.9,20170406,28.58,51.8,39.02,,,,,55.0000297,0.0
278745,Shower Falls,MT,45.4,-110.96,2468.9,20170407,31.82,48.74,39.74,,,,,57.992157299999995,0.50000027
278746,Shower Falls,MT,45.4,-110.96,2468.9,20170408,26.6,41.9,32.9,,,,,57.0079048,0.29921276
278747,Shower Falls,MT,45.4,-110.96,2468.9,20170409,15.98,28.94,23.18,,,,,62.99216,0.29921276
278748,Shower Falls,MT,45.4,-110.96,2468.9,20170410,15.8,35.96,25.88,,,,,62.007907499999995,0.20078751
278749,Shower Falls,MT,45.4,-110.96,2468.9,20170411,13.82,44.6,29.3,,,,,60.98428489999999,0.20078751
278750,Shower Falls,MT,45.4,-110.96,2468.9,20170412,27.86,46.76,37.22,,,,,59.0157799,0.09842525
278751,Shower Falls,MT,45.4,-110.96,2468.9,20170413,30.02,55.4,42.98,,,,,57.992157299999995,0.09842525
278752,Shower Falls,MT,45.4,-110.96,2468.9,20170414,22.82,39.02,29.12,,,,,67.00791020000001,0.70078778
278753,Shower Falls,MT,45.4,-110.96,2468.9,20170415,15.98,40.1,26.24,,,,,62.99216,0.09842525
278754,Shower Falls,MT,45.4,-110.96,2468.9,20170416,17.06,49.28,32.72,,,,,60.0000324,0.0
278755,Shower Falls,MT,45.4,-110.96,2468.9,20170417,27.5,46.76,35.42,,,,,62.007907499999995,0.40157502
278756,Shower Falls,MT,45.4,-110.96,2468.9,20170418,28.58,47.84,35.78,,,,,62.99216,0.29921276
278757,Shower Falls,MT,45.4,-110.96,2468.9,20170419,25.88,47.3,33.08,,,,,60.0000324,0.0
278758,Shower Falls,MT,45.4,-110.96,2468.9,20170420,26.06,48.38,35.06,,,,,62.007907499999995,0.29921276
278759,Shower Falls,MT,45.4,-110.96,2468.9,20170421,26.06,32.9,29.12,,,,,67.00791020000001,0.59842552
278760,Shower Falls,MT,45.4,-110.96,2468.9,20170422,21.56,49.82,34.34,,,,,62.99216,0.0
278761,Shower Falls,MT,45.4,-110.96,2468.9,20170423,30.38,47.3,36.14,,,,,64.0157826,0.29921276
278762,Shower Falls,MT,45.4,-110.96,2468.9,20170424,30.56,43.34,33.62,,,,,69.0157853,0.59842552
278763,Shower Falls,MT,45.4,-110.96,2468.9,20170425,26.06,44.42,32.54,,,,,72.00791290000001,0.59842552
278764,Shower Falls,MT,45.4,-110.96,2468.9,20170426,26.78,44.6,33.08,,,,,70.9842903,0.40157502
278765,Shower Falls,MT,45.4,-110.96,2468.9,20170427,24.98,33.26,27.86,,,,,87.007921,1.79921357
278766,Shower Falls,MT,45.4,-110.96,2468.9,20170428,24.08,32.54,27.5,,,,,90.9843011,0.70078778
278767,Shower Falls,MT,45.4,-110.96,2468.9,20170429,18.32,49.64,30.02,,,,,85.9842984,0.0
278768,Shower Falls,MT,45.4,-110.96,2468.9,20170430,23.0,47.3,33.44,,,,,82.0079183,0.20078751
278769,Shower Falls,MT,45.4,-110.96,2468.9,20170501,27.68,46.4,33.62,,,,,80.00004320000001,0.20078751
278770,Shower Falls,MT,45.4,-110.96,2468.9,20170502,26.24,37.76,32.36,,,,,80.00004320000001,0.29921276
278771,Shower Falls,MT,45.4,-110.96,2468.9,20170503,20.12,56.12,34.88,,,,,77.00791559999999,0.0
278772,Shower Falls,MT,45.4,-110.96,2468.9,20170504,32.72,66.56,42.62,,,,,74.015788,0.0
278773,Shower Falls,MT,45.4,-110.96,2468.9,20170505,35.96,70.52,47.12,,,,,70.9842903,0.0
278774,Shower Falls,MT,45.4,-110.96,2468.9,20170506,37.22,66.02,46.58,,,,,67.9921627,0.0
278775,Shower Falls,MT,45.4,-110.96,2468.9,20170507,31.82,58.1,42.62,,,,,65.9842876,0.29921276
278776,Shower Falls,MT,45.4,-110.96,2468.9,20170508,30.02,52.16,38.12,,,,,64.0157826,0.0
278777,Shower Falls,MT,45.4,-110.96,2468.9,20170509,31.46,54.32,38.84,,,,,62.99216,0.09842525
278778,Shower Falls,MT,45.4,-110.96,2468.9,20170510,31.46,63.32,42.62,,,,,60.98428489999999,0.0
278779,Shower Falls,MT,45.4,-110.96,2468.9,20170511,35.24,68.18,43.52,,,,,59.0157799,0.0
278780,Shower Falls,MT,45.4,-110.96,2468.9,20170512,31.82,63.5,48.2,,,,,57.0079048,0.09842525
278781,Shower Falls,MT,45.4,-110.96,2468.9,20170513,26.96,36.5,31.46,,,,,60.98428489999999,0.29921276
278782,Shower Falls,MT,45.4,-110.96,2468.9,20170514,21.38,49.82,33.08,,,,,57.992157299999995,0.09842525
278783,Shower Falls,MT,45.4,-110.96,2468.9,20170515,28.58,45.32,34.7,,,,,59.0157799,0.29921276
278784,Shower Falls,MT,45.4,-110.96,2468.9,20170516,27.86,49.28,36.86,,,,,57.992157299999995,0.09842525
278785,Shower Falls,MT,45.4,-110.96,2468.9,20170517,28.4,38.66,32.36,,,,,72.9921654,1.79921357
278786,Shower Falls,MT,45.4,-110.96,2468.9,20170518,24.08,42.08,32.36,,,,,70.9842903,0.09842525
278787,Shower Falls,MT,45.4,-110.96,2468.9,20170519,22.28,52.16,34.16,,,,,65.9842876,0.0
278788,Shower Falls,MT,45.4,-110.96,2468.9,20170520,29.66,51.26,38.3,,,,,64.0157826,0.0
278789,Shower Falls,MT,45.4,-110.96,2468.9,20170521,32.36,55.04,39.74,,,,,60.98428489999999,0.0
278790,Shower Falls,MT,45.4,-110.96,2468.9,20170522,33.44,53.42,41.18,,,,,59.0157799,0.0
278791,Shower Falls,MT,45.4,-110.96,2468.9,20170523,32.18,66.2,44.24,,,,,57.0079048,0.0
278792,Shower Falls,MT,45.4,-110.96,2468.9,20170524,29.66,61.34,44.78,,,,,55.0000297,0.0
278793,Shower Falls,MT,45.4,-110.96,2468.9,20170525,27.86,39.92,32.9,,,,,55.0000297,0.09842525
278794,Shower Falls,MT,45.4,-110.96,2468.9,20170526,26.24,48.02,36.68,,,,,55.0000297,0.0
278795,Shower Falls,MT,45.4,-110.96,2468.9,20170527,31.28,54.68,40.46,,,,,54.0157772,0.0
278796,Shower Falls,MT,45.4,-110.96,2468.9,20170528,33.62,60.8,43.88,,,,,50.9842795,0.0
278797,Shower Falls,MT,45.4,-110.96,2468.9,20170529,33.98,61.88,43.7,,,,,49.0157745,0.0
278798,Shower Falls,MT,45.4,-110.96,2468.9,20170530,35.6,66.92,44.96,,,,,47.0078994,0.09842525
278799,Shower Falls,MT,45.4,-110.96,2468.9,20170531,36.86,69.44,46.76,,,,,44.015771799999996,0.0
278800,Shower Falls,MT,45.4,-110.96,2468.9,20170601,37.22,64.04,47.66,,,,,42.0078967,0.0
278801,Shower Falls,MT,45.4,-110.96,2468.9,20170602,35.96,61.88,45.14,,,,,39.0157691,0.09842525
278802,Shower Falls,MT,45.4,-110.96,2468.9,20170603,35.42,68.72,47.3,,,,,35.9842714,0.0
278803,Shower Falls,MT,45.4,-110.96,2468.9,20170604,38.84,72.32,51.08,,,,,32.0078913,0.0
278804,Shower Falls,MT,45.4,-110.96,2468.9,20170605,35.96,55.76,42.8,,,,,30.0000162,0.09842525
278805,Shower Falls,MT,45.4,-110.96,2468.9,20170606,35.78,65.12,47.84,,,,,27.0078886,0.0
278806,Shower Falls,MT,45.4,-110.96,2468.9,20170607,38.84,70.34,47.3,,,,,25.0000135,0.20078751
278807,Shower Falls,MT,45.4,-110.96,2468.9,20170608,39.38,73.76,54.32,,,,,20.9842633,0.09842525
278808,Shower Falls,MT,45.4,-110.96,2468.9,20170609,34.52,49.1,41.18,,,,,20.000010800000002,0.09842525
278809,Shower Falls,MT,45.4,-110.96,2468.9,20170610,32.0,50.54,38.66,,,,,19.0157583,0.0
278810,Shower Falls,MT,45.4,-110.96,2468.9,20170611,28.94,52.7,41.54,,,,,17.0078832,0.09842525
278811,Shower Falls,MT,45.4,-110.96,2468.9,20170612,34.16,62.06,45.68,,,,,14.015755599999999,0.50000027
278812,Shower Falls,MT,45.4,-110.96,2468.9,20170613,33.62,39.92,35.78,,,,,17.0078832,1.00000054
278813,Shower Falls,MT,45.4,-110.96,2468.9,20170614,35.06,55.4,42.62,,,,,12.992133,0.0
278814,Shower Falls,MT,45.4,-110.96,2468.9,20170615,34.88,56.84,44.96,,,,,10.9842579,0.0
278815,Shower Falls,MT,45.4,-110.96,2468.9,20170616,40.1,56.48,44.96,,,,,7.9921303,0.20078751
278816,Shower Falls,MT,45.4,-110.96,2468.9,20170617,35.96,53.96,41.9,,,,,7.007877799999999,0.0
278817,Shower Falls,MT,45.4,-110.96,2468.9,20170618,37.76,54.5,45.5,,,,,5.0000027000000005,0.0
278818,Shower Falls,MT,45.4,-110.96,2468.9,20170619,36.86,68.72,49.82,,,,,0.0,0.0
278819,Shower Falls,MT,45.4,-110.96,2468.9,20170620,41.54,74.84,56.12,,,,,0.0,0.0
278820,Shower Falls,MT,45.4,-110.96,2468.9,20170621,39.56,69.8,53.24,,,,,0.0,0.0
278821,Shower Falls,MT,45.4,-110.96,2468.9,20170622,33.44,57.92,43.52,,,,,0.0,0.0
278822,Shower Falls,MT,45.4,-110.96,2468.9,20170623,31.46,57.2,42.8,,,,,0.0,0.0
278823,Shower Falls,MT,45.4,-110.96,2468.9,20170624,34.88,61.7,45.86,,,,,0.0,0.0
278824,Shower Falls,MT,45.4,-110.96,2468.9,20170625,37.4,67.64,50.36,,,,,0.0,0.0
278825,Shower Falls,MT,45.4,-110.96,2468.9,20170626,41.9,77.36,57.02,,,,,0.0,0.0
278826,Shower Falls,MT,45.4,-110.96,2468.9,20170627,40.28,59.0,47.66,,,,,0.0,0.40157502
278827,Shower Falls,MT,45.4,-110.96,2468.9,20170628,39.02,57.38,44.6,,,,,0.0,0.40157502
278828,Shower Falls,MT,45.4,-110.96,2468.9,20170629,35.42,51.98,41.0,,,,,0.0,0.09842525
278829,Shower Falls,MT,45.4,-110.96,2468.9,20170630,34.7,63.86,47.12,,,,,0.0,0.0
278830,Shower Falls,MT,45.4,-110.96,2468.9,20170701,40.82,71.78,53.78,,,,,0.0,0.0
278831,Shower Falls,MT,45.4,-110.96,2468.9,20170702,44.24,66.92,52.7,,,,,0.0,0.09842525
278832,Shower Falls,MT,45.4,-110.96,2468.9,20170703,44.06,75.2,58.28,,,,,0.0,0.0
278833,Shower Falls,MT,45.4,-110.96,2468.9,20170704,44.6,74.66,57.92,,,,,0.0,0.0
278834,Shower Falls,MT,45.4,-110.96,2468.9,20170705,48.92,79.7,57.2,,,,,0.0,0.0
278835,Shower Falls,MT,45.4,-110.96,2468.9,20170706,48.2,77.18,60.44,,,,,0.0,0.0
278836,Shower Falls,MT,45.4,-110.96,2468.9,20170707,49.64,75.2,58.64,,,,,0.0,0.09842525
278837,Shower Falls,MT,45.4,-110.96,2468.9,20170708,50.18,78.08,59.9,,,,,0.0,0.0
278838,Shower Falls,MT,45.4,-110.96,2468.9,20170709,48.92,78.44,56.66,,,,,0.0,0.29921276
278839,Shower Falls,MT,45.4,-110.96,2468.9,20170710,44.96,72.5,54.32,,,,,0.0,0.20078751
278840,Shower Falls,MT,45.4,-110.96,2468.9,20170711,43.7,66.74,52.88,,,,,0.0,0.0
278841,Shower Falls,MT,45.4,-110.96,2468.9,20170712,45.14,67.64,55.04,,,,,0.0,0.0
278842,Shower Falls,MT,45.4,-110.96,2468.9,20170713,47.48,78.98,60.44,,,,,0.0,0.0
278843,Shower Falls,MT,45.4,-110.96,2468.9,20170714,50.0,76.1,60.26,,,,,0.0,0.0
278844,Shower Falls,MT,45.4,-110.96,2468.9,20170715,53.6,78.8,62.24,,,,,0.0,0.0
278845,Shower Falls,MT,45.4,-110.96,2468.9,20170716,48.02,73.76,57.56,,,,,0.0,0.09842525
278846,Shower Falls,MT,45.4,-110.96,2468.9,20170717,44.96,69.08,53.42,,,,,0.0,0.0
278847,Shower Falls,MT,45.4,-110.96,2468.9,20170718,43.16,72.32,56.84,,,,,0.0,0.0
278848,Shower Falls,MT,45.4,-110.96,2468.9,20170719,45.68,76.28,60.26,,,,,0.0,0.0
278849,Shower Falls,MT,45.4,-110.96,2468.9,20170720,48.56,78.08,61.52,,,,,0.0,0.0
278850,Shower Falls,MT,45.4,-110.96,2468.9,20170721,44.06,71.42,55.58,,,,,0.0,0.0
278851,Shower Falls,MT,45.4,-110.96,2468.9,20170722,42.44,72.5,55.04,,,,,0.0,0.0
278852,Shower Falls,MT,45.4,-110.96,2468.9,20170723,46.22,76.64,59.0,,,,,0.0,0.0
278853,Shower Falls,MT,45.4,-110.96,2468.9,20170724,48.56,75.56,59.36,,,,,0.0,0.0
278854,Shower Falls,MT,45.4,-110.96,2468.9,20170725,47.48,63.14,53.6,,,,,0.0,0.09842525
278855,Shower Falls,MT,45.4,-110.96,2468.9,20170726,46.4,68.0,53.6,,,,,0.0,0.09842525
278856,Shower Falls,MT,45.4,-110.96,2468.9,20170727,45.68,71.06,53.24,,,,,0.0,0.09842525
278857,Shower Falls,MT,45.4,-110.96,2468.9,20170728,44.24,68.54,54.5,,,,,0.0,0.0
278858,Shower Falls,MT,45.4,-110.96,2468.9,20170729,45.86,70.34,55.22,,,,,0.0,0.0
278859,Shower Falls,MT,45.4,-110.96,2468.9,20170730,46.76,75.2,57.38,,,,,0.0,0.0
278860,Shower Falls,MT,45.4,-110.96,2468.9,20170731,46.04,76.82,58.28,,,,,0.0,0.0
278861,Shower Falls,MT,45.4,-110.96,2468.9,20170801,46.94,75.56,58.28,,,,,0.0,0.0
278862,Shower Falls,MT,45.4,-110.96,2468.9,20170802,43.88,67.1,52.52,,,,,0.0,0.0
278863,Shower Falls,MT,45.4,-110.96,2468.9,20170803,41.72,68.72,53.06,,,,,0.0,0.0
278864,Shower Falls,MT,45.4,-110.96,2468.9,20170804,46.58,71.6,57.02,,,,,0.0,0.0
278865,Shower Falls,MT,45.4,-110.96,2468.9,20170805,42.26,62.42,51.44,,,,,0.0,0.0
278866,Shower Falls,MT,45.4,-110.96,2468.9,20170806,39.74,62.06,48.2,,,,,0.0,0.0
278867,Shower Falls,MT,45.4,-110.96,2468.9,20170807,38.12,67.1,50.54,,,,,0.0,0.0
278868,Shower Falls,MT,45.4,-110.96,2468.9,20170808,44.24,68.18,53.42,,,,,0.0,0.0
278869,Shower Falls,MT,45.4,-110.96,2468.9,20170809,44.06,64.4,52.7,,,,,0.0,0.0
278870,Shower Falls,MT,45.4,-110.96,2468.9,20170810,40.82,67.82,51.62,,,,,0.0,0.0
278871,Shower Falls,MT,45.4,-110.96,2468.9,20170811,44.42,69.26,55.22,,,,,0.0,0.0
278872,Shower Falls,MT,45.4,-110.96,2468.9,20170812,43.88,68.9,54.14,,,,,0.0,0.0
278873,Shower Falls,MT,45.4,-110.96,2468.9,20170813,46.58,67.46,52.16,,,,,0.0,0.40157502
278874,Shower Falls,MT,45.4,-110.96,2468.9,20170814,44.24,55.22,48.02,,,,,0.0,0.59842552
278875,Shower Falls,MT,45.4,-110.96,2468.9,20170815,41.0,62.6,48.38,,,,,0.0,0.0
278876,Shower Falls,MT,45.4,-110.96,2468.9,20170816,39.2,66.56,51.44,,,,,0.0,0.0
278877,Shower Falls,MT,45.4,-110.96,2468.9,20170817,41.54,65.84,51.26,,,,,0.0,0.0
278878,Shower Falls,MT,45.4,-110.96,2468.9,20170818,41.18,71.42,53.6,,,,,0.0,0.0
278879,Shower Falls,MT,45.4,-110.96,2468.9,20170819,44.42,69.62,54.86,,,,,0.0,0.0
278880,Shower Falls,MT,45.4,-110.96,2468.9,20170820,40.28,66.2,50.9,,,,,0.0,0.0
278881,Shower Falls,MT,45.4,-110.96,2468.9,20170821,39.74,64.76,49.1,,,,,0.0,0.0
278882,Shower Falls,MT,45.4,-110.96,2468.9,20170822,42.62,75.02,55.22,,,,,0.0,0.0
278883,Shower Falls,MT,45.4,-110.96,2468.9,20170823,45.68,72.86,56.84,,,,,0.0,0.0
278884,Shower Falls,MT,45.4,-110.96,2468.9,20170824,44.6,67.82,53.6,,,,,0.0,0.29921276
278885,Shower Falls,MT,45.4,-110.96,2468.9,20170825,41.9,68.0,50.9,,,,,0.0,0.0
278886,Shower Falls,MT,45.4,-110.96,2468.9,20170826,41.9,70.34,52.88,,,,,0.0,0.0
278887,Shower Falls,MT,45.4,-110.96,2468.9,20170827,43.88,74.84,55.58,,,,,0.0,0.0
278888,Shower Falls,MT,45.4,-110.96,2468.9,20170828,46.22,75.02,56.66,,,,,0.0,0.0
278889,Shower Falls,MT,45.4,-110.96,2468.9,20170829,47.48,74.3,56.84,,,,,0.0,0.0
278890,Shower Falls,MT,45.4,-110.96,2468.9,20170830,50.0,74.48,59.18,,,,,0.0,0.0
278891,Shower Falls,MT,45.4,-110.96,2468.9,20170831,48.38,70.52,57.56,,,,,0.0,0.0
278892,Shower Falls,MT,45.4,-110.96,2468.9,20170901,40.82,68.54,52.34,,,,,0.0,0.0
278893,Shower Falls,MT,45.4,-110.96,2468.9,20170902,44.96,77.54,57.92,,,,,0.0,0.0
278894,Shower Falls,MT,45.4,-110.96,2468.9,20170903,49.28,78.26,59.72,,,,,0.0,0.0
278895,Shower Falls,MT,45.4,-110.96,2468.9,20170904,39.74,62.24,50.0,,,,,0.0,0.0
278896,Shower Falls,MT,45.4,-110.96,2468.9,20170905,38.12,66.92,49.1,,,,,0.0,0.0
278897,Shower Falls,MT,45.4,-110.96,2468.9,20170906,41.72,70.16,52.88,,,,,0.0,0.0
278898,Shower Falls,MT,45.4,-110.96,2468.9,20170907,44.06,70.7,54.14,,,,,0.0,0.0
278899,Shower Falls,MT,45.4,-110.96,2468.9,20170908,46.22,73.22,54.68,,,,,0.0,0.09842525
278900,Shower Falls,MT,45.4,-110.96,2468.9,20170909,47.12,69.98,52.88,,,,,0.0,0.50000027
278901,Shower Falls,MT,45.4,-110.96,2468.9,20170910,46.22,69.26,53.78,,,,,0.0,0.0
278902,Shower Falls,MT,45.4,-110.96,2468.9,20170911,44.24,71.78,53.42,,,,,0.0,0.0
278903,Shower Falls,MT,45.4,-110.96,2468.9,20170912,45.14,73.04,53.42,,,,,0.0,0.0
278904,Shower Falls,MT,45.4,-110.96,2468.9,20170913,41.9,62.78,50.0,,,,,0.0,0.50000027
278905,Shower Falls,MT,45.4,-110.96,2468.9,20170914,34.52,48.92,41.18,,,,,0.0,0.70078778
278906,Shower Falls,MT,45.4,-110.96,2468.9,20170915,29.66,34.7,32.36,,,,,2.9921276000000003,0.40157502
278907,Shower Falls,MT,45.4,-110.96,2468.9,20170916,27.32,35.96,30.74,,,,,2.9921276000000003,0.09842525
278908,Shower Falls,MT,45.4,-110.96,2468.9,20170917,26.42,46.04,34.34,,,,,0.0,0.0
278909,Shower Falls,MT,45.4,-110.96,2468.9,20170918,33.62,44.06,38.12,,,,,2.0078751,0.59842552
278910,Shower Falls,MT,45.4,-110.96,2468.9,20170919,29.66,39.56,32.54,,,,,10.9842579,0.90157529
278911,Shower Falls,MT,45.4,-110.96,2468.9,20170920,27.86,38.48,33.26,,,,,10.000005400000001,0.40157502
278912,Shower Falls,MT,45.4,-110.96,2468.9,20170921,30.38,37.04,32.54,,,,,14.015755599999999,0.59842552
278913,Placer Basin,MT,45.42,-110.09,2691.4,20170101,-5.26,19.4,7.88,,,,,32.0078913,0.0
278914,Placer Basin,MT,45.42,-110.09,2691.4,20170102,-30.46,0.68,-14.44,,,,,30.984268699999998,0.0
278915,Placer Basin,MT,45.42,-110.09,2691.4,20170103,-22.9,8.78,-7.06,,,,,30.984268699999998,0.0
278916,Placer Basin,MT,45.42,-110.09,2691.4,20170104,-28.3,1.58,-9.58,,,,,30.984268699999998,0.0
278917,Placer Basin,MT,45.42,-110.09,2691.4,20170105,-34.96,11.12,-13.0,,,,,30.0000162,0.0
278918,Placer Basin,MT,45.42,-110.09,2691.4,20170106,-5.44,15.44,4.82,,,,,30.0000162,0.0
278919,Placer Basin,MT,45.42,-110.09,2691.4,20170107,-2.38,24.08,12.92,,,,,30.0000162,0.20078751
278920,Placer Basin,MT,45.42,-110.09,2691.4,20170108,17.78,30.02,24.44,,,,,32.0078913,0.20078751
278921,Placer Basin,MT,45.42,-110.09,2691.4,20170109,15.44,32.36,26.06,,,,,35.9842714,0.29921276
278922,Placer Basin,MT,45.42,-110.09,2691.4,20170110,12.2,19.76,16.7,,,,,37.007894,0.20078751
278923,Placer Basin,MT,45.42,-110.09,2691.4,20170111,11.12,25.52,18.5,,,,,39.0157691,0.20078751
278924,Placer Basin,MT,45.42,-110.09,2691.4,20170112,2.12,19.58,10.4,,,,,37.992146500000004,0.09842525
278925,Placer Basin,MT,45.42,-110.09,2691.4,20170113,-6.34,31.1,8.24,,,,,35.9842714,0.0
278926,Placer Basin,MT,45.42,-110.09,2691.4,20170114,-6.7,31.64,10.4,,,,,35.0000189,0.20078751
278927,Placer Basin,MT,45.42,-110.09,2691.4,20170115,-4.36,40.46,10.58,,,,,34.0157664,0.0
278928,Placer Basin,MT,45.42,-110.09,2691.4,20170116,-9.4,36.14,14.18,,,,,32.9921438,0.0
278929,Placer Basin,MT,45.42,-110.09,2691.4,20170117,12.56,48.2,28.76,,,,,32.9921438,0.09842525
278930,Placer Basin,MT,45.42,-110.09,2691.4,20170118,27.5,41.72,32.36,,,,,32.9921438,0.0
278931,Placer Basin,MT,45.42,-110.09,2691.4,20170119,21.74,30.92,26.6,,,,,32.9921438,0.0
278932,Placer Basin,MT,45.42,-110.09,2691.4,20170120,3.56,26.96,17.24,,,,,32.9921438,0.0
278933,Placer Basin,MT,45.42,-110.09,2691.4,20170121,-3.28,27.14,15.62,,,,,32.0078913,0.0
278934,Placer Basin,MT,45.42,-110.09,2691.4,20170122,14.36,26.42,19.22,,,,,34.0157664,0.0
278935,Placer Basin,MT,45.42,-110.09,2691.4,20170123,-4.36,26.78,12.56,,,,,32.9921438,0.0
278936,Placer Basin,MT,45.42,-110.09,2691.4,20170124,6.8,15.98,9.32,,,,,32.9921438,0.0
278937,Placer Basin,MT,45.42,-110.09,2691.4,20170125,3.92,14.0,7.88,,,,,32.0078913,0.0
278938,Placer Basin,MT,45.42,-110.09,2691.4,20170126,-5.08,16.16,7.34,,,,,32.9921438,0.09842525
278939,Placer Basin,MT,45.42,-110.09,2691.4,20170127,-6.16,36.32,16.34,,,,,32.9921438,0.0
278940,Placer Basin,MT,45.42,-110.09,2691.4,20170128,19.4,35.96,29.12,,,,,32.9921438,0.0
278941,Placer Basin,MT,45.42,-110.09,2691.4,20170129,26.96,41.72,32.18,,,,,32.0078913,0.0
278942,Placer Basin,MT,45.42,-110.09,2691.4,20170130,20.48,36.86,27.68,,,,,30.984268699999998,0.0
278943,Placer Basin,MT,45.42,-110.09,2691.4,20170131,1.76,22.64,13.82,,,,,45.00002429999999,0.79921303
278944,Placer Basin,MT,45.42,-110.09,2691.4,20170201,-20.92,8.96,-3.28,,,,,42.9921492,0.0
278945,Placer Basin,MT,45.42,-110.09,2691.4,20170202,-18.76,9.86,-4.72,,,,,42.9921492,0.0
278946,Placer Basin,MT,45.42,-110.09,2691.4,20170203,-19.3,29.84,20.48,,,,,40.9842741,0.29921276
278947,Placer Basin,MT,45.42,-110.09,2691.4,20170204,25.16,30.92,26.96,,,,,42.9921492,0.09842525
278948,Placer Basin,MT,45.42,-110.09,2691.4,20170205,25.34,31.82,27.68,,,,,42.0078967,0.09842525
278949,Placer Basin,MT,45.42,-110.09,2691.4,20170206,12.56,33.62,26.06,,,,,42.9921492,0.09842525
278950,Placer Basin,MT,45.42,-110.09,2691.4,20170207,11.12,23.18,17.24,,,,,47.992151899999996,0.29921276
278951,Placer Basin,MT,45.42,-110.09,2691.4,20170208,16.52,29.66,23.18,,,,,47.0078994,0.50000027
278952,Placer Basin,MT,45.42,-110.09,2691.4,20170209,29.48,37.76,34.16,,,,,47.0078994,0.29921276
278953,Placer Basin,MT,45.42,-110.09,2691.4,20170210,20.84,34.52,28.76,,,,,55.9842822,0.79921303
278954,Placer Basin,MT,45.42,-110.09,2691.4,20170211,4.28,23.0,16.88,,,,,52.9921546,0.0
278955,Placer Basin,MT,45.42,-110.09,2691.4,20170212,1.58,36.86,20.12,,,,,52.0079021,0.20078751
278956,Placer Basin,MT,45.42,-110.09,2691.4,20170213,5.36,38.48,19.76,,,,,50.9842795,0.0
278957,Placer Basin,MT,45.42,-110.09,2691.4,20170214,3.38,50.18,23.9,,,,,49.0157745,0.0
278958,Placer Basin,MT,45.42,-110.09,2691.4,20170215,25.88,48.02,35.96,,,,,47.992151899999996,0.0
278959,Placer Basin,MT,45.42,-110.09,2691.4,20170216,26.24,47.66,34.88,,,,,47.0078994,0.0
278960,Placer Basin,MT,45.42,-110.09,2691.4,20170217,23.0,38.12,28.76,,,,,47.0078994,0.0
278961,Placer Basin,MT,45.42,-110.09,2691.4,20170218,28.94,38.48,32.36,,,,,47.0078994,0.0
278962,Placer Basin,MT,45.42,-110.09,2691.4,20170219,21.74,38.84,30.56,,,,,45.984276799999996,0.0
278963,Placer Basin,MT,45.42,-110.09,2691.4,20170220,20.84,34.34,29.3,,,,,45.984276799999996,0.0
278964,Placer Basin,MT,45.42,-110.09,2691.4,20170221,21.56,36.5,29.66,,,,,47.992151899999996,0.20078751
278965,Placer Basin,MT,45.42,-110.09,2691.4,20170222,13.46,29.12,19.76,,,,,52.0079021,0.20078751
278966,Placer Basin,MT,45.42,-110.09,2691.4,20170223,5.18,15.98,11.84,,,,,52.9921546,0.09842525
278967,Placer Basin,MT,45.42,-110.09,2691.4,20170224,-0.4,26.06,9.14,,,,,52.0079021,0.09842525
278968,Placer Basin,MT,45.42,-110.09,2691.4,20170225,-1.84,13.82,6.8,,,,,50.9842795,0.09842525
278969,Placer Basin,MT,45.42,-110.09,2691.4,20170226,1.94,19.22,9.5,,,,,49.0157745,0.09842525
278970,Placer Basin,MT,45.42,-110.09,2691.4,20170227,-0.58,24.26,11.3,,,,,49.0157745,0.0
278971,Placer Basin,MT,45.42,-110.09,2691.4,20170228,3.38,18.14,9.86,,,,,50.9842795,0.29921276
278972,Placer Basin,MT,45.42,-110.09,2691.4,20170301,3.38,21.56,14.36,,,,,50.000027,0.20078751
278973,Placer Basin,MT,45.42,-110.09,2691.4,20170302,15.62,30.38,21.2,,,,,50.000027,0.0
278974,Placer Basin,MT,45.42,-110.09,2691.4,20170303,20.66,36.86,28.22,,,,,49.0157745,0.0
278975,Placer Basin,MT,45.42,-110.09,2691.4,20170304,26.42,34.7,29.12,,,,,49.0157745,0.09842525
278976,Placer Basin,MT,45.42,-110.09,2691.4,20170305,16.88,31.82,25.7,,,,,50.9842795,0.0
278977,Placer Basin,MT,45.42,-110.09,2691.4,20170306,7.52,23.18,12.74,,,,,52.9921546,0.20078751
278978,Placer Basin,MT,45.42,-110.09,2691.4,20170307,7.16,20.84,14.9,,,,,52.0079021,0.09842525
278979,Placer Basin,MT,45.42,-110.09,2691.4,20170308,20.66,32.54,26.78,,,,,55.0000297,0.40157502
278980,Placer Basin,MT,45.42,-110.09,2691.4,20170309,25.52,33.98,29.84,,,,,60.0000324,0.59842552
278981,Placer Basin,MT,45.42,-110.09,2691.4,20170310,25.52,42.44,33.62,,,,,60.98428489999999,0.59842552
278982,Placer Basin,MT,45.42,-110.09,2691.4,20170311,15.08,43.16,29.84,,,,,59.0157799,0.09842525
278983,Placer Basin,MT,45.42,-110.09,2691.4,20170312,22.1,38.12,27.5,,,,,57.992157299999995,0.0
278984,Placer Basin,MT,45.42,-110.09,2691.4,20170313,22.28,43.7,33.44,,,,,57.0079048,0.0
278985,Placer Basin,MT,45.42,-110.09,2691.4,20170314,32.9,46.58,38.3,,,,,55.0000297,0.0
278986,Placer Basin,MT,45.42,-110.09,2691.4,20170315,32.0,53.78,41.54,,,,,52.0079021,0.0
278987,Placer Basin,MT,45.42,-110.09,2691.4,20170316,22.82,44.24,34.52,,,,,50.9842795,0.0
278988,Placer Basin,MT,45.42,-110.09,2691.4,20170317,21.92,47.48,34.88,,,,,50.000027,0.0
278989,Placer Basin,MT,45.42,-110.09,2691.4,20170318,35.24,55.22,44.42,,,,,47.992151899999996,0.0
278990,Placer Basin,MT,45.42,-110.09,2691.4,20170319,31.28,45.86,36.86,,,,,47.0078994,0.0
278991,Placer Basin,MT,45.42,-110.09,2691.4,20170320,24.08,39.56,30.92,,,,,49.0157745,0.0
278992,Placer Basin,MT,45.42,-110.09,2691.4,20170321,21.92,51.98,35.24,,,,,45.984276799999996,0.09842525
278993,Placer Basin,MT,45.42,-110.09,2691.4,20170322,29.3,48.02,37.04,,,,,45.984276799999996,0.09842525
278994,Placer Basin,MT,45.42,-110.09,2691.4,20170323,12.56,39.2,28.58,,,,,45.984276799999996,0.0
278995,Placer Basin,MT,45.42,-110.09,2691.4,20170324,11.48,46.22,31.28,,,,,45.00002429999999,0.0
278996,Placer Basin,MT,45.42,-110.09,2691.4,20170325,12.38,37.76,28.76,,,,,47.0078994,0.09842525
278997,Placer Basin,MT,45.42,-110.09,2691.4,20170326,10.76,42.44,26.78,,,,,45.984276799999996,0.0
278998,Placer Basin,MT,45.42,-110.09,2691.4,20170327,23.9,39.2,30.02,,,,,54.0157772,0.50000027
278999,Placer Basin,MT,45.42,-110.09,2691.4,20170328,20.66,41.18,28.58,,,,,50.000027,0.0
279000,Placer Basin,MT,45.42,-110.09,2691.4,20170329,23.54,42.8,32.0,,,,,47.992151899999996,0.20078751
279001,Placer Basin,MT,45.42,-110.09,2691.4,20170330,28.76,38.66,32.18,,,,,52.0079021,0.09842525
279002,Placer Basin,MT,45.42,-110.09,2691.4,20170331,12.38,30.56,27.5,,,,,60.98428489999999,1.20078805
279003,Placer Basin,MT,45.42,-110.09,2691.4,20170401,6.26,47.48,30.74,,,,,57.992157299999995,0.20078751
279004,Placer Basin,MT,45.42,-110.09,2691.4,20170402,19.4,41.54,30.02,,,,,55.9842822,0.0
279005,Placer Basin,MT,45.42,-110.09,2691.4,20170403,7.34,29.48,18.5,,,,,55.0000297,0.0
279006,Placer Basin,MT,45.42,-110.09,2691.4,20170404,9.86,38.12,20.12,,,,,57.992157299999995,0.09842525
279007,Placer Basin,MT,45.42,-110.09,2691.4,20170405,16.34,44.42,30.74,,,,,55.9842822,0.0
279008,Placer Basin,MT,45.42,-110.09,2691.4,20170406,25.88,52.7,39.38,,,,,54.0157772,0.29921276
279009,Placer Basin,MT,45.42,-110.09,2691.4,20170407,30.2,48.92,39.2,,,,,55.0000297,0.0
279010,Placer Basin,MT,45.42,-110.09,2691.4,20170408,26.78,42.44,32.0,,,,,52.9921546,0.09842525
279011,Placer Basin,MT,45.42,-110.09,2691.4,20170409,11.12,29.66,22.46,,,,,55.0000297,0.09842525
279012,Placer Basin,MT,45.42,-110.09,2691.4,20170410,10.94,36.14,24.44,,,,,55.0000297,0.09842525
279013,Placer Basin,MT,45.42,-110.09,2691.4,20170411,16.16,42.8,29.66,,,,,54.0157772,0.20078751
279014,Placer Basin,MT,45.42,-110.09,2691.4,20170412,26.42,46.94,35.96,,,,,52.9921546,0.0
279015,Placer Basin,MT,45.42,-110.09,2691.4,20170413,27.32,56.66,42.8,,,,,52.9921546,0.0
279016,Placer Basin,MT,45.42,-110.09,2691.4,20170414,20.84,35.42,27.68,,,,,55.0000297,0.09842525
279017,Placer Basin,MT,45.42,-110.09,2691.4,20170415,17.24,35.24,25.88,,,,,52.9921546,0.29921276
279018,Placer Basin,MT,45.42,-110.09,2691.4,20170416,20.84,46.58,31.64,,,,,52.9921546,0.09842525
279019,Placer Basin,MT,45.42,-110.09,2691.4,20170417,22.64,46.22,32.54,,,,,54.0157772,0.0
279020,Placer Basin,MT,45.42,-110.09,2691.4,20170418,29.66,44.78,35.78,,,,,52.0079021,0.0
279021,Placer Basin,MT,45.42,-110.09,2691.4,20170419,18.32,44.96,32.18,,,,,52.0079021,0.20078751
279022,Placer Basin,MT,45.42,-110.09,2691.4,20170420,17.24,49.28,33.98,,,,,50.000027,0.0
279023,Placer Basin,MT,45.42,-110.09,2691.4,20170421,19.4,34.34,27.86,,,,,57.992157299999995,0.70078778
279024,Placer Basin,MT,45.42,-110.09,2691.4,20170422,8.78,46.94,32.9,,,,,52.9921546,0.0
279025,Placer Basin,MT,45.42,-110.09,2691.4,20170423,26.24,46.22,34.88,,,,,52.0079021,0.0
279026,Placer Basin,MT,45.42,-110.09,2691.4,20170424,26.24,41.36,31.64,,,,,57.0079048,0.09842525
279027,Placer Basin,MT,45.42,-110.09,2691.4,20170425,17.78,39.74,29.48,,,,,59.0157799,0.40157502
279028,Placer Basin,MT,45.42,-110.09,2691.4,20170426,17.6,41.0,30.38,,,,,57.992157299999995,0.40157502
279029,Placer Basin,MT,45.42,-110.09,2691.4,20170427,22.64,34.34,26.96,,,,,64.0157826,0.50000027
279030,Placer Basin,MT,45.42,-110.09,2691.4,20170428,22.46,32.0,25.16,,,,,69.0157853,0.70078778
279031,Placer Basin,MT,45.42,-110.09,2691.4,20170429,10.22,44.78,26.96,,,,,67.00791020000001,0.09842525
279032,Placer Basin,MT,45.42,-110.09,2691.4,20170430,19.4,43.16,32.18,,,,,65.0000351,0.0
279033,Placer Basin,MT,45.42,-110.09,2691.4,20170501,24.8,39.02,30.74,,,,,64.0157826,0.29921276
279034,Placer Basin,MT,45.42,-110.09,2691.4,20170502,24.44,43.16,31.82,,,,,62.99216,0.40157502
279035,Placer Basin,MT,45.42,-110.09,2691.4,20170503,16.34,51.98,37.76,,,,,60.98428489999999,0.09842525
279036,Placer Basin,MT,45.42,-110.09,2691.4,20170504,28.4,63.5,45.14,,,,,52.0079021,0.0
279037,Placer Basin,MT,45.42,-110.09,2691.4,20170505,28.04,66.02,47.3,,,,,50.000027,0.0
279038,Placer Basin,MT,45.42,-110.09,2691.4,20170506,30.2,64.94,46.58,,,,,52.9921546,0.0
279039,Placer Basin,MT,45.42,-110.09,2691.4,20170507,31.64,63.68,44.06,,,,,50.9842795,0.0
279040,Placer Basin,MT,45.42,-110.09,2691.4,20170508,28.94,52.52,37.76,,,,,49.0157745,0.0
279041,Placer Basin,MT,45.42,-110.09,2691.4,20170509,26.96,51.08,37.22,,,,,47.992151899999996,0.0
279042,Placer Basin,MT,45.42,-110.09,2691.4,20170510,23.36,57.74,40.28,,,,,45.00002429999999,0.0
279043,Placer Basin,MT,45.42,-110.09,2691.4,20170511,28.04,65.12,44.24,,,,,44.015771799999996,0.0
279044,Placer Basin,MT,45.42,-110.09,2691.4,20170512,32.9,64.4,47.66,,,,,42.0078967,0.0
279045,Placer Basin,MT,45.42,-110.09,2691.4,20170513,27.32,54.68,37.22,,,,,42.0078967,0.0
279046,Placer Basin,MT,45.42,-110.09,2691.4,20170514,24.98,44.96,34.16,,,,,40.9842741,0.0
279047,Placer Basin,MT,45.42,-110.09,2691.4,20170515,30.2,49.46,35.24,,,,,37.007894,0.0
279048,Placer Basin,MT,45.42,-110.09,2691.4,20170516,22.82,47.84,35.96,,,,,37.007894,0.09842525
279049,Placer Basin,MT,45.42,-110.09,2691.4,20170517,26.96,36.32,30.92,,,,,67.9921627,2.4015761
279050,Placer Basin,MT,45.42,-110.09,2691.4,20170518,17.42,36.32,27.14,,,,,67.9921627,1.00000054
279051,Placer Basin,MT,45.42,-110.09,2691.4,20170519,9.32,48.92,30.74,,,,,62.99216,0.29921276
279052,Placer Basin,MT,45.42,-110.09,2691.4,20170520,17.6,48.2,34.16,,,,,60.0000324,0.0
279053,Placer Basin,MT,45.42,-110.09,2691.4,20170521,24.26,50.9,36.68,,,,,57.0079048,0.09842525
279054,Placer Basin,MT,45.42,-110.09,2691.4,20170522,25.88,46.94,36.32,,,,,55.9842822,0.0
279055,Placer Basin,MT,45.42,-110.09,2691.4,20170523,21.92,61.7,45.32,,,,,50.000027,0.09842525
279056,Placer Basin,MT,45.42,-110.09,2691.4,20170524,29.3,61.34,45.14,,,,,47.0078994,0.0
279057,Placer Basin,MT,45.42,-110.09,2691.4,20170525,19.94,40.28,30.56,,,,,47.0078994,0.0
279058,Placer Basin,MT,45.42,-110.09,2691.4,20170526,19.94,45.86,32.72,,,,,47.0078994,0.0
279059,Placer Basin,MT,45.42,-110.09,2691.4,20170527,24.44,53.6,38.12,,,,,45.984276799999996,0.29921276
279060,Placer Basin,MT,45.42,-110.09,2691.4,20170528,28.58,58.1,40.82,,,,,45.00002429999999,0.0
279061,Placer Basin,MT,45.42,-110.09,2691.4,20170529,27.5,57.56,42.8,,,,,42.0078967,0.0
279062,Placer Basin,MT,45.42,-110.09,2691.4,20170530,28.22,64.04,43.7,,,,,40.9842741,0.0
279063,Placer Basin,MT,45.42,-110.09,2691.4,20170531,30.2,67.82,46.94,,,,,39.0157691,0.0
279064,Placer Basin,MT,45.42,-110.09,2691.4,20170601,31.82,66.56,49.82,,,,,34.0157664,0.0
279065,Placer Basin,MT,45.42,-110.09,2691.4,20170602,30.38,61.16,46.76,,,,,32.9921438,0.0
279066,Placer Basin,MT,45.42,-110.09,2691.4,20170603,28.58,65.3,47.84,,,,,30.0000162,0.0
279067,Placer Basin,MT,45.42,-110.09,2691.4,20170604,31.82,71.24,52.16,,,,,27.0078886,0.0
279068,Placer Basin,MT,45.42,-110.09,2691.4,20170605,36.86,53.96,45.14,,,,,24.015760999999998,0.0
279069,Placer Basin,MT,45.42,-110.09,2691.4,20170606,35.96,60.08,45.86,,,,,20.9842633,0.0
279070,Placer Basin,MT,45.42,-110.09,2691.4,20170607,34.16,69.26,47.48,,,,,17.9921357,0.0
279071,Placer Basin,MT,45.42,-110.09,2691.4,20170608,34.16,71.24,53.42,,,,,15.0000081,0.0
279072,Placer Basin,MT,45.42,-110.09,2691.4,20170609,33.08,55.22,41.54,,,,,12.992133,0.0
279073,Placer Basin,MT,45.42,-110.09,2691.4,20170610,31.28,48.74,39.38,,,,,10.9842579,0.0
279074,Placer Basin,MT,45.42,-110.09,2691.4,20170611,28.76,53.24,40.46,,,,,9.0157529,0.0
279075,Placer Basin,MT,45.42,-110.09,2691.4,20170612,31.46,58.28,42.62,,,,,5.984255200000001,0.09842525
279076,Placer Basin,MT,45.42,-110.09,2691.4,20170613,31.64,39.74,34.88,,,,,7.007877799999999,0.09842525
279077,Placer Basin,MT,45.42,-110.09,2691.4,20170614,35.06,51.98,43.16,,,,,2.9921276000000003,0.20078751
279078,Placer Basin,MT,45.42,-110.09,2691.4,20170615,34.7,54.86,44.06,,,,,0.0,0.0
279079,Placer Basin,MT,45.42,-110.09,2691.4,20170616,38.12,53.78,43.52,,,,,0.0,0.0
279080,Placer Basin,MT,45.42,-110.09,2691.4,20170617,34.88,51.98,41.54,,,,,0.0,0.0
279081,Placer Basin,MT,45.42,-110.09,2691.4,20170618,36.68,50.72,44.06,,,,,0.0,0.0
279082,Placer Basin,MT,45.42,-110.09,2691.4,20170619,35.6,64.94,50.0,,,,,0.0,0.0
279083,Placer Basin,MT,45.42,-110.09,2691.4,20170620,41.0,72.5,54.86,,,,,0.0,0.0
279084,Placer Basin,MT,45.42,-110.09,2691.4,20170621,37.4,68.9,54.32,,,,,0.0,0.0
279085,Placer Basin,MT,45.42,-110.09,2691.4,20170622,28.94,54.86,41.72,,,,,0.0,0.0
279086,Placer Basin,MT,45.42,-110.09,2691.4,20170623,25.88,54.86,40.46,,,,,0.0,0.0
279087,Placer Basin,MT,45.42,-110.09,2691.4,20170624,28.76,55.76,43.16,,,,,0.0,0.0
279088,Placer Basin,MT,45.42,-110.09,2691.4,20170625,29.66,62.96,47.66,,,,,0.0,0.0
279089,Placer Basin,MT,45.42,-110.09,2691.4,20170626,32.9,72.32,54.32,,,,,0.0,0.0
279090,Placer Basin,MT,45.42,-110.09,2691.4,20170627,39.38,57.02,48.02,,,,,0.0,0.09842525
279091,Placer Basin,MT,45.42,-110.09,2691.4,20170628,33.98,55.76,41.18,,,,,0.0,0.29921276
279092,Placer Basin,MT,45.42,-110.09,2691.4,20170629,31.46,47.12,38.48,,,,,0.0,0.20078751
279093,Placer Basin,MT,45.42,-110.09,2691.4,20170630,30.56,61.34,45.32,,,,,0.0,0.0
279094,Placer Basin,MT,45.42,-110.09,2691.4,20170701,32.54,66.38,50.9,,,,,0.0,0.0
279095,Placer Basin,MT,45.42,-110.09,2691.4,20170702,35.24,65.48,50.36,,,,,0.0,0.0
279096,Placer Basin,MT,45.42,-110.09,2691.4,20170703,35.96,73.58,56.84,,,,,0.0,0.0
279097,Placer Basin,MT,45.42,-110.09,2691.4,20170704,39.74,71.78,55.94,,,,,0.0,0.0
279098,Placer Basin,MT,45.42,-110.09,2691.4,20170705,42.08,77.0,58.46,,,,,0.0,0.0
279099,Placer Basin,MT,45.42,-110.09,2691.4,20170706,41.54,74.12,58.1,,,,,0.0,0.0
279100,Placer Basin,MT,45.42,-110.09,2691.4,20170707,40.64,70.34,53.96,,,,,0.0,0.0
279101,Placer Basin,MT,45.42,-110.09,2691.4,20170708,39.74,74.84,56.3,,,,,0.0,0.0
279102,Placer Basin,MT,45.42,-110.09,2691.4,20170709,41.36,73.76,53.24,,,,,0.0,0.0
279103,Placer Basin,MT,45.42,-110.09,2691.4,20170710,42.98,71.78,54.68,,,,,0.0,0.09842525
279104,Placer Basin,MT,45.42,-110.09,2691.4,20170711,37.76,67.28,51.08,,,,,0.0,0.20078751
279105,Placer Basin,MT,45.42,-110.09,2691.4,20170712,42.44,66.38,53.42,,,,,0.0,0.20078751
279106,Placer Basin,MT,45.42,-110.09,2691.4,20170713,38.66,76.1,58.28,,,,,0.0,0.0
279107,Placer Basin,MT,45.42,-110.09,2691.4,20170714,42.8,72.68,58.82,,,,,0.0,0.0
279108,Placer Basin,MT,45.42,-110.09,2691.4,20170715,42.08,76.64,57.02,,,,,0.0,0.0
279109,Placer Basin,MT,45.42,-110.09,2691.4,20170716,39.38,71.24,50.72,,,,,0.0,0.59842552
279110,Placer Basin,MT,45.42,-110.09,2691.4,20170717,35.42,65.12,48.56,,,,,0.0,0.50000027
279111,Placer Basin,MT,45.42,-110.09,2691.4,20170718,38.48,67.82,52.52,,,,,0.0,0.0
279112,Placer Basin,MT,45.42,-110.09,2691.4,20170719,38.48,72.32,56.3,,,,,0.0,0.0
279113,Placer Basin,MT,45.42,-110.09,2691.4,20170720,41.0,72.5,58.28,,,,,0.0,0.0
279114,Placer Basin,MT,45.42,-110.09,2691.4,20170721,35.78,69.8,53.24,,,,,0.0,0.0
279115,Placer Basin,MT,45.42,-110.09,2691.4,20170722,33.08,71.06,52.52,,,,,0.0,0.0
279116,Placer Basin,MT,45.42,-110.09,2691.4,20170723,35.96,74.12,55.04,,,,,0.0,0.0
279117,Placer Basin,MT,45.42,-110.09,2691.4,20170724,39.2,74.48,55.58,,,,,0.0,0.0
279118,Placer Basin,MT,45.42,-110.09,2691.4,20170725,38.84,62.42,49.28,,,,,0.0,0.0
279119,Placer Basin,MT,45.42,-110.09,2691.4,20170726,36.32,66.02,50.72,,,,,0.0,0.40157502
279120,Placer Basin,MT,45.42,-110.09,2691.4,20170727,41.54,65.48,51.98,,,,,0.0,0.0
279121,Placer Basin,MT,45.42,-110.09,2691.4,20170728,38.12,67.1,52.52,,,,,0.0,0.09842525
279122,Placer Basin,MT,45.42,-110.09,2691.4,20170729,40.1,69.62,53.42,,,,,0.0,0.0
279123,Placer Basin,MT,45.42,-110.09,2691.4,20170730,38.12,72.5,55.22,,,,,0.0,0.0
279124,Placer Basin,MT,45.42,-110.09,2691.4,20170731,37.04,74.12,55.22,,,,,0.0,0.0
279125,Placer Basin,MT,45.42,-110.09,2691.4,20170801,36.86,71.78,55.04,,,,,0.0,0.0
279126,Placer Basin,MT,45.42,-110.09,2691.4,20170802,35.6,60.62,47.84,,,,,0.0,0.0
279127,Placer Basin,MT,45.42,-110.09,2691.4,20170803,31.64,62.78,48.02,,,,,0.0,0.0
279128,Placer Basin,MT,45.42,-110.09,2691.4,20170804,35.96,68.54,53.78,,,,,0.0,0.0
279129,Placer Basin,MT,45.42,-110.09,2691.4,20170805,39.56,60.8,49.46,,,,,0.0,0.0
279130,Placer Basin,MT,45.42,-110.09,2691.4,20170806,32.0,57.02,44.96,,,,,0.0,0.0
279131,Placer Basin,MT,45.42,-110.09,2691.4,20170807,29.84,64.22,47.12,,,,,0.0,0.09842525
279132,Placer Basin,MT,45.42,-110.09,2691.4,20170808,35.06,62.06,50.54,,,,,0.0,0.0
279133,Placer Basin,MT,45.42,-110.09,2691.4,20170809,34.7,60.8,47.66,,,,,0.0,0.0
279134,Placer Basin,MT,45.42,-110.09,2691.4,20170810,31.82,62.06,46.58,,,,,0.0,0.29921276
279135,Placer Basin,MT,45.42,-110.09,2691.4,20170811,35.78,65.66,51.08,,,,,0.0,0.09842525
279136,Placer Basin,MT,45.42,-110.09,2691.4,20170812,34.34,65.12,49.28,,,,,0.0,0.0
279137,Placer Basin,MT,45.42,-110.09,2691.4,20170813,37.04,62.78,48.02,,,,,0.0,0.40157502
279138,Placer Basin,MT,45.42,-110.09,2691.4,20170814,38.48,55.58,46.22,,,,,0.0,0.29921276
279139,Placer Basin,MT,45.42,-110.09,2691.4,20170815,32.9,57.92,45.68,,,,,0.0,0.0
279140,Placer Basin,MT,45.42,-110.09,2691.4,20170816,31.64,64.22,47.48,,,,,0.0,0.0
279141,Placer Basin,MT,45.42,-110.09,2691.4,20170817,33.8,63.32,47.48,,,,,0.0,0.0
279142,Placer Basin,MT,45.42,-110.09,2691.4,20170818,31.64,68.18,51.44,,,,,0.0,0.0
279143,Placer Basin,MT,45.42,-110.09,2691.4,20170819,35.06,66.56,50.0,,,,,0.0,0.0
279144,Placer Basin,MT,45.42,-110.09,2691.4,20170820,31.46,64.94,48.02,,,,,0.0,0.0
279145,Placer Basin,MT,45.42,-110.09,2691.4,20170821,30.74,62.96,45.86,,,,,0.0,0.0
279146,Placer Basin,MT,45.42,-110.09,2691.4,20170822,31.46,70.88,50.72,,,,,0.0,0.0
279147,Placer Basin,MT,45.42,-110.09,2691.4,20170823,34.52,70.52,53.78,,,,,0.0,0.0
279148,Placer Basin,MT,45.42,-110.09,2691.4,20170824,41.54,67.46,51.62,,,,,0.0,0.20078751
279149,Placer Basin,MT,45.42,-110.09,2691.4,20170825,34.88,67.46,49.1,,,,,0.0,0.0
279150,Placer Basin,MT,45.42,-110.09,2691.4,20170826,34.7,68.54,50.54,,,,,0.0,0.0
279151,Placer Basin,MT,45.42,-110.09,2691.4,20170827,33.8,71.78,52.16,,,,,0.0,0.0
279152,Placer Basin,MT,45.42,-110.09,2691.4,20170828,34.34,74.48,52.7,,,,,0.0,0.0
279153,Placer Basin,MT,45.42,-110.09,2691.4,20170829,35.06,70.16,52.16,,,,,0.0,0.0
279154,Placer Basin,MT,45.42,-110.09,2691.4,20170830,38.12,72.32,54.5,,,,,0.0,0.0
279155,Placer Basin,MT,45.42,-110.09,2691.4,20170831,41.18,67.28,54.68,,,,,0.0,0.0
279156,Placer Basin,MT,45.42,-110.09,2691.4,20170901,34.7,67.64,50.9,,,,,0.0,0.0
279157,Placer Basin,MT,45.42,-110.09,2691.4,20170902,34.52,75.02,55.4,,,,,0.0,0.0
279158,Placer Basin,MT,45.42,-110.09,2691.4,20170903,41.72,76.82,59.9,,,,,0.0,0.0
279159,Placer Basin,MT,45.42,-110.09,2691.4,20170904,29.66,57.74,44.06,,,,,0.0,0.0
279160,Placer Basin,MT,45.42,-110.09,2691.4,20170905,27.86,62.96,43.88,,,,,0.0,0.0
279161,Placer Basin,MT,45.42,-110.09,2691.4,20170906,28.76,69.44,47.3,,,,,0.0,0.0
279162,Placer Basin,MT,45.42,-110.09,2691.4,20170907,31.28,67.46,47.66,,,,,0.0,0.0
279163,Placer Basin,MT,45.42,-110.09,2691.4,20170908,31.1,71.06,51.44,,,,,0.0,0.09842525
279164,Placer Basin,MT,45.42,-110.09,2691.4,20170909,39.02,68.36,53.42,,,,,0.0,0.0
279165,Placer Basin,MT,45.42,-110.09,2691.4,20170910,39.92,68.54,54.32,,,,,0.0,0.0
279166,Placer Basin,MT,45.42,-110.09,2691.4,20170911,36.32,71.96,51.62,,,,,0.0,0.0
279167,Placer Basin,MT,45.42,-110.09,2691.4,20170912,35.24,71.96,52.34,,,,,0.0,0.0
279168,Placer Basin,MT,45.42,-110.09,2691.4,20170913,38.66,63.86,48.92,,,,,0.0,0.0
279169,Placer Basin,MT,45.42,-110.09,2691.4,20170914,31.28,53.78,39.92,,,,,0.0,0.0
279170,Placer Basin,MT,45.42,-110.09,2691.4,20170915,26.42,32.36,29.48,,,,,2.9921276000000003,0.50000027
279171,Placer Basin,MT,45.42,-110.09,2691.4,20170916,24.26,34.34,29.12,,,,,2.0078751,0.09842525
279172,Placer Basin,MT,45.42,-110.09,2691.4,20170917,21.56,45.14,34.16,,,,,0.0,0.0
279173,Placer Basin,MT,45.42,-110.09,2691.4,20170918,34.16,51.8,41.36,,,,,0.0,0.20078751
279174,Placer Basin,MT,45.42,-110.09,2691.4,20170919,27.5,38.48,31.1,,,,,2.9921276000000003,0.50000027
279175,Placer Basin,MT,45.42,-110.09,2691.4,20170920,25.7,37.22,32.18,,,,,2.0078751,0.29921276
279176,Placer Basin,MT,45.42,-110.09,2691.4,20170921,26.96,36.32,31.46,,,,,10.000005400000001,1.00000054
279177,Box Canyon,MT,45.27,-110.25,2033.0,20170101,1.04,26.06,14.36,,,,,17.0078832,0.0
279178,Box Canyon,MT,45.27,-110.25,2033.0,20170102,-11.2,5.36,-4.54,,,,,17.0078832,0.0
279179,Box Canyon,MT,45.27,-110.25,2033.0,20170103,-13.18,17.78,0.5,,,,,17.0078832,0.0
279180,Box Canyon,MT,45.27,-110.25,2033.0,20170104,-13.36,7.88,-2.74,,,,,17.0078832,0.0
279181,Box Canyon,MT,45.27,-110.25,2033.0,20170105,-13.72,22.82,-0.58,,,,,17.0078832,0.09842525
279182,Box Canyon,MT,45.27,-110.25,2033.0,20170106,3.74,18.32,10.4,,,,,15.9842606,0.0
279183,Box Canyon,MT,45.27,-110.25,2033.0,20170107,6.62,27.14,18.32,,,,,15.9842606,0.29921276
279184,Box Canyon,MT,45.27,-110.25,2033.0,20170108,23.36,36.86,29.84,,,,,19.0157583,0.20078751
279185,Box Canyon,MT,45.27,-110.25,2033.0,20170109,23.9,38.48,32.9,,,,,22.007885899999998,0.20078751
279186,Box Canyon,MT,45.27,-110.25,2033.0,20170110,-1.3,28.58,20.12,,,,,22.007885899999998,0.0
279187,Box Canyon,MT,45.27,-110.25,2033.0,20170111,-3.82,19.4,6.98,,,,,24.015760999999998,0.09842525
279188,Box Canyon,MT,45.27,-110.25,2033.0,20170112,10.04,27.32,18.14,,,,,22.992138399999998,0.0
279189,Box Canyon,MT,45.27,-110.25,2033.0,20170113,9.86,31.46,17.42,,,,,22.992138399999998,0.0
279190,Box Canyon,MT,45.27,-110.25,2033.0,20170114,12.74,33.98,20.3,,,,,22.007885899999998,0.0
279191,Box Canyon,MT,45.27,-110.25,2033.0,20170115,17.06,40.28,23.54,,,,,22.007885899999998,0.09842525
279192,Box Canyon,MT,45.27,-110.25,2033.0,20170116,14.36,38.48,24.98,,,,,20.9842633,0.0
279193,Box Canyon,MT,45.27,-110.25,2033.0,20170117,26.06,42.62,33.62,,,,,20.9842633,0.0
279194,Box Canyon,MT,45.27,-110.25,2033.0,20170118,25.7,45.86,35.6,,,,,20.000010800000002,0.0
279195,Box Canyon,MT,45.27,-110.25,2033.0,20170119,29.84,38.48,33.8,,,,,20.000010800000002,0.0
279196,Box Canyon,MT,45.27,-110.25,2033.0,20170120,22.28,34.88,28.94,,,,,20.000010800000002,0.0
279197,Box Canyon,MT,45.27,-110.25,2033.0,20170121,18.32,34.7,27.32,,,,,20.000010800000002,0.0
279198,Box Canyon,MT,45.27,-110.25,2033.0,20170122,22.82,33.98,28.22,,,,,20.000010800000002,0.0
279199,Box Canyon,MT,45.27,-110.25,2033.0,20170123,17.24,33.08,22.82,,,,,20.000010800000002,0.0
279200,Box Canyon,MT,45.27,-110.25,2033.0,20170124,14.54,23.9,17.96,,,,,20.000010800000002,0.0
279201,Box Canyon,MT,45.27,-110.25,2033.0,20170125,13.82,24.98,17.42,,,,,20.000010800000002,0.0
279202,Box Canyon,MT,45.27,-110.25,2033.0,20170126,10.4,25.34,16.16,,,,,20.000010800000002,0.0
279203,Box Canyon,MT,45.27,-110.25,2033.0,20170127,9.68,33.8,21.56,,,,,20.000010800000002,0.0
279204,Box Canyon,MT,45.27,-110.25,2033.0,20170128,20.3,46.22,31.1,,,,,20.000010800000002,0.0
279205,Box Canyon,MT,45.27,-110.25,2033.0,20170129,30.02,42.98,33.98,,,,,20.000010800000002,0.0
279206,Box Canyon,MT,45.27,-110.25,2033.0,20170130,25.7,40.64,31.64,,,,,19.0157583,0.0
279207,Box Canyon,MT,45.27,-110.25,2033.0,20170131,8.6,26.06,17.78,,,,,29.015763699999997,0.29921276
279208,Box Canyon,MT,45.27,-110.25,2033.0,20170201,-5.08,14.54,6.08,,,,,27.0078886,0.0
279209,Box Canyon,MT,45.27,-110.25,2033.0,20170202,-4.54,9.14,1.94,,,,,25.984266,0.0
279210,Box Canyon,MT,45.27,-110.25,2033.0,20170203,4.1,35.24,26.96,,,,,25.984266,0.29921276
279211,Box Canyon,MT,45.27,-110.25,2033.0,20170204,31.28,36.5,33.8,,,,,27.0078886,0.09842525
279212,Box Canyon,MT,45.27,-110.25,2033.0,20170205,32.72,37.58,35.06,,,,,25.984266,0.0
279213,Box Canyon,MT,45.27,-110.25,2033.0,20170206,20.84,37.58,32.18,,,,,32.0078913,0.09842525
279214,Box Canyon,MT,45.27,-110.25,2033.0,20170207,5.18,25.16,17.6,,,,,35.0000189,0.20078751
279215,Box Canyon,MT,45.27,-110.25,2033.0,20170208,12.74,35.78,28.76,,,,,34.0157664,0.29921276
279216,Box Canyon,MT,45.27,-110.25,2033.0,20170209,34.88,42.44,38.66,,,,,29.015763699999997,0.40157502
279217,Box Canyon,MT,45.27,-110.25,2033.0,20170210,30.02,40.1,35.42,,,,,27.0078886,0.50000027
279218,Box Canyon,MT,45.27,-110.25,2033.0,20170211,17.42,35.06,26.78,,,,,27.0078886,0.0
279219,Box Canyon,MT,45.27,-110.25,2033.0,20170212,17.24,40.1,27.5,,,,,27.0078886,0.09842525
279220,Box Canyon,MT,45.27,-110.25,2033.0,20170213,21.2,49.64,30.56,,,,,27.0078886,0.0
279221,Box Canyon,MT,45.27,-110.25,2033.0,20170214,23.72,58.64,35.42,,,,,25.984266,0.0
279222,Box Canyon,MT,45.27,-110.25,2033.0,20170215,33.08,49.1,39.38,,,,,25.984266,0.0
279223,Box Canyon,MT,45.27,-110.25,2033.0,20170216,33.44,49.64,40.46,,,,,25.984266,0.0
279224,Box Canyon,MT,45.27,-110.25,2033.0,20170217,31.28,46.76,35.96,,,,,25.0000135,0.0
279225,Box Canyon,MT,45.27,-110.25,2033.0,20170218,35.6,43.34,39.56,,,,,25.0000135,0.0
279226,Box Canyon,MT,45.27,-110.25,2033.0,20170219,30.56,43.52,37.04,,,,,25.0000135,0.0
279227,Box Canyon,MT,45.27,-110.25,2033.0,20170220,31.28,40.82,36.5,,,,,25.0000135,0.0
279228,Box Canyon,MT,45.27,-110.25,2033.0,20170221,31.1,45.14,36.68,,,,,24.015760999999998,0.09842525
279229,Box Canyon,MT,45.27,-110.25,2033.0,20170222,21.2,41.0,28.76,,,,,25.0000135,0.0
279230,Box Canyon,MT,45.27,-110.25,2033.0,20170223,16.34,26.96,21.38,,,,,25.984266,0.09842525
279231,Box Canyon,MT,45.27,-110.25,2033.0,20170224,13.82,27.86,19.22,,,,,25.984266,0.0
279232,Box Canyon,MT,45.27,-110.25,2033.0,20170225,14.18,24.26,17.6,,,,,25.984266,0.0
279233,Box Canyon,MT,45.27,-110.25,2033.0,20170226,13.64,25.7,18.68,,,,,25.984266,0.09842525
279234,Box Canyon,MT,45.27,-110.25,2033.0,20170227,10.22,31.64,19.76,,,,,25.984266,0.0
279235,Box Canyon,MT,45.27,-110.25,2033.0,20170228,11.84,26.42,19.4,,,,,25.984266,0.0
279236,Box Canyon,MT,45.27,-110.25,2033.0,20170301,10.4,30.02,22.46,,,,,25.984266,0.20078751
279237,Box Canyon,MT,45.27,-110.25,2033.0,20170302,23.54,37.4,28.76,,,,,25.984266,0.09842525
279238,Box Canyon,MT,45.27,-110.25,2033.0,20170303,29.3,48.2,35.96,,,,,25.984266,0.0
279239,Box Canyon,MT,45.27,-110.25,2033.0,20170304,29.3,40.46,36.14,,,,,25.984266,0.0
279240,Box Canyon,MT,45.27,-110.25,2033.0,20170305,24.8,39.38,33.08,,,,,27.9921411,0.09842525
279241,Box Canyon,MT,45.27,-110.25,2033.0,20170306,17.42,31.64,22.28,,,,,30.0000162,0.09842525
279242,Box Canyon,MT,45.27,-110.25,2033.0,20170307,15.98,32.18,24.98,,,,,29.015763699999997,0.0
279243,Box Canyon,MT,45.27,-110.25,2033.0,20170308,29.3,38.12,34.16,,,,,30.0000162,0.09842525
279244,Box Canyon,MT,45.27,-110.25,2033.0,20170309,18.68,37.58,28.4,,,,,32.0078913,0.09842525
279245,Box Canyon,MT,45.27,-110.25,2033.0,20170310,31.46,46.94,39.2,,,,,30.0000162,0.20078751
279246,Box Canyon,MT,45.27,-110.25,2033.0,20170311,28.94,50.54,38.48,,,,,27.9921411,0.0
279247,Box Canyon,MT,45.27,-110.25,2033.0,20170312,27.68,45.5,34.7,,,,,27.0078886,0.0
279248,Box Canyon,MT,45.27,-110.25,2033.0,20170313,31.46,53.42,40.64,,,,,25.984266,0.09842525
279249,Box Canyon,MT,45.27,-110.25,2033.0,20170314,35.96,56.12,42.8,,,,,25.984266,0.0
279250,Box Canyon,MT,45.27,-110.25,2033.0,20170315,39.02,59.9,48.56,,,,,24.015760999999998,0.0
279251,Box Canyon,MT,45.27,-110.25,2033.0,20170316,30.74,51.08,40.46,,,,,22.007885899999998,0.0
279252,Box Canyon,MT,45.27,-110.25,2033.0,20170317,29.12,56.3,42.44,,,,,20.9842633,0.20078751
279253,Box Canyon,MT,45.27,-110.25,2033.0,20170318,42.62,61.52,51.44,,,,,19.0157583,0.0
279254,Box Canyon,MT,45.27,-110.25,2033.0,20170319,35.6,47.48,41.9,,,,,17.0078832,0.0
279255,Box Canyon,MT,45.27,-110.25,2033.0,20170320,29.66,36.86,33.44,,,,,20.000010800000002,0.29921276
279256,Box Canyon,MT,45.27,-110.25,2033.0,20170321,28.94,47.3,36.5,,,,,17.9921357,0.09842525
279257,Box Canyon,MT,45.27,-110.25,2033.0,20170322,35.06,55.58,42.62,,,,,15.9842606,0.0
279258,Box Canyon,MT,45.27,-110.25,2033.0,20170323,30.2,48.38,36.68,,,,,15.9842606,0.0
279259,Box Canyon,MT,45.27,-110.25,2033.0,20170324,28.76,55.58,40.64,,,,,14.015755599999999,0.20078751
279260,Box Canyon,MT,45.27,-110.25,2033.0,20170325,28.58,43.88,36.32,,,,,12.992133,0.0
279261,Box Canyon,MT,45.27,-110.25,2033.0,20170326,27.86,50.36,37.22,,,,,12.992133,0.09842525
279262,Box Canyon,MT,45.27,-110.25,2033.0,20170327,31.46,48.74,37.58,,,,,15.9842606,0.20078751
279263,Box Canyon,MT,45.27,-110.25,2033.0,20170328,30.2,51.98,35.96,,,,,12.992133,0.09842525
279264,Box Canyon,MT,45.27,-110.25,2033.0,20170329,29.3,43.52,37.22,,,,,12.992133,0.09842525
279265,Box Canyon,MT,45.27,-110.25,2033.0,20170330,34.7,47.66,38.12,,,,,12.007880499999999,0.0
279266,Box Canyon,MT,45.27,-110.25,2033.0,20170331,30.2,39.92,35.24,,,,,12.992133,0.20078751
279267,Box Canyon,MT,45.27,-110.25,2033.0,20170401,26.6,58.28,41.18,,,,,12.007880499999999,0.20078751
279268,Box Canyon,MT,45.27,-110.25,2033.0,20170402,27.86,49.82,37.22,,,,,10.9842579,0.0
279269,Box Canyon,MT,45.27,-110.25,2033.0,20170403,20.3,41.54,27.5,,,,,10.9842579,0.0
279270,Box Canyon,MT,45.27,-110.25,2033.0,20170404,18.32,46.94,30.56,,,,,10.9842579,0.20078751
279271,Box Canyon,MT,45.27,-110.25,2033.0,20170405,28.04,50.9,38.3,,,,,10.000005400000001,0.0
279272,Box Canyon,MT,45.27,-110.25,2033.0,20170406,33.62,61.7,46.58,,,,,7.9921303,0.20078751
279273,Box Canyon,MT,45.27,-110.25,2033.0,20170407,35.78,53.96,44.6,,,,,7.007877799999999,0.0
279274,Box Canyon,MT,45.27,-110.25,2033.0,20170408,34.16,51.62,37.94,,,,,7.007877799999999,0.0
279275,Box Canyon,MT,45.27,-110.25,2033.0,20170409,24.26,38.84,32.0,,,,,7.007877799999999,0.0
279276,Box Canyon,MT,45.27,-110.25,2033.0,20170410,24.26,46.22,32.9,,,,,5.984255200000001,0.09842525
279277,Box Canyon,MT,45.27,-110.25,2033.0,20170411,24.8,51.08,36.86,,,,,5.0000027000000005,0.20078751
279278,Box Canyon,MT,45.27,-110.25,2033.0,20170412,32.18,58.46,41.72,,,,,2.9921276000000003,0.0
279279,Box Canyon,MT,45.27,-110.25,2033.0,20170413,32.36,68.0,49.82,,,,,2.0078751,0.20078751
279280,Box Canyon,MT,45.27,-110.25,2033.0,20170414,30.2,43.34,36.5,,,,,0.9842525,0.0
279281,Box Canyon,MT,45.27,-110.25,2033.0,20170415,27.32,44.96,35.06,,,,,0.0,0.0
279282,Box Canyon,MT,45.27,-110.25,2033.0,20170416,28.58,55.04,39.92,,,,,0.0,0.0
279283,Box Canyon,MT,45.27,-110.25,2033.0,20170417,30.2,50.18,37.76,,,,,0.0,0.0
279284,Box Canyon,MT,45.27,-110.25,2033.0,20170418,34.34,53.6,41.36,,,,,0.0,0.20078751
279285,Box Canyon,MT,45.27,-110.25,2033.0,20170419,32.54,53.6,39.92,,,,,0.0,0.0
279286,Box Canyon,MT,45.27,-110.25,2033.0,20170420,31.46,55.4,41.9,,,,,0.0,0.09842525
279287,Box Canyon,MT,45.27,-110.25,2033.0,20170421,30.56,39.2,34.7,,,,,0.0,0.0
279288,Box Canyon,MT,45.27,-110.25,2033.0,20170422,26.78,57.38,40.28,,,,,0.0,0.29921276
279289,Box Canyon,MT,45.27,-110.25,2033.0,20170423,33.62,51.26,40.28,,,,,0.0,0.0
279290,Box Canyon,MT,45.27,-110.25,2033.0,20170424,32.9,47.48,37.94,,,,,0.0,0.0
279291,Box Canyon,MT,45.27,-110.25,2033.0,20170425,30.74,44.06,35.24,,,,,0.0,0.20078751
279292,Box Canyon,MT,45.27,-110.25,2033.0,20170426,30.74,44.24,35.96,,,,,2.0078751,0.20078751
279293,Box Canyon,MT,45.27,-110.25,2033.0,20170427,29.66,38.12,33.26,,,,,0.0,0.29921276
279294,Box Canyon,MT,45.27,-110.25,2033.0,20170428,29.3,37.4,32.72,,,,,0.0,0.20078751
279295,Box Canyon,MT,45.27,-110.25,2033.0,20170429,28.4,50.54,36.5,,,,,0.0,0.20078751
279296,Box Canyon,MT,45.27,-110.25,2033.0,20170430,32.18,48.2,39.2,,,,,0.0,0.09842525
279297,Box Canyon,MT,45.27,-110.25,2033.0,20170501,32.9,49.64,39.02,,,,,0.0,0.0
279298,Box Canyon,MT,45.27,-110.25,2033.0,20170502,30.92,49.82,38.66,,,,,0.0,0.09842525
279299,Box Canyon,MT,45.27,-110.25,2033.0,20170503,29.12,60.62,43.88,,,,,0.0,0.09842525
279300,Box Canyon,MT,45.27,-110.25,2033.0,20170504,38.84,71.96,52.52,,,,,0.0,0.09842525
279301,Box Canyon,MT,45.27,-110.25,2033.0,20170505,41.54,76.1,56.66,,,,,0.0,0.09842525
279302,Box Canyon,MT,45.27,-110.25,2033.0,20170506,44.24,74.48,56.66,,,,,0.0,0.0
279303,Box Canyon,MT,45.27,-110.25,2033.0,20170507,39.2,69.26,51.62,,,,,0.0,0.0
279304,Box Canyon,MT,45.27,-110.25,2033.0,20170508,37.22,58.46,44.6,,,,,0.0,0.0
279305,Box Canyon,MT,45.27,-110.25,2033.0,20170509,35.6,56.84,44.42,,,,,0.0,0.0
279306,Box Canyon,MT,45.27,-110.25,2033.0,20170510,35.42,66.92,49.82,,,,,0.0,0.0
279307,Box Canyon,MT,45.27,-110.25,2033.0,20170511,42.08,73.4,55.76,,,,,0.0,0.0
279308,Box Canyon,MT,45.27,-110.25,2033.0,20170512,43.88,74.12,57.02,,,,,0.0,0.0
279309,Box Canyon,MT,45.27,-110.25,2033.0,20170513,35.6,57.56,44.78,,,,,0.0,0.0
279310,Box Canyon,MT,45.27,-110.25,2033.0,20170514,34.16,55.04,41.9,,,,,0.0,0.0
279311,Box Canyon,MT,45.27,-110.25,2033.0,20170515,33.98,55.4,41.54,,,,,0.0,0.0
279312,Box Canyon,MT,45.27,-110.25,2033.0,20170516,32.72,56.66,43.16,,,,,0.0,0.0
279313,Box Canyon,MT,45.27,-110.25,2033.0,20170517,30.56,37.94,34.16,,,,,10.9842579,1.09842579
279314,Box Canyon,MT,45.27,-110.25,2033.0,20170518,32.36,43.88,36.14,,,,,4.0157502,0.29921276
279315,Box Canyon,MT,45.27,-110.25,2033.0,20170519,26.42,52.88,39.2,,,,,2.0078751,0.0
279316,Box Canyon,MT,45.27,-110.25,2033.0,20170520,32.9,56.48,43.16,,,,,0.0,0.0
279317,Box Canyon,MT,45.27,-110.25,2033.0,20170521,32.9,59.18,44.78,,,,,0.0,0.0
279318,Box Canyon,MT,45.27,-110.25,2033.0,20170522,38.12,53.78,44.96,,,,,0.0,0.0
279319,Box Canyon,MT,45.27,-110.25,2033.0,20170523,36.32,71.24,53.24,,,,,0.0,0.0
279320,Box Canyon,MT,45.27,-110.25,2033.0,20170524,30.92,68.9,50.9,,,,,0.0,0.0
279321,Box Canyon,MT,45.27,-110.25,2033.0,20170525,28.76,46.58,37.58,,,,,0.0,0.0
279322,Box Canyon,MT,45.27,-110.25,2033.0,20170526,32.18,52.52,41.9,,,,,0.0,0.0
279323,Box Canyon,MT,45.27,-110.25,2033.0,20170527,33.98,61.34,47.12,,,,,0.0,0.0
279324,Box Canyon,MT,45.27,-110.25,2033.0,20170528,40.1,68.36,50.9,,,,,0.0,0.0
279325,Box Canyon,MT,45.27,-110.25,2033.0,20170529,39.38,69.08,52.52,,,,,0.0,0.0
279326,Box Canyon,MT,45.27,-110.25,2033.0,20170530,41.36,71.78,54.14,,,,,0.0,0.0
279327,Box Canyon,MT,45.27,-110.25,2033.0,20170531,44.24,78.26,57.74,,,,,0.0,0.0
279328,Box Canyon,MT,45.27,-110.25,2033.0,20170601,47.12,77.18,59.72,,,,,0.0,0.0
279329,Box Canyon,MT,45.27,-110.25,2033.0,20170602,45.68,71.78,56.48,,,,,0.0,0.0
279330,Box Canyon,MT,45.27,-110.25,2033.0,20170603,43.7,77.18,59.54,,,,,0.0,0.0
279331,Box Canyon,MT,45.27,-110.25,2033.0,20170604,48.02,83.66,63.32,,,,,0.0,0.0
279332,Box Canyon,MT,45.27,-110.25,2033.0,20170605,43.52,70.88,54.5,,,,,0.0,0.0
279333,Box Canyon,MT,45.27,-110.25,2033.0,20170606,39.74,70.34,54.86,,,,,0.0,0.0
279334,Box Canyon,MT,45.27,-110.25,2033.0,20170607,47.3,79.52,60.26,,,,,0.0,0.0
279335,Box Canyon,MT,45.27,-110.25,2033.0,20170608,48.2,82.4,64.4,,,,,0.0,0.0
279336,Box Canyon,MT,45.27,-110.25,2033.0,20170609,40.28,60.08,50.0,,,,,0.9842525,0.20078751
279337,Box Canyon,MT,45.27,-110.25,2033.0,20170610,37.04,60.08,47.66,,,,,0.0,0.0
279338,Box Canyon,MT,45.27,-110.25,2033.0,20170611,32.54,59.54,47.12,,,,,0.0,0.09842525
279339,Box Canyon,MT,45.27,-110.25,2033.0,20170612,37.94,71.06,50.18,,,,,0.0,0.20078751
279340,Box Canyon,MT,45.27,-110.25,2033.0,20170613,35.42,47.66,40.82,,,,,0.0,0.20078751
279341,Box Canyon,MT,45.27,-110.25,2033.0,20170614,41.0,61.52,50.36,,,,,0.0,0.29921276
279342,Box Canyon,MT,45.27,-110.25,2033.0,20170615,44.06,65.84,53.06,,,,,0.0,0.0
279343,Box Canyon,MT,45.27,-110.25,2033.0,20170616,46.04,66.02,51.62,,,,,0.0,0.0
279344,Box Canyon,MT,45.27,-110.25,2033.0,20170617,42.26,62.6,49.46,,,,,0.0,0.09842525
279345,Box Canyon,MT,45.27,-110.25,2033.0,20170618,41.36,65.66,51.62,,,,,0.0,0.0
279346,Box Canyon,MT,45.27,-110.25,2033.0,20170619,44.06,77.54,59.54,,,,,0.0,0.0
279347,Box Canyon,MT,45.27,-110.25,2033.0,20170620,49.46,82.76,64.22,,,,,0.0,0.0
279348,Box Canyon,MT,45.27,-110.25,2033.0,20170621,45.86,80.24,63.32,,,,,0.0,0.0
279349,Box Canyon,MT,45.27,-110.25,2033.0,20170622,37.94,67.64,51.62,,,,,0.0,0.0
279350,Box Canyon,MT,45.27,-110.25,2033.0,20170623,34.52,65.12,49.64,,,,,0.0,0.0
279351,Box Canyon,MT,45.27,-110.25,2033.0,20170624,37.76,69.62,53.24,,,,,0.0,0.0
279352,Box Canyon,MT,45.27,-110.25,2033.0,20170625,42.26,75.56,57.56,,,,,0.0,0.0
279353,Box Canyon,MT,45.27,-110.25,2033.0,20170626,49.46,84.02,64.94,,,,,0.0,0.0
279354,Box Canyon,MT,45.27,-110.25,2033.0,20170627,46.04,67.1,54.32,,,,,0.0,0.0
279355,Box Canyon,MT,45.27,-110.25,2033.0,20170628,42.98,65.3,49.28,,,,,0.0,0.0
279356,Box Canyon,MT,45.27,-110.25,2033.0,20170629,38.84,57.38,45.14,,,,,0.0,0.0
279357,Box Canyon,MT,45.27,-110.25,2033.0,20170630,38.3,72.14,53.96,,,,,0.0,0.0
279358,Box Canyon,MT,45.27,-110.25,2033.0,20170701,47.48,79.7,61.88,,,,,0.0,0.0
279359,Box Canyon,MT,45.27,-110.25,2033.0,20170702,47.3,77.18,61.88,,,,,0.0,0.0
279360,Box Canyon,MT,45.27,-110.25,2033.0,20170703,51.62,84.92,65.84,,,,,0.0,0.0
279361,Box Canyon,MT,45.27,-110.25,2033.0,20170704,50.36,83.3,66.38,,,,,0.0,0.0
279362,Box Canyon,MT,45.27,-110.25,2033.0,20170705,54.5,87.98,64.76,,,,,0.0,0.0
279363,Box Canyon,MT,45.27,-110.25,2033.0,20170706,55.04,86.0,66.74,,,,,0.0,0.0
279364,Box Canyon,MT,45.27,-110.25,2033.0,20170707,52.16,82.04,64.04,,,,,0.0,0.0
279365,Box Canyon,MT,45.27,-110.25,2033.0,20170708,54.68,85.46,64.94,,,,,0.0,0.0
279366,Box Canyon,MT,45.27,-110.25,2033.0,20170709,55.22,87.08,64.4,,,,,0.0,0.0
279367,Box Canyon,MT,45.27,-110.25,2033.0,20170710,50.0,83.48,61.7,,,,,0.0,0.0
279368,Box Canyon,MT,45.27,-110.25,2033.0,20170711,49.28,80.42,58.64,,,,,0.0,0.0
279369,Box Canyon,MT,45.27,-110.25,2033.0,20170712,48.74,73.22,59.54,,,,,0.0,0.0
279370,Box Canyon,MT,45.27,-110.25,2033.0,20170713,52.88,86.9,68.0,,,,,0.0,0.0
279371,Box Canyon,MT,45.27,-110.25,2033.0,20170714,56.12,83.48,66.92,,,,,0.0,0.0
279372,Box Canyon,MT,45.27,-110.25,2033.0,20170715,54.68,90.32,66.92,,,,,0.0,0.0
279373,Box Canyon,MT,45.27,-110.25,2033.0,20170716,50.36,80.6,59.54,,,,,0.0,0.0
279374,Box Canyon,MT,45.27,-110.25,2033.0,20170717,45.86,74.48,56.84,,,,,0.0,0.09842525
279375,Box Canyon,MT,45.27,-110.25,2033.0,20170718,47.84,80.78,61.34,,,,,0.0,0.0
279376,Box Canyon,MT,45.27,-110.25,2033.0,20170719,50.36,84.92,65.84,,,,,0.0,0.0
279377,Box Canyon,MT,45.27,-110.25,2033.0,20170720,53.6,81.5,67.28,,,,,0.0,0.0
279378,Box Canyon,MT,45.27,-110.25,2033.0,20170721,49.82,82.22,63.32,,,,,0.0,0.0
279379,Box Canyon,MT,45.27,-110.25,2033.0,20170722,48.92,83.84,63.86,,,,,0.0,0.0
279380,Box Canyon,MT,45.27,-110.25,2033.0,20170723,52.34,85.46,65.3,,,,,0.0,0.0
279381,Box Canyon,MT,45.27,-110.25,2033.0,20170724,53.78,86.72,66.2,,,,,0.0,0.0
279382,Box Canyon,MT,45.27,-110.25,2033.0,20170725,52.34,62.78,57.02,,,,,0.0,0.09842525
279383,Box Canyon,MT,45.27,-110.25,2033.0,20170726,51.26,80.6,59.9,,,,,0.0,0.09842525
279384,Box Canyon,MT,45.27,-110.25,2033.0,20170727,49.1,77.36,60.98,,,,,0.0,0.09842525
279385,Box Canyon,MT,45.27,-110.25,2033.0,20170728,50.9,80.24,61.16,,,,,0.0,0.09842525
279386,Box Canyon,MT,45.27,-110.25,2033.0,20170729,50.0,77.18,61.7,,,,,0.0,0.0
279387,Box Canyon,MT,45.27,-110.25,2033.0,20170730,53.24,83.12,63.68,,,,,0.0,0.0
279388,Box Canyon,MT,45.27,-110.25,2033.0,20170731,52.7,84.02,65.84,,,,,0.0,0.0
279389,Box Canyon,MT,45.27,-110.25,2033.0,20170801,52.16,84.92,66.74,,,,,0.0,0.0
279390,Box Canyon,MT,45.27,-110.25,2033.0,20170802,50.54,68.18,57.2,,,,,0.0,0.0
279391,Box Canyon,MT,45.27,-110.25,2033.0,20170803,47.48,73.04,58.64,,,,,0.0,0.0
279392,Box Canyon,MT,45.27,-110.25,2033.0,20170804,51.8,83.84,65.3,,,,,0.0,0.0
279393,Box Canyon,MT,45.27,-110.25,2033.0,20170805,45.14,71.6,55.76,,,,,0.0,0.0
279394,Box Canyon,MT,45.27,-110.25,2033.0,20170806,42.62,68.9,53.96,,,,,0.0,0.0
279395,Box Canyon,MT,45.27,-110.25,2033.0,20170807,43.7,77.0,58.46,,,,,0.0,0.09842525
279396,Box Canyon,MT,45.27,-110.25,2033.0,20170808,49.82,75.74,59.9,,,,,0.0,0.0
279397,Box Canyon,MT,45.27,-110.25,2033.0,20170809,44.96,70.7,54.32,,,,,0.0,0.0
279398,Box Canyon,MT,45.27,-110.25,2033.0,20170810,43.16,77.54,57.02,,,,,0.0,0.09842525
279399,Box Canyon,MT,45.27,-110.25,2033.0,20170811,46.58,76.64,60.8,,,,,0.0,0.0
279400,Box Canyon,MT,45.27,-110.25,2033.0,20170812,48.02,75.02,60.08,,,,,0.0,0.0
279401,Box Canyon,MT,45.27,-110.25,2033.0,20170813,49.64,75.74,55.58,,,,,0.0,0.29921276
279402,Box Canyon,MT,45.27,-110.25,2033.0,20170814,46.22,61.52,51.98,,,,,0.0,0.70078778
279403,Box Canyon,MT,45.27,-110.25,2033.0,20170815,44.78,68.72,54.5,,,,,0.0,0.0
279404,Box Canyon,MT,45.27,-110.25,2033.0,20170816,46.76,72.32,56.66,,,,,0.0,0.20078751
279405,Box Canyon,MT,45.27,-110.25,2033.0,20170817,48.2,75.38,59.18,,,,,0.0,0.0
279406,Box Canyon,MT,45.27,-110.25,2033.0,20170818,46.94,80.06,62.06,,,,,0.0,0.0
279407,Box Canyon,MT,45.27,-110.25,2033.0,20170819,48.74,78.44,61.34,,,,,0.0,0.0
279408,Box Canyon,MT,45.27,-110.25,2033.0,20170820,45.14,77.18,58.46,,,,,0.0,0.0
279409,Box Canyon,MT,45.27,-110.25,2033.0,20170821,45.32,74.48,56.84,,,,,0.0,0.0
279410,Box Canyon,MT,45.27,-110.25,2033.0,20170822,48.2,82.58,63.32,,,,,0.0,0.0
279411,Box Canyon,MT,45.27,-110.25,2033.0,20170823,52.16,81.14,64.22,,,,,0.0,0.0
279412,Box Canyon,MT,45.27,-110.25,2033.0,20170824,50.72,76.46,59.9,,,,,0.0,0.09842525
279413,Box Canyon,MT,45.27,-110.25,2033.0,20170825,47.12,75.92,57.56,,,,,0.0,0.0
279414,Box Canyon,MT,45.27,-110.25,2033.0,20170826,49.46,81.68,61.7,,,,,0.0,0.0
279415,Box Canyon,MT,45.27,-110.25,2033.0,20170827,50.36,85.64,64.76,,,,,0.0,0.0
279416,Box Canyon,MT,45.27,-110.25,2033.0,20170828,53.06,85.64,66.2,,,,,0.0,0.0
279417,Box Canyon,MT,45.27,-110.25,2033.0,20170829,54.32,81.14,65.66,,,,,0.0,0.0
279418,Box Canyon,MT,45.27,-110.25,2033.0,20170830,53.96,84.2,66.56,,,,,0.0,0.0
279419,Box Canyon,MT,45.27,-110.25,2033.0,20170831,55.04,79.7,64.04,,,,,0.0,0.0
279420,Box Canyon,MT,45.27,-110.25,2033.0,20170901,47.48,81.32,61.34,,,,,0.0,0.0
279421,Box Canyon,MT,45.27,-110.25,2033.0,20170902,53.06,88.34,66.56,,,,,0.0,0.0
279422,Box Canyon,MT,45.27,-110.25,2033.0,20170903,54.68,89.06,68.18,,,,,0.0,0.0
279423,Box Canyon,MT,45.27,-110.25,2033.0,20170904,42.62,62.42,53.24,,,,,0.0,0.0
279424,Box Canyon,MT,45.27,-110.25,2033.0,20170905,40.64,71.6,53.78,,,,,0.0,0.0
279425,Box Canyon,MT,45.27,-110.25,2033.0,20170906,43.52,78.98,59.36,,,,,0.0,0.0
279426,Box Canyon,MT,45.27,-110.25,2033.0,20170907,49.82,78.62,61.52,,,,,0.0,0.0
279427,Box Canyon,MT,45.27,-110.25,2033.0,20170908,50.54,82.76,60.8,,,,,0.0,0.0
279428,Box Canyon,MT,45.27,-110.25,2033.0,20170909,50.36,80.24,62.06,,,,,0.0,0.0
279429,Box Canyon,MT,45.27,-110.25,2033.0,20170910,51.98,78.44,63.32,,,,,0.0,0.0
279430,Box Canyon,MT,45.27,-110.25,2033.0,20170911,52.16,83.84,63.68,,,,,0.0,0.0
279431,Box Canyon,MT,45.27,-110.25,2033.0,20170912,53.42,84.74,65.12,,,,,0.0,0.0
279432,Box Canyon,MT,45.27,-110.25,2033.0,20170913,46.4,78.62,58.64,,,,,0.0,0.09842525
279433,Box Canyon,MT,45.27,-110.25,2033.0,20170914,37.04,49.28,44.24,,,,,0.0,0.40157502
279434,Box Canyon,MT,45.27,-110.25,2033.0,20170915,32.18,37.04,34.7,,,,,0.0,0.29921276
279435,Box Canyon,MT,45.27,-110.25,2033.0,20170916,32.0,37.04,34.16,,,,,0.0,0.20078751
279436,Box Canyon,MT,45.27,-110.25,2033.0,20170917,32.54,56.66,41.18,,,,,0.0,0.0
279437,Box Canyon,MT,45.27,-110.25,2033.0,20170918,38.84,60.98,48.02,,,,,0.0,0.29921276
279438,Box Canyon,MT,45.27,-110.25,2033.0,20170919,33.62,46.04,36.5,,,,,0.0,0.59842552
279439,Box Canyon,MT,45.27,-110.25,2033.0,20170920,33.98,45.14,38.66,,,,,0.0,0.20078751
279440,Box Canyon,MT,45.27,-110.25,2033.0,20170921,33.62,38.12,35.42,,,,,,
279441,Brackett Creek,MT,45.89,-110.94,2231.1,20170101,-4.9,25.7,10.94,,,,,27.9921411,0.09842525
279442,Brackett Creek,MT,45.89,-110.94,2231.1,20170102,-13.18,-0.4,-6.52,,,,,27.0078886,0.0
279443,Brackett Creek,MT,45.89,-110.94,2231.1,20170103,-13.54,12.56,1.22,,,,,25.984266,0.09842525
279444,Brackett Creek,MT,45.89,-110.94,2231.1,20170104,-9.4,5.72,-3.1,,,,,25.0000135,0.0
279445,Brackett Creek,MT,45.89,-110.94,2231.1,20170105,-10.66,10.94,2.48,,,,,25.984266,0.09842525
279446,Brackett Creek,MT,45.89,-110.94,2231.1,20170106,8.78,20.12,15.26,,,,,25.0000135,0.0
279447,Brackett Creek,MT,45.89,-110.94,2231.1,20170107,11.3,27.14,20.84,,,,,27.0078886,0.09842525
279448,Brackett Creek,MT,45.89,-110.94,2231.1,20170108,23.36,34.88,29.3,,,,,27.9921411,0.29921276
279449,Brackett Creek,MT,45.89,-110.94,2231.1,20170109,18.32,34.88,29.12,,,,,30.984268699999998,0.59842552
279450,Brackett Creek,MT,45.89,-110.94,2231.1,20170110,-5.98,23.0,16.16,,,,,34.0157664,0.20078751
279451,Brackett Creek,MT,45.89,-110.94,2231.1,20170111,-7.42,21.74,9.32,,,,,35.0000189,0.29921276
279452,Brackett Creek,MT,45.89,-110.94,2231.1,20170112,8.78,22.28,15.98,,,,,35.0000189,0.0
279453,Brackett Creek,MT,45.89,-110.94,2231.1,20170113,16.52,29.12,22.28,,,,,32.9921438,0.0
279454,Brackett Creek,MT,45.89,-110.94,2231.1,20170114,21.2,32.0,25.52,,,,,32.0078913,0.0
279455,Brackett Creek,MT,45.89,-110.94,2231.1,20170115,21.92,36.32,27.5,,,,,30.984268699999998,0.0
279456,Brackett Creek,MT,45.89,-110.94,2231.1,20170116,19.94,32.9,27.5,,,,,30.984268699999998,0.0
279457,Brackett Creek,MT,45.89,-110.94,2231.1,20170117,27.86,46.76,39.38,,,,,30.0000162,0.0
279458,Brackett Creek,MT,45.89,-110.94,2231.1,20170118,31.1,47.12,39.56,,,,,30.0000162,0.0
279459,Brackett Creek,MT,45.89,-110.94,2231.1,20170119,27.86,38.66,32.72,,,,,30.0000162,0.09842525
279460,Brackett Creek,MT,45.89,-110.94,2231.1,20170120,19.22,32.54,24.98,,,,,32.0078913,0.20078751
279461,Brackett Creek,MT,45.89,-110.94,2231.1,20170121,18.14,35.24,25.16,,,,,30.984268699999998,0.0
279462,Brackett Creek,MT,45.89,-110.94,2231.1,20170122,21.2,31.64,25.7,,,,,30.984268699999998,0.0
279463,Brackett Creek,MT,45.89,-110.94,2231.1,20170123,14.9,31.46,20.84,,,,,30.984268699999998,0.09842525
279464,Brackett Creek,MT,45.89,-110.94,2231.1,20170124,9.5,22.28,15.08,,,,,30.984268699999998,0.0
279465,Brackett Creek,MT,45.89,-110.94,2231.1,20170125,13.1,21.74,15.8,,,,,34.0157664,0.09842525
279466,Brackett Creek,MT,45.89,-110.94,2231.1,20170126,12.2,20.48,15.26,,,,,35.0000189,0.09842525
279467,Brackett Creek,MT,45.89,-110.94,2231.1,20170127,12.56,30.2,22.82,,,,,32.9921438,0.0
279468,Brackett Creek,MT,45.89,-110.94,2231.1,20170128,26.6,38.3,32.36,,,,,32.0078913,0.0
279469,Brackett Creek,MT,45.89,-110.94,2231.1,20170129,34.34,42.26,37.76,,,,,30.984268699999998,0.0
279470,Brackett Creek,MT,45.89,-110.94,2231.1,20170130,26.78,38.84,33.62,,,,,30.984268699999998,0.0
279471,Brackett Creek,MT,45.89,-110.94,2231.1,20170131,5.54,26.6,15.8,,,,,42.9921492,0.90157529
279472,Brackett Creek,MT,45.89,-110.94,2231.1,20170201,-7.24,10.4,1.4,,,,,40.9842741,0.09842525
279473,Brackett Creek,MT,45.89,-110.94,2231.1,20170202,-7.06,9.5,0.5,,,,,40.000021600000004,0.0
279474,Brackett Creek,MT,45.89,-110.94,2231.1,20170203,6.98,33.44,27.68,,,,,37.992146500000004,0.09842525
279475,Brackett Creek,MT,45.89,-110.94,2231.1,20170204,27.5,32.36,30.38,,,,,37.992146500000004,0.29921276
279476,Brackett Creek,MT,45.89,-110.94,2231.1,20170205,30.02,35.06,32.9,,,,,37.992146500000004,0.0
279477,Brackett Creek,MT,45.89,-110.94,2231.1,20170206,18.5,40.28,30.92,,,,,45.00002429999999,0.70078778
279478,Brackett Creek,MT,45.89,-110.94,2231.1,20170207,14.36,23.9,18.14,,,,,50.000027,0.29921276
279479,Brackett Creek,MT,45.89,-110.94,2231.1,20170208,18.14,33.98,25.52,,,,,47.992151899999996,0.29921276
279480,Brackett Creek,MT,45.89,-110.94,2231.1,20170209,33.62,41.72,38.66,,,,,44.015771799999996,0.0
279481,Brackett Creek,MT,45.89,-110.94,2231.1,20170210,26.6,37.76,32.0,,,,,45.00002429999999,0.59842552
279482,Brackett Creek,MT,45.89,-110.94,2231.1,20170211,19.4,27.32,22.46,,,,,44.015771799999996,0.09842525
279483,Brackett Creek,MT,45.89,-110.94,2231.1,20170212,18.32,36.5,29.12,,,,,42.9921492,0.0
279484,Brackett Creek,MT,45.89,-110.94,2231.1,20170213,29.12,43.52,33.98,,,,,42.0078967,0.0
279485,Brackett Creek,MT,45.89,-110.94,2231.1,20170214,28.58,49.46,38.84,,,,,42.0078967,0.0
279486,Brackett Creek,MT,45.89,-110.94,2231.1,20170215,39.2,53.24,44.96,,,,,40.9842741,0.0
279487,Brackett Creek,MT,45.89,-110.94,2231.1,20170216,31.64,49.46,39.92,,,,,40.000021600000004,0.0
279488,Brackett Creek,MT,45.89,-110.94,2231.1,20170217,29.66,41.9,33.8,,,,,40.000021600000004,0.0
279489,Brackett Creek,MT,45.89,-110.94,2231.1,20170218,30.2,47.12,36.32,,,,,40.000021600000004,0.09842525
279490,Brackett Creek,MT,45.89,-110.94,2231.1,20170219,26.78,39.74,32.54,,,,,44.015771799999996,0.40157502
279491,Brackett Creek,MT,45.89,-110.94,2231.1,20170220,26.42,37.76,32.72,,,,,42.9921492,0.0
279492,Brackett Creek,MT,45.89,-110.94,2231.1,20170221,26.78,40.82,33.8,,,,,42.9921492,0.09842525
279493,Brackett Creek,MT,45.89,-110.94,2231.1,20170222,18.86,31.28,24.62,,,,,49.0157745,0.40157502
279494,Brackett Creek,MT,45.89,-110.94,2231.1,20170223,12.74,24.44,17.78,,,,,52.9921546,0.29921276
279495,Brackett Creek,MT,45.89,-110.94,2231.1,20170224,11.12,24.62,15.8,,,,,52.0079021,0.20078751
279496,Brackett Creek,MT,45.89,-110.94,2231.1,20170225,11.12,15.62,13.1,,,,,55.0000297,0.40157502
279497,Brackett Creek,MT,45.89,-110.94,2231.1,20170226,12.56,19.94,15.8,,,,,65.9842876,0.70078778
279498,Brackett Creek,MT,45.89,-110.94,2231.1,20170227,12.2,29.66,18.5,,,,,62.007907499999995,0.09842525
279499,Brackett Creek,MT,45.89,-110.94,2231.1,20170228,12.56,20.12,15.62,,,,,60.98428489999999,0.09842525
279500,Brackett Creek,MT,45.89,-110.94,2231.1,20170301,12.92,27.14,21.02,,,,,57.992157299999995,0.09842525
279501,Brackett Creek,MT,45.89,-110.94,2231.1,20170302,21.92,33.8,27.86,,,,,55.9842822,0.0
279502,Brackett Creek,MT,45.89,-110.94,2231.1,20170303,28.94,42.62,34.88,,,,,54.0157772,0.0
279503,Brackett Creek,MT,45.89,-110.94,2231.1,20170304,31.82,39.02,34.34,,,,,52.9921546,0.09842525
279504,Brackett Creek,MT,45.89,-110.94,2231.1,20170305,20.48,41.36,31.1,,,,,52.9921546,0.0
279505,Brackett Creek,MT,45.89,-110.94,2231.1,20170306,13.64,21.38,17.6,,,,,52.9921546,0.0
279506,Brackett Creek,MT,45.89,-110.94,2231.1,20170307,12.56,28.04,20.3,,,,,52.0079021,0.0
279507,Brackett Creek,MT,45.89,-110.94,2231.1,20170308,27.86,35.42,31.64,,,,,52.9921546,0.29921276
279508,Brackett Creek,MT,45.89,-110.94,2231.1,20170309,16.16,35.42,24.44,,,,,59.0157799,0.90157529
279509,Brackett Creek,MT,45.89,-110.94,2231.1,20170310,32.72,42.62,36.5,,,,,57.0079048,0.40157502
279510,Brackett Creek,MT,45.89,-110.94,2231.1,20170311,30.2,46.4,37.04,,,,,55.9842822,0.0
279511,Brackett Creek,MT,45.89,-110.94,2231.1,20170312,28.4,37.76,32.54,,,,,55.9842822,0.09842525
279512,Brackett Creek,MT,45.89,-110.94,2231.1,20170313,30.74,46.94,39.02,,,,,54.0157772,0.0
279513,Brackett Creek,MT,45.89,-110.94,2231.1,20170314,34.7,46.76,40.64,,,,,55.0000297,0.59842552
279514,Brackett Creek,MT,45.89,-110.94,2231.1,20170315,42.44,56.84,47.48,,,,,52.0079021,0.0
279515,Brackett Creek,MT,45.89,-110.94,2231.1,20170316,30.38,43.16,35.78,,,,,52.9921546,0.29921276
279516,Brackett Creek,MT,45.89,-110.94,2231.1,20170317,28.04,49.28,39.74,,,,,52.0079021,0.0
279517,Brackett Creek,MT,45.89,-110.94,2231.1,20170318,42.26,57.02,48.38,,,,,50.000027,0.0
279518,Brackett Creek,MT,45.89,-110.94,2231.1,20170319,33.98,43.88,37.58,,,,,50.000027,0.70078778
279519,Brackett Creek,MT,45.89,-110.94,2231.1,20170320,26.24,35.6,30.56,,,,,52.0079021,0.29921276
279520,Brackett Creek,MT,45.89,-110.94,2231.1,20170321,23.9,53.42,33.8,,,,,50.000027,0.20078751
279521,Brackett Creek,MT,45.89,-110.94,2231.1,20170322,33.44,50.54,39.74,,,,,47.992151899999996,0.09842525
279522,Brackett Creek,MT,45.89,-110.94,2231.1,20170323,29.66,47.3,36.14,,,,,47.992151899999996,0.0
279523,Brackett Creek,MT,45.89,-110.94,2231.1,20170324,29.66,54.86,40.82,,,,,47.0078994,0.09842525
279524,Brackett Creek,MT,45.89,-110.94,2231.1,20170325,28.94,41.54,33.98,,,,,50.000027,0.70078778
279525,Brackett Creek,MT,45.89,-110.94,2231.1,20170326,26.06,45.68,35.24,,,,,49.0157745,0.0
279526,Brackett Creek,MT,45.89,-110.94,2231.1,20170327,29.84,46.94,35.24,,,,,49.0157745,0.20078751
279527,Brackett Creek,MT,45.89,-110.94,2231.1,20170328,25.52,41.54,33.62,,,,,47.992151899999996,0.0
279528,Brackett Creek,MT,45.89,-110.94,2231.1,20170329,31.28,44.6,36.32,,,,,50.000027,0.70078778
279529,Brackett Creek,MT,45.89,-110.94,2231.1,20170330,33.62,45.32,36.14,,,,,49.0157745,0.50000027
279530,Brackett Creek,MT,45.89,-110.94,2231.1,20170331,30.2,42.44,34.52,,,,,50.000027,0.09842525
279531,Brackett Creek,MT,45.89,-110.94,2231.1,20170401,28.94,47.3,39.38,,,,,50.000027,0.0
279532,Brackett Creek,MT,45.89,-110.94,2231.1,20170402,21.92,46.4,33.44,,,,,50.000027,0.0
279533,Brackett Creek,MT,45.89,-110.94,2231.1,20170403,17.24,38.84,25.34,,,,,50.000027,0.09842525
279534,Brackett Creek,MT,45.89,-110.94,2231.1,20170404,20.84,44.24,29.12,,,,,50.000027,0.09842525
279535,Brackett Creek,MT,45.89,-110.94,2231.1,20170405,27.68,47.12,37.22,,,,,49.0157745,0.09842525
279536,Brackett Creek,MT,45.89,-110.94,2231.1,20170406,37.76,59.18,44.6,,,,,47.992151899999996,0.0
279537,Brackett Creek,MT,45.89,-110.94,2231.1,20170407,32.36,48.02,41.0,,,,,50.000027,0.59842552
279538,Brackett Creek,MT,45.89,-110.94,2231.1,20170408,28.58,54.68,35.96,,,,,52.0079021,0.50000027
279539,Brackett Creek,MT,45.89,-110.94,2231.1,20170409,21.2,33.62,26.42,,,,,52.9921546,0.40157502
279540,Brackett Creek,MT,45.89,-110.94,2231.1,20170410,21.02,41.18,29.12,,,,,54.0157772,0.20078751
279541,Brackett Creek,MT,45.89,-110.94,2231.1,20170411,21.02,45.14,33.26,,,,,57.0079048,0.29921276
279542,Brackett Creek,MT,45.89,-110.94,2231.1,20170412,29.48,48.92,37.94,,,,,52.9921546,0.29921276
279543,Brackett Creek,MT,45.89,-110.94,2231.1,20170413,30.56,63.5,44.6,,,,,52.0079021,0.0
279544,Brackett Creek,MT,45.89,-110.94,2231.1,20170414,24.8,42.08,31.64,,,,,60.0000324,0.79921303
279545,Brackett Creek,MT,45.89,-110.94,2231.1,20170415,21.92,35.6,28.04,,,,,59.0157799,0.29921276
279546,Brackett Creek,MT,45.89,-110.94,2231.1,20170416,24.62,47.3,34.7,,,,,55.0000297,0.09842525
279547,Brackett Creek,MT,45.89,-110.94,2231.1,20170417,29.66,38.66,33.8,,,,,57.0079048,0.40157502
279548,Brackett Creek,MT,45.89,-110.94,2231.1,20170418,32.54,54.32,39.56,,,,,55.9842822,0.09842525
279549,Brackett Creek,MT,45.89,-110.94,2231.1,20170419,29.66,46.58,37.04,,,,,54.0157772,0.20078751
279550,Brackett Creek,MT,45.89,-110.94,2231.1,20170420,30.92,53.42,39.02,,,,,54.0157772,0.09842525
279551,Brackett Creek,MT,45.89,-110.94,2231.1,20170421,25.52,38.66,32.0,,,,,55.0000297,0.09842525
279552,Brackett Creek,MT,45.89,-110.94,2231.1,20170422,24.8,55.22,39.92,,,,,52.9921546,0.0
279553,Brackett Creek,MT,45.89,-110.94,2231.1,20170423,33.8,53.6,39.74,,,,,54.0157772,0.40157502
279554,Brackett Creek,MT,45.89,-110.94,2231.1,20170424,32.72,49.1,37.22,,,,,52.9921546,0.20078751
279555,Brackett Creek,MT,45.89,-110.94,2231.1,20170425,31.1,43.88,33.98,,,,,54.0157772,0.50000027
279556,Brackett Creek,MT,45.89,-110.94,2231.1,20170426,30.56,44.96,33.8,,,,,60.0000324,0.59842552
279557,Brackett Creek,MT,45.89,-110.94,2231.1,20170427,25.7,39.92,31.46,,,,,60.0000324,0.29921276
279558,Brackett Creek,MT,45.89,-110.94,2231.1,20170428,26.24,39.74,31.28,,,,,59.0157799,0.09842525
279559,Brackett Creek,MT,45.89,-110.94,2231.1,20170429,25.88,54.5,35.42,,,,,57.0079048,0.0
279560,Brackett Creek,MT,45.89,-110.94,2231.1,20170430,31.28,41.18,35.96,,,,,57.992157299999995,0.09842525
279561,Brackett Creek,MT,45.89,-110.94,2231.1,20170501,29.84,46.58,36.32,,,,,57.0079048,0.09842525
279562,Brackett Creek,MT,45.89,-110.94,2231.1,20170502,28.04,44.24,34.52,,,,,57.0079048,0.20078751
279563,Brackett Creek,MT,45.89,-110.94,2231.1,20170503,26.78,53.96,43.34,,,,,55.0000297,0.09842525
279564,Brackett Creek,MT,45.89,-110.94,2231.1,20170504,42.8,68.36,54.86,,,,,50.9842795,0.0
279565,Brackett Creek,MT,45.89,-110.94,2231.1,20170505,48.2,72.86,58.82,,,,,47.992151899999996,0.0
279566,Brackett Creek,MT,45.89,-110.94,2231.1,20170506,46.4,71.42,56.84,,,,,45.984276799999996,0.0
279567,Brackett Creek,MT,45.89,-110.94,2231.1,20170507,32.54,59.9,44.78,,,,,44.015771799999996,0.20078751
279568,Brackett Creek,MT,45.89,-110.94,2231.1,20170508,31.28,54.14,40.64,,,,,42.0078967,0.09842525
279569,Brackett Creek,MT,45.89,-110.94,2231.1,20170509,34.7,57.02,44.96,,,,,40.9842741,0.0
279570,Brackett Creek,MT,45.89,-110.94,2231.1,20170510,38.66,65.3,50.72,,,,,37.992146500000004,0.0
279571,Brackett Creek,MT,45.89,-110.94,2231.1,20170511,47.48,69.98,56.66,,,,,35.0000189,0.0
279572,Brackett Creek,MT,45.89,-110.94,2231.1,20170512,34.7,72.68,53.78,,,,,32.0078913,0.0
279573,Brackett Creek,MT,45.89,-110.94,2231.1,20170513,27.68,43.34,34.16,,,,,32.9921438,0.20078751
279574,Brackett Creek,MT,45.89,-110.94,2231.1,20170514,26.06,45.14,36.32,,,,,30.984268699999998,0.09842525
279575,Brackett Creek,MT,45.89,-110.94,2231.1,20170515,32.0,46.94,37.22,,,,,30.0000162,0.0
279576,Brackett Creek,MT,45.89,-110.94,2231.1,20170516,33.08,53.96,40.28,,,,,29.015763699999997,0.09842525
279577,Brackett Creek,MT,45.89,-110.94,2231.1,20170517,31.28,38.3,34.52,,,,,37.992146500000004,1.2992133
279578,Brackett Creek,MT,45.89,-110.94,2231.1,20170518,28.04,40.64,33.08,,,,,35.0000189,0.09842525
279579,Brackett Creek,MT,45.89,-110.94,2231.1,20170519,24.98,56.84,39.56,,,,,32.0078913,0.09842525
279580,Brackett Creek,MT,45.89,-110.94,2231.1,20170520,35.6,58.46,41.9,,,,,30.0000162,0.09842525
279581,Brackett Creek,MT,45.89,-110.94,2231.1,20170521,35.24,59.36,45.5,,,,,29.015763699999997,0.0
279582,Brackett Creek,MT,45.89,-110.94,2231.1,20170522,42.62,57.92,48.02,,,,,25.984266,0.0
279583,Brackett Creek,MT,45.89,-110.94,2231.1,20170523,42.8,65.66,55.04,,,,,22.992138399999998,0.0
279584,Brackett Creek,MT,45.89,-110.94,2231.1,20170524,33.44,63.5,49.1,,,,,20.000010800000002,0.0
279585,Brackett Creek,MT,45.89,-110.94,2231.1,20170525,30.56,47.12,36.68,,,,,19.0157583,0.09842525
279586,Brackett Creek,MT,45.89,-110.94,2231.1,20170526,32.54,53.06,41.72,,,,,17.9921357,0.0
279587,Brackett Creek,MT,45.89,-110.94,2231.1,20170527,38.66,59.54,49.28,,,,,15.9842606,0.0
279588,Brackett Creek,MT,45.89,-110.94,2231.1,20170528,41.72,66.38,50.54,,,,,12.992133,0.0
279589,Brackett Creek,MT,45.89,-110.94,2231.1,20170529,43.16,63.14,51.8,,,,,10.000005400000001,0.0
279590,Brackett Creek,MT,45.89,-110.94,2231.1,20170530,44.96,68.72,54.5,,,,,7.007877799999999,0.0
279591,Brackett Creek,MT,45.89,-110.94,2231.1,20170531,46.04,74.3,58.64,,,,,2.9921276000000003,0.09842525
279592,Brackett Creek,MT,45.89,-110.94,2231.1,20170601,46.58,70.88,57.56,,,,,0.0,0.0
279593,Brackett Creek,MT,45.89,-110.94,2231.1,20170602,43.16,60.26,50.72,,,,,0.0,0.20078751
279594,Brackett Creek,MT,45.89,-110.94,2231.1,20170603,44.96,70.88,57.92,,,,,0.0,0.0
279595,Brackett Creek,MT,45.89,-110.94,2231.1,20170604,48.2,76.28,61.52,,,,,0.0,0.20078751
279596,Brackett Creek,MT,45.89,-110.94,2231.1,20170605,42.98,59.9,49.28,,,,,0.0,0.0
279597,Brackett Creek,MT,45.89,-110.94,2231.1,20170606,41.72,62.6,51.44,,,,,0.0,0.0
279598,Brackett Creek,MT,45.89,-110.94,2231.1,20170607,44.96,71.06,57.92,,,,,0.0,0.09842525
279599,Brackett Creek,MT,45.89,-110.94,2231.1,20170608,51.44,78.62,64.04,,,,,0.0,0.0
279600,Brackett Creek,MT,45.89,-110.94,2231.1,20170609,35.96,54.32,45.86,,,,,0.9842525,0.50000027
279601,Brackett Creek,MT,45.89,-110.94,2231.1,20170610,33.62,42.08,37.22,,,,,0.0,1.00000054
279602,Brackett Creek,MT,45.89,-110.94,2231.1,20170611,32.0,52.7,43.52,,,,,0.0,0.20078751
279603,Brackett Creek,MT,45.89,-110.94,2231.1,20170612,35.06,57.2,46.58,,,,,0.9842525,0.50000027
279604,Brackett Creek,MT,45.89,-110.94,2231.1,20170613,33.44,47.3,38.12,,,,,0.0,1.79921357
279605,Brackett Creek,MT,45.89,-110.94,2231.1,20170614,37.94,53.6,45.14,,,,,0.0,0.29921276
279606,Brackett Creek,MT,45.89,-110.94,2231.1,20170615,39.74,56.3,48.74,,,,,0.0,0.0
279607,Brackett Creek,MT,45.89,-110.94,2231.1,20170616,41.9,55.04,47.66,,,,,0.0,0.20078751
279608,Brackett Creek,MT,45.89,-110.94,2231.1,20170617,39.02,53.96,46.04,,,,,0.0,0.09842525
279609,Brackett Creek,MT,45.89,-110.94,2231.1,20170618,42.8,54.5,48.92,,,,,0.0,0.0
279610,Brackett Creek,MT,45.89,-110.94,2231.1,20170619,46.04,68.18,56.84,,,,,0.0,0.09842525
279611,Brackett Creek,MT,45.89,-110.94,2231.1,20170620,53.6,75.38,64.22,,,,,0.0,0.0
279612,Brackett Creek,MT,45.89,-110.94,2231.1,20170621,46.94,67.46,58.1,,,,,0.0,0.0
279613,Brackett Creek,MT,45.89,-110.94,2231.1,20170622,37.4,58.28,47.48,,,,,0.0,0.0
279614,Brackett Creek,MT,45.89,-110.94,2231.1,20170623,37.04,57.56,46.58,,,,,0.0,0.0
279615,Brackett Creek,MT,45.89,-110.94,2231.1,20170624,39.56,61.52,50.36,,,,,0.0,0.0
279616,Brackett Creek,MT,45.89,-110.94,2231.1,20170625,42.08,69.8,56.12,,,,,0.0,0.0
279617,Brackett Creek,MT,45.89,-110.94,2231.1,20170626,50.9,77.54,66.2,,,,,0.0,0.0
279618,Brackett Creek,MT,45.89,-110.94,2231.1,20170627,48.92,61.34,53.42,,,,,0.0,0.0
279619,Brackett Creek,MT,45.89,-110.94,2231.1,20170628,41.72,62.78,51.44,,,,,0.0,0.0
279620,Brackett Creek,MT,45.89,-110.94,2231.1,20170629,38.48,53.24,45.14,,,,,0.0,0.40157502
279621,Brackett Creek,MT,45.89,-110.94,2231.1,20170630,42.62,64.76,53.96,,,,,0.0,0.0
279622,Brackett Creek,MT,45.89,-110.94,2231.1,20170701,52.16,73.22,62.6,,,,,0.0,0.0
279623,Brackett Creek,MT,45.89,-110.94,2231.1,20170702,51.08,75.2,62.96,,,,,0.0,0.0
279624,Brackett Creek,MT,45.89,-110.94,2231.1,20170703,57.2,75.74,66.2,,,,,0.0,0.0
279625,Brackett Creek,MT,45.89,-110.94,2231.1,20170704,55.76,75.38,65.66,,,,,0.0,0.0
279626,Brackett Creek,MT,45.89,-110.94,2231.1,20170705,57.92,82.22,67.64,,,,,0.0,0.0
279627,Brackett Creek,MT,45.89,-110.94,2231.1,20170706,57.92,80.78,67.64,,,,,0.0,0.0
279628,Brackett Creek,MT,45.89,-110.94,2231.1,20170707,60.08,77.9,67.28,,,,,0.0,0.0
279629,Brackett Creek,MT,45.89,-110.94,2231.1,20170708,57.74,81.32,69.98,,,,,0.0,0.0
279630,Brackett Creek,MT,45.89,-110.94,2231.1,20170709,60.08,80.78,68.72,,,,,0.0,0.0
279631,Brackett Creek,MT,45.89,-110.94,2231.1,20170710,51.44,78.44,61.88,,,,,0.0,0.0
279632,Brackett Creek,MT,45.89,-110.94,2231.1,20170711,51.08,67.82,57.92,,,,,0.0,0.0
279633,Brackett Creek,MT,45.89,-110.94,2231.1,20170712,47.3,73.22,59.54,,,,,0.0,0.0
279634,Brackett Creek,MT,45.89,-110.94,2231.1,20170713,53.96,79.16,68.36,,,,,0.0,0.0
279635,Brackett Creek,MT,45.89,-110.94,2231.1,20170714,60.98,79.88,69.26,,,,,0.0,0.0
279636,Brackett Creek,MT,45.89,-110.94,2231.1,20170715,55.94,80.42,66.74,,,,,0.0,0.0
279637,Brackett Creek,MT,45.89,-110.94,2231.1,20170716,56.48,78.08,66.92,,,,,0.0,0.0
279638,Brackett Creek,MT,45.89,-110.94,2231.1,20170717,52.16,71.24,59.9,,,,,0.0,0.0
279639,Brackett Creek,MT,45.89,-110.94,2231.1,20170718,52.34,74.84,63.5,,,,,0.0,0.0
279640,Brackett Creek,MT,45.89,-110.94,2231.1,20170719,51.62,78.08,65.48,,,,,0.0,0.0
279641,Brackett Creek,MT,45.89,-110.94,2231.1,20170720,57.74,80.6,67.82,,,,,0.0,0.0
279642,Brackett Creek,MT,45.89,-110.94,2231.1,20170721,51.08,71.42,61.52,,,,,0.0,0.0
279643,Brackett Creek,MT,45.89,-110.94,2231.1,20170722,54.5,73.76,63.68,,,,,0.0,0.0
279644,Brackett Creek,MT,45.89,-110.94,2231.1,20170723,57.74,81.32,68.18,,,,,0.0,0.0
279645,Brackett Creek,MT,45.89,-110.94,2231.1,20170724,59.18,79.88,67.46,,,,,0.0,0.0
279646,Brackett Creek,MT,45.89,-110.94,2231.1,20170725,53.6,64.76,57.38,,,,,0.0,0.0
279647,Brackett Creek,MT,45.89,-110.94,2231.1,20170726,55.76,75.38,62.42,,,,,0.0,0.0
279648,Brackett Creek,MT,45.89,-110.94,2231.1,20170727,55.58,77.54,63.32,,,,,0.0,0.0
279649,Brackett Creek,MT,45.89,-110.94,2231.1,20170728,55.4,77.54,65.3,,,,,0.0,0.0
279650,Brackett Creek,MT,45.89,-110.94,2231.1,20170729,56.3,77.18,66.38,,,,,0.0,0.0
279651,Brackett Creek,MT,45.89,-110.94,2231.1,20170730,60.44,84.2,70.34,,,,,0.0,0.0
279652,Brackett Creek,MT,45.89,-110.94,2231.1,20170731,59.36,81.32,68.36,,,,,0.0,0.0
279653,Brackett Creek,MT,45.89,-110.94,2231.1,20170801,55.76,79.52,66.38,,,,,0.0,0.0
279654,Brackett Creek,MT,45.89,-110.94,2231.1,20170802,46.94,65.12,54.32,,,,,0.0,0.0
279655,Brackett Creek,MT,45.89,-110.94,2231.1,20170803,42.98,68.9,55.04,,,,,0.0,0.0
279656,Brackett Creek,MT,45.89,-110.94,2231.1,20170804,49.82,75.74,63.86,,,,,0.0,0.0
279657,Brackett Creek,MT,45.89,-110.94,2231.1,20170805,44.96,62.96,52.52,,,,,0.0,0.0
279658,Brackett Creek,MT,45.89,-110.94,2231.1,20170806,44.06,64.22,51.98,,,,,0.0,0.0
279659,Brackett Creek,MT,45.89,-110.94,2231.1,20170807,44.42,71.96,57.56,,,,,0.0,0.09842525
279660,Brackett Creek,MT,45.89,-110.94,2231.1,20170808,50.0,70.16,58.28,,,,,0.0,0.0
279661,Brackett Creek,MT,45.89,-110.94,2231.1,20170809,46.58,65.66,53.78,,,,,0.0,0.0
279662,Brackett Creek,MT,45.89,-110.94,2231.1,20170810,47.48,69.26,58.46,,,,,0.0,0.09842525
279663,Brackett Creek,MT,45.89,-110.94,2231.1,20170811,49.82,74.66,60.44,,,,,0.0,0.0
279664,Brackett Creek,MT,45.89,-110.94,2231.1,20170812,50.36,73.58,60.8,,,,,0.0,0.0
279665,Brackett Creek,MT,45.89,-110.94,2231.1,20170813,48.2,73.94,57.92,,,,,0.0,0.0
279666,Brackett Creek,MT,45.89,-110.94,2231.1,20170814,46.58,62.06,52.7,,,,,0.0,0.0
279667,Brackett Creek,MT,45.89,-110.94,2231.1,20170815,45.5,68.36,56.3,,,,,0.0,0.0
279668,Brackett Creek,MT,45.89,-110.94,2231.1,20170816,51.08,70.34,60.44,,,,,0.0,0.0
279669,Brackett Creek,MT,45.89,-110.94,2231.1,20170817,53.42,68.0,59.36,,,,,0.0,0.0
279670,Brackett Creek,MT,45.89,-110.94,2231.1,20170818,51.08,72.86,61.88,,,,,0.0,0.0
279671,Brackett Creek,MT,45.89,-110.94,2231.1,20170819,50.72,71.78,61.34,,,,,0.0,0.0
279672,Brackett Creek,MT,45.89,-110.94,2231.1,20170820,46.58,66.92,56.48,,,,,0.0,0.0
279673,Brackett Creek,MT,45.89,-110.94,2231.1,20170821,49.1,69.8,57.74,,,,,0.0,0.0
279674,Brackett Creek,MT,45.89,-110.94,2231.1,20170822,51.08,77.36,64.22,,,,,0.0,0.0
279675,Brackett Creek,MT,45.89,-110.94,2231.1,20170823,58.28,78.8,67.28,,,,,0.0,0.0
279676,Brackett Creek,MT,45.89,-110.94,2231.1,20170824,48.38,75.2,60.8,,,,,0.0,0.0
279677,Brackett Creek,MT,45.89,-110.94,2231.1,20170825,48.92,72.86,60.98,,,,,0.0,0.0
279678,Brackett Creek,MT,45.89,-110.94,2231.1,20170826,53.78,72.14,61.88,,,,,0.0,0.0
279679,Brackett Creek,MT,45.89,-110.94,2231.1,20170827,53.24,77.9,66.02,,,,,0.0,0.0
279680,Brackett Creek,MT,45.89,-110.94,2231.1,20170828,59.72,80.42,68.18,,,,,0.0,0.0
279681,Brackett Creek,MT,45.89,-110.94,2231.1,20170829,59.9,80.24,67.82,,,,,0.0,0.0
279682,Brackett Creek,MT,45.89,-110.94,2231.1,20170830,59.36,81.14,67.64,,,,,0.0,0.0
279683,Brackett Creek,MT,45.89,-110.94,2231.1,20170831,53.6,76.82,65.12,,,,,0.0,0.0
279684,Brackett Creek,MT,45.89,-110.94,2231.1,20170901,50.9,69.98,61.34,,,,,0.0,0.0
279685,Brackett Creek,MT,45.89,-110.94,2231.1,20170902,58.28,77.9,68.0,,,,,0.0,0.0
279686,Brackett Creek,MT,45.89,-110.94,2231.1,20170903,60.8,82.58,71.24,,,,,0.0,0.0
279687,Brackett Creek,MT,45.89,-110.94,2231.1,20170904,43.34,62.96,51.08,,,,,0.0,0.0
279688,Brackett Creek,MT,45.89,-110.94,2231.1,20170905,41.18,67.28,53.6,,,,,0.0,0.0
279689,Brackett Creek,MT,45.89,-110.94,2231.1,20170906,50.54,73.76,62.24,,,,,0.0,0.0
279690,Brackett Creek,MT,45.89,-110.94,2231.1,20170907,53.6,74.84,63.14,,,,,0.0,0.0
279691,Brackett Creek,MT,45.89,-110.94,2231.1,20170908,55.76,78.44,65.84,,,,,0.0,0.0
279692,Brackett Creek,MT,45.89,-110.94,2231.1,20170909,57.2,77.0,64.76,,,,,0.0,0.0
279693,Brackett Creek,MT,45.89,-110.94,2231.1,20170910,53.78,71.6,61.88,,,,,0.0,0.0
279694,Brackett Creek,MT,45.89,-110.94,2231.1,20170911,52.16,74.3,62.6,,,,,0.0,0.0
279695,Brackett Creek,MT,45.89,-110.94,2231.1,20170912,58.46,79.88,66.38,,,,,0.0,0.0
279696,Brackett Creek,MT,45.89,-110.94,2231.1,20170913,45.5,71.96,56.48,,,,,0.0,0.20078751
279697,Brackett Creek,MT,45.89,-110.94,2231.1,20170914,33.98,46.58,40.1,,,,,0.0,0.90157529
279698,Brackett Creek,MT,45.89,-110.94,2231.1,20170915,30.2,34.34,32.72,,,,,7.9921303,1.50000081
279699,Brackett Creek,MT,45.89,-110.94,2231.1,20170916,29.3,42.62,32.54,,,,,5.0000027000000005,0.70078778
279700,Brackett Creek,MT,45.89,-110.94,2231.1,20170917,31.82,49.46,39.38,,,,,2.0078751,0.0
279701,Brackett Creek,MT,45.89,-110.94,2231.1,20170918,34.88,50.36,41.9,,,,,0.9842525,1.00000054
279702,Brackett Creek,MT,45.89,-110.94,2231.1,20170919,31.28,37.4,33.44,,,,,2.9921276000000003,0.79921303
279703,Brackett Creek,MT,45.89,-110.94,2231.1,20170920,30.74,38.84,33.98,,,,,4.0157502,0.90157529
279704,Brackett Creek,MT,45.89,-110.94,2231.1,20170921,30.56,37.94,33.44,,,,,5.984255200000001,0.40157502
279705,East Boulder Mine,MT,45.5,-110.08,1930.9,20170101,1.94,26.42,15.08,,,,,17.0078832,0.0
279706,East Boulder Mine,MT,45.5,-110.08,1930.9,20170102,-18.22,2.3,-6.34,,,,,17.0078832,0.0
279707,East Boulder Mine,MT,45.5,-110.08,1930.9,20170103,-20.02,5.9,-6.7,,,,,17.0078832,0.0
279708,East Boulder Mine,MT,45.5,-110.08,1930.9,20170104,-13.36,6.8,-1.66,,,,,15.0000081,0.0
279709,East Boulder Mine,MT,45.5,-110.08,1930.9,20170105,-18.22,15.08,-6.52,,,,,15.9842606,0.09842525
279710,East Boulder Mine,MT,45.5,-110.08,1930.9,20170106,-3.64,26.96,14.9,,,,,15.9842606,0.09842525
279711,East Boulder Mine,MT,45.5,-110.08,1930.9,20170107,9.14,32.9,24.44,,,,,15.9842606,0.09842525
279712,East Boulder Mine,MT,45.5,-110.08,1930.9,20170108,29.66,41.54,35.96,,,,,15.0000081,0.09842525
279713,East Boulder Mine,MT,45.5,-110.08,1930.9,20170109,23.36,44.6,35.96,,,,,17.0078832,0.20078751
279714,East Boulder Mine,MT,45.5,-110.08,1930.9,20170110,-2.56,32.54,21.2,,,,,17.0078832,0.0
279715,East Boulder Mine,MT,45.5,-110.08,1930.9,20170111,-3.82,17.78,4.82,,,,,19.0157583,0.20078751
279716,East Boulder Mine,MT,45.5,-110.08,1930.9,20170112,10.04,23.36,16.88,,,,,19.0157583,0.09842525
279717,East Boulder Mine,MT,45.5,-110.08,1930.9,20170113,11.12,32.36,18.32,,,,,19.0157583,0.0
279718,East Boulder Mine,MT,45.5,-110.08,1930.9,20170114,10.94,39.02,23.0,,,,,17.9921357,0.0
279719,East Boulder Mine,MT,45.5,-110.08,1930.9,20170115,11.84,38.12,19.94,,,,,17.9921357,0.0
279720,East Boulder Mine,MT,45.5,-110.08,1930.9,20170116,7.34,34.52,18.32,,,,,17.9921357,0.09842525
279721,East Boulder Mine,MT,45.5,-110.08,1930.9,20170117,19.22,48.74,32.36,,,,,17.0078832,0.09842525
279722,East Boulder Mine,MT,45.5,-110.08,1930.9,20170118,40.64,51.26,45.14,,,,,17.0078832,0.0
279723,East Boulder Mine,MT,45.5,-110.08,1930.9,20170119,34.52,43.34,38.48,,,,,15.9842606,0.0
279724,East Boulder Mine,MT,45.5,-110.08,1930.9,20170120,19.76,37.94,30.2,,,,,17.0078832,0.0
279725,East Boulder Mine,MT,45.5,-110.08,1930.9,20170121,19.4,37.58,28.22,,,,,17.0078832,0.0
279726,East Boulder Mine,MT,45.5,-110.08,1930.9,20170122,22.1,36.86,30.74,,,,,15.9842606,0.0
279727,East Boulder Mine,MT,45.5,-110.08,1930.9,20170123,15.44,32.18,22.82,,,,,15.9842606,0.0
279728,East Boulder Mine,MT,45.5,-110.08,1930.9,20170124,17.06,25.16,19.4,,,,,17.0078832,0.0
279729,East Boulder Mine,MT,45.5,-110.08,1930.9,20170125,14.0,24.62,18.5,,,,,17.0078832,0.0
279730,East Boulder Mine,MT,45.5,-110.08,1930.9,20170126,8.06,25.52,17.6,,,,,17.0078832,0.0
279731,East Boulder Mine,MT,45.5,-110.08,1930.9,20170127,5.54,36.68,19.4,,,,,17.0078832,0.0
279732,East Boulder Mine,MT,45.5,-110.08,1930.9,20170128,24.08,44.06,36.68,,,,,15.9842606,0.0
279733,East Boulder Mine,MT,45.5,-110.08,1930.9,20170129,32.9,50.9,42.26,,,,,15.9842606,0.0
279734,East Boulder Mine,MT,45.5,-110.08,1930.9,20170130,32.9,45.86,40.46,,,,,15.9842606,0.0
279735,East Boulder Mine,MT,45.5,-110.08,1930.9,20170131,9.86,33.44,19.04,,,,,25.984266,0.59842552
279736,East Boulder Mine,MT,45.5,-110.08,1930.9,20170201,-11.74,12.74,3.56,,,,,25.0000135,0.0
279737,East Boulder Mine,MT,45.5,-110.08,1930.9,20170202,-11.2,6.62,-1.3,,,,,24.015760999999998,0.0
279738,East Boulder Mine,MT,45.5,-110.08,1930.9,20170203,-3.64,41.36,29.3,,,,,22.992138399999998,0.40157502
279739,East Boulder Mine,MT,45.5,-110.08,1930.9,20170204,33.08,45.14,37.22,,,,,22.007885899999998,0.0
279740,East Boulder Mine,MT,45.5,-110.08,1930.9,20170205,32.54,45.14,38.48,,,,,20.9842633,0.0
279741,East Boulder Mine,MT,45.5,-110.08,1930.9,20170206,19.58,44.24,35.06,,,,,22.992138399999998,0.09842525
279742,East Boulder Mine,MT,45.5,-110.08,1930.9,20170207,4.82,27.86,15.98,,,,,25.0000135,0.20078751
279743,East Boulder Mine,MT,45.5,-110.08,1930.9,20170208,7.88,40.46,28.22,,,,,25.984266,0.29921276
279744,East Boulder Mine,MT,45.5,-110.08,1930.9,20170209,38.12,48.74,43.16,,,,,20.000010800000002,0.20078751
279745,East Boulder Mine,MT,45.5,-110.08,1930.9,20170210,27.5,39.56,34.52,,,,,20.9842633,0.29921276
279746,East Boulder Mine,MT,45.5,-110.08,1930.9,20170211,19.4,33.8,26.78,,,,,20.9842633,0.0
279747,East Boulder Mine,MT,45.5,-110.08,1930.9,20170212,15.62,44.42,30.38,,,,,20.9842633,0.0
279748,East Boulder Mine,MT,45.5,-110.08,1930.9,20170213,23.9,43.7,31.28,,,,,20.000010800000002,0.0
279749,East Boulder Mine,MT,45.5,-110.08,1930.9,20170214,21.92,48.92,33.8,,,,,20.000010800000002,0.0
279750,East Boulder Mine,MT,45.5,-110.08,1930.9,20170215,40.1,59.18,48.92,,,,,20.000010800000002,0.0
279751,East Boulder Mine,MT,45.5,-110.08,1930.9,20170216,37.94,52.52,45.86,,,,,19.0157583,0.0
279752,East Boulder Mine,MT,45.5,-110.08,1930.9,20170217,30.92,48.02,37.4,,,,,19.0157583,0.0
279753,East Boulder Mine,MT,45.5,-110.08,1930.9,20170218,32.0,50.72,40.82,,,,,17.9921357,0.0
279754,East Boulder Mine,MT,45.5,-110.08,1930.9,20170219,33.98,47.66,41.18,,,,,17.9921357,0.0
279755,East Boulder Mine,MT,45.5,-110.08,1930.9,20170220,33.44,46.4,40.46,,,,,17.9921357,0.0
279756,East Boulder Mine,MT,45.5,-110.08,1930.9,20170221,31.1,47.66,39.74,,,,,17.9921357,0.0
279757,East Boulder Mine,MT,45.5,-110.08,1930.9,20170222,25.34,35.78,30.02,,,,,19.0157583,0.09842525
279758,East Boulder Mine,MT,45.5,-110.08,1930.9,20170223,17.96,28.04,22.64,,,,,19.0157583,0.0
279759,East Boulder Mine,MT,45.5,-110.08,1930.9,20170224,14.0,24.8,19.4,,,,,20.000010800000002,0.0
279760,East Boulder Mine,MT,45.5,-110.08,1930.9,20170225,13.82,26.06,19.58,,,,,19.0157583,0.0
279761,East Boulder Mine,MT,45.5,-110.08,1930.9,20170226,12.92,31.1,22.46,,,,,19.0157583,0.0
279762,East Boulder Mine,MT,45.5,-110.08,1930.9,20170227,10.76,35.24,21.74,,,,,17.9921357,0.0
279763,East Boulder Mine,MT,45.5,-110.08,1930.9,20170228,10.58,30.02,21.92,,,,,20.000010800000002,0.20078751
279764,East Boulder Mine,MT,45.5,-110.08,1930.9,20170301,19.4,34.52,28.04,,,,,19.0157583,0.0
279765,East Boulder Mine,MT,45.5,-110.08,1930.9,20170302,25.88,42.08,33.08,,,,,19.0157583,0.0
279766,East Boulder Mine,MT,45.5,-110.08,1930.9,20170303,33.44,47.84,40.1,,,,,17.9921357,0.09842525
279767,East Boulder Mine,MT,45.5,-110.08,1930.9,20170304,31.46,44.96,40.1,,,,,17.9921357,0.0
279768,East Boulder Mine,MT,45.5,-110.08,1930.9,20170305,25.52,43.16,35.42,,,,,19.0157583,0.0
279769,East Boulder Mine,MT,45.5,-110.08,1930.9,20170306,20.3,29.66,23.54,,,,,20.000010800000002,0.20078751
279770,East Boulder Mine,MT,45.5,-110.08,1930.9,20170307,20.84,33.08,27.5,,,,,20.000010800000002,0.09842525
279771,East Boulder Mine,MT,45.5,-110.08,1930.9,20170308,31.28,44.78,37.04,,,,,20.000010800000002,0.0
279772,East Boulder Mine,MT,45.5,-110.08,1930.9,20170309,14.36,32.9,22.28,,,,,22.992138399999998,0.20078751
279773,East Boulder Mine,MT,45.5,-110.08,1930.9,20170310,17.96,53.06,39.74,,,,,19.0157583,0.20078751
279774,East Boulder Mine,MT,45.5,-110.08,1930.9,20170311,26.42,52.52,39.56,,,,,19.0157583,0.09842525
279775,East Boulder Mine,MT,45.5,-110.08,1930.9,20170312,27.86,42.62,35.78,,,,,20.000010800000002,0.0
279776,East Boulder Mine,MT,45.5,-110.08,1930.9,20170313,28.04,55.58,43.88,,,,,17.9921357,0.09842525
279777,East Boulder Mine,MT,45.5,-110.08,1930.9,20170314,40.1,57.74,48.74,,,,,15.9842606,0.0
279778,East Boulder Mine,MT,45.5,-110.08,1930.9,20170315,47.66,62.24,53.24,,,,,14.015755599999999,0.0
279779,East Boulder Mine,MT,45.5,-110.08,1930.9,20170316,28.22,49.64,41.0,,,,,14.015755599999999,0.0
279780,East Boulder Mine,MT,45.5,-110.08,1930.9,20170317,26.6,51.8,41.72,,,,,12.992133,0.0
279781,East Boulder Mine,MT,45.5,-110.08,1930.9,20170318,48.02,65.84,55.22,,,,,10.000005400000001,0.0
279782,East Boulder Mine,MT,45.5,-110.08,1930.9,20170319,35.78,54.86,46.22,,,,,7.9921303,0.0
279783,East Boulder Mine,MT,45.5,-110.08,1930.9,20170320,31.1,36.32,33.8,,,,,5.984255200000001,0.0
279784,East Boulder Mine,MT,45.5,-110.08,1930.9,20170321,28.76,43.16,32.9,,,,,7.9921303,0.0
279785,East Boulder Mine,MT,45.5,-110.08,1930.9,20170322,32.9,57.02,46.4,,,,,5.984255200000001,0.0
279786,East Boulder Mine,MT,45.5,-110.08,1930.9,20170323,29.48,48.02,37.94,,,,,5.0000027000000005,0.0
279787,East Boulder Mine,MT,45.5,-110.08,1930.9,20170324,26.42,56.12,42.98,,,,,5.0000027000000005,0.0
279788,East Boulder Mine,MT,45.5,-110.08,1930.9,20170325,29.12,42.98,36.5,,,,,5.0000027000000005,0.09842525
279789,East Boulder Mine,MT,45.5,-110.08,1930.9,20170326,27.86,51.62,38.48,,,,,5.0000027000000005,0.0
279790,East Boulder Mine,MT,45.5,-110.08,1930.9,20170327,32.9,46.58,38.48,,,,,7.007877799999999,0.59842552
279791,East Boulder Mine,MT,45.5,-110.08,1930.9,20170328,29.66,50.54,35.24,,,,,7.9921303,0.09842525
279792,East Boulder Mine,MT,45.5,-110.08,1930.9,20170329,29.66,51.8,41.36,,,,,5.0000027000000005,0.0
279793,East Boulder Mine,MT,45.5,-110.08,1930.9,20170330,34.52,47.12,38.84,,,,,5.0000027000000005,0.29921276
279794,East Boulder Mine,MT,45.5,-110.08,1930.9,20170331,29.48,41.54,35.6,,,,,7.9921303,0.59842552
279795,East Boulder Mine,MT,45.5,-110.08,1930.9,20170401,26.06,58.1,40.64,,,,,5.0000027000000005,0.0
279796,East Boulder Mine,MT,45.5,-110.08,1930.9,20170402,28.76,50.36,38.12,,,,,2.9921276000000003,0.0
279797,East Boulder Mine,MT,45.5,-110.08,1930.9,20170403,24.08,37.4,29.3,,,,,4.0157502,0.0
279798,East Boulder Mine,MT,45.5,-110.08,1930.9,20170404,25.16,42.26,31.28,,,,,5.984255200000001,0.29921276
279799,East Boulder Mine,MT,45.5,-110.08,1930.9,20170405,33.26,53.42,41.72,,,,,4.0157502,0.0
279800,East Boulder Mine,MT,45.5,-110.08,1930.9,20170406,38.66,63.14,50.9,,,,,2.0078751,0.0
279801,East Boulder Mine,MT,45.5,-110.08,1930.9,20170407,37.4,59.54,49.64,,,,,0.9842525,0.09842525
279802,East Boulder Mine,MT,45.5,-110.08,1930.9,20170408,34.7,55.22,42.44,,,,,0.0,0.0
279803,East Boulder Mine,MT,45.5,-110.08,1930.9,20170409,23.72,36.32,31.46,,,,,0.0,0.0
279804,East Boulder Mine,MT,45.5,-110.08,1930.9,20170410,22.82,45.86,34.7,,,,,2.0078751,0.29921276
279805,East Boulder Mine,MT,45.5,-110.08,1930.9,20170411,24.26,48.2,37.04,,,,,0.0,0.0
279806,East Boulder Mine,MT,45.5,-110.08,1930.9,20170412,32.18,55.58,41.54,,,,,0.0,0.0
279807,East Boulder Mine,MT,45.5,-110.08,1930.9,20170413,31.82,67.46,50.36,,,,,0.0,0.09842525
279808,East Boulder Mine,MT,45.5,-110.08,1930.9,20170414,30.56,47.48,36.5,,,,,0.0,0.0
279809,East Boulder Mine,MT,45.5,-110.08,1930.9,20170415,28.22,43.16,35.42,,,,,0.0,0.09842525
279810,East Boulder Mine,MT,45.5,-110.08,1930.9,20170416,28.04,53.06,40.1,,,,,0.0,0.0
279811,East Boulder Mine,MT,45.5,-110.08,1930.9,20170417,29.48,53.96,37.94,,,,,0.0,0.20078751
279812,East Boulder Mine,MT,45.5,-110.08,1930.9,20170418,32.36,54.32,43.16,,,,,0.0,0.0
279813,East Boulder Mine,MT,45.5,-110.08,1930.9,20170419,31.46,51.26,40.28,,,,,0.0,0.0
279814,East Boulder Mine,MT,45.5,-110.08,1930.9,20170420,32.54,53.78,44.6,,,,,0.0,0.09842525
279815,East Boulder Mine,MT,45.5,-110.08,1930.9,20170421,30.38,40.82,34.7,,,,,0.0,0.40157502
279816,East Boulder Mine,MT,45.5,-110.08,1930.9,20170422,25.16,57.56,41.9,,,,,0.0,0.09842525
279817,East Boulder Mine,MT,45.5,-110.08,1930.9,20170423,33.26,56.3,43.7,,,,,0.0,0.0
279818,East Boulder Mine,MT,45.5,-110.08,1930.9,20170424,33.44,44.96,37.4,,,,,0.9842525,0.40157502
279819,East Boulder Mine,MT,45.5,-110.08,1930.9,20170425,31.82,46.58,36.5,,,,,0.0,0.20078751
279820,East Boulder Mine,MT,45.5,-110.08,1930.9,20170426,32.0,47.66,37.22,,,,,0.9842525,0.50000027
279821,East Boulder Mine,MT,45.5,-110.08,1930.9,20170427,30.56,43.34,34.34,,,,,4.0157502,0.79921303
279822,East Boulder Mine,MT,45.5,-110.08,1930.9,20170428,30.38,37.94,33.26,,,,,7.9921303,0.79921303
279823,East Boulder Mine,MT,45.5,-110.08,1930.9,20170429,26.78,53.24,37.94,,,,,5.0000027000000005,0.0
279824,East Boulder Mine,MT,45.5,-110.08,1930.9,20170430,34.34,57.38,41.72,,,,,2.0078751,0.09842525
279825,East Boulder Mine,MT,45.5,-110.08,1930.9,20170501,34.34,50.0,39.56,,,,,0.9842525,0.0
279826,East Boulder Mine,MT,45.5,-110.08,1930.9,20170502,30.38,47.3,39.38,,,,,0.0,0.09842525
279827,East Boulder Mine,MT,45.5,-110.08,1930.9,20170503,28.94,60.26,44.06,,,,,0.0,0.0
279828,East Boulder Mine,MT,45.5,-110.08,1930.9,20170504,34.16,70.88,51.8,,,,,0.0,0.0
279829,East Boulder Mine,MT,45.5,-110.08,1930.9,20170505,43.16,76.64,60.44,,,,,0.0,0.0
279830,East Boulder Mine,MT,45.5,-110.08,1930.9,20170506,45.32,76.1,60.08,,,,,0.0,0.0
279831,East Boulder Mine,MT,45.5,-110.08,1930.9,20170507,38.3,66.02,51.26,,,,,0.0,0.09842525
279832,East Boulder Mine,MT,45.5,-110.08,1930.9,20170508,35.06,55.4,43.7,,,,,0.0,0.0
279833,East Boulder Mine,MT,45.5,-110.08,1930.9,20170509,34.16,59.54,45.14,,,,,0.0,0.0
279834,East Boulder Mine,MT,45.5,-110.08,1930.9,20170510,32.54,65.12,50.0,,,,,0.0,0.0
279835,East Boulder Mine,MT,45.5,-110.08,1930.9,20170511,39.74,71.42,55.22,,,,,0.0,0.09842525
279836,East Boulder Mine,MT,45.5,-110.08,1930.9,20170512,42.08,74.66,59.18,,,,,0.0,0.0
279837,East Boulder Mine,MT,45.5,-110.08,1930.9,20170513,28.76,52.88,40.46,,,,,0.0,0.0
279838,East Boulder Mine,MT,45.5,-110.08,1930.9,20170514,27.14,55.22,41.54,,,,,0.0,0.0
279839,East Boulder Mine,MT,45.5,-110.08,1930.9,20170515,35.06,50.18,41.9,,,,,0.0,0.09842525
279840,East Boulder Mine,MT,45.5,-110.08,1930.9,20170516,32.54,57.74,45.14,,,,,0.0,0.0
279841,East Boulder Mine,MT,45.5,-110.08,1930.9,20170517,33.8,42.44,37.4,,,,,17.9921357,2.5984266
279842,East Boulder Mine,MT,45.5,-110.08,1930.9,20170518,29.3,46.58,36.68,,,,,14.015755599999999,0.70078778
279843,East Boulder Mine,MT,45.5,-110.08,1930.9,20170519,26.06,53.06,38.3,,,,,7.9921303,0.0
279844,East Boulder Mine,MT,45.5,-110.08,1930.9,20170520,31.82,56.84,42.98,,,,,5.0000027000000005,0.09842525
279845,East Boulder Mine,MT,45.5,-110.08,1930.9,20170521,31.82,59.36,43.88,,,,,0.9842525,0.0
279846,East Boulder Mine,MT,45.5,-110.08,1930.9,20170522,35.78,57.56,42.8,,,,,0.0,0.0
279847,East Boulder Mine,MT,45.5,-110.08,1930.9,20170523,34.7,69.26,52.88,,,,,0.0,0.0
279848,East Boulder Mine,MT,45.5,-110.08,1930.9,20170524,39.74,69.08,55.58,,,,,0.0,0.0
279849,East Boulder Mine,MT,45.5,-110.08,1930.9,20170525,30.92,48.92,39.56,,,,,0.0,0.0
279850,East Boulder Mine,MT,45.5,-110.08,1930.9,20170526,30.74,54.32,42.44,,,,,0.0,0.0
279851,East Boulder Mine,MT,45.5,-110.08,1930.9,20170527,33.08,61.34,48.38,,,,,0.0,0.09842525
279852,East Boulder Mine,MT,45.5,-110.08,1930.9,20170528,38.12,65.48,50.72,,,,,0.0,0.0
279853,East Boulder Mine,MT,45.5,-110.08,1930.9,20170529,37.94,68.9,53.06,,,,,0.0,0.0
279854,East Boulder Mine,MT,45.5,-110.08,1930.9,20170530,39.2,72.32,54.5,,,,,0.0,0.0
279855,East Boulder Mine,MT,45.5,-110.08,1930.9,20170531,41.54,75.02,55.76,,,,,0.0,0.29921276
279856,East Boulder Mine,MT,45.5,-110.08,1930.9,20170601,54.68,77.18,63.86,,,,,0.0,0.0
279857,East Boulder Mine,MT,45.5,-110.08,1930.9,20170602,44.42,69.8,56.12,,,,,0.0,0.0
279858,East Boulder Mine,MT,45.5,-110.08,1930.9,20170603,39.92,74.12,58.28,,,,,0.0,0.0
279859,East Boulder Mine,MT,45.5,-110.08,1930.9,20170604,48.74,80.78,65.48,,,,,0.0,0.0
279860,East Boulder Mine,MT,45.5,-110.08,1930.9,20170605,48.38,64.4,54.86,,,,,0.0,0.0
279861,East Boulder Mine,MT,45.5,-110.08,1930.9,20170606,45.86,67.1,55.58,,,,,0.0,0.0
279862,East Boulder Mine,MT,45.5,-110.08,1930.9,20170607,41.9,75.92,58.28,,,,,0.0,0.0
279863,East Boulder Mine,MT,45.5,-110.08,1930.9,20170608,48.2,83.66,66.2,,,,,0.0,0.0
279864,East Boulder Mine,MT,45.5,-110.08,1930.9,20170609,43.16,65.66,52.52,,,,,0.0,0.0
279865,East Boulder Mine,MT,45.5,-110.08,1930.9,20170610,37.4,58.82,46.94,,,,,0.0,0.0
279866,East Boulder Mine,MT,45.5,-110.08,1930.9,20170611,31.28,60.08,47.3,,,,,0.0,0.09842525
279867,East Boulder Mine,MT,45.5,-110.08,1930.9,20170612,40.1,67.46,50.72,,,,,0.0,0.29921276
279868,East Boulder Mine,MT,45.5,-110.08,1930.9,20170613,39.74,51.08,44.78,,,,,0.0,0.09842525
279869,East Boulder Mine,MT,45.5,-110.08,1930.9,20170614,43.16,63.32,54.32,,,,,0.0,0.0
279870,East Boulder Mine,MT,45.5,-110.08,1930.9,20170615,39.2,64.94,53.42,,,,,0.0,0.09842525
279871,East Boulder Mine,MT,45.5,-110.08,1930.9,20170616,45.32,64.94,53.96,,,,,0.0,0.0
279872,East Boulder Mine,MT,45.5,-110.08,1930.9,20170617,42.08,60.26,50.9,,,,,0.0,0.0
279873,East Boulder Mine,MT,45.5,-110.08,1930.9,20170618,44.78,63.14,53.42,,,,,0.0,0.0
279874,East Boulder Mine,MT,45.5,-110.08,1930.9,20170619,40.28,74.48,58.82,,,,,0.0,0.0
279875,East Boulder Mine,MT,45.5,-110.08,1930.9,20170620,48.38,82.94,68.54,,,,,0.0,0.0
279876,East Boulder Mine,MT,45.5,-110.08,1930.9,20170621,48.74,75.2,63.14,,,,,0.0,0.0
279877,East Boulder Mine,MT,45.5,-110.08,1930.9,20170622,36.68,63.86,50.54,,,,,0.0,0.0
279878,East Boulder Mine,MT,45.5,-110.08,1930.9,20170623,33.98,64.22,50.36,,,,,0.0,0.0
279879,East Boulder Mine,MT,45.5,-110.08,1930.9,20170624,34.88,69.26,53.24,,,,,0.0,0.0
279880,East Boulder Mine,MT,45.5,-110.08,1930.9,20170625,38.48,74.66,57.92,,,,,0.0,0.09842525
279881,East Boulder Mine,MT,45.5,-110.08,1930.9,20170626,46.4,82.22,66.02,,,,,0.0,0.0
279882,East Boulder Mine,MT,45.5,-110.08,1930.9,20170627,50.36,68.18,60.62,,,,,0.0,0.20078751
279883,East Boulder Mine,MT,45.5,-110.08,1930.9,20170628,43.34,65.48,50.36,,,,,0.0,0.29921276
279884,East Boulder Mine,MT,45.5,-110.08,1930.9,20170629,39.92,60.8,48.38,,,,,0.0,0.29921276
279885,East Boulder Mine,MT,45.5,-110.08,1930.9,20170630,37.76,70.52,54.5,,,,,0.0,0.09842525
279886,East Boulder Mine,MT,45.5,-110.08,1930.9,20170701,45.32,79.16,62.24,,,,,0.0,0.0
279887,East Boulder Mine,MT,45.5,-110.08,1930.9,20170702,48.2,75.38,62.6,,,,,0.0,0.0
279888,East Boulder Mine,MT,45.5,-110.08,1930.9,20170703,50.18,84.38,67.46,,,,,0.0,0.0
279889,East Boulder Mine,MT,45.5,-110.08,1930.9,20170704,50.0,81.5,65.66,,,,,0.0,0.0
279890,East Boulder Mine,MT,45.5,-110.08,1930.9,20170705,52.52,87.26,67.64,,,,,0.0,0.0
279891,East Boulder Mine,MT,45.5,-110.08,1930.9,20170706,53.42,86.18,70.16,,,,,0.0,0.09842525
279892,East Boulder Mine,MT,45.5,-110.08,1930.9,20170707,52.52,84.2,67.1,,,,,0.0,0.0
279893,East Boulder Mine,MT,45.5,-110.08,1930.9,20170708,55.04,86.54,70.7,,,,,0.0,0.0
279894,East Boulder Mine,MT,45.5,-110.08,1930.9,20170709,55.94,85.46,65.84,,,,,0.0,0.0
279895,East Boulder Mine,MT,45.5,-110.08,1930.9,20170710,48.56,84.02,63.5,,,,,0.0,0.59842552
279896,East Boulder Mine,MT,45.5,-110.08,1930.9,20170711,45.86,73.04,58.28,,,,,0.0,0.09842525
279897,East Boulder Mine,MT,45.5,-110.08,1930.9,20170712,47.48,75.92,61.88,,,,,0.0,0.0
279898,East Boulder Mine,MT,45.5,-110.08,1930.9,20170713,50.72,86.54,69.26,,,,,0.0,0.0
279899,East Boulder Mine,MT,45.5,-110.08,1930.9,20170714,56.3,84.38,70.16,,,,,0.0,0.0
279900,East Boulder Mine,MT,45.5,-110.08,1930.9,20170715,53.96,78.26,61.88,,,,,0.0,0.59842552
279901,East Boulder Mine,MT,45.5,-110.08,1930.9,20170716,50.9,82.4,62.78,,,,,0.0,0.09842525
279902,East Boulder Mine,MT,45.5,-110.08,1930.9,20170717,44.96,73.94,57.02,,,,,0.0,0.09842525
279903,East Boulder Mine,MT,45.5,-110.08,1930.9,20170718,46.22,76.28,60.8,,,,,0.0,0.09842525
279904,East Boulder Mine,MT,45.5,-110.08,1930.9,20170719,47.84,82.4,65.12,,,,,0.0,0.0
279905,East Boulder Mine,MT,45.5,-110.08,1930.9,20170720,50.18,85.28,66.92,,,,,0.0,0.09842525
279906,East Boulder Mine,MT,45.5,-110.08,1930.9,20170721,46.4,82.04,62.42,,,,,0.0,0.0
279907,East Boulder Mine,MT,45.5,-110.08,1930.9,20170722,45.86,80.42,62.96,,,,,0.0,0.0
279908,East Boulder Mine,MT,45.5,-110.08,1930.9,20170723,48.02,84.56,66.2,,,,,0.0,0.0
279909,East Boulder Mine,MT,45.5,-110.08,1930.9,20170724,53.42,83.12,67.46,,,,,0.0,0.0
279910,East Boulder Mine,MT,45.5,-110.08,1930.9,20170725,50.72,66.92,57.02,,,,,0.0,0.0
279911,East Boulder Mine,MT,45.5,-110.08,1930.9,20170726,48.38,75.92,59.54,,,,,0.0,0.0
279912,East Boulder Mine,MT,45.5,-110.08,1930.9,20170727,50.18,80.06,63.5,,,,,0.0,0.0
279913,East Boulder Mine,MT,45.5,-110.08,1930.9,20170728,51.44,80.42,64.94,,,,,0.0,0.0
279914,East Boulder Mine,MT,45.5,-110.08,1930.9,20170729,53.06,81.5,66.92,,,,,0.0,0.0
279915,East Boulder Mine,MT,45.5,-110.08,1930.9,20170730,52.52,84.74,68.72,,,,,0.0,0.0
279916,East Boulder Mine,MT,45.5,-110.08,1930.9,20170731,51.44,86.18,67.28,,,,,0.0,0.0
279917,East Boulder Mine,MT,45.5,-110.08,1930.9,20170801,49.1,83.66,65.48,,,,,0.0,0.0
279918,East Boulder Mine,MT,45.5,-110.08,1930.9,20170802,48.02,65.48,55.58,,,,,0.0,0.0
279919,East Boulder Mine,MT,45.5,-110.08,1930.9,20170803,42.26,72.14,57.56,,,,,0.0,0.0
279920,East Boulder Mine,MT,45.5,-110.08,1930.9,20170804,47.12,81.32,64.22,,,,,0.0,0.0
279921,East Boulder Mine,MT,45.5,-110.08,1930.9,20170805,46.58,70.16,57.56,,,,,0.0,0.0
279922,East Boulder Mine,MT,45.5,-110.08,1930.9,20170806,39.74,70.34,54.68,,,,,0.0,0.0
279923,East Boulder Mine,MT,45.5,-110.08,1930.9,20170807,40.1,75.92,58.28,,,,,0.0,0.09842525
279924,East Boulder Mine,MT,45.5,-110.08,1930.9,20170808,47.3,74.3,60.44,,,,,0.0,0.0
279925,East Boulder Mine,MT,45.5,-110.08,1930.9,20170809,45.32,71.6,57.2,,,,,0.0,0.0
279926,East Boulder Mine,MT,45.5,-110.08,1930.9,20170810,42.8,76.28,59.18,,,,,0.0,0.0
279927,East Boulder Mine,MT,45.5,-110.08,1930.9,20170811,49.28,77.0,61.88,,,,,0.0,0.0
279928,East Boulder Mine,MT,45.5,-110.08,1930.9,20170812,46.22,77.0,60.8,,,,,0.0,0.0
279929,East Boulder Mine,MT,45.5,-110.08,1930.9,20170813,49.1,76.28,58.46,,,,,0.0,0.20078751
279930,East Boulder Mine,MT,45.5,-110.08,1930.9,20170814,45.86,62.42,53.06,,,,,0.0,0.50000027
279931,East Boulder Mine,MT,45.5,-110.08,1930.9,20170815,44.96,71.06,55.58,,,,,0.0,0.0
279932,East Boulder Mine,MT,45.5,-110.08,1930.9,20170816,44.42,75.74,58.64,,,,,0.0,0.0
279933,East Boulder Mine,MT,45.5,-110.08,1930.9,20170817,45.86,73.04,58.82,,,,,0.0,0.0
279934,East Boulder Mine,MT,45.5,-110.08,1930.9,20170818,45.86,79.88,62.96,,,,,0.0,0.0
279935,East Boulder Mine,MT,45.5,-110.08,1930.9,20170819,47.66,78.26,61.88,,,,,0.0,0.0
279936,East Boulder Mine,MT,45.5,-110.08,1930.9,20170820,42.8,74.3,57.2,,,,,0.0,0.0
279937,East Boulder Mine,MT,45.5,-110.08,1930.9,20170821,43.7,71.96,56.66,,,,,0.0,0.0
279938,East Boulder Mine,MT,45.5,-110.08,1930.9,20170822,43.7,80.24,61.88,,,,,0.0,0.0
279939,East Boulder Mine,MT,45.5,-110.08,1930.9,20170823,49.46,81.5,66.38,,,,,0.0,0.0
279940,East Boulder Mine,MT,45.5,-110.08,1930.9,20170824,50.18,78.8,61.88,,,,,0.0,0.29921276
279941,East Boulder Mine,MT,45.5,-110.08,1930.9,20170825,45.86,75.92,59.9,,,,,0.0,0.0
279942,East Boulder Mine,MT,45.5,-110.08,1930.9,20170826,47.12,77.72,60.98,,,,,0.0,0.0
279943,East Boulder Mine,MT,45.5,-110.08,1930.9,20170827,46.04,82.4,63.32,,,,,0.0,0.0
279944,East Boulder Mine,MT,45.5,-110.08,1930.9,20170828,49.46,83.84,64.4,,,,,0.0,0.0
279945,East Boulder Mine,MT,45.5,-110.08,1930.9,20170829,48.56,83.12,64.4,,,,,0.0,0.0
279946,East Boulder Mine,MT,45.5,-110.08,1930.9,20170830,50.0,85.28,67.28,,,,,0.0,0.0
279947,East Boulder Mine,MT,45.5,-110.08,1930.9,20170831,50.54,78.8,66.92,,,,,0.0,0.0
279948,East Boulder Mine,MT,45.5,-110.08,1930.9,20170901,42.08,77.0,59.0,,,,,0.0,0.0
279949,East Boulder Mine,MT,45.5,-110.08,1930.9,20170902,48.74,86.36,65.48,,,,,0.0,0.0
279950,East Boulder Mine,MT,45.5,-110.08,1930.9,20170903,52.52,87.26,68.18,,,,,0.0,0.0
279951,East Boulder Mine,MT,45.5,-110.08,1930.9,20170904,46.76,62.6,54.14,,,,,0.0,0.0
279952,East Boulder Mine,MT,45.5,-110.08,1930.9,20170905,37.4,70.34,53.24,,,,,0.0,0.0
279953,East Boulder Mine,MT,45.5,-110.08,1930.9,20170906,41.18,78.62,58.1,,,,,0.0,0.0
279954,East Boulder Mine,MT,45.5,-110.08,1930.9,20170907,44.96,77.9,60.08,,,,,0.0,0.0
279955,East Boulder Mine,MT,45.5,-110.08,1930.9,20170908,44.42,81.32,63.5,,,,,0.0,0.0
279956,East Boulder Mine,MT,45.5,-110.08,1930.9,20170909,53.06,80.24,65.48,,,,,0.0,0.0
279957,East Boulder Mine,MT,45.5,-110.08,1930.9,20170910,54.14,77.54,64.76,,,,,0.0,0.0
279958,East Boulder Mine,MT,45.5,-110.08,1930.9,20170911,46.4,81.14,61.7,,,,,0.0,0.0
279959,East Boulder Mine,MT,45.5,-110.08,1930.9,20170912,50.9,82.4,65.12,,,,,0.0,0.0
279960,East Boulder Mine,MT,45.5,-110.08,1930.9,20170913,45.5,72.86,59.18,,,,,0.0,0.29921276
279961,East Boulder Mine,MT,45.5,-110.08,1930.9,20170914,38.12,50.9,44.06,,,,,0.0,0.20078751
279962,East Boulder Mine,MT,45.5,-110.08,1930.9,20170915,33.8,39.74,36.32,,,,,2.9921276000000003,0.29921276
279963,East Boulder Mine,MT,45.5,-110.08,1930.9,20170916,31.82,40.64,35.6,,,,,2.9921276000000003,0.0
279964,East Boulder Mine,MT,45.5,-110.08,1930.9,20170917,31.82,59.18,45.5,,,,,4.0157502,0.09842525
279965,East Boulder Mine,MT,45.5,-110.08,1930.9,20170918,37.94,63.32,52.52,,,,,4.0157502,0.09842525
279966,East Boulder Mine,MT,45.5,-110.08,1930.9,20170919,32.54,50.0,38.66,,,,,2.9921276000000003,0.50000027
279967,East Boulder Mine,MT,45.5,-110.08,1930.9,20170920,31.82,50.0,40.64,,,,,4.0157502,0.20078751
279968,East Boulder Mine,MT,45.5,-110.08,1930.9,20170921,34.34,41.72,36.68,,,,,5.984255200000001,0.70078778
291833,Boulder Mountain,MT,46.56,-111.29,2423.2,20170101,-8.5,14.72,3.92,,,,,25.984266,0.20078751
291834,Boulder Mountain,MT,46.56,-111.29,2423.2,20170102,-14.8,-2.92,-9.22,,,,,25.0000135,0.0
291835,Boulder Mountain,MT,46.56,-111.29,2423.2,20170103,-11.92,9.5,0.86,,,,,25.0000135,0.0
291836,Boulder Mountain,MT,46.56,-111.29,2423.2,20170104,-11.2,1.58,-5.44,,,,,25.0000135,0.0
291837,Boulder Mountain,MT,46.56,-111.29,2423.2,20170105,-9.04,10.4,1.76,,,,,25.0000135,0.0
291838,Boulder Mountain,MT,46.56,-111.29,2423.2,20170106,3.38,15.08,10.04,,,,,24.015760999999998,0.09842525
291839,Boulder Mountain,MT,46.56,-111.29,2423.2,20170107,7.16,19.04,13.28,,,,,25.984266,0.29921276
291840,Boulder Mountain,MT,46.56,-111.29,2423.2,20170108,17.42,28.4,23.54,,,,,30.0000162,1.00000054
291841,Boulder Mountain,MT,46.56,-111.29,2423.2,20170109,13.1,31.1,24.26,,,,,32.0078913,0.40157502
291842,Boulder Mountain,MT,46.56,-111.29,2423.2,20170110,-7.6,18.32,11.3,,,,,32.9921438,0.09842525
291843,Boulder Mountain,MT,46.56,-111.29,2423.2,20170111,-3.82,17.24,8.24,,,,,32.9921438,0.0
291844,Boulder Mountain,MT,46.56,-111.29,2423.2,20170112,3.2,18.14,11.48,,,,,32.0078913,0.0
291845,Boulder Mountain,MT,46.56,-111.29,2423.2,20170113,12.56,22.28,17.6,,,,,30.984268699999998,0.0
291846,Boulder Mountain,MT,46.56,-111.29,2423.2,20170114,17.42,26.42,21.74,,,,,30.984268699999998,0.0
291847,Boulder Mountain,MT,46.56,-111.29,2423.2,20170115,19.4,30.38,24.62,,,,,30.0000162,0.0
291848,Boulder Mountain,MT,46.56,-111.29,2423.2,20170116,17.6,33.44,24.98,,,,,30.0000162,0.09842525
291849,Boulder Mountain,MT,46.56,-111.29,2423.2,20170117,28.94,42.08,34.52,,,,,29.015763699999997,0.0
291850,Boulder Mountain,MT,46.56,-111.29,2423.2,20170118,25.88,34.7,30.2,,,,,29.015763699999997,0.0
291851,Boulder Mountain,MT,46.56,-111.29,2423.2,20170119,24.44,28.4,26.06,,,,,29.015763699999997,0.0
291852,Boulder Mountain,MT,46.56,-111.29,2423.2,20170120,18.86,25.34,22.1,,,,,29.015763699999997,0.0
291853,Boulder Mountain,MT,46.56,-111.29,2423.2,20170121,18.5,29.48,21.56,,,,,29.015763699999997,0.0
291854,Boulder Mountain,MT,46.56,-111.29,2423.2,20170122,17.06,27.14,21.02,,,,,32.0078913,0.20078751
291855,Boulder Mountain,MT,46.56,-111.29,2423.2,20170123,9.32,23.36,15.98,,,,,30.984268699999998,0.09842525
291856,Boulder Mountain,MT,46.56,-111.29,2423.2,20170124,5.36,15.98,10.04,,,,,30.984268699999998,0.0
291857,Boulder Mountain,MT,46.56,-111.29,2423.2,20170125,9.86,18.14,12.92,,,,,32.0078913,0.0
291858,Boulder Mountain,MT,46.56,-111.29,2423.2,20170126,10.04,16.52,12.92,,,,,32.9921438,0.09842525
291859,Boulder Mountain,MT,46.56,-111.29,2423.2,20170127,11.84,26.6,19.04,,,,,32.0078913,0.0
291860,Boulder Mountain,MT,46.56,-111.29,2423.2,20170128,20.12,30.56,25.7,,,,,30.984268699999998,0.0
291861,Boulder Mountain,MT,46.56,-111.29,2423.2,20170129,29.84,41.0,33.8,,,,,30.984268699999998,0.0
291862,Boulder Mountain,MT,46.56,-111.29,2423.2,20170130,21.2,32.54,27.14,,,,,30.984268699999998,0.0
291863,Boulder Mountain,MT,46.56,-111.29,2423.2,20170131,0.68,21.2,10.22,,,,,34.0157664,0.09842525
291864,Boulder Mountain,MT,46.56,-111.29,2423.2,20170201,-9.76,2.3,-4.18,,,,,34.0157664,0.0
291865,Boulder Mountain,MT,46.56,-111.29,2423.2,20170202,-9.58,6.44,-1.66,,,,,32.9921438,0.09842525
291866,Boulder Mountain,MT,46.56,-111.29,2423.2,20170203,5.72,26.24,20.48,,,,,32.9921438,0.29921276
291867,Boulder Mountain,MT,46.56,-111.29,2423.2,20170204,23.9,29.84,26.6,,,,,35.0000189,0.50000027
291868,Boulder Mountain,MT,46.56,-111.29,2423.2,20170205,25.16,30.2,27.32,,,,,35.0000189,0.0
291869,Boulder Mountain,MT,46.56,-111.29,2423.2,20170206,13.28,28.22,23.18,,,,,35.9842714,0.20078751
291870,Boulder Mountain,MT,46.56,-111.29,2423.2,20170207,11.3,21.2,15.26,,,,,37.007894,0.09842525
291871,Boulder Mountain,MT,46.56,-111.29,2423.2,20170208,14.36,27.14,21.02,,,,,37.007894,0.20078751
291872,Boulder Mountain,MT,46.56,-111.29,2423.2,20170209,27.14,35.6,32.9,,,,,35.9842714,0.09842525
291873,Boulder Mountain,MT,46.56,-111.29,2423.2,20170210,19.4,33.26,26.96,,,,,42.0078967,0.59842552
291874,Boulder Mountain,MT,46.56,-111.29,2423.2,20170211,15.08,21.02,17.42,,,,,40.9842741,0.0
291875,Boulder Mountain,MT,46.56,-111.29,2423.2,20170212,15.44,30.74,24.62,,,,,40.000021600000004,0.0
291876,Boulder Mountain,MT,46.56,-111.29,2423.2,20170213,24.44,37.58,30.02,,,,,39.0157691,0.0
291877,Boulder Mountain,MT,46.56,-111.29,2423.2,20170214,28.76,49.1,37.94,,,,,37.992146500000004,0.0
291878,Boulder Mountain,MT,46.56,-111.29,2423.2,20170215,31.64,43.34,37.76,,,,,37.992146500000004,0.0
291879,Boulder Mountain,MT,46.56,-111.29,2423.2,20170216,27.5,35.96,32.54,,,,,40.9842741,0.59842552
291880,Boulder Mountain,MT,46.56,-111.29,2423.2,20170217,24.62,35.42,29.3,,,,,40.9842741,0.0
291881,Boulder Mountain,MT,46.56,-111.29,2423.2,20170218,29.12,38.66,32.54,,,,,40.000021600000004,0.0
291882,Boulder Mountain,MT,46.56,-111.29,2423.2,20170219,22.64,32.9,29.48,,,,,45.00002429999999,0.90157529
291883,Boulder Mountain,MT,46.56,-111.29,2423.2,20170220,21.02,33.26,27.5,,,,,44.015771799999996,0.20078751
291884,Boulder Mountain,MT,46.56,-111.29,2423.2,20170221,22.82,33.8,29.48,,,,,47.0078994,0.40157502
291885,Boulder Mountain,MT,46.56,-111.29,2423.2,20170222,15.98,27.32,21.38,,,,,45.984276799999996,0.09842525
291886,Boulder Mountain,MT,46.56,-111.29,2423.2,20170223,8.6,21.38,15.26,,,,,45.984276799999996,0.0
291887,Boulder Mountain,MT,46.56,-111.29,2423.2,20170224,6.98,20.3,11.84,,,,,49.0157745,0.20078751
291888,Boulder Mountain,MT,46.56,-111.29,2423.2,20170225,6.62,12.74,9.32,,,,,47.992151899999996,0.20078751
291889,Boulder Mountain,MT,46.56,-111.29,2423.2,20170226,10.22,18.14,13.1,,,,,57.992157299999995,0.90157529
291890,Boulder Mountain,MT,46.56,-111.29,2423.2,20170227,8.24,19.94,13.64,,,,,55.9842822,0.09842525
291891,Boulder Mountain,MT,46.56,-111.29,2423.2,20170228,7.52,18.5,11.48,,,,,60.0000324,0.40157502
291892,Boulder Mountain,MT,46.56,-111.29,2423.2,20170301,8.24,21.2,16.34,,,,,57.992157299999995,0.09842525
291893,Boulder Mountain,MT,46.56,-111.29,2423.2,20170302,19.04,28.04,22.64,,,,,55.0000297,0.09842525
291894,Boulder Mountain,MT,46.56,-111.29,2423.2,20170303,21.38,36.68,28.76,,,,,54.0157772,0.0
291895,Boulder Mountain,MT,46.56,-111.29,2423.2,20170304,25.52,33.98,28.94,,,,,54.0157772,0.29921276
291896,Boulder Mountain,MT,46.56,-111.29,2423.2,20170305,15.26,31.28,24.8,,,,,54.0157772,0.0
291897,Boulder Mountain,MT,46.56,-111.29,2423.2,20170306,10.58,22.46,14.54,,,,,54.0157772,0.0
291898,Boulder Mountain,MT,46.56,-111.29,2423.2,20170307,9.32,23.9,16.34,,,,,52.9921546,0.0
291899,Boulder Mountain,MT,46.56,-111.29,2423.2,20170308,21.02,28.94,24.62,,,,,57.992157299999995,0.40157502
291900,Boulder Mountain,MT,46.56,-111.29,2423.2,20170309,18.5,30.02,24.62,,,,,60.0000324,0.70078778
291901,Boulder Mountain,MT,46.56,-111.29,2423.2,20170310,27.32,38.66,32.72,,,,,59.0157799,0.09842525
291902,Boulder Mountain,MT,46.56,-111.29,2423.2,20170311,26.78,39.2,31.64,,,,,57.0079048,0.0
291903,Boulder Mountain,MT,46.56,-111.29,2423.2,20170312,26.24,33.08,28.58,,,,,57.0079048,0.09842525
291904,Boulder Mountain,MT,46.56,-111.29,2423.2,20170313,27.32,43.16,33.62,,,,,55.9842822,0.09842525
291905,Boulder Mountain,MT,46.56,-111.29,2423.2,20170314,32.9,43.16,38.12,,,,,55.0000297,0.09842525
291906,Boulder Mountain,MT,46.56,-111.29,2423.2,20170315,36.5,51.26,42.08,,,,,54.0157772,0.09842525
291907,Boulder Mountain,MT,46.56,-111.29,2423.2,20170316,23.72,40.1,31.1,,,,,55.0000297,0.40157502
291908,Boulder Mountain,MT,46.56,-111.29,2423.2,20170317,23.9,44.24,35.06,,,,,54.0157772,0.09842525
291909,Boulder Mountain,MT,46.56,-111.29,2423.2,20170318,34.7,50.18,42.26,,,,,52.0079021,0.0
291910,Boulder Mountain,MT,46.56,-111.29,2423.2,20170319,28.4,41.9,34.34,,,,,52.0079021,0.20078751
291911,Boulder Mountain,MT,46.56,-111.29,2423.2,20170320,25.16,37.58,28.76,,,,,52.0079021,0.0
291912,Boulder Mountain,MT,46.56,-111.29,2423.2,20170321,27.14,48.92,37.76,,,,,50.9842795,0.0
291913,Boulder Mountain,MT,46.56,-111.29,2423.2,20170322,32.36,46.4,37.22,,,,,50.9842795,0.20078751
291914,Boulder Mountain,MT,46.56,-111.29,2423.2,20170323,27.32,39.92,32.0,,,,,50.9842795,0.0
291915,Boulder Mountain,MT,46.56,-111.29,2423.2,20170324,28.94,43.16,34.88,,,,,52.0079021,0.29921276
291916,Boulder Mountain,MT,46.56,-111.29,2423.2,20170325,24.62,40.1,30.56,,,,,52.9921546,0.09842525
291917,Boulder Mountain,MT,46.56,-111.29,2423.2,20170326,23.36,42.8,32.18,,,,,54.0157772,0.29921276
291918,Boulder Mountain,MT,46.56,-111.29,2423.2,20170327,23.54,40.82,31.28,,,,,52.9921546,0.09842525
291919,Boulder Mountain,MT,46.56,-111.29,2423.2,20170328,22.1,38.84,29.12,,,,,52.9921546,0.0
291920,Boulder Mountain,MT,46.56,-111.29,2423.2,20170329,27.86,39.74,32.54,,,,,54.0157772,0.29921276
291921,Boulder Mountain,MT,46.56,-111.29,2423.2,20170330,28.58,44.6,33.62,,,,,55.9842822,0.29921276
291922,Boulder Mountain,MT,46.56,-111.29,2423.2,20170331,27.86,42.8,31.82,,,,,54.0157772,0.09842525
291923,Boulder Mountain,MT,46.56,-111.29,2423.2,20170401,28.22,45.14,35.96,,,,,52.9921546,0.0
291924,Boulder Mountain,MT,46.56,-111.29,2423.2,20170402,18.68,42.44,29.84,,,,,52.9921546,0.0
291925,Boulder Mountain,MT,46.56,-111.29,2423.2,20170403,17.78,33.44,21.02,,,,,55.9842822,0.29921276
291926,Boulder Mountain,MT,46.56,-111.29,2423.2,20170404,14.9,37.04,26.78,,,,,55.0000297,0.0
291927,Boulder Mountain,MT,46.56,-111.29,2423.2,20170405,26.78,42.62,34.34,,,,,54.0157772,0.0
291928,Boulder Mountain,MT,46.56,-111.29,2423.2,20170406,33.98,49.46,40.1,,,,,52.9921546,0.0
291929,Boulder Mountain,MT,46.56,-111.29,2423.2,20170407,30.38,43.34,37.76,,,,,52.9921546,0.0
291930,Boulder Mountain,MT,46.56,-111.29,2423.2,20170408,23.72,47.12,33.26,,,,,54.0157772,0.20078751
291931,Boulder Mountain,MT,46.56,-111.29,2423.2,20170409,19.94,28.94,23.18,,,,,57.992157299999995,0.50000027
291932,Boulder Mountain,MT,46.56,-111.29,2423.2,20170410,20.12,36.32,25.7,,,,,57.0079048,0.0
291933,Boulder Mountain,MT,46.56,-111.29,2423.2,20170411,19.76,42.26,30.2,,,,,57.0079048,0.29921276
291934,Boulder Mountain,MT,46.56,-111.29,2423.2,20170412,27.86,46.4,37.4,,,,,55.0000297,0.09842525
291935,Boulder Mountain,MT,46.56,-111.29,2423.2,20170413,28.76,56.48,42.62,,,,,55.9842822,0.09842525
291936,Boulder Mountain,MT,46.56,-111.29,2423.2,20170414,21.38,39.02,28.58,,,,,57.0079048,0.20078751
291937,Boulder Mountain,MT,46.56,-111.29,2423.2,20170415,19.58,35.6,25.7,,,,,55.9842822,0.09842525
291938,Boulder Mountain,MT,46.56,-111.29,2423.2,20170416,21.56,44.78,32.0,,,,,55.0000297,0.09842525
291939,Boulder Mountain,MT,46.56,-111.29,2423.2,20170417,30.02,40.1,34.16,,,,,57.0079048,0.20078751
291940,Boulder Mountain,MT,46.56,-111.29,2423.2,20170418,29.66,48.92,37.58,,,,,57.0079048,0.20078751
291941,Boulder Mountain,MT,46.56,-111.29,2423.2,20170419,27.5,44.6,34.34,,,,,55.0000297,0.0
291942,Boulder Mountain,MT,46.56,-111.29,2423.2,20170420,27.5,51.8,37.4,,,,,57.0079048,0.09842525
291943,Boulder Mountain,MT,46.56,-111.29,2423.2,20170421,26.24,37.76,29.12,,,,,57.992157299999995,0.40157502
291944,Boulder Mountain,MT,46.56,-111.29,2423.2,20170422,23.36,45.5,35.6,,,,,55.0000297,0.0
291945,Boulder Mountain,MT,46.56,-111.29,2423.2,20170423,30.74,47.84,35.78,,,,,57.0079048,0.29921276
291946,Boulder Mountain,MT,46.56,-111.29,2423.2,20170424,28.76,46.22,33.62,,,,,55.0000297,0.0
291947,Boulder Mountain,MT,46.56,-111.29,2423.2,20170425,27.32,43.88,32.9,,,,,55.0000297,0.09842525
291948,Boulder Mountain,MT,46.56,-111.29,2423.2,20170426,27.14,43.7,31.64,,,,,57.0079048,0.29921276
291949,Boulder Mountain,MT,46.56,-111.29,2423.2,20170427,24.62,33.62,27.86,,,,,59.0157799,0.29921276
291950,Boulder Mountain,MT,46.56,-111.29,2423.2,20170428,23.9,39.92,27.86,,,,,57.992157299999995,0.09842525
291951,Boulder Mountain,MT,46.56,-111.29,2423.2,20170429,24.26,45.5,33.8,,,,,57.0079048,0.0
291952,Boulder Mountain,MT,46.56,-111.29,2423.2,20170430,27.68,43.16,33.8,,,,,57.0079048,0.09842525
291953,Boulder Mountain,MT,46.56,-111.29,2423.2,20170501,26.42,46.04,32.72,,,,,57.0079048,0.09842525
291954,Boulder Mountain,MT,46.56,-111.29,2423.2,20170502,24.98,37.4,29.84,,,,,59.0157799,0.29921276
291955,Boulder Mountain,MT,46.56,-111.29,2423.2,20170503,25.88,50.9,40.28,,,,,55.9842822,0.0
291956,Boulder Mountain,MT,46.56,-111.29,2423.2,20170504,40.46,64.58,51.98,,,,,52.9921546,0.0
291957,Boulder Mountain,MT,46.56,-111.29,2423.2,20170505,46.04,67.64,55.22,,,,,50.000027,0.0
291958,Boulder Mountain,MT,46.56,-111.29,2423.2,20170506,44.06,64.94,52.52,,,,,47.992151899999996,0.0
291959,Boulder Mountain,MT,46.56,-111.29,2423.2,20170507,28.22,53.6,40.46,,,,,47.0078994,0.29921276
291960,Boulder Mountain,MT,46.56,-111.29,2423.2,20170508,25.88,51.98,38.3,,,,,45.00002429999999,0.0
291961,Boulder Mountain,MT,46.56,-111.29,2423.2,20170509,35.6,55.58,43.16,,,,,42.0078967,0.0
291962,Boulder Mountain,MT,46.56,-111.29,2423.2,20170510,37.4,62.06,49.64,,,,,40.9842741,0.0
291963,Boulder Mountain,MT,46.56,-111.29,2423.2,20170511,42.8,66.38,53.24,,,,,37.007894,0.09842525
291964,Boulder Mountain,MT,46.56,-111.29,2423.2,20170512,29.66,63.5,48.92,,,,,35.0000189,0.09842525
291965,Boulder Mountain,MT,46.56,-111.29,2423.2,20170513,25.7,36.5,29.48,,,,,37.007894,0.29921276
291966,Boulder Mountain,MT,46.56,-111.29,2423.2,20170514,23.72,41.36,31.46,,,,,35.0000189,0.09842525
291967,Boulder Mountain,MT,46.56,-111.29,2423.2,20170515,30.38,44.96,35.6,,,,,35.0000189,0.0
291968,Boulder Mountain,MT,46.56,-111.29,2423.2,20170516,29.84,48.74,37.22,,,,,35.0000189,0.09842525
291969,Boulder Mountain,MT,46.56,-111.29,2423.2,20170517,31.46,34.52,32.9,,,,,45.984276799999996,2.09842633
291970,Boulder Mountain,MT,46.56,-111.29,2423.2,20170518,28.22,43.16,33.62,,,,,44.015771799999996,0.20078751
291971,Boulder Mountain,MT,46.56,-111.29,2423.2,20170519,26.24,52.16,39.02,,,,,40.9842741,0.0
291972,Boulder Mountain,MT,46.56,-111.29,2423.2,20170520,34.16,50.72,39.92,,,,,40.000021600000004,0.09842525
291973,Boulder Mountain,MT,46.56,-111.29,2423.2,20170521,34.88,53.42,43.16,,,,,39.0157691,0.0
291974,Boulder Mountain,MT,46.56,-111.29,2423.2,20170522,40.28,55.04,45.5,,,,,37.007894,0.0
291975,Boulder Mountain,MT,46.56,-111.29,2423.2,20170523,39.74,62.42,52.7,,,,,34.0157664,0.0
291976,Boulder Mountain,MT,46.56,-111.29,2423.2,20170524,30.56,49.82,42.8,,,,,30.984268699999998,0.0
291977,Boulder Mountain,MT,46.56,-111.29,2423.2,20170525,28.94,42.62,33.44,,,,,30.984268699999998,0.20078751
291978,Boulder Mountain,MT,46.56,-111.29,2423.2,20170526,30.74,51.44,39.38,,,,,29.015763699999997,0.0
291979,Boulder Mountain,MT,46.56,-111.29,2423.2,20170527,36.86,57.92,46.94,,,,,27.0078886,0.0
291980,Boulder Mountain,MT,46.56,-111.29,2423.2,20170528,41.36,60.26,47.84,,,,,25.984266,0.0
291981,Boulder Mountain,MT,46.56,-111.29,2423.2,20170529,40.64,60.62,49.64,,,,,24.015760999999998,0.0
291982,Boulder Mountain,MT,46.56,-111.29,2423.2,20170530,45.86,63.86,53.06,,,,,20.000010800000002,0.0
291983,Boulder Mountain,MT,46.56,-111.29,2423.2,20170531,46.4,70.16,56.12,,,,,17.0078832,0.0
291984,Boulder Mountain,MT,46.56,-111.29,2423.2,20170601,41.72,63.86,52.16,,,,,14.015755599999999,0.0
291985,Boulder Mountain,MT,46.56,-111.29,2423.2,20170602,39.74,56.84,47.3,,,,,10.9842579,0.0
291986,Boulder Mountain,MT,46.56,-111.29,2423.2,20170603,43.88,66.38,55.76,,,,,7.007877799999999,0.0
291987,Boulder Mountain,MT,46.56,-111.29,2423.2,20170604,45.86,74.48,57.56,,,,,2.0078751,0.40157502
291988,Boulder Mountain,MT,46.56,-111.29,2423.2,20170605,37.94,55.4,44.78,,,,,0.0,0.09842525
291989,Boulder Mountain,MT,46.56,-111.29,2423.2,20170606,38.84,60.44,49.28,,,,,0.0,0.0
291990,Boulder Mountain,MT,46.56,-111.29,2423.2,20170607,46.4,72.32,57.56,,,,,0.0,0.09842525
291991,Boulder Mountain,MT,46.56,-111.29,2423.2,20170608,48.2,75.02,60.62,,,,,0.0,0.0
291992,Boulder Mountain,MT,46.56,-111.29,2423.2,20170609,34.52,55.22,42.8,,,,,0.0,0.40157502
291993,Boulder Mountain,MT,46.56,-111.29,2423.2,20170610,30.92,48.2,36.5,,,,,0.0,0.20078751
291994,Boulder Mountain,MT,46.56,-111.29,2423.2,20170611,29.84,55.76,42.8,,,,,0.0,0.0
291995,Boulder Mountain,MT,46.56,-111.29,2423.2,20170612,36.14,60.08,46.22,,,,,2.0078751,0.70078778
291996,Boulder Mountain,MT,46.56,-111.29,2423.2,20170613,32.9,44.96,36.86,,,,,0.0,0.90157529
291997,Boulder Mountain,MT,46.56,-111.29,2423.2,20170614,34.34,50.36,42.26,,,,,0.0,0.0
291998,Boulder Mountain,MT,46.56,-111.29,2423.2,20170615,39.02,54.68,44.96,,,,,0.0,0.0
291999,Boulder Mountain,MT,46.56,-111.29,2423.2,20170616,37.58,53.24,43.7,,,,,0.0,0.40157502
292000,Boulder Mountain,MT,46.56,-111.29,2423.2,20170617,36.14,51.8,43.16,,,,,0.0,0.0
292001,Boulder Mountain,MT,46.56,-111.29,2423.2,20170618,37.4,49.64,44.24,,,,,0.0,0.0
292002,Boulder Mountain,MT,46.56,-111.29,2423.2,20170619,42.8,66.92,54.5,,,,,0.0,0.0
292003,Boulder Mountain,MT,46.56,-111.29,2423.2,20170620,50.54,70.7,59.54,,,,,0.0,0.0
292004,Boulder Mountain,MT,46.56,-111.29,2423.2,20170621,43.16,62.6,52.88,,,,,0.0,0.0
292005,Boulder Mountain,MT,46.56,-111.29,2423.2,20170622,35.6,54.68,43.34,,,,,0.0,0.0
292006,Boulder Mountain,MT,46.56,-111.29,2423.2,20170623,34.7,54.32,43.88,,,,,0.0,0.0
292007,Boulder Mountain,MT,46.56,-111.29,2423.2,20170624,38.48,59.72,48.2,,,,,0.0,0.0
292008,Boulder Mountain,MT,46.56,-111.29,2423.2,20170625,43.16,66.92,55.22,,,,,0.0,0.0
292009,Boulder Mountain,MT,46.56,-111.29,2423.2,20170626,49.28,77.18,63.14,,,,,0.0,0.09842525
292010,Boulder Mountain,MT,46.56,-111.29,2423.2,20170627,45.32,60.98,51.62,,,,,0.0,0.0
292011,Boulder Mountain,MT,46.56,-111.29,2423.2,20170628,40.82,60.62,50.36,,,,,0.0,0.0
292012,Boulder Mountain,MT,46.56,-111.29,2423.2,20170629,39.2,53.96,43.88,,,,,0.0,0.0
292013,Boulder Mountain,MT,46.56,-111.29,2423.2,20170630,42.08,64.04,53.42,,,,,0.0,0.0
292014,Boulder Mountain,MT,46.56,-111.29,2423.2,20170701,50.72,73.04,61.16,,,,,0.0,0.0
292015,Boulder Mountain,MT,46.56,-111.29,2423.2,20170702,54.5,74.3,62.06,,,,,0.0,0.0
292016,Boulder Mountain,MT,46.56,-111.29,2423.2,20170703,54.86,74.66,63.68,,,,,0.0,0.0
292017,Boulder Mountain,MT,46.56,-111.29,2423.2,20170704,50.9,74.48,62.96,,,,,0.0,0.0
292018,Boulder Mountain,MT,46.56,-111.29,2423.2,20170705,52.16,80.24,65.66,,,,,0.0,0.09842525
292019,Boulder Mountain,MT,46.56,-111.29,2423.2,20170706,56.66,80.06,66.56,,,,,0.0,0.0
292020,Boulder Mountain,MT,46.56,-111.29,2423.2,20170707,59.0,75.38,65.3,,,,,0.0,0.0
292021,Boulder Mountain,MT,46.56,-111.29,2423.2,20170708,59.9,79.88,69.26,,,,,0.0,0.0
292022,Boulder Mountain,MT,46.56,-111.29,2423.2,20170709,50.18,79.16,65.3,,,,,0.0,0.20078751
292023,Boulder Mountain,MT,46.56,-111.29,2423.2,20170710,48.74,69.08,56.66,,,,,0.0,0.09842525
292024,Boulder Mountain,MT,46.56,-111.29,2423.2,20170711,46.22,64.58,54.68,,,,,0.0,0.09842525
292025,Boulder Mountain,MT,46.56,-111.29,2423.2,20170712,45.32,72.32,59.0,,,,,0.0,0.0
292026,Boulder Mountain,MT,46.56,-111.29,2423.2,20170713,56.48,79.7,67.28,,,,,0.0,0.0
292027,Boulder Mountain,MT,46.56,-111.29,2423.2,20170714,59.54,78.08,66.92,,,,,0.0,0.0
292028,Boulder Mountain,MT,46.56,-111.29,2423.2,20170715,53.42,81.5,66.02,,,,,0.0,0.0
292029,Boulder Mountain,MT,46.56,-111.29,2423.2,20170716,52.16,75.2,63.14,,,,,0.0,0.0
292030,Boulder Mountain,MT,46.56,-111.29,2423.2,20170717,49.46,69.26,58.46,,,,,0.0,0.0
292031,Boulder Mountain,MT,46.56,-111.29,2423.2,20170718,50.0,73.22,61.16,,,,,0.0,0.09842525
292032,Boulder Mountain,MT,46.56,-111.29,2423.2,20170719,49.28,75.38,62.42,,,,,0.0,0.0
292033,Boulder Mountain,MT,46.56,-111.29,2423.2,20170720,53.24,78.44,64.76,,,,,0.0,0.0
292034,Boulder Mountain,MT,46.56,-111.29,2423.2,20170721,48.38,69.08,57.74,,,,,0.0,0.0
292035,Boulder Mountain,MT,46.56,-111.29,2423.2,20170722,50.54,70.34,59.9,,,,,0.0,0.0
292036,Boulder Mountain,MT,46.56,-111.29,2423.2,20170723,55.04,78.98,66.56,,,,,0.0,0.0
292037,Boulder Mountain,MT,46.56,-111.29,2423.2,20170724,56.66,75.92,63.86,,,,,0.0,0.0
292038,Boulder Mountain,MT,46.56,-111.29,2423.2,20170725,47.48,71.6,59.36,,,,,0.0,0.0
292039,Boulder Mountain,MT,46.56,-111.29,2423.2,20170726,52.88,76.1,61.88,,,,,0.0,0.0
292040,Boulder Mountain,MT,46.56,-111.29,2423.2,20170727,55.4,74.84,62.96,,,,,0.0,0.0
292041,Boulder Mountain,MT,46.56,-111.29,2423.2,20170728,55.94,73.94,63.14,,,,,0.0,0.0
292042,Boulder Mountain,MT,46.56,-111.29,2423.2,20170729,55.76,75.38,64.76,,,,,0.0,0.0
292043,Boulder Mountain,MT,46.56,-111.29,2423.2,20170730,59.72,78.8,67.46,,,,,0.0,0.0
292044,Boulder Mountain,MT,46.56,-111.29,2423.2,20170731,57.92,77.0,65.3,,,,,0.0,0.0
292045,Boulder Mountain,MT,46.56,-111.29,2423.2,20170801,51.08,73.94,62.42,,,,,0.0,0.0
292046,Boulder Mountain,MT,46.56,-111.29,2423.2,20170802,42.98,62.78,51.08,,,,,0.0,0.0
292047,Boulder Mountain,MT,46.56,-111.29,2423.2,20170803,43.52,67.28,55.04,,,,,0.0,0.0
292048,Boulder Mountain,MT,46.56,-111.29,2423.2,20170804,43.52,69.8,57.38,,,,,0.0,0.0
292049,Boulder Mountain,MT,46.56,-111.29,2423.2,20170805,40.82,55.4,46.04,,,,,0.0,0.0
292050,Boulder Mountain,MT,46.56,-111.29,2423.2,20170806,40.46,62.24,50.18,,,,,0.0,0.0
292051,Boulder Mountain,MT,46.56,-111.29,2423.2,20170807,45.86,66.74,55.76,,,,,0.0,0.0
292052,Boulder Mountain,MT,46.56,-111.29,2423.2,20170808,46.22,65.48,54.14,,,,,0.0,0.0
292053,Boulder Mountain,MT,46.56,-111.29,2423.2,20170809,44.6,63.86,51.98,,,,,0.0,0.0
292054,Boulder Mountain,MT,46.56,-111.29,2423.2,20170810,46.94,69.08,57.74,,,,,0.0,0.0
292055,Boulder Mountain,MT,46.56,-111.29,2423.2,20170811,47.48,69.98,58.1,,,,,0.0,0.0
292056,Boulder Mountain,MT,46.56,-111.29,2423.2,20170812,49.64,71.24,59.54,,,,,0.0,0.0
292057,Boulder Mountain,MT,46.56,-111.29,2423.2,20170813,45.5,69.62,54.68,,,,,0.0,0.20078751
292058,Boulder Mountain,MT,46.56,-111.29,2423.2,20170814,43.7,60.08,50.0,,,,,0.0,0.0
292059,Boulder Mountain,MT,46.56,-111.29,2423.2,20170815,43.34,64.4,53.6,,,,,0.0,0.0
292060,Boulder Mountain,MT,46.56,-111.29,2423.2,20170816,48.2,67.28,56.84,,,,,0.0,0.0
292061,Boulder Mountain,MT,46.56,-111.29,2423.2,20170817,48.56,67.28,56.66,,,,,0.0,0.0
292062,Boulder Mountain,MT,46.56,-111.29,2423.2,20170818,49.28,71.42,59.54,,,,,0.0,0.0
292063,Boulder Mountain,MT,46.56,-111.29,2423.2,20170819,47.48,68.18,57.2,,,,,0.0,0.0
292064,Boulder Mountain,MT,46.56,-111.29,2423.2,20170820,43.16,62.24,52.7,,,,,0.0,0.0
292065,Boulder Mountain,MT,46.56,-111.29,2423.2,20170821,45.68,65.84,54.68,,,,,0.0,0.0
292066,Boulder Mountain,MT,46.56,-111.29,2423.2,20170822,50.54,73.94,61.7,,,,,0.0,0.0
292067,Boulder Mountain,MT,46.56,-111.29,2423.2,20170823,56.48,73.76,64.4,,,,,0.0,0.0
292068,Boulder Mountain,MT,46.56,-111.29,2423.2,20170824,51.44,74.12,59.18,,,,,0.0,0.0
292069,Boulder Mountain,MT,46.56,-111.29,2423.2,20170825,47.84,71.06,58.46,,,,,0.0,0.0
292070,Boulder Mountain,MT,46.56,-111.29,2423.2,20170826,50.72,69.62,59.0,,,,,0.0,0.0
292071,Boulder Mountain,MT,46.56,-111.29,2423.2,20170827,53.06,75.56,63.68,,,,,0.0,0.0
292072,Boulder Mountain,MT,46.56,-111.29,2423.2,20170828,57.2,75.74,65.3,,,,,0.0,0.0
292073,Boulder Mountain,MT,46.56,-111.29,2423.2,20170829,59.18,75.02,65.66,,,,,0.0,0.0
292074,Boulder Mountain,MT,46.56,-111.29,2423.2,20170830,56.3,79.16,65.48,,,,,0.0,0.0
292075,Boulder Mountain,MT,46.56,-111.29,2423.2,20170831,50.54,71.96,60.98,,,,,0.0,0.0
292076,Boulder Mountain,MT,46.56,-111.29,2423.2,20170901,46.04,68.18,57.74,,,,,0.0,0.0
292077,Boulder Mountain,MT,46.56,-111.29,2423.2,20170902,55.22,76.64,65.48,,,,,0.0,0.0
292078,Boulder Mountain,MT,46.56,-111.29,2423.2,20170903,50.36,78.62,66.38,,,,,0.0,0.0
292079,Boulder Mountain,MT,46.56,-111.29,2423.2,20170904,42.08,58.1,48.56,,,,,0.0,0.0
292080,Boulder Mountain,MT,46.56,-111.29,2423.2,20170905,41.36,67.28,54.14,,,,,0.0,0.0
292081,Boulder Mountain,MT,46.56,-111.29,2423.2,20170906,53.42,71.42,60.98,,,,,0.0,0.0
292082,Boulder Mountain,MT,46.56,-111.29,2423.2,20170907,53.42,72.86,61.88,,,,,0.0,0.0
292083,Boulder Mountain,MT,46.56,-111.29,2423.2,20170908,56.66,74.84,64.04,,,,,0.0,0.0
292084,Boulder Mountain,MT,46.56,-111.29,2423.2,20170909,51.44,74.84,60.62,,,,,0.0,0.09842525
292085,Boulder Mountain,MT,46.56,-111.29,2423.2,20170910,50.36,66.2,56.84,,,,,0.0,0.0
292086,Boulder Mountain,MT,46.56,-111.29,2423.2,20170911,49.28,72.68,60.26,,,,,0.0,0.0
292087,Boulder Mountain,MT,46.56,-111.29,2423.2,20170912,57.2,74.48,63.68,,,,,0.0,0.0
292088,Boulder Mountain,MT,46.56,-111.29,2423.2,20170913,39.74,66.56,53.96,,,,,0.0,0.0
292089,Boulder Mountain,MT,46.56,-111.29,2423.2,20170914,30.38,40.28,34.7,,,,,2.0078751,0.79921303
292090,Boulder Mountain,MT,46.56,-111.29,2423.2,20170915,28.76,30.56,29.66,,,,,10.9842579,1.50000081
292091,Boulder Mountain,MT,46.56,-111.29,2423.2,20170916,27.5,40.46,31.28,,,,,12.007880499999999,0.59842552
292092,Boulder Mountain,MT,46.56,-111.29,2423.2,20170917,29.12,43.34,35.96,,,,,10.000005400000001,0.0
292093,Boulder Mountain,MT,46.56,-111.29,2423.2,20170918,32.36,45.14,38.12,,,,,7.007877799999999,0.50000027
292094,Boulder Mountain,MT,46.56,-111.29,2423.2,20170919,28.76,41.0,31.82,,,,,7.007877799999999,0.20078751
292095,Boulder Mountain,MT,46.56,-111.29,2423.2,20170920,27.32,37.4,30.74,,,,,10.000005400000001,0.50000027
292096,Boulder Mountain,MT,46.56,-111.29,2423.2,20170921,27.32,37.58,31.64,,,,,10.9842579,0.29921276
292097,Pickfoot Creek,MT,46.58,-111.27,2026.9,20170101,-6.16,20.12,8.24,,,,,22.992138399999998,0.40157502
292098,Pickfoot Creek,MT,46.58,-111.27,2026.9,20170102,-11.92,2.48,-6.16,,,,,22.992138399999998,0.0
292099,Pickfoot Creek,MT,46.58,-111.27,2026.9,20170103,-11.92,4.46,-3.82,,,,,22.007885899999998,0.0
292100,Pickfoot Creek,MT,46.58,-111.27,2026.9,20170104,-7.78,7.34,-1.3,,,,,22.992138399999998,0.0
292101,Pickfoot Creek,MT,46.58,-111.27,2026.9,20170105,-8.32,14.18,1.58,,,,,22.007885899999998,0.0
292102,Pickfoot Creek,MT,46.58,-111.27,2026.9,20170106,1.94,20.12,10.76,,,,,22.007885899999998,0.0
292103,Pickfoot Creek,MT,46.58,-111.27,2026.9,20170107,8.6,27.5,17.78,,,,,24.015760999999998,0.20078751
292104,Pickfoot Creek,MT,46.58,-111.27,2026.9,20170108,19.04,33.08,27.32,,,,,27.0078886,0.59842552
292105,Pickfoot Creek,MT,46.58,-111.27,2026.9,20170109,19.04,37.04,29.84,,,,,25.984266,0.29921276
292106,Pickfoot Creek,MT,46.58,-111.27,2026.9,20170110,-8.14,25.88,12.92,,,,,27.9921411,0.09842525
292107,Pickfoot Creek,MT,46.58,-111.27,2026.9,20170111,-8.32,14.54,2.12,,,,,29.015763699999997,0.09842525
292108,Pickfoot Creek,MT,46.58,-111.27,2026.9,20170112,6.26,25.16,15.08,,,,,27.9921411,0.0
292109,Pickfoot Creek,MT,46.58,-111.27,2026.9,20170113,15.8,30.2,21.38,,,,,27.0078886,0.0
292110,Pickfoot Creek,MT,46.58,-111.27,2026.9,20170114,19.22,30.2,23.0,,,,,27.0078886,0.0
292111,Pickfoot Creek,MT,46.58,-111.27,2026.9,20170115,19.4,34.16,26.06,,,,,27.0078886,0.0
292112,Pickfoot Creek,MT,46.58,-111.27,2026.9,20170116,17.24,33.8,24.8,,,,,25.984266,0.0
292113,Pickfoot Creek,MT,46.58,-111.27,2026.9,20170117,26.78,42.8,36.32,,,,,25.984266,0.0
292114,Pickfoot Creek,MT,46.58,-111.27,2026.9,20170118,32.9,45.14,38.12,,,,,25.984266,0.0
292115,Pickfoot Creek,MT,46.58,-111.27,2026.9,20170119,29.84,35.06,32.72,,,,,25.0000135,0.0
292116,Pickfoot Creek,MT,46.58,-111.27,2026.9,20170120,22.46,34.52,27.5,,,,,25.984266,0.0
292117,Pickfoot Creek,MT,46.58,-111.27,2026.9,20170121,19.76,33.62,25.7,,,,,25.0000135,0.09842525
292118,Pickfoot Creek,MT,46.58,-111.27,2026.9,20170122,20.3,34.7,25.7,,,,,25.0000135,0.0
292119,Pickfoot Creek,MT,46.58,-111.27,2026.9,20170123,12.02,24.44,18.68,,,,,25.0000135,0.09842525
292120,Pickfoot Creek,MT,46.58,-111.27,2026.9,20170124,9.14,26.24,15.44,,,,,25.0000135,0.0
292121,Pickfoot Creek,MT,46.58,-111.27,2026.9,20170125,10.94,26.24,18.5,,,,,27.0078886,0.0
292122,Pickfoot Creek,MT,46.58,-111.27,2026.9,20170126,14.9,27.86,18.86,,,,,25.984266,0.0
292123,Pickfoot Creek,MT,46.58,-111.27,2026.9,20170127,11.84,31.46,21.38,,,,,25.984266,0.0
292124,Pickfoot Creek,MT,46.58,-111.27,2026.9,20170128,27.86,39.38,33.98,,,,,25.0000135,0.0
292125,Pickfoot Creek,MT,46.58,-111.27,2026.9,20170129,35.78,47.12,40.28,,,,,25.0000135,0.0
292126,Pickfoot Creek,MT,46.58,-111.27,2026.9,20170130,27.32,39.74,33.08,,,,,25.0000135,0.0
292127,Pickfoot Creek,MT,46.58,-111.27,2026.9,20170131,5.72,27.5,14.72,,,,,30.0000162,0.29921276
292128,Pickfoot Creek,MT,46.58,-111.27,2026.9,20170201,-4.9,9.86,2.12,,,,,29.015763699999997,0.09842525
292129,Pickfoot Creek,MT,46.58,-111.27,2026.9,20170202,-7.42,7.7,-1.48,,,,,29.015763699999997,0.09842525
292130,Pickfoot Creek,MT,46.58,-111.27,2026.9,20170203,-1.66,36.5,24.62,,,,,30.0000162,0.0
292131,Pickfoot Creek,MT,46.58,-111.27,2026.9,20170204,29.3,39.92,32.9,,,,,30.984268699999998,0.29921276
292132,Pickfoot Creek,MT,46.58,-111.27,2026.9,20170205,30.2,37.4,33.44,,,,,30.984268699999998,0.0
292133,Pickfoot Creek,MT,46.58,-111.27,2026.9,20170206,16.16,36.68,29.48,,,,,32.0078913,0.20078751
292134,Pickfoot Creek,MT,46.58,-111.27,2026.9,20170207,6.26,23.54,16.52,,,,,32.0078913,0.0
292135,Pickfoot Creek,MT,46.58,-111.27,2026.9,20170208,18.86,33.62,26.42,,,,,32.0078913,0.09842525
292136,Pickfoot Creek,MT,46.58,-111.27,2026.9,20170209,33.44,43.16,39.02,,,,,30.0000162,0.09842525
292137,Pickfoot Creek,MT,46.58,-111.27,2026.9,20170210,24.44,38.3,31.82,,,,,35.0000189,0.59842552
292138,Pickfoot Creek,MT,46.58,-111.27,2026.9,20170211,17.96,27.5,22.82,,,,,32.9921438,0.0
292139,Pickfoot Creek,MT,46.58,-111.27,2026.9,20170212,19.04,37.04,30.74,,,,,32.9921438,0.0
292140,Pickfoot Creek,MT,46.58,-111.27,2026.9,20170213,28.04,45.14,35.06,,,,,32.0078913,0.0
292141,Pickfoot Creek,MT,46.58,-111.27,2026.9,20170214,28.4,47.48,36.14,,,,,32.0078913,0.0
292142,Pickfoot Creek,MT,46.58,-111.27,2026.9,20170215,34.34,53.96,43.16,,,,,32.0078913,0.0
292143,Pickfoot Creek,MT,46.58,-111.27,2026.9,20170216,31.28,44.96,38.84,,,,,34.0157664,0.40157502
292144,Pickfoot Creek,MT,46.58,-111.27,2026.9,20170217,29.48,45.68,34.34,,,,,34.0157664,0.09842525
292145,Pickfoot Creek,MT,46.58,-111.27,2026.9,20170218,33.08,46.22,38.3,,,,,32.9921438,0.0
292146,Pickfoot Creek,MT,46.58,-111.27,2026.9,20170219,27.86,40.1,34.34,,,,,37.007894,0.50000027
292147,Pickfoot Creek,MT,46.58,-111.27,2026.9,20170220,26.24,39.2,33.44,,,,,35.9842714,0.09842525
292148,Pickfoot Creek,MT,46.58,-111.27,2026.9,20170221,28.4,40.46,35.42,,,,,37.007894,0.20078751
292149,Pickfoot Creek,MT,46.58,-111.27,2026.9,20170222,19.58,35.78,27.14,,,,,37.007894,0.0
292150,Pickfoot Creek,MT,46.58,-111.27,2026.9,20170223,12.38,28.76,20.3,,,,,37.992146500000004,0.09842525
292151,Pickfoot Creek,MT,46.58,-111.27,2026.9,20170224,11.12,26.78,16.52,,,,,39.0157691,0.09842525
292152,Pickfoot Creek,MT,46.58,-111.27,2026.9,20170225,12.56,22.46,15.98,,,,,40.000021600000004,0.09842525
292153,Pickfoot Creek,MT,46.58,-111.27,2026.9,20170226,9.32,24.8,16.88,,,,,47.0078994,0.50000027
292154,Pickfoot Creek,MT,46.58,-111.27,2026.9,20170227,4.46,30.02,17.06,,,,,45.00002429999999,0.09842525
292155,Pickfoot Creek,MT,46.58,-111.27,2026.9,20170228,13.46,27.5,17.78,,,,,45.984276799999996,0.20078751
292156,Pickfoot Creek,MT,46.58,-111.27,2026.9,20170301,14.72,29.12,23.36,,,,,44.015771799999996,0.0
292157,Pickfoot Creek,MT,46.58,-111.27,2026.9,20170302,24.8,36.14,29.84,,,,,42.9921492,0.0
292158,Pickfoot Creek,MT,46.58,-111.27,2026.9,20170303,28.4,46.22,36.14,,,,,40.9842741,0.0
292159,Pickfoot Creek,MT,46.58,-111.27,2026.9,20170304,29.48,42.62,34.88,,,,,44.015771799999996,0.40157502
292160,Pickfoot Creek,MT,46.58,-111.27,2026.9,20170305,21.74,39.2,30.92,,,,,44.015771799999996,0.09842525
292161,Pickfoot Creek,MT,46.58,-111.27,2026.9,20170306,17.42,29.3,21.02,,,,,42.0078967,0.0
292162,Pickfoot Creek,MT,46.58,-111.27,2026.9,20170307,15.26,30.56,22.82,,,,,42.9921492,0.09842525
292163,Pickfoot Creek,MT,46.58,-111.27,2026.9,20170308,22.46,36.32,30.02,,,,,47.0078994,0.40157502
292164,Pickfoot Creek,MT,46.58,-111.27,2026.9,20170309,12.92,33.44,21.92,,,,,49.0157745,0.20078751
292165,Pickfoot Creek,MT,46.58,-111.27,2026.9,20170310,32.9,48.2,38.66,,,,,45.984276799999996,0.20078751
292166,Pickfoot Creek,MT,46.58,-111.27,2026.9,20170311,29.66,48.38,37.58,,,,,44.015771799999996,0.0
292167,Pickfoot Creek,MT,46.58,-111.27,2026.9,20170312,29.66,41.36,34.16,,,,,44.015771799999996,0.0
292168,Pickfoot Creek,MT,46.58,-111.27,2026.9,20170313,30.38,48.56,39.56,,,,,42.9921492,0.0
292169,Pickfoot Creek,MT,46.58,-111.27,2026.9,20170314,35.78,54.68,44.24,,,,,39.0157691,0.09842525
292170,Pickfoot Creek,MT,46.58,-111.27,2026.9,20170315,40.1,59.18,47.66,,,,,37.992146500000004,0.0
292171,Pickfoot Creek,MT,46.58,-111.27,2026.9,20170316,26.6,44.24,35.6,,,,,37.007894,0.40157502
292172,Pickfoot Creek,MT,46.58,-111.27,2026.9,20170317,26.06,51.26,40.28,,,,,35.9842714,0.09842525
292173,Pickfoot Creek,MT,46.58,-111.27,2026.9,20170318,39.56,57.74,48.38,,,,,34.0157664,0.09842525
292174,Pickfoot Creek,MT,46.58,-111.27,2026.9,20170319,30.02,50.9,39.74,,,,,32.9921438,0.09842525
292175,Pickfoot Creek,MT,46.58,-111.27,2026.9,20170320,25.7,39.2,31.28,,,,,32.0078913,0.09842525
292176,Pickfoot Creek,MT,46.58,-111.27,2026.9,20170321,26.78,43.34,32.36,,,,,32.9921438,0.0
292177,Pickfoot Creek,MT,46.58,-111.27,2026.9,20170322,32.9,52.34,41.36,,,,,32.0078913,0.09842525
292178,Pickfoot Creek,MT,46.58,-111.27,2026.9,20170323,29.66,46.76,37.04,,,,,32.0078913,0.0
292179,Pickfoot Creek,MT,46.58,-111.27,2026.9,20170324,29.66,50.18,39.92,,,,,30.984268699999998,0.09842525
292180,Pickfoot Creek,MT,46.58,-111.27,2026.9,20170325,29.66,47.3,35.42,,,,,32.0078913,0.29921276
292181,Pickfoot Creek,MT,46.58,-111.27,2026.9,20170326,27.68,48.38,36.86,,,,,30.984268699999998,0.0
292182,Pickfoot Creek,MT,46.58,-111.27,2026.9,20170327,30.2,48.02,36.32,,,,,30.984268699999998,0.0
292183,Pickfoot Creek,MT,46.58,-111.27,2026.9,20170328,28.94,43.16,34.7,,,,,30.0000162,0.09842525
292184,Pickfoot Creek,MT,46.58,-111.27,2026.9,20170329,31.64,45.68,37.76,,,,,30.0000162,0.0
292185,Pickfoot Creek,MT,46.58,-111.27,2026.9,20170330,33.26,50.54,38.48,,,,,27.9921411,0.09842525
292186,Pickfoot Creek,MT,46.58,-111.27,2026.9,20170331,31.28,47.12,35.24,,,,,29.015763699999997,0.0
292187,Pickfoot Creek,MT,46.58,-111.27,2026.9,20170401,30.74,51.98,41.36,,,,,27.9921411,0.09842525
292188,Pickfoot Creek,MT,46.58,-111.27,2026.9,20170402,25.16,48.02,35.78,,,,,27.0078886,0.0
292189,Pickfoot Creek,MT,46.58,-111.27,2026.9,20170403,22.64,42.98,26.24,,,,,27.9921411,0.20078751
292190,Pickfoot Creek,MT,46.58,-111.27,2026.9,20170404,21.02,44.06,32.18,,,,,27.9921411,0.0
292191,Pickfoot Creek,MT,46.58,-111.27,2026.9,20170405,29.3,48.56,40.28,,,,,25.984266,0.0
292192,Pickfoot Creek,MT,46.58,-111.27,2026.9,20170406,40.28,56.3,46.76,,,,,25.0000135,0.0
292193,Pickfoot Creek,MT,46.58,-111.27,2026.9,20170407,35.78,50.36,43.16,,,,,25.0000135,0.09842525
292194,Pickfoot Creek,MT,46.58,-111.27,2026.9,20170408,28.58,53.06,38.12,,,,,22.992138399999998,0.09842525
292195,Pickfoot Creek,MT,46.58,-111.27,2026.9,20170409,22.82,34.7,28.04,,,,,25.984266,0.40157502
292196,Pickfoot Creek,MT,46.58,-111.27,2026.9,20170410,23.36,42.98,31.1,,,,,25.984266,0.09842525
292197,Pickfoot Creek,MT,46.58,-111.27,2026.9,20170411,23.18,46.94,35.06,,,,,25.0000135,0.09842525
292198,Pickfoot Creek,MT,46.58,-111.27,2026.9,20170412,31.46,53.06,40.46,,,,,24.015760999999998,0.09842525
292199,Pickfoot Creek,MT,46.58,-111.27,2026.9,20170413,33.08,61.52,46.4,,,,,22.007885899999998,0.0
292200,Pickfoot Creek,MT,46.58,-111.27,2026.9,20170414,26.96,43.52,33.8,,,,,22.992138399999998,0.20078751
292201,Pickfoot Creek,MT,46.58,-111.27,2026.9,20170415,25.34,40.82,31.64,,,,,22.992138399999998,0.09842525
292202,Pickfoot Creek,MT,46.58,-111.27,2026.9,20170416,26.96,46.58,36.68,,,,,20.9842633,0.0
292203,Pickfoot Creek,MT,46.58,-111.27,2026.9,20170417,32.0,47.3,36.68,,,,,22.007885899999998,0.09842525
292204,Pickfoot Creek,MT,46.58,-111.27,2026.9,20170418,32.36,52.88,41.54,,,,,19.0157583,0.0
292205,Pickfoot Creek,MT,46.58,-111.27,2026.9,20170419,32.72,49.46,39.02,,,,,17.9921357,0.09842525
292206,Pickfoot Creek,MT,46.58,-111.27,2026.9,20170420,31.82,55.4,41.54,,,,,17.9921357,0.09842525
292207,Pickfoot Creek,MT,46.58,-111.27,2026.9,20170421,30.92,40.82,33.26,,,,,17.9921357,0.20078751
292208,Pickfoot Creek,MT,46.58,-111.27,2026.9,20170422,28.22,50.0,41.0,,,,,17.0078832,0.09842525
292209,Pickfoot Creek,MT,46.58,-111.27,2026.9,20170423,35.06,53.06,40.82,,,,,17.0078832,0.09842525
292210,Pickfoot Creek,MT,46.58,-111.27,2026.9,20170424,32.18,50.18,37.76,,,,,14.015755599999999,0.09842525
292211,Pickfoot Creek,MT,46.58,-111.27,2026.9,20170425,30.38,47.48,36.86,,,,,15.9842606,0.09842525
292212,Pickfoot Creek,MT,46.58,-111.27,2026.9,20170426,30.38,50.18,35.96,,,,,15.9842606,0.09842525
292213,Pickfoot Creek,MT,46.58,-111.27,2026.9,20170427,29.66,40.46,32.9,,,,,14.015755599999999,0.20078751
292214,Pickfoot Creek,MT,46.58,-111.27,2026.9,20170428,28.4,44.96,32.9,,,,,12.992133,0.09842525
292215,Pickfoot Creek,MT,46.58,-111.27,2026.9,20170429,27.32,48.56,38.12,,,,,15.0000081,0.09842525
292216,Pickfoot Creek,MT,46.58,-111.27,2026.9,20170430,32.9,50.54,39.74,,,,,12.992133,0.0
292217,Pickfoot Creek,MT,46.58,-111.27,2026.9,20170501,32.18,48.2,37.94,,,,,12.007880499999999,0.09842525
292218,Pickfoot Creek,MT,46.58,-111.27,2026.9,20170502,31.28,44.24,36.32,,,,,10.9842579,0.0
292219,Pickfoot Creek,MT,46.58,-111.27,2026.9,20170503,30.2,55.94,45.5,,,,,7.9921303,0.09842525
292220,Pickfoot Creek,MT,46.58,-111.27,2026.9,20170504,44.78,68.36,55.94,,,,,4.0157502,0.09842525
292221,Pickfoot Creek,MT,46.58,-111.27,2026.9,20170505,50.36,72.14,60.98,,,,,0.9842525,0.0
292222,Pickfoot Creek,MT,46.58,-111.27,2026.9,20170506,46.76,69.62,56.12,,,,,0.0,0.0
292223,Pickfoot Creek,MT,46.58,-111.27,2026.9,20170507,33.26,57.56,43.52,,,,,0.0,0.0
292224,Pickfoot Creek,MT,46.58,-111.27,2026.9,20170508,32.18,52.88,42.26,,,,,0.0,0.0
292225,Pickfoot Creek,MT,46.58,-111.27,2026.9,20170509,37.4,59.54,46.76,,,,,0.0,0.0
292226,Pickfoot Creek,MT,46.58,-111.27,2026.9,20170510,38.48,65.3,52.34,,,,,0.0,0.20078751
292227,Pickfoot Creek,MT,46.58,-111.27,2026.9,20170511,44.96,70.52,56.3,,,,,0.0,0.09842525
292228,Pickfoot Creek,MT,46.58,-111.27,2026.9,20170512,34.34,70.88,55.58,,,,,0.0,0.0
292229,Pickfoot Creek,MT,46.58,-111.27,2026.9,20170513,30.92,41.54,34.16,,,,,0.0,0.09842525
292230,Pickfoot Creek,MT,46.58,-111.27,2026.9,20170514,27.32,44.42,36.5,,,,,0.0,0.0
292231,Pickfoot Creek,MT,46.58,-111.27,2026.9,20170515,33.62,49.1,39.38,,,,,0.0,0.0
292232,Pickfoot Creek,MT,46.58,-111.27,2026.9,20170516,32.9,51.98,41.72,,,,,0.0,0.0
292233,Pickfoot Creek,MT,46.58,-111.27,2026.9,20170517,34.7,37.94,35.96,,,,,4.0157502,1.40157556
292234,Pickfoot Creek,MT,46.58,-111.27,2026.9,20170518,32.36,47.48,37.58,,,,,2.0078751,0.0
292235,Pickfoot Creek,MT,46.58,-111.27,2026.9,20170519,30.2,54.86,43.16,,,,,0.0,0.50000027
292236,Pickfoot Creek,MT,46.58,-111.27,2026.9,20170520,37.76,55.22,44.78,,,,,0.0,0.0
292237,Pickfoot Creek,MT,46.58,-111.27,2026.9,20170521,37.22,57.56,48.02,,,,,0.0,0.09842525
292238,Pickfoot Creek,MT,46.58,-111.27,2026.9,20170522,41.54,60.26,50.54,,,,,0.0,0.09842525
292239,Pickfoot Creek,MT,46.58,-111.27,2026.9,20170523,43.34,67.64,56.84,,,,,0.0,0.0
292240,Pickfoot Creek,MT,46.58,-111.27,2026.9,20170524,36.5,59.54,49.28,,,,,0.0,0.0
292241,Pickfoot Creek,MT,46.58,-111.27,2026.9,20170525,33.44,46.58,38.12,,,,,0.0,0.0
292242,Pickfoot Creek,MT,46.58,-111.27,2026.9,20170526,33.98,55.58,43.88,,,,,0.0,0.0
292243,Pickfoot Creek,MT,46.58,-111.27,2026.9,20170527,40.1,62.6,52.88,,,,,0.0,0.09842525
292244,Pickfoot Creek,MT,46.58,-111.27,2026.9,20170528,44.42,63.86,53.06,,,,,0.0,0.0
292245,Pickfoot Creek,MT,46.58,-111.27,2026.9,20170529,43.34,65.3,54.32,,,,,0.0,0.0
292246,Pickfoot Creek,MT,46.58,-111.27,2026.9,20170530,45.68,67.82,56.84,,,,,0.0,0.0
292247,Pickfoot Creek,MT,46.58,-111.27,2026.9,20170531,48.2,74.84,60.26,,,,,0.0,0.0
292248,Pickfoot Creek,MT,46.58,-111.27,2026.9,20170601,47.48,69.08,57.2,,,,,0.0,0.0
292249,Pickfoot Creek,MT,46.58,-111.27,2026.9,20170602,45.32,62.78,53.42,,,,,0.0,0.0
292250,Pickfoot Creek,MT,46.58,-111.27,2026.9,20170603,44.06,71.24,59.9,,,,,0.0,0.0
292251,Pickfoot Creek,MT,46.58,-111.27,2026.9,20170604,48.92,78.26,62.78,,,,,0.0,0.0
292252,Pickfoot Creek,MT,46.58,-111.27,2026.9,20170605,42.08,60.08,49.46,,,,,0.0,0.0
292253,Pickfoot Creek,MT,46.58,-111.27,2026.9,20170606,41.36,64.76,53.6,,,,,0.0,0.0
292254,Pickfoot Creek,MT,46.58,-111.27,2026.9,20170607,46.76,75.2,59.54,,,,,0.0,0.0
292255,Pickfoot Creek,MT,46.58,-111.27,2026.9,20170608,51.98,78.98,64.4,,,,,0.0,0.0
292256,Pickfoot Creek,MT,46.58,-111.27,2026.9,20170609,36.68,59.18,47.48,,,,,0.0,0.20078751
292257,Pickfoot Creek,MT,46.58,-111.27,2026.9,20170610,35.06,53.96,41.72,,,,,0.0,0.0
292258,Pickfoot Creek,MT,46.58,-111.27,2026.9,20170611,31.1,59.0,46.76,,,,,0.0,0.09842525
292259,Pickfoot Creek,MT,46.58,-111.27,2026.9,20170612,41.72,66.2,50.0,,,,,0.0,0.0
292260,Pickfoot Creek,MT,46.58,-111.27,2026.9,20170613,35.24,50.0,41.54,,,,,0.0,0.79921303
292261,Pickfoot Creek,MT,46.58,-111.27,2026.9,20170614,39.2,56.3,47.84,,,,,0.0,0.0
292262,Pickfoot Creek,MT,46.58,-111.27,2026.9,20170615,41.0,58.46,50.36,,,,,0.0,0.0
292263,Pickfoot Creek,MT,46.58,-111.27,2026.9,20170616,42.8,58.46,49.28,,,,,0.0,0.0
292264,Pickfoot Creek,MT,46.58,-111.27,2026.9,20170617,41.36,56.66,48.92,,,,,0.0,0.0
292265,Pickfoot Creek,MT,46.58,-111.27,2026.9,20170618,41.0,56.84,50.18,,,,,0.0,0.0
292266,Pickfoot Creek,MT,46.58,-111.27,2026.9,20170619,48.38,70.88,59.36,,,,,0.0,0.0
292267,Pickfoot Creek,MT,46.58,-111.27,2026.9,20170620,57.38,75.74,64.76,,,,,0.0,0.0
292268,Pickfoot Creek,MT,46.58,-111.27,2026.9,20170621,48.38,68.36,58.46,,,,,0.0,0.0
292269,Pickfoot Creek,MT,46.58,-111.27,2026.9,20170622,39.2,58.46,48.74,,,,,0.0,0.0
292270,Pickfoot Creek,MT,46.58,-111.27,2026.9,20170623,37.4,59.72,48.38,,,,,0.0,0.0
292271,Pickfoot Creek,MT,46.58,-111.27,2026.9,20170624,41.9,64.58,52.7,,,,,0.0,0.0
292272,Pickfoot Creek,MT,46.58,-111.27,2026.9,20170625,44.06,70.52,58.46,,,,,0.0,0.0
292273,Pickfoot Creek,MT,46.58,-111.27,2026.9,20170626,51.62,80.6,66.56,,,,,0.0,0.0
292274,Pickfoot Creek,MT,46.58,-111.27,2026.9,20170627,51.08,66.56,57.2,,,,,0.0,0.0
292275,Pickfoot Creek,MT,46.58,-111.27,2026.9,20170628,45.86,65.84,55.04,,,,,0.0,0.0
292276,Pickfoot Creek,MT,46.58,-111.27,2026.9,20170629,42.26,58.1,47.66,,,,,0.0,0.0
292277,Pickfoot Creek,MT,46.58,-111.27,2026.9,20170630,44.96,67.64,57.56,,,,,0.0,0.0
292278,Pickfoot Creek,MT,46.58,-111.27,2026.9,20170701,52.7,75.56,65.3,,,,,0.0,0.0
292279,Pickfoot Creek,MT,46.58,-111.27,2026.9,20170702,55.58,76.82,66.2,,,,,0.0,0.0
292280,Pickfoot Creek,MT,46.58,-111.27,2026.9,20170703,56.84,78.26,68.36,,,,,0.0,0.0
292281,Pickfoot Creek,MT,46.58,-111.27,2026.9,20170704,53.6,77.18,66.74,,,,,0.0,0.0
292282,Pickfoot Creek,MT,46.58,-111.27,2026.9,20170705,56.48,84.56,70.34,,,,,0.0,0.0
292283,Pickfoot Creek,MT,46.58,-111.27,2026.9,20170706,61.34,83.48,70.7,,,,,0.0,0.0
292284,Pickfoot Creek,MT,46.58,-111.27,2026.9,20170707,59.54,82.76,69.62,,,,,0.0,0.0
292285,Pickfoot Creek,MT,46.58,-111.27,2026.9,20170708,67.1,85.28,74.3,,,,,0.0,0.0
292286,Pickfoot Creek,MT,46.58,-111.27,2026.9,20170709,55.22,84.38,70.52,,,,,0.0,0.0
292287,Pickfoot Creek,MT,46.58,-111.27,2026.9,20170710,52.34,75.38,62.06,,,,,0.0,0.0
292288,Pickfoot Creek,MT,46.58,-111.27,2026.9,20170711,50.0,70.7,59.72,,,,,0.0,0.0
292289,Pickfoot Creek,MT,46.58,-111.27,2026.9,20170712,47.3,76.46,62.06,,,,,0.0,0.0
292290,Pickfoot Creek,MT,46.58,-111.27,2026.9,20170713,54.86,82.76,69.98,,,,,0.0,0.0
292291,Pickfoot Creek,MT,46.58,-111.27,2026.9,20170714,61.34,82.76,71.78,,,,,0.0,0.0
292292,Pickfoot Creek,MT,46.58,-111.27,2026.9,20170715,56.84,85.64,69.44,,,,,0.0,0.0
292293,Pickfoot Creek,MT,46.58,-111.27,2026.9,20170716,57.02,78.8,67.82,,,,,0.0,0.0
292294,Pickfoot Creek,MT,46.58,-111.27,2026.9,20170717,53.24,74.48,62.96,,,,,0.0,0.0
292295,Pickfoot Creek,MT,46.58,-111.27,2026.9,20170718,50.54,76.46,64.4,,,,,0.0,0.0
292296,Pickfoot Creek,MT,46.58,-111.27,2026.9,20170719,51.98,78.8,66.92,,,,,0.0,0.0
292297,Pickfoot Creek,MT,46.58,-111.27,2026.9,20170720,56.48,82.22,69.26,,,,,0.0,0.0
292298,Pickfoot Creek,MT,46.58,-111.27,2026.9,20170721,51.26,73.22,62.78,,,,,0.0,0.0
292299,Pickfoot Creek,MT,46.58,-111.27,2026.9,20170722,52.88,75.2,64.76,,,,,0.0,0.0
292300,Pickfoot Creek,MT,46.58,-111.27,2026.9,20170723,56.84,83.48,70.52,,,,,0.0,0.0
292301,Pickfoot Creek,MT,46.58,-111.27,2026.9,20170724,61.7,80.06,69.26,,,,,0.0,0.0
292302,Pickfoot Creek,MT,46.58,-111.27,2026.9,20170725,47.3,73.76,60.62,,,,,0.0,0.0
292303,Pickfoot Creek,MT,46.58,-111.27,2026.9,20170726,53.24,80.24,65.48,,,,,0.0,0.0
292304,Pickfoot Creek,MT,46.58,-111.27,2026.9,20170727,57.02,78.8,66.92,,,,,0.0,0.0
292305,Pickfoot Creek,MT,46.58,-111.27,2026.9,20170728,57.02,78.62,68.36,,,,,0.0,0.0
292306,Pickfoot Creek,MT,46.58,-111.27,2026.9,20170729,57.56,80.6,68.72,,,,,0.0,0.0
292307,Pickfoot Creek,MT,46.58,-111.27,2026.9,20170730,60.8,82.22,71.42,,,,,0.0,0.0
292308,Pickfoot Creek,MT,46.58,-111.27,2026.9,20170731,60.08,80.96,69.08,,,,,0.0,0.0
292309,Pickfoot Creek,MT,46.58,-111.27,2026.9,20170801,54.86,78.26,66.38,,,,,0.0,0.0
292310,Pickfoot Creek,MT,46.58,-111.27,2026.9,20170802,46.22,66.74,54.68,,,,,0.0,0.0
292311,Pickfoot Creek,MT,46.58,-111.27,2026.9,20170803,44.6,69.98,57.92,,,,,0.0,0.0
292312,Pickfoot Creek,MT,46.58,-111.27,2026.9,20170804,47.84,75.02,61.52,,,,,0.0,0.0
292313,Pickfoot Creek,MT,46.58,-111.27,2026.9,20170805,44.6,55.94,50.0,,,,,0.0,0.0
292314,Pickfoot Creek,MT,46.58,-111.27,2026.9,20170806,43.34,66.92,54.86,,,,,0.0,0.0
292315,Pickfoot Creek,MT,46.58,-111.27,2026.9,20170807,44.6,71.78,58.82,,,,,0.0,0.0
292316,Pickfoot Creek,MT,46.58,-111.27,2026.9,20170808,49.64,69.62,58.46,,,,,0.0,0.0
292317,Pickfoot Creek,MT,46.58,-111.27,2026.9,20170809,47.12,70.52,56.48,,,,,0.0,0.0
292318,Pickfoot Creek,MT,46.58,-111.27,2026.9,20170810,47.84,72.68,60.26,,,,,0.0,0.0
292319,Pickfoot Creek,MT,46.58,-111.27,2026.9,20170811,50.54,75.38,61.52,,,,,0.0,0.0
292320,Pickfoot Creek,MT,46.58,-111.27,2026.9,20170812,51.8,76.1,63.5,,,,,0.0,0.0
292321,Pickfoot Creek,MT,46.58,-111.27,2026.9,20170813,50.54,73.94,58.64,,,,,0.0,0.0
292322,Pickfoot Creek,MT,46.58,-111.27,2026.9,20170814,48.92,64.76,55.04,,,,,0.0,0.0
292323,Pickfoot Creek,MT,46.58,-111.27,2026.9,20170815,46.76,69.62,57.74,,,,,0.0,0.0
292324,Pickfoot Creek,MT,46.58,-111.27,2026.9,20170816,50.36,71.42,61.7,,,,,0.0,0.0
292325,Pickfoot Creek,MT,46.58,-111.27,2026.9,20170817,55.04,72.32,61.88,,,,,0.0,0.0
292326,Pickfoot Creek,MT,46.58,-111.27,2026.9,20170818,49.64,76.64,64.4,,,,,0.0,0.0
292327,Pickfoot Creek,MT,46.58,-111.27,2026.9,20170819,52.88,73.22,62.6,,,,,0.0,0.0
292328,Pickfoot Creek,MT,46.58,-111.27,2026.9,20170820,47.12,68.18,57.92,,,,,0.0,0.0
292329,Pickfoot Creek,MT,46.58,-111.27,2026.9,20170821,49.46,70.52,58.64,,,,,0.0,0.0
292330,Pickfoot Creek,MT,46.58,-111.27,2026.9,20170822,52.34,78.98,64.4,,,,,0.0,0.0
292331,Pickfoot Creek,MT,46.58,-111.27,2026.9,20170823,59.18,80.42,69.8,,,,,0.0,0.0
292332,Pickfoot Creek,MT,46.58,-111.27,2026.9,20170824,55.94,78.08,63.86,,,,,0.0,0.0
292333,Pickfoot Creek,MT,46.58,-111.27,2026.9,20170825,51.44,74.3,62.06,,,,,0.0,0.0
292334,Pickfoot Creek,MT,46.58,-111.27,2026.9,20170826,55.94,74.12,63.5,,,,,0.0,0.0
292335,Pickfoot Creek,MT,46.58,-111.27,2026.9,20170827,54.86,80.6,66.74,,,,,0.0,0.0
292336,Pickfoot Creek,MT,46.58,-111.27,2026.9,20170828,59.0,81.5,69.08,,,,,0.0,0.0
292337,Pickfoot Creek,MT,46.58,-111.27,2026.9,20170829,62.06,81.14,68.9,,,,,0.0,0.0
292338,Pickfoot Creek,MT,46.58,-111.27,2026.9,20170830,60.08,82.76,69.26,,,,,0.0,0.0
292339,Pickfoot Creek,MT,46.58,-111.27,2026.9,20170831,56.12,77.54,66.02,,,,,0.0,0.0
292340,Pickfoot Creek,MT,46.58,-111.27,2026.9,20170901,52.16,73.04,63.5,,,,,0.0,0.0
292341,Pickfoot Creek,MT,46.58,-111.27,2026.9,20170902,59.72,80.42,70.34,,,,,0.0,0.0
292342,Pickfoot Creek,MT,46.58,-111.27,2026.9,20170903,52.88,83.12,70.34,,,,,0.0,0.0
292343,Pickfoot Creek,MT,46.58,-111.27,2026.9,20170904,44.42,62.78,51.62,,,,,0.0,0.0
292344,Pickfoot Creek,MT,46.58,-111.27,2026.9,20170905,41.18,69.44,55.22,,,,,0.0,0.0
292345,Pickfoot Creek,MT,46.58,-111.27,2026.9,20170906,51.62,75.38,61.88,,,,,0.0,0.0
292346,Pickfoot Creek,MT,46.58,-111.27,2026.9,20170907,55.94,78.8,64.76,,,,,0.0,0.0
292347,Pickfoot Creek,MT,46.58,-111.27,2026.9,20170908,55.22,78.62,66.2,,,,,0.0,0.0
292348,Pickfoot Creek,MT,46.58,-111.27,2026.9,20170909,54.32,80.24,66.38,,,,,0.0,0.0
292349,Pickfoot Creek,MT,46.58,-111.27,2026.9,20170910,53.06,71.42,61.7,,,,,0.0,0.0
292350,Pickfoot Creek,MT,46.58,-111.27,2026.9,20170911,49.82,77.54,62.24,,,,,0.0,0.0
292351,Pickfoot Creek,MT,46.58,-111.27,2026.9,20170912,59.0,78.62,67.28,,,,,0.0,0.0
292352,Pickfoot Creek,MT,46.58,-111.27,2026.9,20170913,42.8,71.24,57.74,,,,,0.0,0.0
292353,Pickfoot Creek,MT,46.58,-111.27,2026.9,20170914,33.62,43.34,36.68,,,,,0.0,1.09842579
292354,Pickfoot Creek,MT,46.58,-111.27,2026.9,20170915,32.0,33.98,32.9,,,,,10.000005400000001,0.79921303
292355,Pickfoot Creek,MT,46.58,-111.27,2026.9,20170916,31.28,44.24,35.24,,,,,10.9842579,0.50000027
292356,Pickfoot Creek,MT,46.58,-111.27,2026.9,20170917,31.28,51.8,40.1,,,,,5.984255200000001,0.0
292357,Pickfoot Creek,MT,46.58,-111.27,2026.9,20170918,34.88,53.6,43.16,,,,,5.0000027000000005,0.70078778
292358,Pickfoot Creek,MT,46.58,-111.27,2026.9,20170919,32.72,47.84,36.86,,,,,2.0078751,0.0
292359,Pickfoot Creek,MT,46.58,-111.27,2026.9,20170920,32.54,43.34,35.6,,,,,5.0000027000000005,0.40157502
292360,Pickfoot Creek,MT,46.58,-111.27,2026.9,20170921,31.1,43.16,36.32,,,,,,0.20078751
292361,Tizer Basin,MT,46.35,-111.85,2097.0,20170101,-7.78,15.26,3.56,,,,,20.000010800000002,0.09842525
292362,Tizer Basin,MT,46.35,-111.85,2097.0,20170102,-20.56,2.48,-7.96,,,,,20.000010800000002,0.0
292363,Tizer Basin,MT,46.35,-111.85,2097.0,20170103,-22.9,11.66,-4.0,,,,,20.000010800000002,0.09842525
292364,Tizer Basin,MT,46.35,-111.85,2097.0,20170104,-13.9,7.52,-2.38,,,,,19.0157583,0.09842525
292365,Tizer Basin,MT,46.35,-111.85,2097.0,20170105,-13.0,18.86,2.48,,,,,20.000010800000002,0.09842525
292366,Tizer Basin,MT,46.35,-111.85,2097.0,20170106,5.18,26.78,14.36,,,,,20.000010800000002,0.0
292367,Tizer Basin,MT,46.35,-111.85,2097.0,20170107,-3.64,29.3,14.18,,,,,20.000010800000002,0.29921276
292368,Tizer Basin,MT,46.35,-111.85,2097.0,20170108,24.44,36.5,30.56,,,,,20.9842633,0.0
292369,Tizer Basin,MT,46.35,-111.85,2097.0,20170109,16.52,38.3,29.84,,,,,22.007885899999998,0.0
292370,Tizer Basin,MT,46.35,-111.85,2097.0,20170110,-3.64,28.04,14.36,,,,,22.992138399999998,0.09842525
292371,Tizer Basin,MT,46.35,-111.85,2097.0,20170111,-3.64,17.42,6.98,,,,,22.992138399999998,0.0
292372,Tizer Basin,MT,46.35,-111.85,2097.0,20170112,7.34,26.78,15.98,,,,,22.992138399999998,0.0
292373,Tizer Basin,MT,46.35,-111.85,2097.0,20170113,4.46,32.0,15.8,,,,,22.007885899999998,0.0
292374,Tizer Basin,MT,46.35,-111.85,2097.0,20170114,4.82,35.06,18.32,,,,,22.007885899999998,0.0
292375,Tizer Basin,MT,46.35,-111.85,2097.0,20170115,7.88,38.12,21.56,,,,,22.007885899999998,0.0
292376,Tizer Basin,MT,46.35,-111.85,2097.0,20170116,5.72,37.58,21.38,,,,,22.007885899999998,0.09842525
292377,Tizer Basin,MT,46.35,-111.85,2097.0,20170117,19.4,50.0,33.8,,,,,22.007885899999998,0.0
292378,Tizer Basin,MT,46.35,-111.85,2097.0,20170118,27.14,51.98,37.58,,,,,20.9842633,0.0
292379,Tizer Basin,MT,46.35,-111.85,2097.0,20170119,27.32,42.44,33.08,,,,,20.9842633,0.0
292380,Tizer Basin,MT,46.35,-111.85,2097.0,20170120,10.04,37.94,23.72,,,,,20.9842633,0.0
292381,Tizer Basin,MT,46.35,-111.85,2097.0,20170121,9.68,36.32,19.94,,,,,20.9842633,0.0
292382,Tizer Basin,MT,46.35,-111.85,2097.0,20170122,9.14,37.76,22.82,,,,,20.9842633,0.0
292383,Tizer Basin,MT,46.35,-111.85,2097.0,20170123,5.9,26.6,15.08,,,,,20.9842633,0.0
292384,Tizer Basin,MT,46.35,-111.85,2097.0,20170124,3.56,27.14,12.92,,,,,20.9842633,0.0
292385,Tizer Basin,MT,46.35,-111.85,2097.0,20170125,9.14,24.8,15.98,,,,,22.007885899999998,0.0
292386,Tizer Basin,MT,46.35,-111.85,2097.0,20170126,5.0,25.34,15.44,,,,,22.007885899999998,0.0
292387,Tizer Basin,MT,46.35,-111.85,2097.0,20170127,3.2,36.14,20.84,,,,,22.007885899999998,0.0
292388,Tizer Basin,MT,46.35,-111.85,2097.0,20170128,25.16,41.0,32.72,,,,,22.007885899999998,0.0
292389,Tizer Basin,MT,46.35,-111.85,2097.0,20170129,29.12,50.0,38.66,,,,,20.9842633,0.0
292390,Tizer Basin,MT,46.35,-111.85,2097.0,20170130,22.82,43.34,32.9,,,,,22.007885899999998,0.09842525
292391,Tizer Basin,MT,46.35,-111.85,2097.0,20170131,3.2,26.78,15.44,,,,,25.0000135,0.20078751
292392,Tizer Basin,MT,46.35,-111.85,2097.0,20170201,-16.78,10.76,-2.2,,,,,25.0000135,0.0
292393,Tizer Basin,MT,46.35,-111.85,2097.0,20170202,-17.86,19.22,-5.26,,,,,24.015760999999998,0.0
292394,Tizer Basin,MT,46.35,-111.85,2097.0,20170203,-16.24,41.18,21.02,,,,,24.015760999999998,0.0
292395,Tizer Basin,MT,46.35,-111.85,2097.0,20170204,28.76,41.0,32.9,,,,,25.984266,0.0
292396,Tizer Basin,MT,46.35,-111.85,2097.0,20170205,28.4,40.28,34.34,,,,,25.984266,0.0
292397,Tizer Basin,MT,46.35,-111.85,2097.0,20170206,15.26,39.92,30.02,,,,,27.0078886,0.09842525
292398,Tizer Basin,MT,46.35,-111.85,2097.0,20170207,7.16,26.42,18.32,,,,,27.9921411,0.09842525
292399,Tizer Basin,MT,46.35,-111.85,2097.0,20170208,12.56,35.78,26.06,,,,,27.0078886,0.0
292400,Tizer Basin,MT,46.35,-111.85,2097.0,20170209,34.88,47.48,41.54,,,,,25.0000135,0.0
292401,Tizer Basin,MT,46.35,-111.85,2097.0,20170210,24.26,38.66,31.82,,,,,29.015763699999997,0.40157502
292402,Tizer Basin,MT,46.35,-111.85,2097.0,20170211,9.14,28.4,20.66,,,,,29.015763699999997,0.0
292403,Tizer Basin,MT,46.35,-111.85,2097.0,20170212,8.24,39.74,27.14,,,,,27.9921411,0.0
292404,Tizer Basin,MT,46.35,-111.85,2097.0,20170213,16.34,44.96,29.48,,,,,27.0078886,0.0
292405,Tizer Basin,MT,46.35,-111.85,2097.0,20170214,16.52,51.26,32.54,,,,,27.0078886,0.0
292406,Tizer Basin,MT,46.35,-111.85,2097.0,20170215,32.36,56.84,44.24,,,,,25.0000135,0.0
292407,Tizer Basin,MT,46.35,-111.85,2097.0,20170216,31.28,50.36,39.92,,,,,25.984266,0.09842525
292408,Tizer Basin,MT,46.35,-111.85,2097.0,20170217,25.7,44.78,33.8,,,,,25.984266,0.0
292409,Tizer Basin,MT,46.35,-111.85,2097.0,20170218,31.28,51.26,38.12,,,,,24.015760999999998,0.0
292410,Tizer Basin,MT,46.35,-111.85,2097.0,20170219,27.68,43.16,34.52,,,,,24.015760999999998,0.0
292411,Tizer Basin,MT,46.35,-111.85,2097.0,20170220,23.54,41.18,33.98,,,,,24.015760999999998,0.0
292412,Tizer Basin,MT,46.35,-111.85,2097.0,20170221,27.32,42.8,35.06,,,,,25.0000135,0.0
292413,Tizer Basin,MT,46.35,-111.85,2097.0,20170222,17.6,33.26,25.16,,,,,25.984266,0.09842525
292414,Tizer Basin,MT,46.35,-111.85,2097.0,20170223,15.44,25.88,19.94,,,,,25.984266,0.0
292415,Tizer Basin,MT,46.35,-111.85,2097.0,20170224,7.88,23.36,16.16,,,,,25.984266,0.0
292416,Tizer Basin,MT,46.35,-111.85,2097.0,20170225,4.1,25.16,14.36,,,,,25.984266,0.0
292417,Tizer Basin,MT,46.35,-111.85,2097.0,20170226,9.86,25.16,18.5,,,,,27.9921411,0.29921276
292418,Tizer Basin,MT,46.35,-111.85,2097.0,20170227,3.38,31.82,14.9,,,,,27.9921411,0.09842525
292419,Tizer Basin,MT,46.35,-111.85,2097.0,20170228,12.56,27.14,17.24,,,,,27.9921411,0.0
292420,Tizer Basin,MT,46.35,-111.85,2097.0,20170301,12.92,30.38,23.9,,,,,27.9921411,0.09842525
292421,Tizer Basin,MT,46.35,-111.85,2097.0,20170302,21.56,38.3,29.48,,,,,27.9921411,0.0
292422,Tizer Basin,MT,46.35,-111.85,2097.0,20170303,25.88,47.66,35.42,,,,,27.0078886,0.0
292423,Tizer Basin,MT,46.35,-111.85,2097.0,20170304,29.48,43.34,34.52,,,,,27.9921411,0.0
292424,Tizer Basin,MT,46.35,-111.85,2097.0,20170305,18.86,37.94,29.66,,,,,29.015763699999997,0.09842525
292425,Tizer Basin,MT,46.35,-111.85,2097.0,20170306,14.9,29.48,19.4,,,,,29.015763699999997,0.09842525
292426,Tizer Basin,MT,46.35,-111.85,2097.0,20170307,11.12,29.3,22.28,,,,,27.0078886,0.09842525
292427,Tizer Basin,MT,46.35,-111.85,2097.0,20170308,24.8,41.72,31.64,,,,,30.0000162,0.20078751
292428,Tizer Basin,MT,46.35,-111.85,2097.0,20170309,22.28,36.5,26.42,,,,,32.9921438,0.20078751
292429,Tizer Basin,MT,46.35,-111.85,2097.0,20170310,24.62,48.74,37.76,,,,,30.0000162,0.0
292430,Tizer Basin,MT,46.35,-111.85,2097.0,20170311,20.84,48.92,35.24,,,,,29.015763699999997,0.0
292431,Tizer Basin,MT,46.35,-111.85,2097.0,20170312,24.98,41.9,32.9,,,,,29.015763699999997,0.0
292432,Tizer Basin,MT,46.35,-111.85,2097.0,20170313,31.82,51.08,39.74,,,,,27.9921411,0.0
292433,Tizer Basin,MT,46.35,-111.85,2097.0,20170314,36.5,53.6,43.52,,,,,25.984266,0.0
292434,Tizer Basin,MT,46.35,-111.85,2097.0,20170315,33.44,57.02,46.4,,,,,25.0000135,0.0
292435,Tizer Basin,MT,46.35,-111.85,2097.0,20170316,19.4,44.96,35.42,,,,,25.984266,0.20078751
292436,Tizer Basin,MT,46.35,-111.85,2097.0,20170317,18.14,51.26,36.86,,,,,24.015760999999998,0.0
292437,Tizer Basin,MT,46.35,-111.85,2097.0,20170318,37.76,59.36,47.3,,,,,22.007885899999998,0.0
292438,Tizer Basin,MT,46.35,-111.85,2097.0,20170319,27.86,50.72,38.48,,,,,20.9842633,0.0
292439,Tizer Basin,MT,46.35,-111.85,2097.0,20170320,25.52,37.58,31.1,,,,,20.9842633,0.0
292440,Tizer Basin,MT,46.35,-111.85,2097.0,20170321,28.76,50.72,36.86,,,,,20.000010800000002,0.0
292441,Tizer Basin,MT,46.35,-111.85,2097.0,20170322,31.1,51.08,39.56,,,,,19.0157583,0.09842525
292442,Tizer Basin,MT,46.35,-111.85,2097.0,20170323,19.4,46.58,33.62,,,,,17.9921357,0.0
292443,Tizer Basin,MT,46.35,-111.85,2097.0,20170324,18.32,50.72,36.32,,,,,15.9842606,0.0
292444,Tizer Basin,MT,46.35,-111.85,2097.0,20170325,25.52,45.86,34.7,,,,,17.0078832,0.09842525
292445,Tizer Basin,MT,46.35,-111.85,2097.0,20170326,21.74,47.3,34.88,,,,,17.0078832,0.0
292446,Tizer Basin,MT,46.35,-111.85,2097.0,20170327,24.8,44.06,33.8,,,,,17.0078832,0.0
292447,Tizer Basin,MT,46.35,-111.85,2097.0,20170328,19.58,45.14,33.8,,,,,15.9842606,0.0
292448,Tizer Basin,MT,46.35,-111.85,2097.0,20170329,31.82,50.0,37.58,,,,,15.0000081,0.0
292449,Tizer Basin,MT,46.35,-111.85,2097.0,20170330,31.64,48.02,37.22,,,,,14.015755599999999,0.09842525
292450,Tizer Basin,MT,46.35,-111.85,2097.0,20170331,24.26,46.76,33.08,,,,,15.0000081,0.0
292451,Tizer Basin,MT,46.35,-111.85,2097.0,20170401,22.1,53.24,38.84,,,,,12.992133,0.0
292452,Tizer Basin,MT,46.35,-111.85,2097.0,20170402,22.28,45.5,33.8,,,,,12.992133,0.09842525
292453,Tizer Basin,MT,46.35,-111.85,2097.0,20170403,21.56,37.94,25.88,,,,,12.992133,0.0
292454,Tizer Basin,MT,46.35,-111.85,2097.0,20170404,14.9,44.6,29.66,,,,,12.007880499999999,0.09842525
292455,Tizer Basin,MT,46.35,-111.85,2097.0,20170405,29.66,46.94,36.32,,,,,10.9842579,0.0
292456,Tizer Basin,MT,46.35,-111.85,2097.0,20170406,33.62,57.92,45.86,,,,,10.000005400000001,0.0
292457,Tizer Basin,MT,46.35,-111.85,2097.0,20170407,32.0,49.28,41.18,,,,,10.000005400000001,0.0
292458,Tizer Basin,MT,46.35,-111.85,2097.0,20170408,26.42,47.3,34.16,,,,,12.007880499999999,0.20078751
292459,Tizer Basin,MT,46.35,-111.85,2097.0,20170409,12.02,37.22,25.7,,,,,14.015755599999999,0.29921276
292460,Tizer Basin,MT,46.35,-111.85,2097.0,20170410,12.02,45.86,26.24,,,,,12.007880499999999,0.09842525
292461,Tizer Basin,MT,46.35,-111.85,2097.0,20170411,14.54,46.4,33.08,,,,,12.007880499999999,0.20078751
292462,Tizer Basin,MT,46.35,-111.85,2097.0,20170412,30.74,53.24,40.1,,,,,10.000005400000001,0.0
292463,Tizer Basin,MT,46.35,-111.85,2097.0,20170413,31.46,59.72,43.16,,,,,15.0000081,0.29921276
292464,Tizer Basin,MT,46.35,-111.85,2097.0,20170414,25.88,44.96,32.18,,,,,12.992133,0.40157502
292465,Tizer Basin,MT,46.35,-111.85,2097.0,20170415,19.22,41.54,28.4,,,,,10.9842579,0.09842525
292466,Tizer Basin,MT,46.35,-111.85,2097.0,20170416,15.98,47.84,33.44,,,,,9.0157529,0.09842525
292467,Tizer Basin,MT,46.35,-111.85,2097.0,20170417,27.32,47.84,36.14,,,,,9.0157529,0.0
292468,Tizer Basin,MT,46.35,-111.85,2097.0,20170418,28.04,51.62,39.02,,,,,7.9921303,0.0
292469,Tizer Basin,MT,46.35,-111.85,2097.0,20170419,26.24,51.44,37.04,,,,,7.007877799999999,0.0
292470,Tizer Basin,MT,46.35,-111.85,2097.0,20170420,24.62,51.8,36.5,,,,,10.000005400000001,0.50000027
292471,Tizer Basin,MT,46.35,-111.85,2097.0,20170421,29.3,37.22,32.0,,,,,12.007880499999999,0.29921276
292472,Tizer Basin,MT,46.35,-111.85,2097.0,20170422,27.14,53.6,39.56,,,,,7.9921303,0.09842525
292473,Tizer Basin,MT,46.35,-111.85,2097.0,20170423,30.2,52.7,37.58,,,,,7.007877799999999,0.09842525
292474,Tizer Basin,MT,46.35,-111.85,2097.0,20170424,28.4,46.58,37.04,,,,,5.984255200000001,0.0
292475,Tizer Basin,MT,46.35,-111.85,2097.0,20170425,28.4,46.94,36.14,,,,,5.984255200000001,0.09842525
292476,Tizer Basin,MT,46.35,-111.85,2097.0,20170426,29.66,46.94,35.24,,,,,7.007877799999999,0.20078751
292477,Tizer Basin,MT,46.35,-111.85,2097.0,20170427,26.42,39.74,32.0,,,,,5.984255200000001,0.29921276
292478,Tizer Basin,MT,46.35,-111.85,2097.0,20170428,24.62,42.98,32.18,,,,,5.984255200000001,0.09842525
292479,Tizer Basin,MT,46.35,-111.85,2097.0,20170429,24.26,46.58,35.24,,,,,4.0157502,0.09842525
292480,Tizer Basin,MT,46.35,-111.85,2097.0,20170430,30.56,49.82,39.02,,,,,2.0078751,0.0
292481,Tizer Basin,MT,46.35,-111.85,2097.0,20170501,31.46,47.3,36.32,,,,,0.9842525,0.09842525
292482,Tizer Basin,MT,46.35,-111.85,2097.0,20170502,26.42,42.8,34.16,,,,,0.0,0.0
292483,Tizer Basin,MT,46.35,-111.85,2097.0,20170503,21.02,58.82,43.16,,,,,0.0,0.29921276
292484,Tizer Basin,MT,46.35,-111.85,2097.0,20170504,33.08,68.0,50.0,,,,,0.0,0.20078751
292485,Tizer Basin,MT,46.35,-111.85,2097.0,20170505,34.34,72.14,54.5,,,,,0.0,0.20078751
292486,Tizer Basin,MT,46.35,-111.85,2097.0,20170506,38.84,68.9,51.62,,,,,0.0,0.0
292487,Tizer Basin,MT,46.35,-111.85,2097.0,20170507,29.12,53.24,39.74,,,,,0.0,0.0
292488,Tizer Basin,MT,46.35,-111.85,2097.0,20170508,23.9,54.5,38.48,,,,,0.0,0.0
292489,Tizer Basin,MT,46.35,-111.85,2097.0,20170509,28.76,59.54,43.34,,,,,0.0,0.0
292490,Tizer Basin,MT,46.35,-111.85,2097.0,20170510,28.94,65.3,46.94,,,,,0.0,0.09842525
292491,Tizer Basin,MT,46.35,-111.85,2097.0,20170511,32.54,70.7,51.62,,,,,0.0,0.0
292492,Tizer Basin,MT,46.35,-111.85,2097.0,20170512,33.08,69.98,51.26,,,,,0.0,0.0
292493,Tizer Basin,MT,46.35,-111.85,2097.0,20170513,24.62,36.14,31.64,,,,,0.9842525,0.0
292494,Tizer Basin,MT,46.35,-111.85,2097.0,20170514,24.08,45.5,34.34,,,,,0.0,0.0
292495,Tizer Basin,MT,46.35,-111.85,2097.0,20170515,27.5,45.86,36.32,,,,,0.0,0.0
292496,Tizer Basin,MT,46.35,-111.85,2097.0,20170516,24.62,52.34,37.76,,,,,0.0,0.0
292497,Tizer Basin,MT,46.35,-111.85,2097.0,20170517,33.98,36.86,35.06,,,,,2.0078751,1.00000054
292498,Tizer Basin,MT,46.35,-111.85,2097.0,20170518,28.04,49.46,38.3,,,,,0.0,0.09842525
292499,Tizer Basin,MT,46.35,-111.85,2097.0,20170519,25.16,55.04,39.2,,,,,0.0,0.20078751
292500,Tizer Basin,MT,46.35,-111.85,2097.0,20170520,31.64,54.5,41.9,,,,,0.0,0.09842525
292501,Tizer Basin,MT,46.35,-111.85,2097.0,20170521,30.38,59.54,44.96,,,,,0.0,0.20078751
292502,Tizer Basin,MT,46.35,-111.85,2097.0,20170522,34.34,61.88,47.48,,,,,0.0,0.09842525
292503,Tizer Basin,MT,46.35,-111.85,2097.0,20170523,32.72,70.88,53.42,,,,,0.0,0.0
292504,Tizer Basin,MT,46.35,-111.85,2097.0,20170524,34.52,57.38,48.38,,,,,0.0,0.0
292505,Tizer Basin,MT,46.35,-111.85,2097.0,20170525,28.58,47.3,36.86,,,,,0.0,0.0
292506,Tizer Basin,MT,46.35,-111.85,2097.0,20170526,29.66,55.58,41.54,,,,,0.0,0.0
292507,Tizer Basin,MT,46.35,-111.85,2097.0,20170527,31.28,63.5,47.12,,,,,0.0,0.0
292508,Tizer Basin,MT,46.35,-111.85,2097.0,20170528,33.26,66.56,48.74,,,,,0.0,0.0
292509,Tizer Basin,MT,46.35,-111.85,2097.0,20170529,32.36,66.02,49.46,,,,,0.0,0.09842525
292510,Tizer Basin,MT,46.35,-111.85,2097.0,20170530,35.06,66.02,51.98,,,,,0.0,0.09842525
292511,Tizer Basin,MT,46.35,-111.85,2097.0,20170531,37.58,76.1,54.86,,,,,0.0,0.0
292512,Tizer Basin,MT,46.35,-111.85,2097.0,20170601,42.08,66.92,52.7,,,,,0.0,0.0
292513,Tizer Basin,MT,46.35,-111.85,2097.0,20170602,38.84,65.48,51.62,,,,,0.0,0.09842525
292514,Tizer Basin,MT,46.35,-111.85,2097.0,20170603,32.9,73.4,55.76,,,,,0.0,0.09842525
292515,Tizer Basin,MT,46.35,-111.85,2097.0,20170604,45.32,77.18,56.84,,,,,0.0,0.0
292516,Tizer Basin,MT,46.35,-111.85,2097.0,20170605,36.68,60.8,47.12,,,,,0.0,0.0
292517,Tizer Basin,MT,46.35,-111.85,2097.0,20170606,33.62,66.02,50.9,,,,,0.0,0.0
292518,Tizer Basin,MT,46.35,-111.85,2097.0,20170607,39.38,75.2,56.3,,,,,0.0,0.0
292519,Tizer Basin,MT,46.35,-111.85,2097.0,20170608,44.24,75.02,60.26,,,,,0.0,0.0
292520,Tizer Basin,MT,46.35,-111.85,2097.0,20170609,32.36,56.3,46.04,,,,,0.0,0.0
292521,Tizer Basin,MT,46.35,-111.85,2097.0,20170610,27.68,54.86,39.38,,,,,0.0,0.0
292522,Tizer Basin,MT,46.35,-111.85,2097.0,20170611,24.98,58.46,42.26,,,,,0.0,0.50000027
292523,Tizer Basin,MT,46.35,-111.85,2097.0,20170612,33.62,63.32,48.02,,,,,0.0,0.09842525
292524,Tizer Basin,MT,46.35,-111.85,2097.0,20170613,34.88,47.12,40.46,,,,,0.0,0.70078778
292525,Tizer Basin,MT,46.35,-111.85,2097.0,20170614,35.6,58.64,46.94,,,,,0.0,0.50000027
292526,Tizer Basin,MT,46.35,-111.85,2097.0,20170615,36.68,56.66,48.56,,,,,0.0,0.0
292527,Tizer Basin,MT,46.35,-111.85,2097.0,20170616,43.34,58.46,50.0,,,,,0.0,0.0
292528,Tizer Basin,MT,46.35,-111.85,2097.0,20170617,39.38,59.0,48.38,,,,,0.0,0.0
292529,Tizer Basin,MT,46.35,-111.85,2097.0,20170618,40.82,61.7,51.44,,,,,0.0,0.09842525
292530,Tizer Basin,MT,46.35,-111.85,2097.0,20170619,38.48,71.6,55.76,,,,,0.0,0.0
292531,Tizer Basin,MT,46.35,-111.85,2097.0,20170620,47.84,76.82,61.7,,,,,0.0,0.0
292532,Tizer Basin,MT,46.35,-111.85,2097.0,20170621,45.5,69.08,57.38,,,,,0.0,0.0
292533,Tizer Basin,MT,46.35,-111.85,2097.0,20170622,31.64,60.08,47.48,,,,,0.0,0.0
292534,Tizer Basin,MT,46.35,-111.85,2097.0,20170623,29.48,63.68,47.12,,,,,0.0,0.0
292535,Tizer Basin,MT,46.35,-111.85,2097.0,20170624,33.26,65.12,49.82,,,,,0.0,0.0
292536,Tizer Basin,MT,46.35,-111.85,2097.0,20170625,34.7,71.78,54.5,,,,,0.0,0.0
292537,Tizer Basin,MT,46.35,-111.85,2097.0,20170626,41.54,81.68,62.96,,,,,0.0,0.0
292538,Tizer Basin,MT,46.35,-111.85,2097.0,20170627,44.96,67.64,54.86,,,,,0.0,0.0
292539,Tizer Basin,MT,46.35,-111.85,2097.0,20170628,42.98,66.2,53.96,,,,,0.0,0.0
292540,Tizer Basin,MT,46.35,-111.85,2097.0,20170629,36.32,59.0,46.4,,,,,0.0,0.0
292541,Tizer Basin,MT,46.35,-111.85,2097.0,20170630,33.62,71.24,53.06,,,,,0.0,0.09842525
292542,Tizer Basin,MT,46.35,-111.85,2097.0,20170701,40.64,75.2,59.18,,,,,0.0,0.0
292543,Tizer Basin,MT,46.35,-111.85,2097.0,20170702,43.34,73.04,57.02,,,,,0.0,0.0
292544,Tizer Basin,MT,46.35,-111.85,2097.0,20170703,43.16,78.44,62.78,,,,,0.0,0.0
292545,Tizer Basin,MT,46.35,-111.85,2097.0,20170704,40.64,79.16,61.52,,,,,0.0,0.0
292546,Tizer Basin,MT,46.35,-111.85,2097.0,20170705,44.42,82.94,62.6,,,,,0.0,0.0
292547,Tizer Basin,MT,46.35,-111.85,2097.0,20170706,46.4,80.6,62.6,,,,,0.0,0.0
292548,Tizer Basin,MT,46.35,-111.85,2097.0,20170707,47.12,81.14,62.78,,,,,0.0,0.0
292549,Tizer Basin,MT,46.35,-111.85,2097.0,20170708,49.64,84.92,66.92,,,,,0.0,0.0
292550,Tizer Basin,MT,46.35,-111.85,2097.0,20170709,48.38,81.86,62.6,,,,,0.0,0.0
292551,Tizer Basin,MT,46.35,-111.85,2097.0,20170710,48.2,73.04,58.28,,,,,0.0,0.0
292552,Tizer Basin,MT,46.35,-111.85,2097.0,20170711,45.5,71.24,57.56,,,,,0.0,0.0
292553,Tizer Basin,MT,46.35,-111.85,2097.0,20170712,40.82,75.56,58.28,,,,,0.0,0.0
292554,Tizer Basin,MT,46.35,-111.85,2097.0,20170713,44.6,83.48,64.76,,,,,0.0,0.0
292555,Tizer Basin,MT,46.35,-111.85,2097.0,20170714,49.64,81.68,66.2,,,,,0.0,0.0
292556,Tizer Basin,MT,46.35,-111.85,2097.0,20170715,48.56,85.1,64.22,,,,,0.0,0.0
292557,Tizer Basin,MT,46.35,-111.85,2097.0,20170716,46.22,78.44,62.06,,,,,0.0,0.0
292558,Tizer Basin,MT,46.35,-111.85,2097.0,20170717,41.0,73.58,58.64,,,,,0.0,0.0
292559,Tizer Basin,MT,46.35,-111.85,2097.0,20170718,39.38,76.28,59.54,,,,,0.0,0.0
292560,Tizer Basin,MT,46.35,-111.85,2097.0,20170719,44.6,78.26,61.7,,,,,0.0,0.0
292561,Tizer Basin,MT,46.35,-111.85,2097.0,20170720,42.8,81.5,64.04,,,,,0.0,0.0
292562,Tizer Basin,MT,46.35,-111.85,2097.0,20170721,39.74,74.3,59.18,,,,,0.0,0.0
292563,Tizer Basin,MT,46.35,-111.85,2097.0,20170722,40.64,76.64,60.26,,,,,0.0,0.0
292564,Tizer Basin,MT,46.35,-111.85,2097.0,20170723,44.96,82.94,64.4,,,,,0.0,0.0
292565,Tizer Basin,MT,46.35,-111.85,2097.0,20170724,49.46,80.78,63.5,,,,,0.0,0.0
292566,Tizer Basin,MT,46.35,-111.85,2097.0,20170725,44.96,75.38,59.72,,,,,0.0,0.0
292567,Tizer Basin,MT,46.35,-111.85,2097.0,20170726,43.88,77.0,56.3,,,,,0.0,0.0
292568,Tizer Basin,MT,46.35,-111.85,2097.0,20170727,46.76,75.38,60.26,,,,,0.0,0.0
292569,Tizer Basin,MT,46.35,-111.85,2097.0,20170728,46.22,75.02,59.9,,,,,0.0,0.0
292570,Tizer Basin,MT,46.35,-111.85,2097.0,20170729,43.7,79.7,61.7,,,,,0.0,0.0
292571,Tizer Basin,MT,46.35,-111.85,2097.0,20170730,44.42,81.68,63.86,,,,,0.0,0.0
292572,Tizer Basin,MT,46.35,-111.85,2097.0,20170731,43.88,80.78,62.78,,,,,0.0,0.0
292573,Tizer Basin,MT,46.35,-111.85,2097.0,20170801,42.98,78.8,60.62,,,,,0.0,0.0
292574,Tizer Basin,MT,46.35,-111.85,2097.0,20170802,41.36,70.52,54.68,,,,,0.0,0.0
292575,Tizer Basin,MT,46.35,-111.85,2097.0,20170803,39.02,75.02,55.76,,,,,0.0,0.0
292576,Tizer Basin,MT,46.35,-111.85,2097.0,20170804,43.34,75.92,58.82,,,,,0.0,0.0
292577,Tizer Basin,MT,46.35,-111.85,2097.0,20170805,40.28,61.88,50.36,,,,,0.0,0.0
292578,Tizer Basin,MT,46.35,-111.85,2097.0,20170806,36.32,68.54,51.62,,,,,0.0,0.0
292579,Tizer Basin,MT,46.35,-111.85,2097.0,20170807,35.42,74.3,55.4,,,,,0.0,0.0
292580,Tizer Basin,MT,46.35,-111.85,2097.0,20170808,42.8,72.14,57.02,,,,,0.0,0.0
292581,Tizer Basin,MT,46.35,-111.85,2097.0,20170809,39.02,66.38,52.52,,,,,0.0,0.0
292582,Tizer Basin,MT,46.35,-111.85,2097.0,20170810,35.78,73.58,55.76,,,,,0.0,0.0
292583,Tizer Basin,MT,46.35,-111.85,2097.0,20170811,40.82,74.3,57.92,,,,,0.0,0.0
292584,Tizer Basin,MT,46.35,-111.85,2097.0,20170812,41.36,75.02,58.28,,,,,0.0,0.0
292585,Tizer Basin,MT,46.35,-111.85,2097.0,20170813,40.82,75.38,55.76,,,,,0.0,0.0
292586,Tizer Basin,MT,46.35,-111.85,2097.0,20170814,40.1,66.38,51.8,,,,,0.0,0.0
292587,Tizer Basin,MT,46.35,-111.85,2097.0,20170815,36.32,71.96,53.78,,,,,0.0,0.0
292588,Tizer Basin,MT,46.35,-111.85,2097.0,20170816,37.04,73.22,56.66,,,,,0.0,0.0
292589,Tizer Basin,MT,46.35,-111.85,2097.0,20170817,43.7,72.14,57.38,,,,,0.0,0.0
292590,Tizer Basin,MT,46.35,-111.85,2097.0,20170818,41.72,78.98,60.98,,,,,0.0,0.0
292591,Tizer Basin,MT,46.35,-111.85,2097.0,20170819,44.24,75.92,58.46,,,,,0.0,0.0
292592,Tizer Basin,MT,46.35,-111.85,2097.0,20170820,37.22,70.34,53.96,,,,,0.0,0.0
292593,Tizer Basin,MT,46.35,-111.85,2097.0,20170821,38.3,72.32,54.14,,,,,0.0,0.0
292594,Tizer Basin,MT,46.35,-111.85,2097.0,20170822,38.3,78.44,59.0,,,,,0.0,0.0
292595,Tizer Basin,MT,46.35,-111.85,2097.0,20170823,43.7,80.24,62.24,,,,,0.0,0.0
292596,Tizer Basin,MT,46.35,-111.85,2097.0,20170824,47.66,73.58,58.28,,,,,0.0,0.0
292597,Tizer Basin,MT,46.35,-111.85,2097.0,20170825,41.36,73.04,57.92,,,,,0.0,0.0
292598,Tizer Basin,MT,46.35,-111.85,2097.0,20170826,39.02,76.82,58.82,,,,,0.0,0.0
292599,Tizer Basin,MT,46.35,-111.85,2097.0,20170827,39.92,81.86,60.62,,,,,0.0,0.0
292600,Tizer Basin,MT,46.35,-111.85,2097.0,20170828,42.62,83.3,63.5,,,,,0.0,0.0
292601,Tizer Basin,MT,46.35,-111.85,2097.0,20170829,50.0,79.16,63.14,,,,,0.0,0.0
292602,Tizer Basin,MT,46.35,-111.85,2097.0,20170830,49.1,82.04,64.22,,,,,0.0,0.0
292603,Tizer Basin,MT,46.35,-111.85,2097.0,20170831,48.02,77.18,61.34,,,,,0.0,0.0
292604,Tizer Basin,MT,46.35,-111.85,2097.0,20170901,42.44,76.28,60.26,,,,,0.0,0.0
292605,Tizer Basin,MT,46.35,-111.85,2097.0,20170902,42.8,83.48,64.4,,,,,0.0,0.0
292606,Tizer Basin,MT,46.35,-111.85,2097.0,20170903,51.98,86.36,69.98,,,,,0.0,0.0
292607,Tizer Basin,MT,46.35,-111.85,2097.0,20170904,36.5,64.94,50.36,,,,,0.0,0.0
292608,Tizer Basin,MT,46.35,-111.85,2097.0,20170905,32.9,72.14,51.44,,,,,0.0,0.0
292609,Tizer Basin,MT,46.35,-111.85,2097.0,20170906,38.12,77.9,56.84,,,,,0.0,0.0
292610,Tizer Basin,MT,46.35,-111.85,2097.0,20170907,41.36,77.36,57.74,,,,,0.0,0.0
292611,Tizer Basin,MT,46.35,-111.85,2097.0,20170908,42.44,80.24,60.26,,,,,0.0,0.0
292612,Tizer Basin,MT,46.35,-111.85,2097.0,20170909,45.14,80.24,60.26,,,,,0.0,0.0
292613,Tizer Basin,MT,46.35,-111.85,2097.0,20170910,44.96,73.94,56.84,,,,,0.0,0.0
292614,Tizer Basin,MT,46.35,-111.85,2097.0,20170911,39.74,78.26,57.92,,,,,0.0,0.0
292615,Tizer Basin,MT,46.35,-111.85,2097.0,20170912,39.74,79.88,60.26,,,,,0.0,0.0
292616,Tizer Basin,MT,46.35,-111.85,2097.0,20170913,43.16,71.6,57.74,,,,,0.0,0.0
292617,Tizer Basin,MT,46.35,-111.85,2097.0,20170914,31.64,44.42,36.68,,,,,0.0,0.0
292618,Tizer Basin,MT,46.35,-111.85,2097.0,20170915,29.66,33.44,31.1,,,,,5.984255200000001,1.00000054
292619,Tizer Basin,MT,46.35,-111.85,2097.0,20170916,28.04,46.04,34.16,,,,,2.9921276000000003,0.29921276
292620,Tizer Basin,MT,46.35,-111.85,2097.0,20170917,26.42,54.32,38.48,,,,,0.0,0.09842525
292621,Tizer Basin,MT,46.35,-111.85,2097.0,20170918,33.26,53.6,41.0,,,,,0.0,0.0
292622,Tizer Basin,MT,46.35,-111.85,2097.0,20170919,32.0,44.6,37.04,,,,,0.0,0.29921276
292623,Tizer Basin,MT,46.35,-111.85,2097.0,20170920,29.48,48.02,35.6,,,,,0.0,0.09842525
292624,Tizer Basin,MT,46.35,-111.85,2097.0,20170921,28.4,41.9,33.98,,,,,0.0,0.09842525
292625,Clover Meadow,MT,45.02,-111.85,2621.3,20170101,-10.3,17.06,6.26,,,,,25.0000135,0.0
292626,Clover Meadow,MT,45.02,-111.85,2621.3,20170102,-14.62,-1.12,-7.78,,,,,25.0000135,0.0
292627,Clover Meadow,MT,45.02,-111.85,2621.3,20170103,-6.7,8.96,-0.4,,,,,25.0000135,0.0
292628,Clover Meadow,MT,45.02,-111.85,2621.3,20170104,-13.36,1.94,-6.34,,,,,25.0000135,0.0
292629,Clover Meadow,MT,45.02,-111.85,2621.3,20170105,-14.98,6.44,-5.8,,,,,25.0000135,0.0
292630,Clover Meadow,MT,45.02,-111.85,2621.3,20170106,-2.74,15.26,8.24,,,,,24.015760999999998,0.09842525
292631,Clover Meadow,MT,45.02,-111.85,2621.3,20170107,10.04,21.74,15.8,,,,,24.015760999999998,0.20078751
292632,Clover Meadow,MT,45.02,-111.85,2621.3,20170108,20.66,30.02,25.88,,,,,24.015760999999998,0.09842525
292633,Clover Meadow,MT,45.02,-111.85,2621.3,20170109,12.56,30.56,24.44,,,,,24.015760999999998,0.0
292634,Clover Meadow,MT,45.02,-111.85,2621.3,20170110,12.38,21.2,17.78,,,,,25.0000135,0.09842525
292635,Clover Meadow,MT,45.02,-111.85,2621.3,20170111,15.08,24.62,19.76,,,,,30.0000162,0.29921276
292636,Clover Meadow,MT,45.02,-111.85,2621.3,20170112,3.02,17.24,10.04,,,,,29.015763699999997,0.0
292637,Clover Meadow,MT,45.02,-111.85,2621.3,20170113,2.48,24.98,9.14,,,,,27.9921411,0.0
292638,Clover Meadow,MT,45.02,-111.85,2621.3,20170114,6.62,26.24,12.74,,,,,27.0078886,0.0
292639,Clover Meadow,MT,45.02,-111.85,2621.3,20170115,10.4,31.46,16.34,,,,,25.984266,0.09842525
292640,Clover Meadow,MT,45.02,-111.85,2621.3,20170116,8.24,28.4,18.14,,,,,27.0078886,0.09842525
292641,Clover Meadow,MT,45.02,-111.85,2621.3,20170117,23.18,40.82,31.82,,,,,27.0078886,0.0
292642,Clover Meadow,MT,45.02,-111.85,2621.3,20170118,24.62,35.42,31.46,,,,,27.0078886,0.0
292643,Clover Meadow,MT,45.02,-111.85,2621.3,20170119,17.78,29.48,24.26,,,,,27.0078886,0.0
292644,Clover Meadow,MT,45.02,-111.85,2621.3,20170120,10.58,22.28,17.24,,,,,27.0078886,0.0
292645,Clover Meadow,MT,45.02,-111.85,2621.3,20170121,13.64,24.44,18.68,,,,,27.0078886,0.0
292646,Clover Meadow,MT,45.02,-111.85,2621.3,20170122,10.94,21.56,17.6,,,,,27.0078886,0.0
292647,Clover Meadow,MT,45.02,-111.85,2621.3,20170123,8.42,20.84,13.1,,,,,27.0078886,0.0
292648,Clover Meadow,MT,45.02,-111.85,2621.3,20170124,1.4,15.26,6.98,,,,,27.0078886,0.0
292649,Clover Meadow,MT,45.02,-111.85,2621.3,20170125,2.66,13.46,7.7,,,,,27.9921411,0.09842525
292650,Clover Meadow,MT,45.02,-111.85,2621.3,20170126,2.12,14.54,7.52,,,,,27.9921411,0.0
292651,Clover Meadow,MT,45.02,-111.85,2621.3,20170127,3.38,25.88,14.0,,,,,27.9921411,0.09842525
292652,Clover Meadow,MT,45.02,-111.85,2621.3,20170128,17.06,31.28,22.64,,,,,27.9921411,0.09842525
292653,Clover Meadow,MT,45.02,-111.85,2621.3,20170129,25.16,38.3,30.92,,,,,27.9921411,0.09842525
292654,Clover Meadow,MT,45.02,-111.85,2621.3,20170130,21.92,33.62,27.68,,,,,29.015763699999997,0.09842525
292655,Clover Meadow,MT,45.02,-111.85,2621.3,20170131,6.8,27.14,21.2,,,,,29.015763699999997,0.0
292656,Clover Meadow,MT,45.02,-111.85,2621.3,20170201,-4.36,8.42,0.68,,,,,29.015763699999997,0.0
292657,Clover Meadow,MT,45.02,-111.85,2621.3,20170202,-4.36,16.16,4.1,,,,,30.984268699999998,0.09842525
292658,Clover Meadow,MT,45.02,-111.85,2621.3,20170203,12.02,28.94,23.9,,,,,30.984268699999998,0.09842525
292659,Clover Meadow,MT,45.02,-111.85,2621.3,20170204,24.08,31.64,26.6,,,,,30.984268699999998,0.09842525
292660,Clover Meadow,MT,45.02,-111.85,2621.3,20170205,23.72,31.28,26.24,,,,,30.984268699999998,0.0
292661,Clover Meadow,MT,45.02,-111.85,2621.3,20170206,17.6,29.66,25.34,,,,,32.0078913,0.09842525
292662,Clover Meadow,MT,45.02,-111.85,2621.3,20170207,10.04,25.7,19.04,,,,,35.0000189,0.29921276
292663,Clover Meadow,MT,45.02,-111.85,2621.3,20170208,17.78,30.74,24.44,,,,,34.0157664,0.09842525
292664,Clover Meadow,MT,45.02,-111.85,2621.3,20170209,30.74,35.78,33.62,,,,,34.0157664,0.09842525
292665,Clover Meadow,MT,45.02,-111.85,2621.3,20170210,21.56,32.36,27.86,,,,,34.0157664,0.0
292666,Clover Meadow,MT,45.02,-111.85,2621.3,20170211,8.42,23.0,16.34,,,,,34.0157664,0.0
292667,Clover Meadow,MT,45.02,-111.85,2621.3,20170212,10.4,33.98,20.84,,,,,32.9921438,0.20078751
292668,Clover Meadow,MT,45.02,-111.85,2621.3,20170213,18.32,37.4,24.98,,,,,32.9921438,0.0
292669,Clover Meadow,MT,45.02,-111.85,2621.3,20170214,21.02,49.46,31.64,,,,,32.9921438,0.09842525
292670,Clover Meadow,MT,45.02,-111.85,2621.3,20170215,32.0,48.56,37.58,,,,,32.0078913,0.0
292671,Clover Meadow,MT,45.02,-111.85,2621.3,20170216,22.64,38.3,31.46,,,,,32.0078913,0.0
292672,Clover Meadow,MT,45.02,-111.85,2621.3,20170217,21.2,36.5,27.68,,,,,32.0078913,0.09842525
292673,Clover Meadow,MT,45.02,-111.85,2621.3,20170218,27.68,37.4,30.56,,,,,32.0078913,0.0
292674,Clover Meadow,MT,45.02,-111.85,2621.3,20170219,20.48,33.26,26.6,,,,,34.0157664,0.09842525
292675,Clover Meadow,MT,45.02,-111.85,2621.3,20170220,21.2,30.92,27.14,,,,,34.0157664,0.0
292676,Clover Meadow,MT,45.02,-111.85,2621.3,20170221,20.84,34.16,27.5,,,,,34.0157664,0.0
292677,Clover Meadow,MT,45.02,-111.85,2621.3,20170222,14.36,27.32,19.58,,,,,35.0000189,0.09842525
292678,Clover Meadow,MT,45.02,-111.85,2621.3,20170223,8.06,17.24,13.28,,,,,37.007894,0.09842525
292679,Clover Meadow,MT,45.02,-111.85,2621.3,20170224,4.46,17.24,9.32,,,,,37.007894,0.0
292680,Clover Meadow,MT,45.02,-111.85,2621.3,20170225,3.02,10.58,6.44,,,,,35.0000189,0.0
292681,Clover Meadow,MT,45.02,-111.85,2621.3,20170226,5.54,14.72,9.14,,,,,37.007894,0.09842525
292682,Clover Meadow,MT,45.02,-111.85,2621.3,20170227,0.14,18.86,9.86,,,,,35.9842714,0.0
292683,Clover Meadow,MT,45.02,-111.85,2621.3,20170228,6.8,18.68,9.86,,,,,35.9842714,0.09842525
292684,Clover Meadow,MT,45.02,-111.85,2621.3,20170301,7.88,25.34,15.98,,,,,35.0000189,0.09842525
292685,Clover Meadow,MT,45.02,-111.85,2621.3,20170302,14.18,30.38,22.1,,,,,35.0000189,0.09842525
292686,Clover Meadow,MT,45.02,-111.85,2621.3,20170303,22.28,36.14,27.68,,,,,35.0000189,0.0
292687,Clover Meadow,MT,45.02,-111.85,2621.3,20170304,25.16,30.02,27.14,,,,,37.007894,0.09842525
292688,Clover Meadow,MT,45.02,-111.85,2621.3,20170305,12.56,29.48,23.36,,,,,37.007894,0.0
292689,Clover Meadow,MT,45.02,-111.85,2621.3,20170306,7.7,15.98,10.76,,,,,40.000021600000004,0.09842525
292690,Clover Meadow,MT,45.02,-111.85,2621.3,20170307,5.54,22.64,14.72,,,,,40.000021600000004,0.09842525
292691,Clover Meadow,MT,45.02,-111.85,2621.3,20170308,22.1,36.86,28.58,,,,,37.992146500000004,0.20078751
292692,Clover Meadow,MT,45.02,-111.85,2621.3,20170309,29.66,39.38,32.9,,,,,37.007894,0.0
292693,Clover Meadow,MT,45.02,-111.85,2621.3,20170310,26.24,42.62,34.16,,,,,35.9842714,0.0
292694,Clover Meadow,MT,45.02,-111.85,2621.3,20170311,20.66,41.72,29.84,,,,,37.007894,0.09842525
292695,Clover Meadow,MT,45.02,-111.85,2621.3,20170312,21.02,35.78,26.42,,,,,37.007894,0.09842525
292696,Clover Meadow,MT,45.02,-111.85,2621.3,20170313,28.4,45.32,35.24,,,,,37.007894,0.09842525
292697,Clover Meadow,MT,45.02,-111.85,2621.3,20170314,33.44,49.1,39.56,,,,,35.9842714,0.09842525
292698,Clover Meadow,MT,45.02,-111.85,2621.3,20170315,36.68,48.38,40.82,,,,,35.0000189,0.0
292699,Clover Meadow,MT,45.02,-111.85,2621.3,20170316,23.18,44.06,33.44,,,,,35.0000189,0.0
292700,Clover Meadow,MT,45.02,-111.85,2621.3,20170317,22.82,45.14,35.06,,,,,35.0000189,0.0
292701,Clover Meadow,MT,45.02,-111.85,2621.3,20170318,37.76,48.2,42.08,,,,,34.0157664,0.09842525
292702,Clover Meadow,MT,45.02,-111.85,2621.3,20170319,31.28,43.34,35.78,,,,,34.0157664,0.0
292703,Clover Meadow,MT,45.02,-111.85,2621.3,20170320,31.28,42.44,34.16,,,,,35.0000189,0.09842525
292704,Clover Meadow,MT,45.02,-111.85,2621.3,20170321,30.38,52.7,39.02,,,,,34.0157664,0.09842525
292705,Clover Meadow,MT,45.02,-111.85,2621.3,20170322,27.14,44.06,34.34,,,,,34.0157664,0.0
292706,Clover Meadow,MT,45.02,-111.85,2621.3,20170323,21.92,39.56,29.48,,,,,34.0157664,0.0
292707,Clover Meadow,MT,45.02,-111.85,2621.3,20170324,22.28,38.12,31.28,,,,,32.9921438,0.0
292708,Clover Meadow,MT,45.02,-111.85,2621.3,20170325,21.38,39.74,28.4,,,,,35.0000189,0.20078751
292709,Clover Meadow,MT,45.02,-111.85,2621.3,20170326,17.78,39.56,27.32,,,,,35.0000189,0.0
292710,Clover Meadow,MT,45.02,-111.85,2621.3,20170327,23.36,36.68,29.12,,,,,34.0157664,0.0
292711,Clover Meadow,MT,45.02,-111.85,2621.3,20170328,16.88,41.0,27.14,,,,,35.9842714,0.20078751
292712,Clover Meadow,MT,45.02,-111.85,2621.3,20170329,24.08,39.2,31.1,,,,,37.007894,0.09842525
292713,Clover Meadow,MT,45.02,-111.85,2621.3,20170330,28.58,36.86,31.64,,,,,42.0078967,0.50000027
292714,Clover Meadow,MT,45.02,-111.85,2621.3,20170331,22.64,33.98,28.04,,,,,40.000021600000004,0.0
292715,Clover Meadow,MT,45.02,-111.85,2621.3,20170401,21.02,46.76,32.36,,,,,39.0157691,0.0
292716,Clover Meadow,MT,45.02,-111.85,2621.3,20170402,13.28,40.64,28.58,,,,,37.992146500000004,0.0
292717,Clover Meadow,MT,45.02,-111.85,2621.3,20170403,6.98,32.36,16.34,,,,,37.992146500000004,0.0
292718,Clover Meadow,MT,45.02,-111.85,2621.3,20170404,10.22,37.4,21.74,,,,,39.0157691,0.09842525
292719,Clover Meadow,MT,45.02,-111.85,2621.3,20170405,22.46,40.1,31.46,,,,,37.992146500000004,0.0
292720,Clover Meadow,MT,45.02,-111.85,2621.3,20170406,32.36,48.74,39.56,,,,,37.007894,0.0
292721,Clover Meadow,MT,45.02,-111.85,2621.3,20170407,28.76,43.88,35.78,,,,,39.0157691,0.20078751
292722,Clover Meadow,MT,45.02,-111.85,2621.3,20170408,21.38,41.18,29.12,,,,,40.9842741,0.20078751
292723,Clover Meadow,MT,45.02,-111.85,2621.3,20170409,14.54,29.48,20.3,,,,,42.9921492,0.29921276
292724,Clover Meadow,MT,45.02,-111.85,2621.3,20170410,16.34,34.52,23.36,,,,,40.9842741,0.09842525
292725,Clover Meadow,MT,45.02,-111.85,2621.3,20170411,12.2,41.0,27.32,,,,,40.9842741,0.29921276
292726,Clover Meadow,MT,45.02,-111.85,2621.3,20170412,27.86,46.58,37.76,,,,,39.0157691,0.0
292727,Clover Meadow,MT,45.02,-111.85,2621.3,20170413,26.6,53.06,39.74,,,,,45.00002429999999,0.50000027
292728,Clover Meadow,MT,45.02,-111.85,2621.3,20170414,17.6,37.22,25.52,,,,,49.0157745,0.40157502
292729,Clover Meadow,MT,45.02,-111.85,2621.3,20170415,11.48,34.7,22.46,,,,,47.0078994,0.29921276
292730,Clover Meadow,MT,45.02,-111.85,2621.3,20170416,14.72,48.2,31.28,,,,,44.015771799999996,0.09842525
292731,Clover Meadow,MT,45.02,-111.85,2621.3,20170417,26.6,38.84,33.08,,,,,45.984276799999996,0.29921276
292732,Clover Meadow,MT,45.02,-111.85,2621.3,20170418,28.94,44.96,33.44,,,,,45.984276799999996,0.20078751
292733,Clover Meadow,MT,45.02,-111.85,2621.3,20170419,25.52,46.58,33.08,,,,,44.015771799999996,0.29921276
292734,Clover Meadow,MT,45.02,-111.85,2621.3,20170420,24.44,44.42,32.36,,,,,45.984276799999996,0.0
292735,Clover Meadow,MT,45.02,-111.85,2621.3,20170421,21.2,35.6,26.78,,,,,45.984276799999996,0.09842525
292736,Clover Meadow,MT,45.02,-111.85,2621.3,20170422,17.42,44.24,32.18,,,,,44.015771799999996,0.20078751
292737,Clover Meadow,MT,45.02,-111.85,2621.3,20170423,27.68,43.7,33.44,,,,,49.0157745,0.20078751
292738,Clover Meadow,MT,45.02,-111.85,2621.3,20170424,26.24,37.58,31.28,,,,,55.9842822,1.00000054
292739,Clover Meadow,MT,45.02,-111.85,2621.3,20170425,24.8,44.06,30.38,,,,,55.9842822,0.59842552
292740,Clover Meadow,MT,45.02,-111.85,2621.3,20170426,24.8,42.62,29.48,,,,,57.0079048,0.20078751
292741,Clover Meadow,MT,45.02,-111.85,2621.3,20170427,20.48,34.52,24.98,,,,,64.0157826,0.70078778
292742,Clover Meadow,MT,45.02,-111.85,2621.3,20170428,18.68,33.62,24.8,,,,,60.98428489999999,0.09842525
292743,Clover Meadow,MT,45.02,-111.85,2621.3,20170429,19.94,45.5,30.56,,,,,57.992157299999995,0.29921276
292744,Clover Meadow,MT,45.02,-111.85,2621.3,20170430,25.16,42.44,32.36,,,,,57.0079048,0.0
292745,Clover Meadow,MT,45.02,-111.85,2621.3,20170501,21.74,45.32,31.82,,,,,55.9842822,0.0
292746,Clover Meadow,MT,45.02,-111.85,2621.3,20170502,22.64,45.86,32.9,,,,,54.0157772,0.0
292747,Clover Meadow,MT,45.02,-111.85,2621.3,20170503,19.4,54.5,37.4,,,,,52.0079021,0.20078751
292748,Clover Meadow,MT,45.02,-111.85,2621.3,20170504,34.88,65.3,49.28,,,,,50.000027,0.09842525
292749,Clover Meadow,MT,45.02,-111.85,2621.3,20170505,45.5,65.48,53.96,,,,,45.984276799999996,0.0
292750,Clover Meadow,MT,45.02,-111.85,2621.3,20170506,39.38,64.4,50.0,,,,,45.00002429999999,0.0
292751,Clover Meadow,MT,45.02,-111.85,2621.3,20170507,31.46,55.58,40.82,,,,,44.015771799999996,0.09842525
292752,Clover Meadow,MT,45.02,-111.85,2621.3,20170508,28.58,50.36,35.78,,,,,42.9921492,0.0
292753,Clover Meadow,MT,45.02,-111.85,2621.3,20170509,30.92,51.26,38.3,,,,,42.0078967,0.0
292754,Clover Meadow,MT,45.02,-111.85,2621.3,20170510,31.82,62.24,46.58,,,,,40.9842741,0.20078751
292755,Clover Meadow,MT,45.02,-111.85,2621.3,20170511,40.64,63.14,51.44,,,,,37.992146500000004,0.0
292756,Clover Meadow,MT,45.02,-111.85,2621.3,20170512,28.4,59.9,48.2,,,,,35.0000189,0.0
292757,Clover Meadow,MT,45.02,-111.85,2621.3,20170513,22.1,37.4,28.76,,,,,40.000021600000004,0.40157502
292758,Clover Meadow,MT,45.02,-111.85,2621.3,20170514,19.4,43.88,30.56,,,,,37.992146500000004,0.0
292759,Clover Meadow,MT,45.02,-111.85,2621.3,20170515,26.6,43.16,32.0,,,,,35.9842714,0.0
292760,Clover Meadow,MT,45.02,-111.85,2621.3,20170516,26.24,45.32,33.08,,,,,37.007894,0.09842525
292761,Clover Meadow,MT,45.02,-111.85,2621.3,20170517,24.08,30.56,26.96,,,,,42.9921492,0.20078751
292762,Clover Meadow,MT,45.02,-111.85,2621.3,20170518,22.46,37.76,28.94,,,,,42.0078967,0.20078751
292763,Clover Meadow,MT,45.02,-111.85,2621.3,20170519,21.2,50.72,32.36,,,,,37.007894,0.29921276
292764,Clover Meadow,MT,45.02,-111.85,2621.3,20170520,28.76,50.9,36.5,,,,,40.000021600000004,0.29921276
292765,Clover Meadow,MT,45.02,-111.85,2621.3,20170521,31.46,52.88,38.66,,,,,37.992146500000004,0.20078751
292766,Clover Meadow,MT,45.02,-111.85,2621.3,20170522,31.46,54.32,41.0,,,,,37.007894,0.09842525
292767,Clover Meadow,MT,45.02,-111.85,2621.3,20170523,34.52,62.24,49.28,,,,,35.0000189,0.0
292768,Clover Meadow,MT,45.02,-111.85,2621.3,20170524,27.68,57.92,46.04,,,,,32.0078913,0.0
292769,Clover Meadow,MT,45.02,-111.85,2621.3,20170525,23.9,43.16,32.0,,,,,32.0078913,0.0
292770,Clover Meadow,MT,45.02,-111.85,2621.3,20170526,29.3,45.68,35.6,,,,,30.0000162,0.0
292771,Clover Meadow,MT,45.02,-111.85,2621.3,20170527,30.92,51.44,40.1,,,,,30.0000162,0.0
292772,Clover Meadow,MT,45.02,-111.85,2621.3,20170528,35.6,59.36,44.96,,,,,29.015763699999997,0.0
292773,Clover Meadow,MT,45.02,-111.85,2621.3,20170529,35.06,61.88,46.58,,,,,25.984266,0.0
292774,Clover Meadow,MT,45.02,-111.85,2621.3,20170530,40.64,65.48,50.0,,,,,24.015760999999998,0.0
292775,Clover Meadow,MT,45.02,-111.85,2621.3,20170531,46.94,67.46,56.12,,,,,20.000010800000002,0.09842525
292776,Clover Meadow,MT,45.02,-111.85,2621.3,20170601,39.74,60.08,50.54,,,,,17.9921357,0.0
292777,Clover Meadow,MT,45.02,-111.85,2621.3,20170602,36.32,58.64,46.58,,,,,15.0000081,0.0
292778,Clover Meadow,MT,45.02,-111.85,2621.3,20170603,42.44,64.58,53.42,,,,,10.9842579,0.09842525
292779,Clover Meadow,MT,45.02,-111.85,2621.3,20170604,41.9,70.7,57.2,,,,,5.984255200000001,0.0
292780,Clover Meadow,MT,45.02,-111.85,2621.3,20170605,35.96,55.22,44.06,,,,,2.9921276000000003,0.0
292781,Clover Meadow,MT,45.02,-111.85,2621.3,20170606,34.52,62.6,48.2,,,,,0.0,0.09842525
292782,Clover Meadow,MT,45.02,-111.85,2621.3,20170607,42.08,70.16,55.22,,,,,0.0,0.20078751
292783,Clover Meadow,MT,45.02,-111.85,2621.3,20170608,42.08,67.1,55.76,,,,,0.0,0.0
292784,Clover Meadow,MT,45.02,-111.85,2621.3,20170609,33.8,47.12,40.82,,,,,0.0,0.0
292785,Clover Meadow,MT,45.02,-111.85,2621.3,20170610,28.22,44.06,35.6,,,,,0.0,0.0
292786,Clover Meadow,MT,45.02,-111.85,2621.3,20170611,25.7,50.72,38.66,,,,,0.0,0.0
292787,Clover Meadow,MT,45.02,-111.85,2621.3,20170612,30.56,54.5,39.02,,,,,0.0,0.0
292788,Clover Meadow,MT,45.02,-111.85,2621.3,20170613,30.02,37.22,33.26,,,,,4.0157502,0.40157502
292789,Clover Meadow,MT,45.02,-111.85,2621.3,20170614,33.26,51.44,40.64,,,,,0.0,0.09842525
292790,Clover Meadow,MT,45.02,-111.85,2621.3,20170615,35.42,51.62,44.42,,,,,0.0,0.50000027
292791,Clover Meadow,MT,45.02,-111.85,2621.3,20170616,38.12,45.5,41.9,,,,,0.0,0.09842525
292792,Clover Meadow,MT,45.02,-111.85,2621.3,20170617,34.52,54.14,42.44,,,,,0.0,0.20078751
292793,Clover Meadow,MT,45.02,-111.85,2621.3,20170618,39.02,50.0,44.42,,,,,0.0,0.0
292794,Clover Meadow,MT,45.02,-111.85,2621.3,20170619,37.22,67.28,53.06,,,,,0.0,0.0
292795,Clover Meadow,MT,45.02,-111.85,2621.3,20170620,50.54,71.6,60.26,,,,,0.0,0.09842525
292796,Clover Meadow,MT,45.02,-111.85,2621.3,20170621,40.64,67.82,55.04,,,,,0.0,0.09842525
292797,Clover Meadow,MT,45.02,-111.85,2621.3,20170622,34.34,57.2,44.6,,,,,0.0,0.29921276
292798,Clover Meadow,MT,45.02,-111.85,2621.3,20170623,30.74,57.56,43.88,,,,,0.0,0.0
292799,Clover Meadow,MT,45.02,-111.85,2621.3,20170624,35.78,62.78,48.38,,,,,0.0,0.0
292800,Clover Meadow,MT,45.02,-111.85,2621.3,20170625,39.74,68.9,53.96,,,,,0.0,0.0
292801,Clover Meadow,MT,45.02,-111.85,2621.3,20170626,45.86,71.78,59.72,,,,,0.0,0.0
292802,Clover Meadow,MT,45.02,-111.85,2621.3,20170627,40.1,57.92,47.48,,,,,0.0,0.0
292803,Clover Meadow,MT,45.02,-111.85,2621.3,20170628,35.78,55.76,45.86,,,,,0.0,0.0
292804,Clover Meadow,MT,45.02,-111.85,2621.3,20170629,35.06,51.26,41.36,,,,,0.0,0.0
292805,Clover Meadow,MT,45.02,-111.85,2621.3,20170630,35.24,63.5,50.0,,,,,0.0,0.29921276
292806,Clover Meadow,MT,45.02,-111.85,2621.3,20170701,45.86,69.44,57.2,,,,,0.0,0.20078751
292807,Clover Meadow,MT,45.02,-111.85,2621.3,20170702,47.3,68.36,56.66,,,,,0.0,0.0
292808,Clover Meadow,MT,45.02,-111.85,2621.3,20170703,51.08,72.5,60.62,,,,,0.0,0.0
292809,Clover Meadow,MT,45.02,-111.85,2621.3,20170704,48.74,73.58,60.8,,,,,0.0,0.0
292810,Clover Meadow,MT,45.02,-111.85,2621.3,20170705,52.16,77.18,60.98,,,,,0.0,0.0
292811,Clover Meadow,MT,45.02,-111.85,2621.3,20170706,50.72,75.92,63.32,,,,,0.0,0.0
292812,Clover Meadow,MT,45.02,-111.85,2621.3,20170707,52.88,73.94,62.24,,,,,0.0,0.0
292813,Clover Meadow,MT,45.02,-111.85,2621.3,20170708,57.2,75.74,64.94,,,,,0.0,0.0
292814,Clover Meadow,MT,45.02,-111.85,2621.3,20170709,45.86,71.78,59.18,,,,,0.0,0.0
292815,Clover Meadow,MT,45.02,-111.85,2621.3,20170710,46.22,71.24,58.1,,,,,0.0,0.0
292816,Clover Meadow,MT,45.02,-111.85,2621.3,20170711,45.5,68.18,55.76,,,,,0.0,0.0
292817,Clover Meadow,MT,45.02,-111.85,2621.3,20170712,43.88,71.42,58.28,,,,,0.0,0.0
292818,Clover Meadow,MT,45.02,-111.85,2621.3,20170713,55.58,76.64,65.3,,,,,0.0,0.0
292819,Clover Meadow,MT,45.02,-111.85,2621.3,20170714,52.16,76.46,63.5,,,,,0.0,0.0
292820,Clover Meadow,MT,45.02,-111.85,2621.3,20170715,52.7,77.0,63.32,,,,,0.0,0.0
292821,Clover Meadow,MT,45.02,-111.85,2621.3,20170716,50.0,73.04,60.98,,,,,0.0,0.0
292822,Clover Meadow,MT,45.02,-111.85,2621.3,20170717,47.12,67.28,54.68,,,,,0.0,0.0
292823,Clover Meadow,MT,45.02,-111.85,2621.3,20170718,47.3,70.88,59.54,,,,,0.0,0.0
292824,Clover Meadow,MT,45.02,-111.85,2621.3,20170719,45.68,74.84,61.7,,,,,0.0,0.0
292825,Clover Meadow,MT,45.02,-111.85,2621.3,20170720,49.64,74.3,61.88,,,,,0.0,0.09842525
292826,Clover Meadow,MT,45.02,-111.85,2621.3,20170721,45.14,69.8,56.66,,,,,0.0,0.0
292827,Clover Meadow,MT,45.02,-111.85,2621.3,20170722,45.14,72.68,58.1,,,,,0.0,0.0
292828,Clover Meadow,MT,45.02,-111.85,2621.3,20170723,49.64,74.84,63.68,,,,,0.0,0.0
292829,Clover Meadow,MT,45.02,-111.85,2621.3,20170724,50.54,74.66,59.36,,,,,0.0,0.0
292830,Clover Meadow,MT,45.02,-111.85,2621.3,20170725,49.82,64.76,55.04,,,,,0.0,0.0
292831,Clover Meadow,MT,45.02,-111.85,2621.3,20170726,45.68,67.28,51.62,,,,,0.0,0.0
292832,Clover Meadow,MT,45.02,-111.85,2621.3,20170727,45.5,64.04,51.98,,,,,0.0,0.0
292833,Clover Meadow,MT,45.02,-111.85,2621.3,20170728,45.14,67.64,53.24,,,,,0.0,0.0
292834,Clover Meadow,MT,45.02,-111.85,2621.3,20170729,46.94,71.78,57.56,,,,,0.0,0.0
292835,Clover Meadow,MT,45.02,-111.85,2621.3,20170730,50.54,75.56,60.26,,,,,0.0,0.09842525
292836,Clover Meadow,MT,45.02,-111.85,2621.3,20170731,50.36,75.74,61.52,,,,,0.0,0.0
292837,Clover Meadow,MT,45.02,-111.85,2621.3,20170801,50.36,74.48,61.34,,,,,0.0,0.0
292838,Clover Meadow,MT,45.02,-111.85,2621.3,20170802,44.96,67.28,54.5,,,,,0.0,0.0
292839,Clover Meadow,MT,45.02,-111.85,2621.3,20170803,41.9,69.98,55.4,,,,,0.0,0.0
292840,Clover Meadow,MT,45.02,-111.85,2621.3,20170804,46.58,73.04,59.36,,,,,0.0,0.0
292841,Clover Meadow,MT,45.02,-111.85,2621.3,20170805,40.1,66.74,51.62,,,,,0.0,0.0
292842,Clover Meadow,MT,45.02,-111.85,2621.3,20170806,38.84,61.34,48.92,,,,,0.0,0.0
292843,Clover Meadow,MT,45.02,-111.85,2621.3,20170807,40.64,68.36,53.42,,,,,0.0,0.0
292844,Clover Meadow,MT,45.02,-111.85,2621.3,20170808,45.32,67.28,54.68,,,,,0.0,0.0
292845,Clover Meadow,MT,45.02,-111.85,2621.3,20170809,41.72,63.68,50.54,,,,,0.0,0.0
292846,Clover Meadow,MT,45.02,-111.85,2621.3,20170810,41.72,68.36,53.42,,,,,0.0,0.0
292847,Clover Meadow,MT,45.02,-111.85,2621.3,20170811,45.32,68.36,54.86,,,,,0.0,0.0
292848,Clover Meadow,MT,45.02,-111.85,2621.3,20170812,45.86,70.52,57.02,,,,,0.0,0.0
292849,Clover Meadow,MT,45.02,-111.85,2621.3,20170813,44.06,64.22,50.0,,,,,0.0,0.0
292850,Clover Meadow,MT,45.02,-111.85,2621.3,20170814,41.18,53.06,45.5,,,,,0.0,0.59842552
292851,Clover Meadow,MT,45.02,-111.85,2621.3,20170815,37.58,61.34,48.56,,,,,0.0,0.29921276
292852,Clover Meadow,MT,45.02,-111.85,2621.3,20170816,41.36,65.3,53.06,,,,,0.0,0.09842525
292853,Clover Meadow,MT,45.02,-111.85,2621.3,20170817,43.7,65.84,53.24,,,,,0.0,0.09842525
292854,Clover Meadow,MT,45.02,-111.85,2621.3,20170818,44.06,69.8,57.02,,,,,0.0,0.09842525
292855,Clover Meadow,MT,45.02,-111.85,2621.3,20170819,46.04,67.64,55.76,,,,,0.0,0.0
292856,Clover Meadow,MT,45.02,-111.85,2621.3,20170820,39.74,65.3,51.8,,,,,0.0,0.0
292857,Clover Meadow,MT,45.02,-111.85,2621.3,20170821,41.54,66.02,51.98,,,,,0.0,0.0
292858,Clover Meadow,MT,45.02,-111.85,2621.3,20170822,47.66,72.68,59.72,,,,,0.0,0.09842525
292859,Clover Meadow,MT,45.02,-111.85,2621.3,20170823,49.46,70.16,57.56,,,,,0.0,0.0
292860,Clover Meadow,MT,45.02,-111.85,2621.3,20170824,43.7,64.76,52.52,,,,,0.0,0.0
292861,Clover Meadow,MT,45.02,-111.85,2621.3,20170825,43.34,63.86,53.42,,,,,0.0,0.09842525
292862,Clover Meadow,MT,45.02,-111.85,2621.3,20170826,44.6,69.08,55.58,,,,,0.0,0.20078751
292863,Clover Meadow,MT,45.02,-111.85,2621.3,20170827,48.02,74.84,59.72,,,,,0.0,0.20078751
292864,Clover Meadow,MT,45.02,-111.85,2621.3,20170828,48.92,73.4,60.08,,,,,0.0,0.0
292865,Clover Meadow,MT,45.02,-111.85,2621.3,20170829,51.62,73.58,60.8,,,,,0.0,0.0
292866,Clover Meadow,MT,45.02,-111.85,2621.3,20170830,52.34,69.98,59.54,,,,,0.0,0.0
292867,Clover Meadow,MT,45.02,-111.85,2621.3,20170831,46.76,69.62,56.84,,,,,0.0,0.0
292868,Clover Meadow,MT,45.02,-111.85,2621.3,20170901,41.9,68.9,53.96,,,,,0.0,0.0
292869,Clover Meadow,MT,45.02,-111.85,2621.3,20170902,47.84,75.74,60.98,,,,,0.0,0.0
292870,Clover Meadow,MT,45.02,-111.85,2621.3,20170903,51.8,79.16,63.5,,,,,0.0,0.0
292871,Clover Meadow,MT,45.02,-111.85,2621.3,20170904,40.82,64.4,52.7,,,,,0.0,0.0
292872,Clover Meadow,MT,45.02,-111.85,2621.3,20170905,37.94,69.98,52.34,,,,,0.0,0.0
292873,Clover Meadow,MT,45.02,-111.85,2621.3,20170906,47.66,71.6,57.56,,,,,0.0,0.0
292874,Clover Meadow,MT,45.02,-111.85,2621.3,20170907,49.64,71.6,58.1,,,,,0.0,0.0
292875,Clover Meadow,MT,45.02,-111.85,2621.3,20170908,50.54,71.96,59.54,,,,,0.0,0.0
292876,Clover Meadow,MT,45.02,-111.85,2621.3,20170909,50.18,68.9,58.28,,,,,0.0,0.0
292877,Clover Meadow,MT,45.02,-111.85,2621.3,20170910,48.2,69.44,55.76,,,,,0.0,0.0
292878,Clover Meadow,MT,45.02,-111.85,2621.3,20170911,45.5,72.5,57.92,,,,,0.0,0.0
292879,Clover Meadow,MT,45.02,-111.85,2621.3,20170912,51.62,70.7,59.36,,,,,0.0,0.0
292880,Clover Meadow,MT,45.02,-111.85,2621.3,20170913,41.72,64.58,50.9,,,,,0.0,0.0
292881,Clover Meadow,MT,45.02,-111.85,2621.3,20170914,30.56,54.68,41.0,,,,,0.0,0.50000027
292882,Clover Meadow,MT,45.02,-111.85,2621.3,20170915,24.98,30.56,27.86,,,,,7.007877799999999,0.90157529
292883,Clover Meadow,MT,45.02,-111.85,2621.3,20170916,24.44,36.14,28.4,,,,,5.984255200000001,0.40157502
292884,Clover Meadow,MT,45.02,-111.85,2621.3,20170917,27.68,49.82,35.6,,,,,2.0078751,0.29921276
292885,Clover Meadow,MT,45.02,-111.85,2621.3,20170918,30.02,42.26,37.58,,,,,5.0000027000000005,0.29921276
292886,Clover Meadow,MT,45.02,-111.85,2621.3,20170919,25.88,36.32,29.48,,,,,7.9921303,0.50000027
292887,Clover Meadow,MT,45.02,-111.85,2621.3,20170920,24.98,39.74,31.1,,,,,5.984255200000001,0.29921276
292888,Clover Meadow,MT,45.02,-111.85,2621.3,20170921,26.6,35.06,29.84,,,,,,0.20078751
292889,Lower Twin,MT,45.51,-111.92,2407.9,20170101,-12.28,22.1,8.24,,,,,24.015760999999998,0.0
292890,Lower Twin,MT,45.51,-111.92,2407.9,20170102,-19.3,-1.66,-11.02,,,,,24.015760999999998,0.0
292891,Lower Twin,MT,45.51,-111.92,2407.9,20170103,-16.78,11.66,-3.28,,,,,22.992138399999998,0.0
292892,Lower Twin,MT,45.51,-111.92,2407.9,20170104,-9.4,0.86,-3.28,,,,,22.992138399999998,0.0
292893,Lower Twin,MT,45.51,-111.92,2407.9,20170105,-16.24,5.72,-5.26,,,,,22.992138399999998,0.0
292894,Lower Twin,MT,45.51,-111.92,2407.9,20170106,0.68,18.32,13.46,,,,,22.007885899999998,0.09842525
292895,Lower Twin,MT,45.51,-111.92,2407.9,20170107,7.52,26.96,20.12,,,,,22.992138399999998,0.40157502
292896,Lower Twin,MT,45.51,-111.92,2407.9,20170108,24.26,32.9,29.48,,,,,25.0000135,0.50000027
292897,Lower Twin,MT,45.51,-111.92,2407.9,20170109,17.6,32.9,27.14,,,,,30.984268699999998,0.79921303
292898,Lower Twin,MT,45.51,-111.92,2407.9,20170110,12.56,22.82,20.3,,,,,34.0157664,0.29921276
292899,Lower Twin,MT,45.51,-111.92,2407.9,20170111,5.54,26.24,17.24,,,,,35.0000189,0.09842525
292900,Lower Twin,MT,45.51,-111.92,2407.9,20170112,5.54,17.6,14.0,,,,,34.0157664,0.0
292901,Lower Twin,MT,45.51,-111.92,2407.9,20170113,4.46,25.16,11.84,,,,,32.0078913,0.0
292902,Lower Twin,MT,45.51,-111.92,2407.9,20170114,4.1,28.58,14.18,,,,,30.984268699999998,0.0
292903,Lower Twin,MT,45.51,-111.92,2407.9,20170115,8.24,27.68,14.9,,,,,30.984268699999998,0.0
292904,Lower Twin,MT,45.51,-111.92,2407.9,20170116,4.64,26.42,15.8,,,,,30.0000162,0.09842525
292905,Lower Twin,MT,45.51,-111.92,2407.9,20170117,20.12,40.64,32.72,,,,,30.0000162,0.09842525
292906,Lower Twin,MT,45.51,-111.92,2407.9,20170118,30.2,39.74,35.42,,,,,29.015763699999997,0.0
292907,Lower Twin,MT,45.51,-111.92,2407.9,20170119,25.16,34.34,30.02,,,,,27.9921411,0.0
292908,Lower Twin,MT,45.51,-111.92,2407.9,20170120,14.36,26.24,21.2,,,,,29.015763699999997,
292909,Lower Twin,MT,45.51,-111.92,2407.9,20170121,13.82,28.4,21.38,,,,,27.0078886,0.0
292910,Lower Twin,MT,45.51,-111.92,2407.9,20170122,17.06,27.5,23.54,,,,,30.0000162,0.20078751
292911,Lower Twin,MT,45.51,-111.92,2407.9,20170123,5.0,25.34,16.52,,,,,30.0000162,0.0
292912,Lower Twin,MT,45.51,-111.92,2407.9,20170124,1.76,15.62,10.58,,,,,29.015763699999997,0.0
292913,Lower Twin,MT,45.51,-111.92,2407.9,20170125,6.08,20.66,12.56,,,,,29.015763699999997,0.0
292914,Lower Twin,MT,45.51,-111.92,2407.9,20170126,0.5,18.68,10.22,,,,,29.015763699999997,0.0
292915,Lower Twin,MT,45.51,-111.92,2407.9,20170127,0.86,28.76,16.52,,,,,27.9921411,0.09842525
292916,Lower Twin,MT,45.51,-111.92,2407.9,20170128,21.02,40.82,32.9,,,,,29.015763699999997,0.20078751
292917,Lower Twin,MT,45.51,-111.92,2407.9,20170129,31.64,42.8,36.86,,,,,27.9921411,0.0
292918,Lower Twin,MT,45.51,-111.92,2407.9,20170130,26.96,34.88,31.28,,,,,27.9921411,0.0
292919,Lower Twin,MT,45.51,-111.92,2407.9,20170131,5.36,29.48,19.4,,,,,37.992146500000004,0.50000027
292920,Lower Twin,MT,45.51,-111.92,2407.9,20170201,-9.04,7.88,1.58,,,,,35.9842714,0.0
292921,Lower Twin,MT,45.51,-111.92,2407.9,20170202,-7.78,5.18,-1.84,,,,,35.0000189,0.09842525
292922,Lower Twin,MT,45.51,-111.92,2407.9,20170203,0.14,32.9,27.32,,,,,34.0157664,0.09842525
292923,Lower Twin,MT,45.51,-111.92,2407.9,20170204,28.4,32.18,30.02,,,,,35.0000189,0.40157502
292924,Lower Twin,MT,45.51,-111.92,2407.9,20170205,28.58,33.26,31.1,,,,,35.0000189,0.0
292925,Lower Twin,MT,45.51,-111.92,2407.9,20170206,20.48,33.62,29.66,,,,,37.007894,0.20078751
292926,Lower Twin,MT,45.51,-111.92,2407.9,20170207,16.34,24.44,20.3,,,,,39.0157691,0.29921276
292927,Lower Twin,MT,45.51,-111.92,2407.9,20170208,21.02,34.16,26.96,,,,,44.015771799999996,0.59842552
292928,Lower Twin,MT,45.51,-111.92,2407.9,20170209,33.26,39.74,36.5,,,,,42.0078967,0.70078778
292929,Lower Twin,MT,45.51,-111.92,2407.9,20170210,26.96,36.32,31.64,,,,,40.9842741,0.09842525
292930,Lower Twin,MT,45.51,-111.92,2407.9,20170211,9.14,27.5,19.58,,,,,40.000021600000004,0.0
292931,Lower Twin,MT,45.51,-111.92,2407.9,20170212,12.74,35.6,24.08,,,,,40.000021600000004,0.0
292932,Lower Twin,MT,45.51,-111.92,2407.9,20170213,14.54,37.76,24.08,,,,,40.000021600000004,0.0
292933,Lower Twin,MT,45.51,-111.92,2407.9,20170214,16.52,45.14,30.2,,,,,39.0157691,0.09842525
292934,Lower Twin,MT,45.51,-111.92,2407.9,20170215,35.42,47.3,41.54,,,,,37.007894,0.0
292935,Lower Twin,MT,45.51,-111.92,2407.9,20170216,29.66,41.36,36.32,,,,,37.992146500000004,0.09842525
292936,Lower Twin,MT,45.51,-111.92,2407.9,20170217,27.86,37.76,31.46,,,,,37.007894,0.0
292937,Lower Twin,MT,45.51,-111.92,2407.9,20170218,31.82,39.02,34.88,,,,,37.007894,0.0
292938,Lower Twin,MT,45.51,-111.92,2407.9,20170219,25.52,35.24,30.56,,,,,42.0078967,0.79921303
292939,Lower Twin,MT,45.51,-111.92,2407.9,20170220,23.36,33.62,30.74,,,,,42.9921492,0.09842525
292940,Lower Twin,MT,45.51,-111.92,2407.9,20170221,24.44,36.86,31.28,,,,,42.9921492,0.09842525
292941,Lower Twin,MT,45.51,-111.92,2407.9,20170222,19.76,28.4,23.54,,,,,47.0078994,0.20078751
292942,Lower Twin,MT,45.51,-111.92,2407.9,20170223,9.5,21.56,16.7,,,,,52.0079021,0.50000027
292943,Lower Twin,MT,45.51,-111.92,2407.9,20170224,1.22,20.3,12.38,,,,,52.0079021,0.20078751
292944,Lower Twin,MT,45.51,-111.92,2407.9,20170225,8.6,15.08,11.84,,,,,52.0079021,0.20078751
292945,Lower Twin,MT,45.51,-111.92,2407.9,20170226,10.94,19.76,14.36,,,,,54.0157772,0.50000027
292946,Lower Twin,MT,45.51,-111.92,2407.9,20170227,5.36,20.48,14.72,,,,,54.0157772,0.29921276
292947,Lower Twin,MT,45.51,-111.92,2407.9,20170228,10.94,21.92,14.54,,,,,52.0079021,0.0
292948,Lower Twin,MT,45.51,-111.92,2407.9,20170301,12.02,27.14,19.76,,,,,50.000027,0.09842525
292949,Lower Twin,MT,45.51,-111.92,2407.9,20170302,19.22,32.9,26.24,,,,,49.0157745,0.09842525
292950,Lower Twin,MT,45.51,-111.92,2407.9,20170303,27.32,38.84,32.18,,,,,47.992151899999996,0.0
292951,Lower Twin,MT,45.51,-111.92,2407.9,20170304,26.96,36.32,31.82,,,,,47.992151899999996,0.09842525
292952,Lower Twin,MT,45.51,-111.92,2407.9,20170305,19.22,32.0,26.6,,,,,47.992151899999996,0.09842525
292953,Lower Twin,MT,45.51,-111.92,2407.9,20170306,13.1,21.38,16.34,,,,,50.000027,0.09842525
292954,Lower Twin,MT,45.51,-111.92,2407.9,20170307,10.58,25.88,18.86,,,,,50.9842795,0.20078751
292955,Lower Twin,MT,45.51,-111.92,2407.9,20170308,25.7,36.32,32.54,,,,,49.0157745,0.20078751
292956,Lower Twin,MT,45.51,-111.92,2407.9,20170309,31.28,39.38,34.88,,,,,52.9921546,0.79921303
292957,Lower Twin,MT,45.51,-111.92,2407.9,20170310,29.3,41.18,36.68,,,,,50.9842795,0.20078751
292958,Lower Twin,MT,45.51,-111.92,2407.9,20170311,22.1,44.24,33.62,,,,,50.9842795,0.20078751
292959,Lower Twin,MT,45.51,-111.92,2407.9,20170312,27.14,37.94,31.1,,,,,50.9842795,0.0
292960,Lower Twin,MT,45.51,-111.92,2407.9,20170313,31.46,46.22,38.84,,,,,50.000027,0.0
292961,Lower Twin,MT,45.51,-111.92,2407.9,20170314,35.6,49.64,42.44,,,,,47.992151899999996,0.09842525
292962,Lower Twin,MT,45.51,-111.92,2407.9,20170315,41.9,52.34,45.68,,,,,47.0078994,0.0
292963,Lower Twin,MT,45.51,-111.92,2407.9,20170316,27.5,42.98,35.06,,,,,49.0157745,0.29921276
292964,Lower Twin,MT,45.51,-111.92,2407.9,20170317,23.54,46.76,38.12,,,,,47.0078994,0.09842525
292965,Lower Twin,MT,45.51,-111.92,2407.9,20170318,39.38,51.8,45.68,,,,,45.984276799999996,0.09842525
292966,Lower Twin,MT,45.51,-111.92,2407.9,20170319,34.16,41.18,37.4,,,,,45.984276799999996,0.50000027
292967,Lower Twin,MT,45.51,-111.92,2407.9,20170320,28.04,38.12,33.08,,,,,47.0078994,0.09842525
292968,Lower Twin,MT,45.51,-111.92,2407.9,20170321,27.68,49.82,39.56,,,,,45.984276799999996,0.20078751
292969,Lower Twin,MT,45.51,-111.92,2407.9,20170322,29.84,43.88,36.14,,,,,45.984276799999996,0.09842525
292970,Lower Twin,MT,45.51,-111.92,2407.9,20170323,21.92,41.18,31.28,,,,,45.984276799999996,0.0
292971,Lower Twin,MT,45.51,-111.92,2407.9,20170324,21.74,46.4,36.32,,,,,49.0157745,0.50000027
292972,Lower Twin,MT,45.51,-111.92,2407.9,20170325,24.26,38.66,31.82,,,,,47.992151899999996,0.0
292973,Lower Twin,MT,45.51,-111.92,2407.9,20170326,19.4,42.26,31.28,,,,,49.0157745,0.29921276
292974,Lower Twin,MT,45.51,-111.92,2407.9,20170327,23.9,42.26,33.08,,,,,49.0157745,0.0
292975,Lower Twin,MT,45.51,-111.92,2407.9,20170328,18.68,41.18,30.2,,,,,49.0157745,0.0
292976,Lower Twin,MT,45.51,-111.92,2407.9,20170329,30.38,43.7,35.06,,,,,50.9842795,0.50000027
292977,Lower Twin,MT,45.51,-111.92,2407.9,20170330,30.74,41.54,34.88,,,,,57.992157299999995,1.09842579
292978,Lower Twin,MT,45.51,-111.92,2407.9,20170331,26.42,36.68,31.64,,,,,57.0079048,0.09842525
292979,Lower Twin,MT,45.51,-111.92,2407.9,20170401,21.02,44.6,34.34,,,,,55.0000297,0.09842525
292980,Lower Twin,MT,45.51,-111.92,2407.9,20170402,18.86,44.42,32.72,,,,,55.9842822,0.0
292981,Lower Twin,MT,45.51,-111.92,2407.9,20170403,12.02,28.22,20.48,,,,,60.98428489999999,0.40157502
292982,Lower Twin,MT,45.51,-111.92,2407.9,20170404,8.78,36.32,24.8,,,,,59.0157799,0.0
292983,Lower Twin,MT,45.51,-111.92,2407.9,20170405,25.7,45.32,35.24,,,,,57.0079048,0.0
292984,Lower Twin,MT,45.51,-111.92,2407.9,20170406,36.68,50.9,42.98,,,,,55.0000297,0.09842525
292985,Lower Twin,MT,45.51,-111.92,2407.9,20170407,31.1,46.04,39.38,,,,,55.9842822,0.50000027
292986,Lower Twin,MT,45.51,-111.92,2407.9,20170408,26.6,40.1,32.9,,,,,57.992157299999995,0.29921276
292987,Lower Twin,MT,45.51,-111.92,2407.9,20170409,16.16,34.16,25.52,,,,,55.0000297,0.0
292988,Lower Twin,MT,45.51,-111.92,2407.9,20170410,17.78,34.52,26.24,,,,,57.0079048,0.09842525
292989,Lower Twin,MT,45.51,-111.92,2407.9,20170411,14.54,43.88,30.56,,,,,60.0000324,0.40157502
292990,Lower Twin,MT,45.51,-111.92,2407.9,20170412,29.84,50.0,40.46,,,,,57.992157299999995,0.09842525
292991,Lower Twin,MT,45.51,-111.92,2407.9,20170413,30.2,55.76,42.8,,,,,59.0157799,0.29921276
292992,Lower Twin,MT,45.51,-111.92,2407.9,20170414,23.18,39.2,29.66,,,,,62.99216,0.40157502
292993,Lower Twin,MT,45.51,-111.92,2407.9,20170415,17.6,33.98,24.8,,,,,62.99216,0.0
292994,Lower Twin,MT,45.51,-111.92,2407.9,20170416,16.16,46.58,32.36,,,,,60.98428489999999,0.20078751
292995,Lower Twin,MT,45.51,-111.92,2407.9,20170417,27.86,42.8,35.78,,,,,62.007907499999995,0.40157502
292996,Lower Twin,MT,45.51,-111.92,2407.9,20170418,31.64,50.18,38.12,,,,,62.007907499999995,0.0
292997,Lower Twin,MT,45.51,-111.92,2407.9,20170419,24.98,46.58,35.42,,,,,60.98428489999999,0.0
292998,Lower Twin,MT,45.51,-111.92,2407.9,20170420,29.84,45.68,35.96,,,,,62.007907499999995,0.20078751
292999,Lower Twin,MT,45.51,-111.92,2407.9,20170421,25.34,35.6,30.74,,,,,62.99216,0.20078751
293000,Lower Twin,MT,45.51,-111.92,2407.9,20170422,19.4,50.0,35.96,,,,,60.0000324,0.0
293001,Lower Twin,MT,45.51,-111.92,2407.9,20170423,32.72,47.3,37.58,,,,,60.98428489999999,0.40157502
293002,Lower Twin,MT,45.51,-111.92,2407.9,20170424,31.46,42.26,34.88,,,,,70.0000378,0.90157529
293003,Lower Twin,MT,45.51,-111.92,2407.9,20170425,29.12,42.44,33.44,,,,,67.9921627,0.29921276
293004,Lower Twin,MT,45.51,-111.92,2407.9,20170426,28.22,43.7,33.26,,,,,70.0000378,0.40157502
293005,Lower Twin,MT,45.51,-111.92,2407.9,20170427,24.8,35.42,29.3,,,,,74.015788,0.20078751
293006,Lower Twin,MT,45.51,-111.92,2407.9,20170428,20.66,36.68,29.48,,,,,70.0000378,0.09842525
293007,Lower Twin,MT,45.51,-111.92,2407.9,20170429,23.18,48.02,32.9,,,,,69.0157853,0.09842525
293008,Lower Twin,MT,45.51,-111.92,2407.9,20170430,24.98,47.12,35.6,,,,,67.9921627,0.09842525
293009,Lower Twin,MT,45.51,-111.92,2407.9,20170501,24.98,47.66,35.42,,,,,65.9842876,0.0
293010,Lower Twin,MT,45.51,-111.92,2407.9,20170502,24.8,48.2,36.14,,,,,65.9842876,0.0
293011,Lower Twin,MT,45.51,-111.92,2407.9,20170503,21.2,58.1,40.1,,,,,65.0000351,0.09842525
293012,Lower Twin,MT,45.51,-111.92,2407.9,20170504,33.98,66.02,47.48,,,,,62.99216,0.0
293013,Lower Twin,MT,45.51,-111.92,2407.9,20170505,39.02,69.62,52.88,,,,,60.98428489999999,0.0
293014,Lower Twin,MT,45.51,-111.92,2407.9,20170506,37.58,65.66,46.76,,,,,60.0000324,0.20078751
293015,Lower Twin,MT,45.51,-111.92,2407.9,20170507,32.36,51.08,40.1,,,,,57.992157299999995,0.59842552
293016,Lower Twin,MT,45.51,-111.92,2407.9,20170508,30.56,50.18,37.04,,,,,57.0079048,0.0
293017,Lower Twin,MT,45.51,-111.92,2407.9,20170509,29.84,52.7,39.2,,,,,57.0079048,0.09842525
293018,Lower Twin,MT,45.51,-111.92,2407.9,20170510,31.28,62.24,44.78,,,,,55.9842822,0.0
293019,Lower Twin,MT,45.51,-111.92,2407.9,20170511,34.7,65.84,48.74,,,,,54.0157772,0.09842525
293020,Lower Twin,MT,45.51,-111.92,2407.9,20170512,32.36,64.04,48.92,,,,,52.0079021,0.20078751
293021,Lower Twin,MT,45.51,-111.92,2407.9,20170513,25.7,35.78,31.28,,,,,57.0079048,0.40157502
293022,Lower Twin,MT,45.51,-111.92,2407.9,20170514,22.1,42.98,32.54,,,,,55.0000297,0.09842525
293023,Lower Twin,MT,45.51,-111.92,2407.9,20170515,26.96,46.4,35.24,,,,,54.0157772,0.0
293024,Lower Twin,MT,45.51,-111.92,2407.9,20170516,26.42,50.36,36.32,,,,,52.0079021,0.20078751
293025,Lower Twin,MT,45.51,-111.92,2407.9,20170517,29.66,36.68,32.9,,,,,55.9842822,0.50000027
293026,Lower Twin,MT,45.51,-111.92,2407.9,20170518,23.72,41.36,32.36,,,,,57.0079048,0.09842525
293027,Lower Twin,MT,45.51,-111.92,2407.9,20170519,22.28,51.8,36.14,,,,,54.0157772,0.09842525
293028,Lower Twin,MT,45.51,-111.92,2407.9,20170520,31.82,49.28,39.02,,,,,54.0157772,0.09842525
293029,Lower Twin,MT,45.51,-111.92,2407.9,20170521,30.38,55.4,40.64,,,,,52.0079021,0.0
293030,Lower Twin,MT,45.51,-111.92,2407.9,20170522,32.54,56.3,42.8,,,,,50.9842795,0.0
293031,Lower Twin,MT,45.51,-111.92,2407.9,20170523,33.62,63.86,50.9,,,,,47.992151899999996,0.0
293032,Lower Twin,MT,45.51,-111.92,2407.9,20170524,29.84,58.46,48.2,,,,,45.984276799999996,0.0
293033,Lower Twin,MT,45.51,-111.92,2407.9,20170525,28.76,45.86,34.7,,,,,45.00002429999999,0.0
293034,Lower Twin,MT,45.51,-111.92,2407.9,20170526,29.3,52.16,38.48,,,,,42.9921492,0.0
293035,Lower Twin,MT,45.51,-111.92,2407.9,20170527,33.08,54.68,42.26,,,,,42.0078967,0.0
293036,Lower Twin,MT,45.51,-111.92,2407.9,20170528,33.44,60.44,44.06,,,,,40.9842741,0.0
293037,Lower Twin,MT,45.51,-111.92,2407.9,20170529,33.62,63.5,46.22,,,,,39.0157691,0.0
293038,Lower Twin,MT,45.51,-111.92,2407.9,20170530,35.96,67.82,48.74,,,,,37.007894,0.0
293039,Lower Twin,MT,45.51,-111.92,2407.9,20170531,37.22,71.6,51.98,,,,,35.0000189,0.09842525
293040,Lower Twin,MT,45.51,-111.92,2407.9,20170601,39.2,65.3,49.64,,,,,32.9921438,0.09842525
293041,Lower Twin,MT,45.51,-111.92,2407.9,20170602,36.14,60.08,46.58,,,,,30.0000162,0.0
293042,Lower Twin,MT,45.51,-111.92,2407.9,20170603,34.7,68.54,51.62,,,,,27.0078886,0.09842525
293043,Lower Twin,MT,45.51,-111.92,2407.9,20170604,40.82,74.12,55.4,,,,,25.0000135,0.59842552
293044,Lower Twin,MT,45.51,-111.92,2407.9,20170605,35.96,58.64,46.22,,,,,22.007885899999998,0.0
293045,Lower Twin,MT,45.51,-111.92,2407.9,20170606,33.98,62.78,47.84,,,,,19.0157583,0.0
293046,Lower Twin,MT,45.51,-111.92,2407.9,20170607,39.2,73.76,54.86,,,,,17.0078832,0.09842525
293047,Lower Twin,MT,45.51,-111.92,2407.9,20170608,41.18,70.88,58.46,,,,,14.015755599999999,0.0
293048,Lower Twin,MT,45.51,-111.92,2407.9,20170609,35.96,51.62,43.7,,,,,10.9842579,0.50000027
293049,Lower Twin,MT,45.51,-111.92,2407.9,20170610,30.56,42.62,36.86,,,,,12.007880499999999,0.50000027
293050,Lower Twin,MT,45.51,-111.92,2407.9,20170611,27.5,52.88,40.28,,,,,10.000005400000001,0.0
293051,Lower Twin,MT,45.51,-111.92,2407.9,20170612,34.52,57.38,42.62,,,,,12.007880499999999,0.70078778
293052,Lower Twin,MT,45.51,-111.92,2407.9,20170613,33.62,50.18,38.48,,,,,10.9842579,0.70078778
293053,Lower Twin,MT,45.51,-111.92,2407.9,20170614,36.32,53.96,44.6,,,,,7.9921303,0.0
293054,Lower Twin,MT,45.51,-111.92,2407.9,20170615,34.88,53.96,45.32,,,,,5.0000027000000005,0.20078751
293055,Lower Twin,MT,45.51,-111.92,2407.9,20170616,40.1,55.22,46.22,,,,,2.9921276000000003,0.20078751
293056,Lower Twin,MT,45.51,-111.92,2407.9,20170617,37.76,55.4,45.86,,,,,0.0,0.0
293057,Lower Twin,MT,45.51,-111.92,2407.9,20170618,38.84,53.42,45.68,,,,,0.0,0.09842525
293058,Lower Twin,MT,45.51,-111.92,2407.9,20170619,37.76,69.26,53.96,,,,,0.0,0.0
293059,Lower Twin,MT,45.51,-111.92,2407.9,20170620,50.18,77.0,62.24,,,,,0.0,0.0
293060,Lower Twin,MT,45.51,-111.92,2407.9,20170621,41.0,68.18,55.58,,,,,0.0,0.0
293061,Lower Twin,MT,45.51,-111.92,2407.9,20170622,33.98,60.08,45.32,,,,,0.0,0.0
293062,Lower Twin,MT,45.51,-111.92,2407.9,20170623,31.28,57.02,44.42,,,,,0.0,0.0
293063,Lower Twin,MT,45.51,-111.92,2407.9,20170624,34.7,62.42,48.02,,,,,0.0,0.0
293064,Lower Twin,MT,45.51,-111.92,2407.9,20170625,36.86,68.18,52.88,,,,,0.0,0.0
293065,Lower Twin,MT,45.51,-111.92,2407.9,20170626,43.88,77.36,61.88,,,,,0.0,0.0
293066,Lower Twin,MT,45.51,-111.92,2407.9,20170627,43.7,62.42,50.72,,,,,0.0,0.20078751
293067,Lower Twin,MT,45.51,-111.92,2407.9,20170628,39.38,61.16,48.02,,,,,0.0,0.29921276
293068,Lower Twin,MT,45.51,-111.92,2407.9,20170629,36.14,50.72,42.44,,,,,0.0,0.40157502
293069,Lower Twin,MT,45.51,-111.92,2407.9,20170630,34.88,66.92,50.18,,,,,0.0,0.0
293070,Lower Twin,MT,45.51,-111.92,2407.9,20170701,42.08,72.32,57.56,,,,,0.0,0.0
293071,Lower Twin,MT,45.51,-111.92,2407.9,20170702,44.78,74.12,58.28,,,,,0.0,0.0
293072,Lower Twin,MT,45.51,-111.92,2407.9,20170703,46.94,76.64,62.06,,,,,0.0,0.0
293073,Lower Twin,MT,45.51,-111.92,2407.9,20170704,46.04,75.02,60.08,,,,,0.0,0.0
293074,Lower Twin,MT,45.51,-111.92,2407.9,20170705,49.64,81.14,60.62,,,,,0.0,0.09842525
293075,Lower Twin,MT,45.51,-111.92,2407.9,20170706,49.28,81.14,64.4,,,,,0.0,0.0
293076,Lower Twin,MT,45.51,-111.92,2407.9,20170707,50.54,78.44,62.96,,,,,0.0,0.0
293077,Lower Twin,MT,45.51,-111.92,2407.9,20170708,53.96,81.32,66.2,,,,,0.0,0.0
293078,Lower Twin,MT,45.51,-111.92,2407.9,20170709,50.9,75.38,61.52,,,,,0.0,0.0
293079,Lower Twin,MT,45.51,-111.92,2407.9,20170710,46.58,74.12,58.64,,,,,0.0,0.0
293080,Lower Twin,MT,45.51,-111.92,2407.9,20170711,44.6,71.24,55.76,,,,,0.0,0.0
293081,Lower Twin,MT,45.51,-111.92,2407.9,20170712,43.16,73.4,57.2,,,,,0.0,0.0
293082,Lower Twin,MT,45.51,-111.92,2407.9,20170713,47.12,79.7,64.22,,,,,0.0,0.0
293083,Lower Twin,MT,45.51,-111.92,2407.9,20170714,50.36,77.54,63.86,,,,,0.0,0.0
293084,Lower Twin,MT,45.51,-111.92,2407.9,20170715,51.98,79.88,64.94,,,,,0.0,0.0
293085,Lower Twin,MT,45.51,-111.92,2407.9,20170716,48.2,75.38,62.96,,,,,0.0,0.0
293086,Lower Twin,MT,45.51,-111.92,2407.9,20170717,44.06,72.14,56.12,,,,,0.0,0.09842525
293087,Lower Twin,MT,45.51,-111.92,2407.9,20170718,42.98,74.3,60.44,,,,,0.0,0.0
293088,Lower Twin,MT,45.51,-111.92,2407.9,20170719,44.24,76.64,59.9,,,,,0.0,0.09842525
293089,Lower Twin,MT,45.51,-111.92,2407.9,20170720,48.56,77.54,62.96,,,,,0.0,0.0
293090,Lower Twin,MT,45.51,-111.92,2407.9,20170721,43.88,70.52,56.84,,,,,0.0,0.0
293091,Lower Twin,MT,45.51,-111.92,2407.9,20170722,42.08,73.76,57.38,,,,,0.0,0.0
293092,Lower Twin,MT,45.51,-111.92,2407.9,20170723,45.32,78.8,62.06,,,,,0.0,0.09842525
293093,Lower Twin,MT,45.51,-111.92,2407.9,20170724,49.82,75.74,60.44,,,,,0.0,0.09842525
293094,Lower Twin,MT,45.51,-111.92,2407.9,20170725,47.84,67.46,57.56,,,,,0.0,0.0
293095,Lower Twin,MT,45.51,-111.92,2407.9,20170726,48.38,67.82,57.02,,,,,0.0,0.0
293096,Lower Twin,MT,45.51,-111.92,2407.9,20170727,47.3,71.78,57.92,,,,,0.0,0.0
293097,Lower Twin,MT,45.51,-111.92,2407.9,20170728,46.58,72.14,58.82,,,,,0.0,0.09842525
293098,Lower Twin,MT,45.51,-111.92,2407.9,20170729,47.12,73.58,58.46,,,,,0.0,0.0
293099,Lower Twin,MT,45.51,-111.92,2407.9,20170730,47.66,78.98,58.82,,,,,0.0,0.09842525
293100,Lower Twin,MT,45.51,-111.92,2407.9,20170731,45.86,76.28,60.26,,,,,0.0,0.0
293101,Lower Twin,MT,45.51,-111.92,2407.9,20170801,47.66,77.72,60.98,,,,,0.0,0.0
293102,Lower Twin,MT,45.51,-111.92,2407.9,20170802,43.16,65.12,53.6,,,,,0.0,0.0
293103,Lower Twin,MT,45.51,-111.92,2407.9,20170803,41.54,68.36,54.5,,,,,0.0,0.0
293104,Lower Twin,MT,45.51,-111.92,2407.9,20170804,46.58,75.38,59.72,,,,,0.0,0.0
293105,Lower Twin,MT,45.51,-111.92,2407.9,20170805,41.18,62.96,50.9,,,,,0.0,0.0
293106,Lower Twin,MT,45.51,-111.92,2407.9,20170806,40.1,62.42,49.28,,,,,0.0,0.0
293107,Lower Twin,MT,45.51,-111.92,2407.9,20170807,39.56,67.28,52.88,,,,,0.0,0.0
293108,Lower Twin,MT,45.51,-111.92,2407.9,20170808,45.68,68.18,55.04,,,,,0.0,0.0
293109,Lower Twin,MT,45.51,-111.92,2407.9,20170809,42.26,62.96,51.08,,,,,0.0,0.0
293110,Lower Twin,MT,45.51,-111.92,2407.9,20170810,39.92,67.46,53.06,,,,,0.0,0.0
293111,Lower Twin,MT,45.51,-111.92,2407.9,20170811,42.8,69.62,53.78,,,,,0.0,0.20078751
293112,Lower Twin,MT,45.51,-111.92,2407.9,20170812,42.8,68.9,54.68,,,,,0.0,0.0
293113,Lower Twin,MT,45.51,-111.92,2407.9,20170813,44.6,68.54,53.96,,,,,0.0,0.09842525
293114,Lower Twin,MT,45.51,-111.92,2407.9,20170814,44.24,59.72,49.64,,,,,0.0,0.40157502
293115,Lower Twin,MT,45.51,-111.92,2407.9,20170815,38.84,65.12,50.72,,,,,0.0,0.0
293116,Lower Twin,MT,45.51,-111.92,2407.9,20170816,40.64,68.18,53.96,,,,,0.0,0.0
293117,Lower Twin,MT,45.51,-111.92,2407.9,20170817,43.34,68.0,54.5,,,,,0.0,0.0
293118,Lower Twin,MT,45.51,-111.92,2407.9,20170818,40.1,71.42,55.94,,,,,0.0,0.0
293119,Lower Twin,MT,45.51,-111.92,2407.9,20170819,44.6,68.54,56.12,,,,,0.0,0.0
293120,Lower Twin,MT,45.51,-111.92,2407.9,20170820,39.74,66.74,52.52,,,,,0.0,0.0
293121,Lower Twin,MT,45.51,-111.92,2407.9,20170821,39.56,65.12,51.26,,,,,0.0,0.0
293122,Lower Twin,MT,45.51,-111.92,2407.9,20170822,42.8,73.76,57.38,,,,,0.0,0.0
293123,Lower Twin,MT,45.51,-111.92,2407.9,20170823,46.04,72.32,59.36,,,,,0.0,0.0
293124,Lower Twin,MT,45.51,-111.92,2407.9,20170824,44.96,67.82,57.02,,,,,0.0,0.0
293125,Lower Twin,MT,45.51,-111.92,2407.9,20170825,42.62,69.8,55.76,,,,,0.0,0.20078751
293126,Lower Twin,MT,45.51,-111.92,2407.9,20170826,43.88,71.42,56.3,,,,,0.0,0.0
293127,Lower Twin,MT,45.51,-111.92,2407.9,20170827,44.42,76.46,58.46,,,,,0.0,0.0
293128,Lower Twin,MT,45.51,-111.92,2407.9,20170828,45.86,76.1,59.9,,,,,0.0,0.09842525
293129,Lower Twin,MT,45.51,-111.92,2407.9,20170829,49.28,76.28,60.62,,,,,0.0,0.0
293130,Lower Twin,MT,45.51,-111.92,2407.9,20170830,53.06,74.66,62.96,,,,,0.0,0.0
293131,Lower Twin,MT,45.51,-111.92,2407.9,20170831,49.64,72.14,60.08,,,,,0.0,0.0
293132,Lower Twin,MT,45.51,-111.92,2407.9,20170901,43.88,70.7,55.94,,,,,0.0,0.0
293133,Lower Twin,MT,45.51,-111.92,2407.9,20170902,46.04,75.74,60.98,,,,,0.0,0.0
293134,Lower Twin,MT,45.51,-111.92,2407.9,20170903,51.8,80.42,64.4,,,,,0.0,0.0
293135,Lower Twin,MT,45.51,-111.92,2407.9,20170904,39.74,59.72,50.36,,,,,0.0,0.0
293136,Lower Twin,MT,45.51,-111.92,2407.9,20170905,36.68,66.02,49.64,,,,,0.0,0.0
293137,Lower Twin,MT,45.51,-111.92,2407.9,20170906,41.54,70.88,55.4,,,,,0.0,0.0
293138,Lower Twin,MT,45.51,-111.92,2407.9,20170907,45.32,70.88,56.12,,,,,0.0,0.0
293139,Lower Twin,MT,45.51,-111.92,2407.9,20170908,46.4,73.76,60.08,,,,,0.0,0.0
293140,Lower Twin,MT,45.51,-111.92,2407.9,20170909,52.34,71.6,59.72,,,,,0.0,0.0
293141,Lower Twin,MT,45.51,-111.92,2407.9,20170910,47.48,68.0,56.48,,,,,0.0,0.0
293142,Lower Twin,MT,45.51,-111.92,2407.9,20170911,43.34,72.14,56.3,,,,,0.0,0.0
293143,Lower Twin,MT,45.51,-111.92,2407.9,20170912,45.5,73.04,58.82,,,,,0.0,0.0
293144,Lower Twin,MT,45.51,-111.92,2407.9,20170913,43.16,65.12,52.52,,,,,0.0,0.0
293145,Lower Twin,MT,45.51,-111.92,2407.9,20170914,33.8,51.26,39.92,,,,,0.0,0.40157502
293146,Lower Twin,MT,45.51,-111.92,2407.9,20170915,28.94,33.98,30.92,,,,,10.000005400000001,0.50000027
293147,Lower Twin,MT,45.51,-111.92,2407.9,20170916,27.5,37.58,31.46,,,,,9.0157529,0.20078751
293148,Lower Twin,MT,45.51,-111.92,2407.9,20170917,29.12,44.24,36.86,,,,,7.007877799999999,0.09842525
293149,Lower Twin,MT,45.51,-111.92,2407.9,20170918,34.7,46.76,40.64,,,,,7.9921303,0.50000027
293150,Lower Twin,MT,45.51,-111.92,2407.9,20170919,30.2,37.58,33.08,,,,,7.9921303,0.29921276
293151,Lower Twin,MT,45.51,-111.92,2407.9,20170920,30.56,37.76,33.98,,,,,9.0157529,0.20078751
293152,Lower Twin,MT,45.51,-111.92,2407.9,20170921,30.2,34.7,32.18,,,,,,0.29921276
293153,Lone Mountain,MT,45.27,-111.43,2706.6,20170101,-4.9,19.04,6.8,,,,,27.9921411,0.0
293154,Lone Mountain,MT,45.27,-111.43,2706.6,20170102,-13.0,1.4,-5.44,,,,,27.0078886,0.0
293155,Lone Mountain,MT,45.27,-111.43,2706.6,20170103,-4.0,10.76,2.3,,,,,25.984266,0.09842525
293156,Lone Mountain,MT,45.27,-111.43,2706.6,20170104,-14.08,10.58,-3.28,,,,,25.984266,0.0
293157,Lone Mountain,MT,45.27,-111.43,2706.6,20170105,-15.7,15.62,-2.02,,,,,25.984266,0.09842525
293158,Lone Mountain,MT,45.27,-111.43,2706.6,20170106,-0.04,17.24,8.96,,,,,25.0000135,0.0
293159,Lone Mountain,MT,45.27,-111.43,2706.6,20170107,-0.04,21.02,11.3,,,,,30.0000162,0.29921276
293160,Lone Mountain,MT,45.27,-111.43,2706.6,20170108,19.94,31.46,25.52,,,,,34.0157664,0.40157502
293161,Lone Mountain,MT,45.27,-111.43,2706.6,20170109,15.08,30.74,25.34,,,,,35.9842714,0.29921276
293162,Lone Mountain,MT,45.27,-111.43,2706.6,20170110,13.82,21.2,18.14,,,,,37.992146500000004,0.09842525
293163,Lone Mountain,MT,45.27,-111.43,2706.6,20170111,15.8,28.76,20.84,,,,,42.0078967,0.40157502
293164,Lone Mountain,MT,45.27,-111.43,2706.6,20170112,5.72,22.28,12.92,,,,,42.0078967,0.09842525
293165,Lone Mountain,MT,45.27,-111.43,2706.6,20170113,6.8,34.16,15.8,,,,,39.0157691,0.0
293166,Lone Mountain,MT,45.27,-111.43,2706.6,20170114,12.56,34.7,18.68,,,,,37.007894,0.0
293167,Lone Mountain,MT,45.27,-111.43,2706.6,20170115,16.16,39.02,22.64,,,,,35.9842714,0.0
293168,Lone Mountain,MT,45.27,-111.43,2706.6,20170116,13.64,36.32,22.82,,,,,35.0000189,0.0
293169,Lone Mountain,MT,45.27,-111.43,2706.6,20170117,23.18,50.18,32.72,,,,,34.0157664,0.0
293170,Lone Mountain,MT,45.27,-111.43,2706.6,20170118,22.64,46.76,30.2,,,,,32.9921438,0.0
293171,Lone Mountain,MT,45.27,-111.43,2706.6,20170119,20.66,27.68,23.9,,,,,34.0157664,0.09842525
293172,Lone Mountain,MT,45.27,-111.43,2706.6,20170120,12.2,24.8,18.68,,,,,32.9921438,0.0
293173,Lone Mountain,MT,45.27,-111.43,2706.6,20170121,12.2,28.04,19.58,,,,,32.9921438,0.0
293174,Lone Mountain,MT,45.27,-111.43,2706.6,20170122,12.2,24.98,18.86,,,,,35.0000189,0.20078751
293175,Lone Mountain,MT,45.27,-111.43,2706.6,20170123,11.3,27.32,16.16,,,,,35.0000189,0.0
293176,Lone Mountain,MT,45.27,-111.43,2706.6,20170124,3.92,22.1,10.4,,,,,35.0000189,0.09842525
293177,Lone Mountain,MT,45.27,-111.43,2706.6,20170125,5.54,20.48,9.68,,,,,34.0157664,0.0
293178,Lone Mountain,MT,45.27,-111.43,2706.6,20170126,4.1,19.4,8.96,,,,,34.0157664,0.0
293179,Lone Mountain,MT,45.27,-111.43,2706.6,20170127,4.46,30.92,22.46,,,,,32.9921438,0.09842525
293180,Lone Mountain,MT,45.27,-111.43,2706.6,20170128,19.22,35.42,29.12,,,,,32.9921438,0.0
293181,Lone Mountain,MT,45.27,-111.43,2706.6,20170129,28.76,41.0,34.7,,,,,32.0078913,0.0
293182,Lone Mountain,MT,45.27,-111.43,2706.6,20170130,24.8,36.86,30.02,,,,,32.9921438,0.0
293183,Lone Mountain,MT,45.27,-111.43,2706.6,20170131,7.52,26.42,20.66,,,,,39.0157691,0.40157502
293184,Lone Mountain,MT,45.27,-111.43,2706.6,20170201,-0.4,13.28,4.46,,,,,37.992146500000004,0.0
293185,Lone Mountain,MT,45.27,-111.43,2706.6,20170202,-0.22,16.52,5.36,,,,,37.992146500000004,0.20078751
293186,Lone Mountain,MT,45.27,-111.43,2706.6,20170203,5.36,30.2,24.08,,,,,37.992146500000004,0.09842525
293187,Lone Mountain,MT,45.27,-111.43,2706.6,20170204,24.98,33.26,27.5,,,,,37.992146500000004,0.0
293188,Lone Mountain,MT,45.27,-111.43,2706.6,20170205,25.52,32.72,28.4,,,,,37.007894,0.0
293189,Lone Mountain,MT,45.27,-111.43,2706.6,20170206,18.86,33.08,27.5,,,,,37.992146500000004,0.09842525
293190,Lone Mountain,MT,45.27,-111.43,2706.6,20170207,13.82,24.62,19.22,,,,,40.9842741,0.29921276
293191,Lone Mountain,MT,45.27,-111.43,2706.6,20170208,17.42,32.36,24.44,,,,,42.0078967,0.20078751
293192,Lone Mountain,MT,45.27,-111.43,2706.6,20170209,30.74,39.56,35.24,,,,,42.0078967,0.20078751
293193,Lone Mountain,MT,45.27,-111.43,2706.6,20170210,23.0,33.8,29.12,,,,,45.00002429999999,0.50000027
293194,Lone Mountain,MT,45.27,-111.43,2706.6,20170211,10.04,27.32,18.32,,,,,44.015771799999996,0.0
293195,Lone Mountain,MT,45.27,-111.43,2706.6,20170212,11.12,40.64,23.54,,,,,42.9921492,0.0
293196,Lone Mountain,MT,45.27,-111.43,2706.6,20170213,21.38,44.42,30.38,,,,,42.0078967,0.0
293197,Lone Mountain,MT,45.27,-111.43,2706.6,20170214,22.82,54.68,34.34,,,,,40.9842741,0.0
293198,Lone Mountain,MT,45.27,-111.43,2706.6,20170215,28.94,53.42,39.74,,,,,40.000021600000004,0.0
293199,Lone Mountain,MT,45.27,-111.43,2706.6,20170216,26.24,39.74,32.18,,,,,40.000021600000004,0.0
293200,Lone Mountain,MT,45.27,-111.43,2706.6,20170217,24.08,41.36,29.3,,,,,40.000021600000004,0.0
293201,Lone Mountain,MT,45.27,-111.43,2706.6,20170218,26.06,39.74,31.1,,,,,39.0157691,0.0
293202,Lone Mountain,MT,45.27,-111.43,2706.6,20170219,21.38,35.78,28.04,,,,,40.9842741,0.20078751
293203,Lone Mountain,MT,45.27,-111.43,2706.6,20170220,21.56,33.44,28.58,,,,,40.9842741,0.09842525
293204,Lone Mountain,MT,45.27,-111.43,2706.6,20170221,21.74,37.04,29.12,,,,,45.00002429999999,0.09842525
293205,Lone Mountain,MT,45.27,-111.43,2706.6,20170222,12.2,31.64,19.94,,,,,44.015771799999996,0.09842525
293206,Lone Mountain,MT,45.27,-111.43,2706.6,20170223,9.68,22.82,14.9,,,,,44.015771799999996,0.09842525
293207,Lone Mountain,MT,45.27,-111.43,2706.6,20170224,6.62,26.78,12.02,,,,,45.00002429999999,0.20078751
293208,Lone Mountain,MT,45.27,-111.43,2706.6,20170225,5.54,12.92,8.06,,,,,45.00002429999999,0.0
293209,Lone Mountain,MT,45.27,-111.43,2706.6,20170226,6.08,15.8,10.04,,,,,45.984276799999996,0.20078751
293210,Lone Mountain,MT,45.27,-111.43,2706.6,20170227,3.02,24.8,12.2,,,,,45.00002429999999,0.0
293211,Lone Mountain,MT,45.27,-111.43,2706.6,20170228,5.72,22.1,10.76,,,,,45.984276799999996,0.09842525
293212,Lone Mountain,MT,45.27,-111.43,2706.6,20170301,8.6,26.78,17.06,,,,,45.00002429999999,0.09842525
293213,Lone Mountain,MT,45.27,-111.43,2706.6,20170302,17.42,31.46,23.54,,,,,45.00002429999999,0.0
293214,Lone Mountain,MT,45.27,-111.43,2706.6,20170303,24.26,39.74,30.2,,,,,45.00002429999999,0.0
293215,Lone Mountain,MT,45.27,-111.43,2706.6,20170304,27.32,32.36,29.66,,,,,45.00002429999999,0.0
293216,Lone Mountain,MT,45.27,-111.43,2706.6,20170305,16.16,34.52,25.34,,,,,45.00002429999999,0.0
293217,Lone Mountain,MT,45.27,-111.43,2706.6,20170306,8.96,19.58,12.56,,,,,49.0157745,0.40157502
293218,Lone Mountain,MT,45.27,-111.43,2706.6,20170307,6.98,24.08,15.8,,,,,49.0157745,0.0
293219,Lone Mountain,MT,45.27,-111.43,2706.6,20170308,22.64,37.22,29.66,,,,,47.992151899999996,0.09842525
293220,Lone Mountain,MT,45.27,-111.43,2706.6,20170309,29.12,39.92,32.36,,,,,50.000027,0.20078751
293221,Lone Mountain,MT,45.27,-111.43,2706.6,20170310,29.12,42.98,34.7,,,,,50.9842795,0.29921276
293222,Lone Mountain,MT,45.27,-111.43,2706.6,20170311,24.8,44.96,32.72,,,,,50.000027,0.0
293223,Lone Mountain,MT,45.27,-111.43,2706.6,20170312,23.72,37.94,28.94,,,,,50.000027,0.09842525
293224,Lone Mountain,MT,45.27,-111.43,2706.6,20170313,28.76,49.28,36.32,,,,,49.0157745,0.0
293225,Lone Mountain,MT,45.27,-111.43,2706.6,20170314,32.9,51.08,40.28,,,,,47.0078994,0.0
293226,Lone Mountain,MT,45.27,-111.43,2706.6,20170315,34.7,54.32,42.8,,,,,45.984276799999996,0.0
293227,Lone Mountain,MT,45.27,-111.43,2706.6,20170316,27.86,41.54,34.34,,,,,45.984276799999996,0.09842525
293228,Lone Mountain,MT,45.27,-111.43,2706.6,20170317,24.8,45.86,36.32,,,,,45.00002429999999,0.0
293229,Lone Mountain,MT,45.27,-111.43,2706.6,20170318,35.06,49.64,42.8,,,,,44.015771799999996,0.0
293230,Lone Mountain,MT,45.27,-111.43,2706.6,20170319,32.72,42.44,36.5,,,,,44.015771799999996,0.20078751
293231,Lone Mountain,MT,45.27,-111.43,2706.6,20170320,31.28,43.34,34.7,,,,,45.00002429999999,0.09842525
293232,Lone Mountain,MT,45.27,-111.43,2706.6,20170321,30.2,51.26,39.56,,,,,42.9921492,0.0
293233,Lone Mountain,MT,45.27,-111.43,2706.6,20170322,29.48,46.22,35.6,,,,,42.9921492,0.09842525
293234,Lone Mountain,MT,45.27,-111.43,2706.6,20170323,25.16,45.14,32.0,,,,,42.0078967,0.0
293235,Lone Mountain,MT,45.27,-111.43,2706.6,20170324,24.44,46.94,33.62,,,,,40.9842741,0.0
293236,Lone Mountain,MT,45.27,-111.43,2706.6,20170325,24.44,38.66,30.92,,,,,42.0078967,0.09842525
293237,Lone Mountain,MT,45.27,-111.43,2706.6,20170326,21.38,42.8,29.48,,,,,42.0078967,0.0
293238,Lone Mountain,MT,45.27,-111.43,2706.6,20170327,24.62,37.58,30.2,,,,,45.00002429999999,0.20078751
293239,Lone Mountain,MT,45.27,-111.43,2706.6,20170328,18.68,44.78,29.3,,,,,42.9921492,0.09842525
293240,Lone Mountain,MT,45.27,-111.43,2706.6,20170329,27.68,41.36,32.9,,,,,42.9921492,0.0
293241,Lone Mountain,MT,45.27,-111.43,2706.6,20170330,29.48,46.58,33.98,,,,,45.00002429999999,0.50000027
293242,Lone Mountain,MT,45.27,-111.43,2706.6,20170331,24.8,37.94,31.1,,,,,45.984276799999996,0.09842525
293243,Lone Mountain,MT,45.27,-111.43,2706.6,20170401,23.36,53.06,36.14,,,,,45.00002429999999,0.09842525
293244,Lone Mountain,MT,45.27,-111.43,2706.6,20170402,16.52,48.38,30.38,,,,,47.0078994,0.29921276
293245,Lone Mountain,MT,45.27,-111.43,2706.6,20170403,9.68,35.42,18.68,,,,,47.0078994,0.0
293246,Lone Mountain,MT,45.27,-111.43,2706.6,20170404,12.02,40.82,24.08,,,,,45.984276799999996,0.0
293247,Lone Mountain,MT,45.27,-111.43,2706.6,20170405,20.66,49.28,32.72,,,,,45.00002429999999,0.09842525
293248,Lone Mountain,MT,45.27,-111.43,2706.6,20170406,29.12,46.04,39.2,,,,,45.00002429999999,0.0
293249,Lone Mountain,MT,45.27,-111.43,2706.6,20170407,29.12,45.14,37.22,,,,,47.0078994,0.20078751
293250,Lone Mountain,MT,45.27,-111.43,2706.6,20170408,24.08,43.7,30.2,,,,,47.992151899999996,0.20078751
293251,Lone Mountain,MT,45.27,-111.43,2706.6,20170409,15.98,33.98,22.64,,,,,50.9842795,0.20078751
293252,Lone Mountain,MT,45.27,-111.43,2706.6,20170410,17.24,33.8,25.16,,,,,52.0079021,0.20078751
293253,Lone Mountain,MT,45.27,-111.43,2706.6,20170411,15.62,41.54,28.58,,,,,52.0079021,0.20078751
293254,Lone Mountain,MT,45.27,-111.43,2706.6,20170412,27.32,48.2,36.68,,,,,50.000027,0.09842525
293255,Lone Mountain,MT,45.27,-111.43,2706.6,20170413,28.04,51.8,40.28,,,,,50.000027,0.09842525
293256,Lone Mountain,MT,45.27,-111.43,2706.6,20170414,19.76,40.64,27.5,,,,,54.0157772,0.40157502
293257,Lone Mountain,MT,45.27,-111.43,2706.6,20170415,14.72,36.32,24.44,,,,,50.9842795,0.09842525
293258,Lone Mountain,MT,45.27,-111.43,2706.6,20170416,18.32,48.2,33.26,,,,,49.0157745,0.0
293259,Lone Mountain,MT,45.27,-111.43,2706.6,20170417,28.58,39.2,33.62,,,,,52.0079021,0.40157502
293260,Lone Mountain,MT,45.27,-111.43,2706.6,20170418,29.66,49.82,35.24,,,,,52.0079021,0.09842525
293261,Lone Mountain,MT,45.27,-111.43,2706.6,20170419,26.78,48.2,33.98,,,,,50.9842795,0.0
293262,Lone Mountain,MT,45.27,-111.43,2706.6,20170420,25.52,45.86,32.54,,,,,52.0079021,0.09842525
293263,Lone Mountain,MT,45.27,-111.43,2706.6,20170421,23.54,35.96,27.14,,,,,52.0079021,0.20078751
293264,Lone Mountain,MT,45.27,-111.43,2706.6,20170422,19.22,48.02,34.7,,,,,50.000027,0.0
293265,Lone Mountain,MT,45.27,-111.43,2706.6,20170423,29.12,44.24,34.52,,,,,54.0157772,0.29921276
293266,Lone Mountain,MT,45.27,-111.43,2706.6,20170424,28.4,39.2,32.72,,,,,55.9842822,0.29921276
293267,Lone Mountain,MT,45.27,-111.43,2706.6,20170425,26.78,45.5,32.54,,,,,52.9921546,0.20078751
293268,Lone Mountain,MT,45.27,-111.43,2706.6,20170426,26.42,45.86,31.28,,,,,55.0000297,0.40157502
293269,Lone Mountain,MT,45.27,-111.43,2706.6,20170427,22.82,37.58,26.24,,,,,64.0157826,0.79921303
293270,Lone Mountain,MT,45.27,-111.43,2706.6,20170428,21.2,36.68,26.24,,,,,60.98428489999999,0.20078751
293271,Lone Mountain,MT,45.27,-111.43,2706.6,20170429,19.4,48.56,31.46,,,,,60.0000324,0.0
293272,Lone Mountain,MT,45.27,-111.43,2706.6,20170430,27.32,46.22,34.34,,,,,57.992157299999995,0.09842525
293273,Lone Mountain,MT,45.27,-111.43,2706.6,20170501,25.16,47.66,33.44,,,,,59.0157799,0.09842525
293274,Lone Mountain,MT,45.27,-111.43,2706.6,20170502,25.16,48.38,34.16,,,,,55.9842822,0.09842525
293275,Lone Mountain,MT,45.27,-111.43,2706.6,20170503,21.38,55.22,40.1,,,,,55.0000297,0.0
293276,Lone Mountain,MT,45.27,-111.43,2706.6,20170504,38.12,65.48,50.36,,,,,52.9921546,0.0
293277,Lone Mountain,MT,45.27,-111.43,2706.6,20170505,44.24,65.3,53.42,,,,,50.9842795,0.0
293278,Lone Mountain,MT,45.27,-111.43,2706.6,20170506,42.44,62.78,50.0,,,,,49.0157745,0.0
293279,Lone Mountain,MT,45.27,-111.43,2706.6,20170507,32.36,52.7,42.62,,,,,47.0078994,0.20078751
293280,Lone Mountain,MT,45.27,-111.43,2706.6,20170508,29.84,56.48,38.66,,,,,45.984276799999996,0.09842525
293281,Lone Mountain,MT,45.27,-111.43,2706.6,20170509,34.34,53.24,39.74,,,,,45.984276799999996,0.0
293282,Lone Mountain,MT,45.27,-111.43,2706.6,20170510,33.62,62.78,47.12,,,,,44.015771799999996,0.0
293283,Lone Mountain,MT,45.27,-111.43,2706.6,20170511,41.18,63.5,50.9,,,,,42.0078967,0.0
293284,Lone Mountain,MT,45.27,-111.43,2706.6,20170512,32.54,58.46,48.02,,,,,39.0157691,0.0
293285,Lone Mountain,MT,45.27,-111.43,2706.6,20170513,24.26,38.12,30.38,,,,,42.0078967,0.29921276
293286,Lone Mountain,MT,45.27,-111.43,2706.6,20170514,21.02,43.7,32.54,,,,,40.000021600000004,0.0
293287,Lone Mountain,MT,45.27,-111.43,2706.6,20170515,29.12,46.22,34.52,,,,,40.000021600000004,0.20078751
293288,Lone Mountain,MT,45.27,-111.43,2706.6,20170516,27.32,48.02,33.98,,,,,40.000021600000004,0.09842525
293289,Lone Mountain,MT,45.27,-111.43,2706.6,20170517,25.7,32.54,29.48,,,,,49.0157745,1.00000054
293290,Lone Mountain,MT,45.27,-111.43,2706.6,20170518,25.52,41.54,31.64,,,,,45.984276799999996,0.0
293291,Lone Mountain,MT,45.27,-111.43,2706.6,20170519,24.62,52.52,36.68,,,,,42.9921492,0.0
293292,Lone Mountain,MT,45.27,-111.43,2706.6,20170520,32.18,49.46,39.2,,,,,42.0078967,0.0
293293,Lone Mountain,MT,45.27,-111.43,2706.6,20170521,30.74,57.02,41.18,,,,,40.000021600000004,0.0
293294,Lone Mountain,MT,45.27,-111.43,2706.6,20170522,36.86,55.58,43.7,,,,,39.0157691,0.0
293295,Lone Mountain,MT,45.27,-111.43,2706.6,20170523,38.84,63.68,50.9,,,,,35.0000189,0.0
293296,Lone Mountain,MT,45.27,-111.43,2706.6,20170524,29.3,60.26,46.58,,,,,32.0078913,0.0
293297,Lone Mountain,MT,45.27,-111.43,2706.6,20170525,27.14,42.8,32.72,,,,,32.0078913,0.09842525
293298,Lone Mountain,MT,45.27,-111.43,2706.6,20170526,26.96,49.1,37.4,,,,,30.984268699999998,0.0
293299,Lone Mountain,MT,45.27,-111.43,2706.6,20170527,33.44,54.86,42.8,,,,,30.0000162,0.0
293300,Lone Mountain,MT,45.27,-111.43,2706.6,20170528,38.66,60.08,46.22,,,,,27.9921411,0.09842525
293301,Lone Mountain,MT,45.27,-111.43,2706.6,20170529,37.94,63.14,47.84,,,,,25.984266,0.0
293302,Lone Mountain,MT,45.27,-111.43,2706.6,20170530,42.98,64.58,49.82,,,,,24.015760999999998,0.09842525
293303,Lone Mountain,MT,45.27,-111.43,2706.6,20170531,43.34,68.36,53.78,,,,,22.007885899999998,0.0
293304,Lone Mountain,MT,45.27,-111.43,2706.6,20170601,42.62,58.64,50.18,,,,,20.000010800000002,0.09842525
293305,Lone Mountain,MT,45.27,-111.43,2706.6,20170602,38.66,59.36,47.66,,,,,15.9842606,0.20078751
293306,Lone Mountain,MT,45.27,-111.43,2706.6,20170603,41.36,65.48,53.78,,,,,14.015755599999999,0.0
293307,Lone Mountain,MT,45.27,-111.43,2706.6,20170604,44.24,72.14,57.56,,,,,10.000005400000001,0.0
293308,Lone Mountain,MT,45.27,-111.43,2706.6,20170605,40.28,58.46,47.66,,,,,7.007877799999999,0.09842525
293309,Lone Mountain,MT,45.27,-111.43,2706.6,20170606,38.3,66.56,52.34,,,,,4.0157502,0.0
293310,Lone Mountain,MT,45.27,-111.43,2706.6,20170607,46.22,71.6,55.94,,,,,0.0,0.0
293311,Lone Mountain,MT,45.27,-111.43,2706.6,20170608,46.76,69.98,58.1,,,,,0.0,0.0
293312,Lone Mountain,MT,45.27,-111.43,2706.6,20170609,33.26,50.9,41.36,,,,,0.0,0.20078751
293313,Lone Mountain,MT,45.27,-111.43,2706.6,20170610,30.2,44.96,36.5,,,,,0.0,0.20078751
293314,Lone Mountain,MT,45.27,-111.43,2706.6,20170611,28.58,52.7,40.82,,,,,0.0,0.0
293315,Lone Mountain,MT,45.27,-111.43,2706.6,20170612,31.28,60.08,42.62,,,,,0.0,0.09842525
293316,Lone Mountain,MT,45.27,-111.43,2706.6,20170613,30.92,42.26,35.06,,,,,2.9921276000000003,0.79921303
293317,Lone Mountain,MT,45.27,-111.43,2706.6,20170614,35.06,52.88,42.98,,,,,0.0,0.0
293318,Lone Mountain,MT,45.27,-111.43,2706.6,20170615,39.92,51.44,45.5,,,,,0.0,0.09842525
293319,Lone Mountain,MT,45.27,-111.43,2706.6,20170616,39.38,50.54,43.34,,,,,0.0,0.20078751
293320,Lone Mountain,MT,45.27,-111.43,2706.6,20170617,37.04,52.7,44.06,,,,,0.0,0.0
293321,Lone Mountain,MT,45.27,-111.43,2706.6,20170618,42.62,55.94,46.76,,,,,0.0,0.0
293322,Lone Mountain,MT,45.27,-111.43,2706.6,20170619,42.08,66.74,55.04,,,,,0.0,0.0
293323,Lone Mountain,MT,45.27,-111.43,2706.6,20170620,51.44,74.12,62.24,,,,,0.0,0.0
293324,Lone Mountain,MT,45.27,-111.43,2706.6,20170621,46.04,66.92,56.84,,,,,0.0,0.0
293325,Lone Mountain,MT,45.27,-111.43,2706.6,20170622,35.24,57.74,45.5,,,,,0.0,0.0
293326,Lone Mountain,MT,45.27,-111.43,2706.6,20170623,33.44,57.92,45.32,,,,,0.0,0.0
293327,Lone Mountain,MT,45.27,-111.43,2706.6,20170624,38.48,61.88,49.82,,,,,0.0,0.0
293328,Lone Mountain,MT,45.27,-111.43,2706.6,20170625,43.16,68.9,55.22,,,,,0.0,0.0
293329,Lone Mountain,MT,45.27,-111.43,2706.6,20170626,48.92,73.76,60.8,,,,,0.0,0.0
293330,Lone Mountain,MT,45.27,-111.43,2706.6,20170627,41.36,56.84,49.1,,,,,0.0,0.40157502
293331,Lone Mountain,MT,45.27,-111.43,2706.6,20170628,39.92,57.02,46.58,,,,,0.0,0.09842525
293332,Lone Mountain,MT,45.27,-111.43,2706.6,20170629,37.04,49.1,40.82,,,,,0.0,0.0
293333,Lone Mountain,MT,45.27,-111.43,2706.6,20170630,37.22,63.68,50.36,,,,,0.0,0.0
293334,Lone Mountain,MT,45.27,-111.43,2706.6,20170701,46.4,70.34,57.92,,,,,0.0,0.0
293335,Lone Mountain,MT,45.27,-111.43,2706.6,20170702,48.74,70.34,57.2,,,,,0.0,0.0
293336,Lone Mountain,MT,45.27,-111.43,2706.6,20170703,49.46,74.3,61.52,,,,,0.0,0.0
293337,Lone Mountain,MT,45.27,-111.43,2706.6,20170704,50.0,73.58,61.88,,,,,0.0,0.0
293338,Lone Mountain,MT,45.27,-111.43,2706.6,20170705,52.7,77.72,61.88,,,,,0.0,0.0
293339,Lone Mountain,MT,45.27,-111.43,2706.6,20170706,50.9,77.72,63.86,,,,,0.0,0.0
293340,Lone Mountain,MT,45.27,-111.43,2706.6,20170707,53.24,77.0,62.78,,,,,0.0,0.0
293341,Lone Mountain,MT,45.27,-111.43,2706.6,20170708,53.78,77.9,64.04,,,,,0.0,0.0
293342,Lone Mountain,MT,45.27,-111.43,2706.6,20170709,50.36,76.28,60.8,,,,,0.0,0.09842525
293343,Lone Mountain,MT,45.27,-111.43,2706.6,20170710,48.92,72.14,58.28,,,,,0.0,0.09842525
293344,Lone Mountain,MT,45.27,-111.43,2706.6,20170711,48.92,69.62,56.66,,,,,0.0,0.0
293345,Lone Mountain,MT,45.27,-111.43,2706.6,20170712,55.04,71.78,63.32,,,,,0.0,0.0
293346,Lone Mountain,MT,45.27,-111.43,2706.6,20170713,60.08,76.82,68.72,,,,,0.0,0.0
293347,Lone Mountain,MT,45.27,-111.43,2706.6,20170714,56.48,79.16,66.38,,,,,0.0,0.0
293348,Lone Mountain,MT,45.27,-111.43,2706.6,20170715,51.98,75.92,61.88,,,,,0.0,0.0
293349,Lone Mountain,MT,45.27,-111.43,2706.6,20170716,51.8,70.52,59.18,,,,,0.0,0.09842525
293350,Lone Mountain,MT,45.27,-111.43,2706.6,20170717,47.84,71.42,55.4,,,,,0.0,0.0
293351,Lone Mountain,MT,45.27,-111.43,2706.6,20170718,46.58,71.78,59.9,,,,,0.0,0.0
293352,Lone Mountain,MT,45.27,-111.43,2706.6,20170719,48.92,73.76,61.7,,,,,0.0,0.0
293353,Lone Mountain,MT,45.27,-111.43,2706.6,20170720,51.26,74.3,62.42,,,,,0.0,0.0
293354,Lone Mountain,MT,45.27,-111.43,2706.6,20170721,48.92,69.26,58.28,,,,,0.0,0.0
293355,Lone Mountain,MT,45.27,-111.43,2706.6,20170722,47.66,73.76,59.54,,,,,0.0,0.0
293356,Lone Mountain,MT,45.27,-111.43,2706.6,20170723,52.7,77.0,63.68,,,,,0.0,0.0
293357,Lone Mountain,MT,45.27,-111.43,2706.6,20170724,53.42,74.84,61.88,,,,,0.0,0.0
293358,Lone Mountain,MT,45.27,-111.43,2706.6,20170725,50.36,60.8,55.04,,,,,0.0,0.20078751
293359,Lone Mountain,MT,45.27,-111.43,2706.6,20170726,48.74,66.02,54.5,,,,,0.0,0.0
293360,Lone Mountain,MT,45.27,-111.43,2706.6,20170727,48.56,69.08,54.5,,,,,0.0,0.20078751
293361,Lone Mountain,MT,45.27,-111.43,2706.6,20170728,48.74,68.72,56.66,,,,,0.0,0.0
293362,Lone Mountain,MT,45.27,-111.43,2706.6,20170729,49.64,70.16,58.46,,,,,0.0,0.0
293363,Lone Mountain,MT,45.27,-111.43,2706.6,20170730,53.24,75.38,62.06,,,,,0.0,0.0
293364,Lone Mountain,MT,45.27,-111.43,2706.6,20170731,53.6,76.82,63.14,,,,,0.0,0.0
293365,Lone Mountain,MT,45.27,-111.43,2706.6,20170801,52.16,75.74,62.6,,,,,0.0,0.0
293366,Lone Mountain,MT,45.27,-111.43,2706.6,20170802,48.02,70.16,56.48,,,,,0.0,0.09842525
293367,Lone Mountain,MT,45.27,-111.43,2706.6,20170803,45.5,70.34,57.02,,,,,0.0,0.0
293368,Lone Mountain,MT,45.27,-111.43,2706.6,20170804,50.54,73.58,61.7,,,,,0.0,0.0
293369,Lone Mountain,MT,45.27,-111.43,2706.6,20170805,43.52,66.92,53.24,,,,,0.0,0.0
293370,Lone Mountain,MT,45.27,-111.43,2706.6,20170806,42.26,62.24,50.0,,,,,0.0,0.0
293371,Lone Mountain,MT,45.27,-111.43,2706.6,20170807,43.16,67.82,54.32,,,,,0.0,0.0
293372,Lone Mountain,MT,45.27,-111.43,2706.6,20170808,47.66,66.56,55.58,,,,,0.0,0.0
293373,Lone Mountain,MT,45.27,-111.43,2706.6,20170809,44.42,67.64,52.7,,,,,0.0,0.09842525
293374,Lone Mountain,MT,45.27,-111.43,2706.6,20170810,43.52,69.26,56.3,,,,,0.0,0.29921276
293375,Lone Mountain,MT,45.27,-111.43,2706.6,20170811,44.24,71.06,55.4,,,,,0.0,0.0
293376,Lone Mountain,MT,45.27,-111.43,2706.6,20170812,46.94,71.96,57.74,,,,,0.0,0.0
293377,Lone Mountain,MT,45.27,-111.43,2706.6,20170813,45.14,62.78,51.44,,,,,0.0,0.29921276
293378,Lone Mountain,MT,45.27,-111.43,2706.6,20170814,42.08,55.58,47.3,,,,,0.0,0.40157502
293379,Lone Mountain,MT,45.27,-111.43,2706.6,20170815,39.56,62.6,50.0,,,,,0.0,0.0
293380,Lone Mountain,MT,45.27,-111.43,2706.6,20170816,44.96,66.92,54.86,,,,,0.0,0.0
293381,Lone Mountain,MT,45.27,-111.43,2706.6,20170817,48.56,66.2,55.76,,,,,0.0,0.0
293382,Lone Mountain,MT,45.27,-111.43,2706.6,20170818,48.92,70.88,59.0,,,,,0.0,0.0
293383,Lone Mountain,MT,45.27,-111.43,2706.6,20170819,47.84,67.28,57.74,,,,,0.0,0.09842525
293384,Lone Mountain,MT,45.27,-111.43,2706.6,20170820,43.52,66.74,53.96,,,,,0.0,0.0
293385,Lone Mountain,MT,45.27,-111.43,2706.6,20170821,45.14,67.64,53.96,,,,,0.0,0.0
293386,Lone Mountain,MT,45.27,-111.43,2706.6,20170822,50.0,73.4,60.8,,,,,0.0,0.0
293387,Lone Mountain,MT,45.27,-111.43,2706.6,20170823,47.3,75.02,56.84,,,,,0.0,0.40157502
293388,Lone Mountain,MT,45.27,-111.43,2706.6,20170824,43.88,63.86,51.98,,,,,0.0,0.29921276
293389,Lone Mountain,MT,45.27,-111.43,2706.6,20170825,44.06,67.28,52.7,,,,,0.0,0.0
293390,Lone Mountain,MT,45.27,-111.43,2706.6,20170826,47.84,68.72,57.38,,,,,0.0,0.0
293391,Lone Mountain,MT,45.27,-111.43,2706.6,20170827,50.9,73.76,61.52,,,,,0.0,0.0
293392,Lone Mountain,MT,45.27,-111.43,2706.6,20170828,54.5,75.56,62.6,,,,,0.0,0.0
293393,Lone Mountain,MT,45.27,-111.43,2706.6,20170829,55.94,74.3,62.6,,,,,0.0,0.0
293394,Lone Mountain,MT,45.27,-111.43,2706.6,20170830,54.68,74.84,61.16,,,,,0.0,0.0
293395,Lone Mountain,MT,45.27,-111.43,2706.6,20170831,52.16,71.96,59.54,,,,,0.0,0.0
293396,Lone Mountain,MT,45.27,-111.43,2706.6,20170901,45.86,69.62,58.28,,,,,0.0,0.0
293397,Lone Mountain,MT,45.27,-111.43,2706.6,20170902,53.42,74.66,64.22,,,,,0.0,0.0
293398,Lone Mountain,MT,45.27,-111.43,2706.6,20170903,58.28,80.42,67.1,,,,,0.0,0.0
293399,Lone Mountain,MT,45.27,-111.43,2706.6,20170904,44.06,68.9,55.58,,,,,0.0,0.0
293400,Lone Mountain,MT,45.27,-111.43,2706.6,20170905,42.26,71.6,55.4,,,,,0.0,0.0
293401,Lone Mountain,MT,45.27,-111.43,2706.6,20170906,51.98,71.42,60.44,,,,,0.0,0.0
293402,Lone Mountain,MT,45.27,-111.43,2706.6,20170907,52.52,72.5,60.08,,,,,0.0,0.0
293403,Lone Mountain,MT,45.27,-111.43,2706.6,20170908,49.1,75.38,57.56,,,,,0.0,0.20078751
293404,Lone Mountain,MT,45.27,-111.43,2706.6,20170909,49.64,68.18,58.28,,,,,0.0,0.0
293405,Lone Mountain,MT,45.27,-111.43,2706.6,20170910,50.54,67.28,57.74,,,,,0.0,0.0
293406,Lone Mountain,MT,45.27,-111.43,2706.6,20170911,48.38,72.14,59.36,,,,,0.0,0.0
293407,Lone Mountain,MT,45.27,-111.43,2706.6,20170912,51.98,72.5,60.98,,,,,0.0,0.0
293408,Lone Mountain,MT,45.27,-111.43,2706.6,20170913,43.7,64.04,51.8,,,,,0.0,0.79921303
293409,Lone Mountain,MT,45.27,-111.43,2706.6,20170914,34.16,57.02,44.06,,,,,0.0,0.40157502
293410,Lone Mountain,MT,45.27,-111.43,2706.6,20170915,28.22,34.7,31.28,,,,,2.0078751,0.79921303
293411,Lone Mountain,MT,45.27,-111.43,2706.6,20170916,25.52,35.24,29.48,,,,,0.9842525,0.09842525
293412,Lone Mountain,MT,45.27,-111.43,2706.6,20170917,25.34,46.94,36.32,,,,,0.0,0.0
293413,Lone Mountain,MT,45.27,-111.43,2706.6,20170918,31.82,44.6,39.38,,,,,4.0157502,0.59842552
293414,Lone Mountain,MT,45.27,-111.43,2706.6,20170919,27.86,39.74,31.1,,,,,4.0157502,0.59842552
293415,Lone Mountain,MT,45.27,-111.43,2706.6,20170920,24.44,37.58,31.46,,,,,5.984255200000001,0.40157502
293416,Lone Mountain,MT,45.27,-111.43,2706.6,20170921,28.04,38.48,32.0,,,,,5.984255200000001,0.40157502
293417,Albro Lake,MT,45.6,-111.96,2529.8,20170101,-13.72,24.08,7.88,,,,,27.9921411,0.09842525
293418,Albro Lake,MT,45.6,-111.96,2529.8,20170102,-19.12,-2.38,-11.02,,,,,27.0078886,0.0
293419,Albro Lake,MT,45.6,-111.96,2529.8,20170103,-5.44,9.86,0.32,,,,,27.0078886,0.09842525
293420,Albro Lake,MT,45.6,-111.96,2529.8,20170104,-13.36,-0.4,-5.98,,,,,27.0078886,0.0
293421,Albro Lake,MT,45.6,-111.96,2529.8,20170105,-13.72,10.22,-0.4,,,,,27.0078886,0.0
293422,Albro Lake,MT,45.6,-111.96,2529.8,20170106,1.58,17.6,13.46,,,,,27.0078886,0.0
293423,Albro Lake,MT,45.6,-111.96,2529.8,20170107,10.4,24.44,19.4,,,,,27.0078886,0.09842525
293424,Albro Lake,MT,45.6,-111.96,2529.8,20170108,22.46,32.18,27.86,,,,,29.015763699999997,0.29921276
293425,Albro Lake,MT,45.6,-111.96,2529.8,20170109,15.26,32.0,25.34,,,,,35.9842714,0.90157529
293426,Albro Lake,MT,45.6,-111.96,2529.8,20170110,13.82,20.66,17.6,,,,,39.0157691,0.29921276
293427,Albro Lake,MT,45.6,-111.96,2529.8,20170111,14.18,26.06,20.12,,,,,37.992146500000004,0.09842525
293428,Albro Lake,MT,45.6,-111.96,2529.8,20170112,5.9,18.86,12.38,,,,,37.007894,0.0
293429,Albro Lake,MT,45.6,-111.96,2529.8,20170113,6.8,28.94,15.26,,,,,35.9842714,0.09842525
293430,Albro Lake,MT,45.6,-111.96,2529.8,20170114,10.76,31.28,18.68,,,,,35.0000189,0.0
293431,Albro Lake,MT,45.6,-111.96,2529.8,20170115,13.82,33.08,20.66,,,,,34.0157664,0.0
293432,Albro Lake,MT,45.6,-111.96,2529.8,20170116,11.66,34.34,23.36,,,,,32.9921438,0.0
293433,Albro Lake,MT,45.6,-111.96,2529.8,20170117,26.78,41.72,34.16,,,,,32.9921438,0.0
293434,Albro Lake,MT,45.6,-111.96,2529.8,20170118,29.66,39.74,35.24,,,,,32.9921438,0.0
293435,Albro Lake,MT,45.6,-111.96,2529.8,20170119,23.72,32.9,28.58,,,,,32.0078913,0.0
293436,Albro Lake,MT,45.6,-111.96,2529.8,20170120,14.36,24.8,20.48,,,,,32.9921438,0.09842525
293437,Albro Lake,MT,45.6,-111.96,2529.8,20170121,17.06,29.3,21.02,,,,,32.0078913,0.0
293438,Albro Lake,MT,45.6,-111.96,2529.8,20170122,17.78,24.08,20.3,,,,,34.0157664,0.0
293439,Albro Lake,MT,45.6,-111.96,2529.8,20170123,9.86,24.62,14.9,,,,,34.0157664,0.0
293440,Albro Lake,MT,45.6,-111.96,2529.8,20170124,1.94,13.1,8.06,,,,,34.0157664,0.0
293441,Albro Lake,MT,45.6,-111.96,2529.8,20170125,5.72,18.68,10.94,,,,,34.0157664,0.09842525
293442,Albro Lake,MT,45.6,-111.96,2529.8,20170126,4.28,17.78,9.68,,,,,34.0157664,0.0
293443,Albro Lake,MT,45.6,-111.96,2529.8,20170127,4.82,35.24,24.98,,,,,32.9921438,0.0
293444,Albro Lake,MT,45.6,-111.96,2529.8,20170128,28.04,38.3,33.8,,,,,32.0078913,0.0
293445,Albro Lake,MT,45.6,-111.96,2529.8,20170129,32.72,39.56,36.14,,,,,32.0078913,0.0
293446,Albro Lake,MT,45.6,-111.96,2529.8,20170130,24.62,34.7,30.92,,,,,30.984268699999998,0.09842525
293447,Albro Lake,MT,45.6,-111.96,2529.8,20170131,0.86,26.78,16.34,,,,,40.9842741,0.29921276
293448,Albro Lake,MT,45.6,-111.96,2529.8,20170201,-12.46,4.64,-2.38,,,,,40.000021600000004,0.0
293449,Albro Lake,MT,45.6,-111.96,2529.8,20170202,-6.7,9.86,-0.94,,,,,37.992146500000004,0.09842525
293450,Albro Lake,MT,45.6,-111.96,2529.8,20170203,10.04,31.28,26.24,,,,,35.9842714,0.0
293451,Albro Lake,MT,45.6,-111.96,2529.8,20170204,26.06,29.48,27.68,,,,,40.9842741,0.70078778
293452,Albro Lake,MT,45.6,-111.96,2529.8,20170205,26.78,31.28,28.94,,,,,40.000021600000004,0.0
293453,Albro Lake,MT,45.6,-111.96,2529.8,20170206,18.14,30.92,27.14,,,,,42.0078967,0.40157502
293454,Albro Lake,MT,45.6,-111.96,2529.8,20170207,11.66,23.9,18.14,,,,,45.984276799999996,0.29921276
293455,Albro Lake,MT,45.6,-111.96,2529.8,20170208,19.04,32.9,25.34,,,,,47.992151899999996,0.20078751
293456,Albro Lake,MT,45.6,-111.96,2529.8,20170209,31.82,39.38,35.96,,,,,47.0078994,0.50000027
293457,Albro Lake,MT,45.6,-111.96,2529.8,20170210,23.9,35.24,29.66,,,,,47.0078994,0.29921276
293458,Albro Lake,MT,45.6,-111.96,2529.8,20170211,10.22,24.44,18.14,,,,,45.984276799999996,0.09842525
293459,Albro Lake,MT,45.6,-111.96,2529.8,20170212,15.44,38.84,26.78,,,,,45.00002429999999,0.0
293460,Albro Lake,MT,45.6,-111.96,2529.8,20170213,21.02,38.84,28.76,,,,,45.00002429999999,0.0
293461,Albro Lake,MT,45.6,-111.96,2529.8,20170214,22.64,46.94,34.34,,,,,44.015771799999996,0.0
293462,Albro Lake,MT,45.6,-111.96,2529.8,20170215,37.04,46.94,41.54,,,,,42.9921492,0.0
293463,Albro Lake,MT,45.6,-111.96,2529.8,20170216,26.24,42.8,34.52,,,,,42.9921492,0.09842525
293464,Albro Lake,MT,45.6,-111.96,2529.8,20170217,24.44,39.74,29.3,,,,,42.9921492,0.0
293465,Albro Lake,MT,45.6,-111.96,2529.8,20170218,28.94,37.4,32.0,,,,,44.015771799999996,0.09842525
293466,Albro Lake,MT,45.6,-111.96,2529.8,20170219,22.82,32.9,28.4,,,,,52.0079021,0.70078778
293467,Albro Lake,MT,45.6,-111.96,2529.8,20170220,23.0,33.44,29.12,,,,,52.0079021,0.40157502
293468,Albro Lake,MT,45.6,-111.96,2529.8,20170221,22.28,33.8,28.76,,,,,50.9842795,0.20078751
293469,Albro Lake,MT,45.6,-111.96,2529.8,20170222,16.7,27.32,20.84,,,,,57.0079048,0.59842552
293470,Albro Lake,MT,45.6,-111.96,2529.8,20170223,3.2,18.32,13.46,,,,,67.9921627,0.90157529
293471,Albro Lake,MT,45.6,-111.96,2529.8,20170224,-1.12,18.5,9.86,,,,,67.00791020000001,0.0
293472,Albro Lake,MT,45.6,-111.96,2529.8,20170225,4.64,13.64,8.96,,,,,64.0157826,0.0
293473,Albro Lake,MT,45.6,-111.96,2529.8,20170226,8.42,19.4,12.02,,,,,62.99216,0.09842525
293474,Albro Lake,MT,45.6,-111.96,2529.8,20170227,3.2,20.3,12.38,,,,,62.007907499999995,0.20078751
293475,Albro Lake,MT,45.6,-111.96,2529.8,20170228,7.88,19.22,11.12,,,,,60.0000324,0.09842525
293476,Albro Lake,MT,45.6,-111.96,2529.8,20170301,9.14,25.88,17.96,,,,,57.992157299999995,0.09842525
293477,Albro Lake,MT,45.6,-111.96,2529.8,20170302,15.98,30.92,24.44,,,,,57.0079048,0.0
293478,Albro Lake,MT,45.6,-111.96,2529.8,20170303,25.34,36.86,30.2,,,,,55.0000297,0.0
293479,Albro Lake,MT,45.6,-111.96,2529.8,20170304,24.62,35.06,29.12,,,,,57.992157299999995,0.20078751
293480,Albro Lake,MT,45.6,-111.96,2529.8,20170305,14.9,28.58,24.08,,,,,57.992157299999995,0.20078751
293481,Albro Lake,MT,45.6,-111.96,2529.8,20170306,9.68,21.2,13.28,,,,,59.0157799,0.09842525
293482,Albro Lake,MT,45.6,-111.96,2529.8,20170307,7.52,22.46,15.98,,,,,60.0000324,0.09842525
293483,Albro Lake,MT,45.6,-111.96,2529.8,20170308,22.46,33.44,29.12,,,,,59.0157799,0.29921276
293484,Albro Lake,MT,45.6,-111.96,2529.8,20170309,28.58,37.58,33.08,,,,,62.007907499999995,0.40157502
293485,Albro Lake,MT,45.6,-111.96,2529.8,20170310,28.94,42.26,35.24,,,,,60.98428489999999,0.29921276
293486,Albro Lake,MT,45.6,-111.96,2529.8,20170311,22.28,43.7,32.36,,,,,60.98428489999999,0.0
293487,Albro Lake,MT,45.6,-111.96,2529.8,20170312,25.16,38.48,29.66,,,,,60.0000324,0.09842525
293488,Albro Lake,MT,45.6,-111.96,2529.8,20170313,30.2,46.22,37.94,,,,,59.0157799,0.0
293489,Albro Lake,MT,45.6,-111.96,2529.8,20170314,35.06,48.2,41.54,,,,,57.0079048,0.09842525
293490,Albro Lake,MT,45.6,-111.96,2529.8,20170315,38.66,50.72,43.52,,,,,55.0000297,0.0
293491,Albro Lake,MT,45.6,-111.96,2529.8,20170316,22.46,43.34,33.44,,,,,57.0079048,0.29921276
293492,Albro Lake,MT,45.6,-111.96,2529.8,20170317,22.1,50.72,36.5,,,,,55.0000297,0.0
293493,Albro Lake,MT,45.6,-111.96,2529.8,20170318,37.4,50.72,43.7,,,,,52.0079021,0.0
293494,Albro Lake,MT,45.6,-111.96,2529.8,20170319,32.54,39.92,36.5,,,,,52.9921546,0.59842552
293495,Albro Lake,MT,45.6,-111.96,2529.8,20170320,26.24,36.86,32.18,,,,,52.9921546,0.09842525
293496,Albro Lake,MT,45.6,-111.96,2529.8,20170321,30.38,51.08,40.64,,,,,50.9842795,0.09842525
293497,Albro Lake,MT,45.6,-111.96,2529.8,20170322,28.76,44.96,34.88,,,,,50.9842795,0.20078751
293498,Albro Lake,MT,45.6,-111.96,2529.8,20170323,22.28,39.56,29.84,,,,,50.9842795,0.0
293499,Albro Lake,MT,45.6,-111.96,2529.8,20170324,26.24,45.68,35.24,,,,,50.9842795,0.09842525
293500,Albro Lake,MT,45.6,-111.96,2529.8,20170325,22.64,42.8,30.74,,,,,52.0079021,0.20078751
293501,Albro Lake,MT,45.6,-111.96,2529.8,20170326,19.58,42.26,30.2,,,,,52.9921546,0.09842525
293502,Albro Lake,MT,45.6,-111.96,2529.8,20170327,19.4,42.98,31.28,,,,,52.0079021,0.0
293503,Albro Lake,MT,45.6,-111.96,2529.8,20170328,17.24,42.98,28.76,,,,,52.0079021,0.0
293504,Albro Lake,MT,45.6,-111.96,2529.8,20170329,26.24,44.96,33.44,,,,,52.9921546,0.09842525
293505,Albro Lake,MT,45.6,-111.96,2529.8,20170330,27.86,41.36,32.9,,,,,60.0000324,1.59842606
293506,Albro Lake,MT,45.6,-111.96,2529.8,20170331,24.08,35.78,29.48,,,,,60.0000324,0.20078751
293507,Albro Lake,MT,45.6,-111.96,2529.8,20170401,22.1,44.42,33.26,,,,,57.0079048,0.09842525
293508,Albro Lake,MT,45.6,-111.96,2529.8,20170402,16.7,46.22,30.56,,,,,57.992157299999995,0.09842525
293509,Albro Lake,MT,45.6,-111.96,2529.8,20170403,10.04,32.36,18.68,,,,,59.0157799,0.09842525
293510,Albro Lake,MT,45.6,-111.96,2529.8,20170404,9.68,40.28,25.34,,,,,59.0157799,0.09842525
293511,Albro Lake,MT,45.6,-111.96,2529.8,20170405,26.24,48.02,34.7,,,,,59.0157799,0.0
293512,Albro Lake,MT,45.6,-111.96,2529.8,20170406,34.34,50.36,41.36,,,,,55.9842822,0.0
293513,Albro Lake,MT,45.6,-111.96,2529.8,20170407,29.66,43.7,37.22,,,,,60.0000324,0.79921303
293514,Albro Lake,MT,45.6,-111.96,2529.8,20170408,24.08,44.78,31.82,,,,,62.007907499999995,0.40157502
293515,Albro Lake,MT,45.6,-111.96,2529.8,20170409,15.08,35.24,24.44,,,,,62.007907499999995,0.0
293516,Albro Lake,MT,45.6,-111.96,2529.8,20170410,14.9,33.44,24.62,,,,,62.99216,0.29921276
293517,Albro Lake,MT,45.6,-111.96,2529.8,20170411,12.56,44.96,29.3,,,,,64.0157826,0.09842525
293518,Albro Lake,MT,45.6,-111.96,2529.8,20170412,29.3,51.44,39.56,,,,,60.0000324,0.0
293519,Albro Lake,MT,45.6,-111.96,2529.8,20170413,28.22,53.06,41.72,,,,,62.007907499999995,0.20078751
293520,Albro Lake,MT,45.6,-111.96,2529.8,20170414,19.94,43.34,28.76,,,,,65.9842876,0.70078778
293521,Albro Lake,MT,45.6,-111.96,2529.8,20170415,15.62,33.44,22.82,,,,,62.99216,0.09842525
293522,Albro Lake,MT,45.6,-111.96,2529.8,20170416,15.62,48.74,32.9,,,,,59.0157799,0.09842525
293523,Albro Lake,MT,45.6,-111.96,2529.8,20170417,27.86,41.54,35.06,,,,,62.99216,0.29921276
293524,Albro Lake,MT,45.6,-111.96,2529.8,20170418,29.66,48.74,36.68,,,,,60.98428489999999,0.0
293525,Albro Lake,MT,45.6,-111.96,2529.8,20170419,23.0,49.28,35.06,,,,,60.98428489999999,0.20078751
293526,Albro Lake,MT,45.6,-111.96,2529.8,20170420,26.6,48.92,34.34,,,,,62.007907499999995,0.0
293527,Albro Lake,MT,45.6,-111.96,2529.8,20170421,20.66,36.68,28.76,,,,,62.007907499999995,0.0
293528,Albro Lake,MT,45.6,-111.96,2529.8,20170422,19.76,51.26,35.78,,,,,59.0157799,0.0
293529,Albro Lake,MT,45.6,-111.96,2529.8,20170423,28.94,46.76,35.96,,,,,60.0000324,0.09842525
293530,Albro Lake,MT,45.6,-111.96,2529.8,20170424,26.96,43.52,32.72,,,,,67.00791020000001,0.79921303
293531,Albro Lake,MT,45.6,-111.96,2529.8,20170425,24.98,48.02,31.46,,,,,65.0000351,0.20078751
293532,Albro Lake,MT,45.6,-111.96,2529.8,20170426,26.06,44.78,32.36,,,,,64.0157826,0.09842525
293533,Albro Lake,MT,45.6,-111.96,2529.8,20170427,21.74,36.32,27.32,,,,,67.00791020000001,0.29921276
293534,Albro Lake,MT,45.6,-111.96,2529.8,20170428,17.42,35.42,27.14,,,,,67.00791020000001,0.09842525
293535,Albro Lake,MT,45.6,-111.96,2529.8,20170429,23.36,50.0,31.64,,,,,65.0000351,0.20078751
293536,Albro Lake,MT,45.6,-111.96,2529.8,20170430,25.34,43.88,33.98,,,,,65.0000351,0.0
293537,Albro Lake,MT,45.6,-111.96,2529.8,20170501,23.72,49.28,33.98,,,,,65.9842876,0.09842525
293538,Albro Lake,MT,45.6,-111.96,2529.8,20170502,21.74,48.2,34.52,,,,,64.0157826,0.20078751
293539,Albro Lake,MT,45.6,-111.96,2529.8,20170503,19.94,60.08,41.36,,,,,60.0000324,0.0
293540,Albro Lake,MT,45.6,-111.96,2529.8,20170504,36.86,68.72,51.26,,,,,55.9842822,0.09842525
293541,Albro Lake,MT,45.6,-111.96,2529.8,20170505,44.42,67.28,55.04,,,,,55.9842822,0.0
293542,Albro Lake,MT,45.6,-111.96,2529.8,20170506,40.28,63.5,50.0,,,,,54.0157772,0.0
293543,Albro Lake,MT,45.6,-111.96,2529.8,20170507,30.02,54.5,40.46,,,,,54.0157772,0.20078751
293544,Albro Lake,MT,45.6,-111.96,2529.8,20170508,27.68,51.08,36.86,,,,,50.9842795,0.40157502
293545,Albro Lake,MT,45.6,-111.96,2529.8,20170509,32.18,53.78,40.46,,,,,50.9842795,0.0
293546,Albro Lake,MT,45.6,-111.96,2529.8,20170510,33.08,63.14,47.3,,,,,47.992151899999996,0.0
293547,Albro Lake,MT,45.6,-111.96,2529.8,20170511,39.92,67.28,52.16,,,,,45.984276799999996,0.0
293548,Albro Lake,MT,45.6,-111.96,2529.8,20170512,31.64,60.08,49.28,,,,,42.0078967,0.20078751
293549,Albro Lake,MT,45.6,-111.96,2529.8,20170513,21.92,35.6,29.66,,,,,49.0157745,0.29921276
293550,Albro Lake,MT,45.6,-111.96,2529.8,20170514,20.3,44.78,31.82,,,,,42.9921492,0.20078751
293551,Albro Lake,MT,45.6,-111.96,2529.8,20170515,24.8,43.52,32.72,,,,,42.0078967,0.09842525
293552,Albro Lake,MT,45.6,-111.96,2529.8,20170516,25.88,45.14,35.6,,,,,44.015771799999996,0.09842525
293553,Albro Lake,MT,45.6,-111.96,2529.8,20170517,28.4,35.78,31.46,,,,,50.9842795,1.00000054
293554,Albro Lake,MT,45.6,-111.96,2529.8,20170518,23.0,43.16,30.56,,,,,50.000027,0.09842525
293555,Albro Lake,MT,45.6,-111.96,2529.8,20170519,21.56,51.62,35.78,,,,,50.000027,0.0
293556,Albro Lake,MT,45.6,-111.96,2529.8,20170520,31.46,46.58,39.02,,,,,50.000027,0.20078751
293557,Albro Lake,MT,45.6,-111.96,2529.8,20170521,29.66,53.96,41.72,,,,,47.992151899999996,0.29921276
293558,Albro Lake,MT,45.6,-111.96,2529.8,20170522,34.52,56.12,44.06,,,,,47.0078994,0.0
293559,Albro Lake,MT,45.6,-111.96,2529.8,20170523,36.5,66.74,50.72,,,,,44.015771799999996,0.09842525
293560,Albro Lake,MT,45.6,-111.96,2529.8,20170524,28.58,57.38,42.98,,,,,39.0157691,0.0
293561,Albro Lake,MT,45.6,-111.96,2529.8,20170525,27.86,42.62,35.24,,,,,40.000021600000004,0.09842525
293562,Albro Lake,MT,45.6,-111.96,2529.8,20170526,28.58,49.28,38.84,,,,,37.992146500000004,0.0
293563,Albro Lake,MT,45.6,-111.96,2529.8,20170527,32.9,57.92,45.32,,,,,37.007894,0.0
293564,Albro Lake,MT,45.6,-111.96,2529.8,20170528,36.68,59.54,48.2,,,,,35.9842714,0.0
293565,Albro Lake,MT,45.6,-111.96,2529.8,20170529,36.86,60.08,48.56,,,,,34.0157664,0.0
293566,Albro Lake,MT,45.6,-111.96,2529.8,20170530,41.18,62.96,51.8,,,,,30.984268699999998,0.0
293567,Albro Lake,MT,45.6,-111.96,2529.8,20170531,44.6,62.24,53.42,,,,,27.9921411,0.0
293568,Albro Lake,MT,45.6,-111.96,2529.8,20170601,39.74,63.14,51.26,,,,,25.0000135,0.0
293569,Albro Lake,MT,45.6,-111.96,2529.8,20170602,36.5,59.9,48.2,,,,,20.9842633,0.0
293570,Albro Lake,MT,45.6,-111.96,2529.8,20170603,36.5,59.9,48.2,,,,,19.0157583,0.0
293571,Albro Lake,MT,45.6,-111.96,2529.8,20170604,42.26,70.16,55.94,,,,,14.015755599999999,0.09842525
293572,Albro Lake,MT,45.6,-111.96,2529.8,20170605,37.22,56.84,44.6,,,,,12.007880499999999,0.09842525
293573,Albro Lake,MT,45.6,-111.96,2529.8,20170606,35.42,61.88,48.2,,,,,7.007877799999999,0.0
293574,Albro Lake,MT,45.6,-111.96,2529.8,20170607,43.7,72.14,57.92,,,,,5.984255200000001,0.0
293575,Albro Lake,MT,45.6,-111.96,2529.8,20170608,44.78,69.08,56.84,,,,,0.0,0.0
293576,Albro Lake,MT,45.6,-111.96,2529.8,20170609,34.34,51.62,41.54,,,,,0.0,0.70078778
293577,Albro Lake,MT,45.6,-111.96,2529.8,20170610,29.12,44.42,36.32,,,,,0.0,0.40157502
293578,Albro Lake,MT,45.6,-111.96,2529.8,20170611,26.96,51.08,39.38,,,,,0.0,0.09842525
293579,Albro Lake,MT,45.6,-111.96,2529.8,20170612,33.44,55.94,44.6,,,,,0.0,0.59842552
293580,Albro Lake,MT,45.6,-111.96,2529.8,20170613,31.82,42.8,37.22,,,,,2.9921276000000003,0.59842552
293581,Albro Lake,MT,45.6,-111.96,2529.8,20170614,33.98,52.34,43.34,,,,,0.0,0.20078751
293582,Albro Lake,MT,45.6,-111.96,2529.8,20170615,36.14,51.26,44.6,,,,,0.0,0.0
293583,Albro Lake,MT,45.6,-111.96,2529.8,20170616,38.48,53.24,45.86,,,,,0.0,0.29921276
293584,Albro Lake,MT,45.6,-111.96,2529.8,20170617,37.58,54.68,46.04,,,,,0.0,0.20078751
293585,Albro Lake,MT,45.6,-111.96,2529.8,20170618,40.64,54.32,46.94,,,,,0.0,0.0
293586,Albro Lake,MT,45.6,-111.96,2529.8,20170619,39.38,68.36,54.14,,,,,0.0,0.09842525
293587,Albro Lake,MT,45.6,-111.96,2529.8,20170620,50.9,74.3,62.6,,,,,0.0,0.09842525
293588,Albro Lake,MT,45.6,-111.96,2529.8,20170621,43.16,67.64,55.76,,,,,0.0,0.09842525
293589,Albro Lake,MT,45.6,-111.96,2529.8,20170622,33.08,56.3,44.6,,,,,0.0,0.0
293590,Albro Lake,MT,45.6,-111.96,2529.8,20170623,32.18,57.2,43.88,,,,,0.0,0.20078751
293591,Albro Lake,MT,45.6,-111.96,2529.8,20170624,35.78,59.0,47.12,,,,,0.0,0.0
293592,Albro Lake,MT,45.6,-111.96,2529.8,20170625,37.04,68.18,53.42,,,,,0.0,0.0
293593,Albro Lake,MT,45.6,-111.96,2529.8,20170626,48.92,74.84,62.6,,,,,0.0,0.0
293594,Albro Lake,MT,45.6,-111.96,2529.8,20170627,43.7,59.36,48.92,,,,,0.0,0.20078751
293595,Albro Lake,MT,45.6,-111.96,2529.8,20170628,38.12,58.46,47.84,,,,,0.0,0.20078751
293596,Albro Lake,MT,45.6,-111.96,2529.8,20170629,37.76,52.7,45.32,,,,,0.0,0.0
293597,Albro Lake,MT,45.6,-111.96,2529.8,20170630,36.68,63.86,50.0,,,,,0.0,0.0
293598,Albro Lake,MT,45.6,-111.96,2529.8,20170701,46.22,70.88,58.28,,,,,0.0,0.0
293599,Albro Lake,MT,45.6,-111.96,2529.8,20170702,46.58,70.52,58.64,,,,,0.0,0.0
293600,Albro Lake,MT,45.6,-111.96,2529.8,20170703,48.38,74.66,61.34,,,,,0.0,0.0
293601,Albro Lake,MT,45.6,-111.96,2529.8,20170704,48.38,72.68,60.8,,,,,0.0,0.0
293602,Albro Lake,MT,45.6,-111.96,2529.8,20170705,51.44,79.7,65.48,,,,,0.0,0.0
293603,Albro Lake,MT,45.6,-111.96,2529.8,20170706,51.26,75.38,63.5,,,,,0.0,0.0
293604,Albro Lake,MT,45.6,-111.96,2529.8,20170707,52.7,75.02,62.6,,,,,0.0,0.0
293605,Albro Lake,MT,45.6,-111.96,2529.8,20170708,55.04,81.32,68.18,,,,,0.0,0.0
293606,Albro Lake,MT,45.6,-111.96,2529.8,20170709,52.7,73.58,63.14,,,,,0.0,0.0
293607,Albro Lake,MT,45.6,-111.96,2529.8,20170710,46.58,72.32,57.56,,,,,0.0,0.0
293608,Albro Lake,MT,45.6,-111.96,2529.8,20170711,45.32,68.18,56.84,,,,,0.0,0.0
293609,Albro Lake,MT,45.6,-111.96,2529.8,20170712,44.6,71.42,57.38,,,,,0.0,0.0
293610,Albro Lake,MT,45.6,-111.96,2529.8,20170713,51.98,78.8,65.66,,,,,0.0,0.0
293611,Albro Lake,MT,45.6,-111.96,2529.8,20170714,53.06,75.92,64.4,,,,,0.0,0.0
293612,Albro Lake,MT,45.6,-111.96,2529.8,20170715,52.52,80.24,66.38,,,,,0.0,0.0
293613,Albro Lake,MT,45.6,-111.96,2529.8,20170716,48.74,74.12,61.52,,,,,0.0,0.0
293614,Albro Lake,MT,45.6,-111.96,2529.8,20170717,45.68,69.62,54.86,,,,,0.0,0.20078751
293615,Albro Lake,MT,45.6,-111.96,2529.8,20170718,44.6,73.58,59.0,,,,,0.0,0.0
293616,Albro Lake,MT,45.6,-111.96,2529.8,20170719,45.68,74.3,60.98,,,,,0.0,0.09842525
293617,Albro Lake,MT,45.6,-111.96,2529.8,20170720,50.0,75.56,63.68,,,,,0.0,0.0
293618,Albro Lake,MT,45.6,-111.96,2529.8,20170721,45.14,70.16,57.2,,,,,0.0,0.0
293619,Albro Lake,MT,45.6,-111.96,2529.8,20170722,45.5,72.86,58.28,,,,,0.0,0.0
293620,Albro Lake,MT,45.6,-111.96,2529.8,20170723,50.0,77.54,63.14,,,,,0.0,0.0
293621,Albro Lake,MT,45.6,-111.96,2529.8,20170724,50.54,74.3,60.62,,,,,0.0,0.29921276
293622,Albro Lake,MT,45.6,-111.96,2529.8,20170725,48.38,69.08,57.92,,,,,0.0,0.0
293623,Albro Lake,MT,45.6,-111.96,2529.8,20170726,47.84,69.26,57.02,,,,,0.0,0.09842525
293624,Albro Lake,MT,45.6,-111.96,2529.8,20170727,48.2,68.18,56.48,,,,,0.0,0.0
293625,Albro Lake,MT,45.6,-111.96,2529.8,20170728,48.2,71.42,58.1,,,,,0.0,0.0
293626,Albro Lake,MT,45.6,-111.96,2529.8,20170729,50.0,73.94,60.98,,,,,0.0,0.0
293627,Albro Lake,MT,45.6,-111.96,2529.8,20170730,52.7,78.62,63.5,,,,,0.0,0.0
293628,Albro Lake,MT,45.6,-111.96,2529.8,20170731,52.52,76.28,62.78,,,,,0.0,0.0
293629,Albro Lake,MT,45.6,-111.96,2529.8,20170801,49.46,74.48,61.16,,,,,0.0,0.0
293630,Albro Lake,MT,45.6,-111.96,2529.8,20170802,42.8,64.04,52.52,,,,,0.0,0.0
293631,Albro Lake,MT,45.6,-111.96,2529.8,20170803,41.18,68.0,54.5,,,,,0.0,0.0
293632,Albro Lake,MT,45.6,-111.96,2529.8,20170804,44.06,70.34,58.28,,,,,0.0,0.0
293633,Albro Lake,MT,45.6,-111.96,2529.8,20170805,39.38,61.88,48.92,,,,,0.0,0.0
293634,Albro Lake,MT,45.6,-111.96,2529.8,20170806,39.02,61.88,48.38,,,,,0.0,0.0
293635,Albro Lake,MT,45.6,-111.96,2529.8,20170807,42.44,64.94,53.42,,,,,0.0,0.0
293636,Albro Lake,MT,45.6,-111.96,2529.8,20170808,45.32,66.38,54.32,,,,,0.0,0.0
293637,Albro Lake,MT,45.6,-111.96,2529.8,20170809,43.16,62.96,50.72,,,,,0.0,0.0
293638,Albro Lake,MT,45.6,-111.96,2529.8,20170810,42.98,67.28,54.14,,,,,0.0,0.0
293639,Albro Lake,MT,45.6,-111.96,2529.8,20170811,43.88,69.62,56.12,,,,,0.0,0.0
293640,Albro Lake,MT,45.6,-111.96,2529.8,20170812,45.68,68.0,56.3,,,,,0.0,0.0
293641,Albro Lake,MT,45.6,-111.96,2529.8,20170813,43.52,67.82,54.5,,,,,0.0,0.09842525
293642,Albro Lake,MT,45.6,-111.96,2529.8,20170814,42.26,59.0,48.38,,,,,0.0,0.09842525
293643,Albro Lake,MT,45.6,-111.96,2529.8,20170815,37.58,63.68,49.28,,,,,0.0,0.0
293644,Albro Lake,MT,45.6,-111.96,2529.8,20170816,43.34,67.64,54.86,,,,,0.0,0.0
293645,Albro Lake,MT,45.6,-111.96,2529.8,20170817,45.5,67.46,54.5,,,,,0.0,0.0
293646,Albro Lake,MT,45.6,-111.96,2529.8,20170818,44.42,72.32,58.28,,,,,0.0,0.0
293647,Albro Lake,MT,45.6,-111.96,2529.8,20170819,43.7,68.54,56.3,,,,,0.0,0.0
293648,Albro Lake,MT,45.6,-111.96,2529.8,20170820,40.1,65.12,51.98,,,,,0.0,0.0
293649,Albro Lake,MT,45.6,-111.96,2529.8,20170821,42.26,64.58,52.16,,,,,0.0,0.0
293650,Albro Lake,MT,45.6,-111.96,2529.8,20170822,46.76,73.76,59.36,,,,,0.0,0.0
293651,Albro Lake,MT,45.6,-111.96,2529.8,20170823,50.54,73.04,60.98,,,,,0.0,0.0
293652,Albro Lake,MT,45.6,-111.96,2529.8,20170824,44.42,69.62,55.94,,,,,0.0,0.09842525
293653,Albro Lake,MT,45.6,-111.96,2529.8,20170825,44.24,69.8,55.94,,,,,0.0,0.0
293654,Albro Lake,MT,45.6,-111.96,2529.8,20170826,46.58,69.62,57.02,,,,,0.0,0.0
293655,Albro Lake,MT,45.6,-111.96,2529.8,20170827,48.56,75.2,61.16,,,,,0.0,0.0
293656,Albro Lake,MT,45.6,-111.96,2529.8,20170828,51.8,76.1,63.32,,,,,0.0,0.0
293657,Albro Lake,MT,45.6,-111.96,2529.8,20170829,53.42,72.14,61.34,,,,,0.0,0.0
293658,Albro Lake,MT,45.6,-111.96,2529.8,20170830,53.42,74.3,62.6,,,,,0.0,0.0
293659,Albro Lake,MT,45.6,-111.96,2529.8,20170831,49.28,70.52,59.36,,,,,0.0,0.0
293660,Albro Lake,MT,45.6,-111.96,2529.8,20170901,41.72,69.62,56.3,,,,,0.0,0.0
293661,Albro Lake,MT,45.6,-111.96,2529.8,20170902,49.64,76.46,63.14,,,,,0.0,0.0
293662,Albro Lake,MT,45.6,-111.96,2529.8,20170903,58.1,80.42,67.46,,,,,0.0,0.0
293663,Albro Lake,MT,45.6,-111.96,2529.8,20170904,39.38,59.54,49.64,,,,,0.0,0.0
293664,Albro Lake,MT,45.6,-111.96,2529.8,20170905,36.86,66.92,51.26,,,,,0.0,0.0
293665,Albro Lake,MT,45.6,-111.96,2529.8,20170906,48.56,73.22,59.0,,,,,0.0,0.0
293666,Albro Lake,MT,45.6,-111.96,2529.8,20170907,50.18,71.06,58.64,,,,,0.0,0.0
293667,Albro Lake,MT,45.6,-111.96,2529.8,20170908,52.16,73.76,61.7,,,,,0.0,0.0
293668,Albro Lake,MT,45.6,-111.96,2529.8,20170909,51.8,71.78,60.62,,,,,0.0,0.0
293669,Albro Lake,MT,45.6,-111.96,2529.8,20170910,48.2,70.16,57.02,,,,,0.0,0.0
293670,Albro Lake,MT,45.6,-111.96,2529.8,20170911,44.78,72.5,57.56,,,,,0.0,0.0
293671,Albro Lake,MT,45.6,-111.96,2529.8,20170912,50.72,72.14,60.26,,,,,0.0,0.0
293672,Albro Lake,MT,45.6,-111.96,2529.8,20170913,41.54,65.48,53.42,,,,,0.0,0.09842525
293673,Albro Lake,MT,45.6,-111.96,2529.8,20170914,30.38,47.3,37.58,,,,,0.9842525,0.59842552
293674,Albro Lake,MT,45.6,-111.96,2529.8,20170915,26.6,31.28,28.76,,,,,12.992133,1.90157583
293675,Albro Lake,MT,45.6,-111.96,2529.8,20170916,23.36,40.1,29.3,,,,,12.992133,0.50000027
293676,Albro Lake,MT,45.6,-111.96,2529.8,20170917,27.32,45.5,37.58,,,,,9.0157529,0.0
293677,Albro Lake,MT,45.6,-111.96,2529.8,20170918,32.36,47.48,39.74,,,,,7.9921303,0.50000027
293678,Albro Lake,MT,45.6,-111.96,2529.8,20170919,26.24,38.48,30.92,,,,,9.0157529,0.50000027
293679,Albro Lake,MT,45.6,-111.96,2529.8,20170920,27.86,36.5,31.82,,,,,12.007880499999999,0.59842552
293680,Albro Lake,MT,45.6,-111.96,2529.8,20170921,27.5,32.9,29.66,,,,,15.9842606,0.59842552
293681,Lakeview Ridge,MT,44.59,-111.82,2255.5,20170101,-2.02,22.28,9.5,,,,,17.9921357,0.0
293682,Lakeview Ridge,MT,44.59,-111.82,2255.5,20170102,-10.3,6.26,-4.18,,,,,17.0078832,0.0
293683,Lakeview Ridge,MT,44.59,-111.82,2255.5,20170103,-11.74,13.1,0.32,,,,,17.9921357,0.09842525
293684,Lakeview Ridge,MT,44.59,-111.82,2255.5,20170104,-13.72,6.98,-2.74,,,,,17.9921357,0.0
293685,Lakeview Ridge,MT,44.59,-111.82,2255.5,20170105,-18.22,15.26,-6.34,,,,,17.0078832,0.0
293686,Lakeview Ridge,MT,44.59,-111.82,2255.5,20170106,-7.96,16.7,-0.94,,,,,17.0078832,0.0
293687,Lakeview Ridge,MT,44.59,-111.82,2255.5,20170107,-4.9,25.34,12.2,,,,,17.9921357,0.20078751
293688,Lakeview Ridge,MT,44.59,-111.82,2255.5,20170108,13.1,34.34,24.62,,,,,15.9842606,0.09842525
293689,Lakeview Ridge,MT,44.59,-111.82,2255.5,20170109,19.76,34.16,29.66,,,,,15.9842606,0.0
293690,Lakeview Ridge,MT,44.59,-111.82,2255.5,20170110,17.78,33.26,26.06,,,,,17.0078832,0.09842525
293691,Lakeview Ridge,MT,44.59,-111.82,2255.5,20170111,18.14,30.74,24.26,,,,,19.0157583,0.09842525
293692,Lakeview Ridge,MT,44.59,-111.82,2255.5,20170112,2.48,31.1,15.08,,,,,19.0157583,0.0
293693,Lakeview Ridge,MT,44.59,-111.82,2255.5,20170113,1.4,39.02,11.84,,,,,17.9921357,0.09842525
293694,Lakeview Ridge,MT,44.59,-111.82,2255.5,20170114,4.28,40.28,13.64,,,,,17.9921357,0.0
293695,Lakeview Ridge,MT,44.59,-111.82,2255.5,20170115,6.44,42.08,15.98,,,,,17.9921357,0.09842525
293696,Lakeview Ridge,MT,44.59,-111.82,2255.5,20170116,6.26,41.54,15.8,,,,,17.9921357,0.0
293697,Lakeview Ridge,MT,44.59,-111.82,2255.5,20170117,10.04,39.92,17.96,,,,,17.9921357,0.0
293698,Lakeview Ridge,MT,44.59,-111.82,2255.5,20170118,12.92,35.42,24.26,,,,,17.9921357,0.09842525
293699,Lakeview Ridge,MT,44.59,-111.82,2255.5,20170119,24.44,31.1,26.78,,,,,17.9921357,0.0
293700,Lakeview Ridge,MT,44.59,-111.82,2255.5,20170120,23.18,29.48,24.98,,,,,17.9921357,0.0
293701,Lakeview Ridge,MT,44.59,-111.82,2255.5,20170121,16.52,31.1,24.62,,,,,17.9921357,0.0
293702,Lakeview Ridge,MT,44.59,-111.82,2255.5,20170122,16.52,28.22,23.18,,,,,19.0157583,0.09842525
293703,Lakeview Ridge,MT,44.59,-111.82,2255.5,20170123,15.8,29.48,21.92,,,,,25.0000135,0.29921276
293704,Lakeview Ridge,MT,44.59,-111.82,2255.5,20170124,2.12,22.82,12.74,,,,,25.0000135,0.09842525
293705,Lakeview Ridge,MT,44.59,-111.82,2255.5,20170125,5.54,26.24,13.28,,,,,22.992138399999998,0.20078751
293706,Lakeview Ridge,MT,44.59,-111.82,2255.5,20170126,1.22,23.72,12.2,,,,,22.007885899999998,0.0
293707,Lakeview Ridge,MT,44.59,-111.82,2255.5,20170127,-0.58,22.82,6.08,,,,,22.007885899999998,0.09842525
293708,Lakeview Ridge,MT,44.59,-111.82,2255.5,20170128,1.22,24.98,10.22,,,,,20.9842633,0.0
293709,Lakeview Ridge,MT,44.59,-111.82,2255.5,20170129,9.32,31.82,17.6,,,,,20.9842633,0.09842525
293710,Lakeview Ridge,MT,44.59,-111.82,2255.5,20170130,11.84,35.24,20.66,,,,,20.9842633,0.09842525
293711,Lakeview Ridge,MT,44.59,-111.82,2255.5,20170131,13.28,32.0,21.56,,,,,20.000010800000002,0.0
293712,Lakeview Ridge,MT,44.59,-111.82,2255.5,20170201,1.22,15.44,7.34,,,,,20.9842633,0.09842525
293713,Lakeview Ridge,MT,44.59,-111.82,2255.5,20170202,-5.8,10.4,1.58,,,,,22.007885899999998,0.0
293714,Lakeview Ridge,MT,44.59,-111.82,2255.5,20170203,4.46,36.5,24.8,,,,,20.000010800000002,0.09842525
293715,Lakeview Ridge,MT,44.59,-111.82,2255.5,20170204,25.34,39.74,31.46,,,,,19.0157583,0.0
293716,Lakeview Ridge,MT,44.59,-111.82,2255.5,20170205,28.76,32.54,30.56,,,,,19.0157583,0.0
293717,Lakeview Ridge,MT,44.59,-111.82,2255.5,20170206,26.78,33.44,31.64,,,,,22.007885899999998,0.40157502
293718,Lakeview Ridge,MT,44.59,-111.82,2255.5,20170207,18.68,30.92,25.7,,,,,22.992138399999998,0.09842525
293719,Lakeview Ridge,MT,44.59,-111.82,2255.5,20170208,24.62,41.9,31.1,,,,,22.007885899999998,0.09842525
293720,Lakeview Ridge,MT,44.59,-111.82,2255.5,20170209,33.8,39.2,37.22,,,,,19.0157583,0.09842525
293721,Lakeview Ridge,MT,44.59,-111.82,2255.5,20170210,28.4,42.44,34.52,,,,,19.0157583,0.0
293722,Lakeview Ridge,MT,44.59,-111.82,2255.5,20170211,10.04,35.06,22.64,,,,,19.0157583,0.09842525
293723,Lakeview Ridge,MT,44.59,-111.82,2255.5,20170212,6.44,39.2,21.02,,,,,19.0157583,0.09842525
293724,Lakeview Ridge,MT,44.59,-111.82,2255.5,20170213,13.46,43.16,25.16,,,,,19.0157583,0.0
293725,Lakeview Ridge,MT,44.59,-111.82,2255.5,20170214,18.32,49.28,29.3,,,,,19.0157583,0.09842525
293726,Lakeview Ridge,MT,44.59,-111.82,2255.5,20170215,20.48,48.02,30.92,,,,,19.0157583,0.0
293727,Lakeview Ridge,MT,44.59,-111.82,2255.5,20170216,29.12,44.96,32.9,,,,,20.9842633,0.09842525
293728,Lakeview Ridge,MT,44.59,-111.82,2255.5,20170217,19.58,42.44,31.28,,,,,22.007885899999998,0.09842525
293729,Lakeview Ridge,MT,44.59,-111.82,2255.5,20170218,31.46,39.2,34.52,,,,,29.015763699999997,1.2992133
293730,Lakeview Ridge,MT,44.59,-111.82,2255.5,20170219,23.18,34.88,30.92,,,,,34.0157664,1.00000054
293731,Lakeview Ridge,MT,44.59,-111.82,2255.5,20170220,25.52,35.24,32.18,,,,,34.0157664,0.40157502
293732,Lakeview Ridge,MT,44.59,-111.82,2255.5,20170221,19.04,39.74,32.54,,,,,35.0000189,0.40157502
293733,Lakeview Ridge,MT,44.59,-111.82,2255.5,20170222,13.46,38.48,22.46,,,,,34.0157664,0.0
293734,Lakeview Ridge,MT,44.59,-111.82,2255.5,20170223,16.34,30.74,21.56,,,,,35.9842714,0.09842525
293735,Lakeview Ridge,MT,44.59,-111.82,2255.5,20170224,8.42,26.78,16.16,,,,,35.9842714,0.09842525
293736,Lakeview Ridge,MT,44.59,-111.82,2255.5,20170225,4.28,27.32,13.46,,,,,35.9842714,0.0
293737,Lakeview Ridge,MT,44.59,-111.82,2255.5,20170226,1.58,21.92,13.82,,,,,35.9842714,0.09842525
293738,Lakeview Ridge,MT,44.59,-111.82,2255.5,20170227,1.04,27.14,14.0,,,,,35.0000189,0.09842525
293739,Lakeview Ridge,MT,44.59,-111.82,2255.5,20170228,8.06,31.1,16.34,,,,,35.0000189,0.09842525
293740,Lakeview Ridge,MT,44.59,-111.82,2255.5,20170301,10.94,35.42,19.76,,,,,34.0157664,0.0
293741,Lakeview Ridge,MT,44.59,-111.82,2255.5,20170302,10.4,34.34,22.46,,,,,34.0157664,0.09842525
293742,Lakeview Ridge,MT,44.59,-111.82,2255.5,20170303,21.02,44.06,30.92,,,,,32.9921438,0.0
293743,Lakeview Ridge,MT,44.59,-111.82,2255.5,20170304,31.1,36.32,33.44,,,,,32.9921438,0.0
293744,Lakeview Ridge,MT,44.59,-111.82,2255.5,20170305,19.58,35.78,29.66,,,,,35.9842714,0.09842525
293745,Lakeview Ridge,MT,44.59,-111.82,2255.5,20170306,15.62,32.54,19.76,,,,,35.0000189,0.0
293746,Lakeview Ridge,MT,44.59,-111.82,2255.5,20170307,7.34,29.66,22.1,,,,,34.0157664,0.0
293747,Lakeview Ridge,MT,44.59,-111.82,2255.5,20170308,27.32,40.28,32.9,,,,,32.0078913,0.09842525
293748,Lakeview Ridge,MT,44.59,-111.82,2255.5,20170309,31.28,50.72,37.76,,,,,30.0000162,0.0
293749,Lakeview Ridge,MT,44.59,-111.82,2255.5,20170310,29.3,52.52,39.02,,,,,27.9921411,0.0
293750,Lakeview Ridge,MT,44.59,-111.82,2255.5,20170311,24.08,48.92,34.88,,,,,25.984266,0.0
293751,Lakeview Ridge,MT,44.59,-111.82,2255.5,20170312,27.5,43.34,33.62,,,,,27.9921411,0.09842525
293752,Lakeview Ridge,MT,44.59,-111.82,2255.5,20170313,30.38,50.9,37.94,,,,,27.0078886,0.0
293753,Lakeview Ridge,MT,44.59,-111.82,2255.5,20170314,34.7,55.58,42.08,,,,,27.0078886,0.0
293754,Lakeview Ridge,MT,44.59,-111.82,2255.5,20170315,34.88,55.04,44.06,,,,,25.0000135,0.0
293755,Lakeview Ridge,MT,44.59,-111.82,2255.5,20170316,29.12,52.52,40.82,,,,,24.015760999999998,0.0
293756,Lakeview Ridge,MT,44.59,-111.82,2255.5,20170317,28.58,51.8,41.18,,,,,22.007885899999998,0.0
293757,Lakeview Ridge,MT,44.59,-111.82,2255.5,20170318,42.44,54.5,48.38,,,,,20.000010800000002,0.0
293758,Lakeview Ridge,MT,44.59,-111.82,2255.5,20170319,35.96,44.78,39.92,,,,,17.9921357,0.0
293759,Lakeview Ridge,MT,44.59,-111.82,2255.5,20170320,31.64,50.0,38.12,,,,,17.0078832,0.0
293760,Lakeview Ridge,MT,44.59,-111.82,2255.5,20170321,32.0,55.22,43.34,,,,,15.9842606,0.0
293761,Lakeview Ridge,MT,44.59,-111.82,2255.5,20170322,30.56,44.78,37.94,,,,,15.0000081,0.0
293762,Lakeview Ridge,MT,44.59,-111.82,2255.5,20170323,27.86,47.3,35.42,,,,,14.015755599999999,0.0
293763,Lakeview Ridge,MT,44.59,-111.82,2255.5,20170324,24.08,44.96,35.24,,,,,12.992133,0.0
293764,Lakeview Ridge,MT,44.59,-111.82,2255.5,20170325,30.92,41.72,34.7,,,,,14.015755599999999,0.0
293765,Lakeview Ridge,MT,44.59,-111.82,2255.5,20170326,28.4,41.0,33.62,,,,,15.9842606,0.09842525
293766,Lakeview Ridge,MT,44.59,-111.82,2255.5,20170327,30.56,43.7,35.78,,,,,15.0000081,0.09842525
293767,Lakeview Ridge,MT,44.59,-111.82,2255.5,20170328,23.0,48.2,34.34,,,,,15.0000081,0.09842525
293768,Lakeview Ridge,MT,44.59,-111.82,2255.5,20170329,27.5,41.9,33.8,,,,,15.9842606,0.09842525
293769,Lakeview Ridge,MT,44.59,-111.82,2255.5,20170330,33.08,44.06,36.68,,,,,15.0000081,0.20078751
293770,Lakeview Ridge,MT,44.59,-111.82,2255.5,20170331,29.3,46.94,36.68,,,,,15.0000081,0.0
293771,Lakeview Ridge,MT,44.59,-111.82,2255.5,20170401,25.34,52.34,39.2,,,,,14.015755599999999,0.09842525
293772,Lakeview Ridge,MT,44.59,-111.82,2255.5,20170402,22.64,50.9,35.6,,,,,14.015755599999999,0.0
293773,Lakeview Ridge,MT,44.59,-111.82,2255.5,20170403,14.36,38.84,24.44,,,,,14.015755599999999,0.0
293774,Lakeview Ridge,MT,44.59,-111.82,2255.5,20170404,16.16,44.78,29.66,,,,,12.992133,0.20078751
293775,Lakeview Ridge,MT,44.59,-111.82,2255.5,20170405,25.34,47.12,35.96,,,,,12.007880499999999,0.0
293776,Lakeview Ridge,MT,44.59,-111.82,2255.5,20170406,32.18,55.22,44.06,,,,,10.000005400000001,0.0
293777,Lakeview Ridge,MT,44.59,-111.82,2255.5,20170407,34.52,46.76,40.64,,,,,10.000005400000001,0.0
293778,Lakeview Ridge,MT,44.59,-111.82,2255.5,20170408,27.86,42.08,33.62,,,,,12.992133,0.70078778
293779,Lakeview Ridge,MT,44.59,-111.82,2255.5,20170409,20.12,39.74,28.58,,,,,12.992133,0.20078751
293780,Lakeview Ridge,MT,44.59,-111.82,2255.5,20170410,19.4,36.68,29.66,,,,,14.015755599999999,0.20078751
293781,Lakeview Ridge,MT,44.59,-111.82,2255.5,20170411,17.96,47.3,33.62,,,,,12.992133,0.20078751
293782,Lakeview Ridge,MT,44.59,-111.82,2255.5,20170412,30.38,52.52,43.16,,,,,10.9842579,0.0
293783,Lakeview Ridge,MT,44.59,-111.82,2255.5,20170413,32.18,59.9,46.04,,,,,10.000005400000001,0.0
293784,Lakeview Ridge,MT,44.59,-111.82,2255.5,20170414,23.0,41.0,31.28,,,,,12.992133,0.29921276
293785,Lakeview Ridge,MT,44.59,-111.82,2255.5,20170415,17.42,44.24,30.56,,,,,12.007880499999999,0.20078751
293786,Lakeview Ridge,MT,44.59,-111.82,2255.5,20170416,20.48,53.6,39.02,,,,,10.000005400000001,0.09842525
293787,Lakeview Ridge,MT,44.59,-111.82,2255.5,20170417,36.5,49.82,42.08,,,,,9.0157529,0.0
293788,Lakeview Ridge,MT,44.59,-111.82,2255.5,20170418,34.16,49.28,38.48,,,,,7.9921303,0.09842525
293789,Lakeview Ridge,MT,44.59,-111.82,2255.5,20170419,29.3,50.54,39.74,,,,,5.984255200000001,0.0
293790,Lakeview Ridge,MT,44.59,-111.82,2255.5,20170420,29.84,45.5,35.78,,,,,7.007877799999999,0.0
293791,Lakeview Ridge,MT,44.59,-111.82,2255.5,20170421,25.7,45.5,33.98,,,,,5.0000027000000005,0.0
293792,Lakeview Ridge,MT,44.59,-111.82,2255.5,20170422,23.36,47.48,38.48,,,,,2.9921276000000003,0.09842525
293793,Lakeview Ridge,MT,44.59,-111.82,2255.5,20170423,30.38,46.22,37.4,,,,,5.0000027000000005,0.0
293794,Lakeview Ridge,MT,44.59,-111.82,2255.5,20170424,30.74,42.44,35.06,,,,,17.9921357,1.2992133
293795,Lakeview Ridge,MT,44.59,-111.82,2255.5,20170425,32.0,50.72,37.58,,,,,10.000005400000001,0.29921276
293796,Lakeview Ridge,MT,44.59,-111.82,2255.5,20170426,29.48,47.66,35.6,,,,,7.9921303,0.09842525
293797,Lakeview Ridge,MT,44.59,-111.82,2255.5,20170427,27.86,46.04,33.08,,,,,9.0157529,0.09842525
293798,Lakeview Ridge,MT,44.59,-111.82,2255.5,20170428,23.54,41.9,32.72,,,,,9.0157529,0.09842525
293799,Lakeview Ridge,MT,44.59,-111.82,2255.5,20170429,21.74,50.54,36.86,,,,,7.9921303,0.09842525
293800,Lakeview Ridge,MT,44.59,-111.82,2255.5,20170430,30.2,49.82,38.48,,,,,7.007877799999999,0.0
293801,Lakeview Ridge,MT,44.59,-111.82,2255.5,20170501,29.66,51.62,39.74,,,,,5.984255200000001,0.09842525
293802,Lakeview Ridge,MT,44.59,-111.82,2255.5,20170502,29.66,52.52,41.0,,,,,2.9921276000000003,0.0
293803,Lakeview Ridge,MT,44.59,-111.82,2255.5,20170503,26.96,60.98,44.42,,,,,0.9842525,0.09842525
293804,Lakeview Ridge,MT,44.59,-111.82,2255.5,20170504,34.88,68.36,50.9,,,,,0.0,0.09842525
293805,Lakeview Ridge,MT,44.59,-111.82,2255.5,20170505,38.48,68.54,54.14,,,,,0.0,0.20078751
293806,Lakeview Ridge,MT,44.59,-111.82,2255.5,20170506,38.12,66.02,52.34,,,,,0.0,0.20078751
293807,Lakeview Ridge,MT,44.59,-111.82,2255.5,20170507,37.94,58.28,44.96,,,,,0.0,0.0
293808,Lakeview Ridge,MT,44.59,-111.82,2255.5,20170508,35.24,60.44,43.88,,,,,0.0,0.0
293809,Lakeview Ridge,MT,44.59,-111.82,2255.5,20170509,34.16,57.56,44.06,,,,,0.0,0.0
293810,Lakeview Ridge,MT,44.59,-111.82,2255.5,20170510,33.08,64.58,49.64,,,,,0.0,0.0
293811,Lakeview Ridge,MT,44.59,-111.82,2255.5,20170511,37.94,66.38,53.96,,,,,0.0,0.0
293812,Lakeview Ridge,MT,44.59,-111.82,2255.5,20170512,35.6,64.58,53.6,,,,,0.0,0.0
293813,Lakeview Ridge,MT,44.59,-111.82,2255.5,20170513,28.4,39.74,33.98,,,,,0.0,0.09842525
293814,Lakeview Ridge,MT,44.59,-111.82,2255.5,20170514,26.42,47.48,37.04,,,,,0.0,0.0
293815,Lakeview Ridge,MT,44.59,-111.82,2255.5,20170515,31.82,51.62,40.64,,,,,0.0,0.0
293816,Lakeview Ridge,MT,44.59,-111.82,2255.5,20170516,30.74,47.84,38.3,,,,,0.9842525,0.09842525
293817,Lakeview Ridge,MT,44.59,-111.82,2255.5,20170517,26.96,35.06,30.38,,,,,2.9921276000000003,0.20078751
293818,Lakeview Ridge,MT,44.59,-111.82,2255.5,20170518,28.4,46.22,35.78,,,,,0.9842525,0.09842525
293819,Lakeview Ridge,MT,44.59,-111.82,2255.5,20170519,27.86,52.7,39.74,,,,,0.0,0.0
293820,Lakeview Ridge,MT,44.59,-111.82,2255.5,20170520,32.36,51.98,40.82,,,,,0.0,0.0
293821,Lakeview Ridge,MT,44.59,-111.82,2255.5,20170521,33.62,57.92,44.24,,,,,0.0,0.0
293822,Lakeview Ridge,MT,44.59,-111.82,2255.5,20170522,33.62,63.32,47.48,,,,,0.0,0.20078751
293823,Lakeview Ridge,MT,44.59,-111.82,2255.5,20170523,35.42,66.02,53.42,,,,,0.0,0.09842525
293824,Lakeview Ridge,MT,44.59,-111.82,2255.5,20170524,33.08,68.18,50.9,,,,,0.0,0.0
293825,Lakeview Ridge,MT,44.59,-111.82,2255.5,20170525,29.12,52.52,40.46,,,,,0.0,0.0
293826,Lakeview Ridge,MT,44.59,-111.82,2255.5,20170526,33.62,48.02,39.38,,,,,0.0,0.0
293827,Lakeview Ridge,MT,44.59,-111.82,2255.5,20170527,31.28,59.54,45.14,,,,,0.0,0.0
293828,Lakeview Ridge,MT,44.59,-111.82,2255.5,20170528,36.68,64.04,49.46,,,,,0.0,0.0
293829,Lakeview Ridge,MT,44.59,-111.82,2255.5,20170529,37.94,66.74,52.16,,,,,0.0,0.0
293830,Lakeview Ridge,MT,44.59,-111.82,2255.5,20170530,39.92,69.26,53.6,,,,,0.0,0.09842525
293831,Lakeview Ridge,MT,44.59,-111.82,2255.5,20170531,39.92,73.76,58.46,,,,,0.0,0.0
293832,Lakeview Ridge,MT,44.59,-111.82,2255.5,20170601,46.4,66.74,57.38,,,,,0.0,0.09842525
293833,Lakeview Ridge,MT,44.59,-111.82,2255.5,20170602,41.18,63.5,52.7,,,,,0.0,0.09842525
293834,Lakeview Ridge,MT,44.59,-111.82,2255.5,20170603,39.92,68.9,56.48,,,,,0.0,0.0
293835,Lakeview Ridge,MT,44.59,-111.82,2255.5,20170604,45.68,75.56,61.16,,,,,0.0,0.0
293836,Lakeview Ridge,MT,44.59,-111.82,2255.5,20170605,41.36,64.76,51.8,,,,,0.0,0.09842525
293837,Lakeview Ridge,MT,44.59,-111.82,2255.5,20170606,38.84,71.06,55.58,,,,,0.0,0.0
293838,Lakeview Ridge,MT,44.59,-111.82,2255.5,20170607,43.88,76.82,59.72,,,,,0.0,0.09842525
293839,Lakeview Ridge,MT,44.59,-111.82,2255.5,20170608,44.24,72.86,61.16,,,,,0.0,0.0
293840,Lakeview Ridge,MT,44.59,-111.82,2255.5,20170609,36.68,50.9,44.6,,,,,0.0,0.29921276
293841,Lakeview Ridge,MT,44.59,-111.82,2255.5,20170610,35.78,52.52,44.42,,,,,0.0,0.0
293842,Lakeview Ridge,MT,44.59,-111.82,2255.5,20170611,32.9,56.12,44.6,,,,,0.0,0.09842525
293843,Lakeview Ridge,MT,44.59,-111.82,2255.5,20170612,34.16,61.7,43.52,,,,,0.9842525,0.50000027
293844,Lakeview Ridge,MT,44.59,-111.82,2255.5,20170613,33.8,46.04,39.38,,,,,0.0,0.29921276
293845,Lakeview Ridge,MT,44.59,-111.82,2255.5,20170614,33.26,57.2,47.48,,,,,0.0,0.0
293846,Lakeview Ridge,MT,44.59,-111.82,2255.5,20170615,41.18,60.8,52.52,,,,,0.0,0.0
293847,Lakeview Ridge,MT,44.59,-111.82,2255.5,20170616,44.42,57.38,50.0,,,,,0.0,0.0
293848,Lakeview Ridge,MT,44.59,-111.82,2255.5,20170617,41.9,61.16,50.0,,,,,0.0,0.0
293849,Lakeview Ridge,MT,44.59,-111.82,2255.5,20170618,41.0,63.5,52.7,,,,,0.0,0.0
293850,Lakeview Ridge,MT,44.59,-111.82,2255.5,20170619,39.38,72.86,57.74,,,,,0.0,0.0
293851,Lakeview Ridge,MT,44.59,-111.82,2255.5,20170620,49.1,76.1,62.6,,,,,0.0,0.0
293852,Lakeview Ridge,MT,44.59,-111.82,2255.5,20170621,48.56,75.38,61.88,,,,,0.0,0.0
293853,Lakeview Ridge,MT,44.59,-111.82,2255.5,20170622,37.58,64.76,51.98,,,,,0.0,0.0
293854,Lakeview Ridge,MT,44.59,-111.82,2255.5,20170623,34.52,64.22,50.0,,,,,0.0,0.0
293855,Lakeview Ridge,MT,44.59,-111.82,2255.5,20170624,39.2,69.62,54.68,,,,,0.0,0.0
293856,Lakeview Ridge,MT,44.59,-111.82,2255.5,20170625,42.8,74.12,58.82,,,,,0.0,0.0
293857,Lakeview Ridge,MT,44.59,-111.82,2255.5,20170626,46.58,76.28,62.96,,,,,0.0,0.0
293858,Lakeview Ridge,MT,44.59,-111.82,2255.5,20170627,43.16,67.64,54.68,,,,,0.0,0.09842525
293859,Lakeview Ridge,MT,44.59,-111.82,2255.5,20170628,39.2,63.5,48.92,,,,,0.0,0.09842525
293860,Lakeview Ridge,MT,44.59,-111.82,2255.5,20170629,37.22,57.02,44.96,,,,,0.0,0.20078751
293861,Lakeview Ridge,MT,44.59,-111.82,2255.5,20170630,36.68,67.28,53.24,,,,,0.0,0.0
293862,Lakeview Ridge,MT,44.59,-111.82,2255.5,20170701,43.16,72.14,59.36,,,,,0.0,0.0
293863,Lakeview Ridge,MT,44.59,-111.82,2255.5,20170702,49.64,74.3,58.82,,,,,0.0,0.0
293864,Lakeview Ridge,MT,44.59,-111.82,2255.5,20170703,48.02,78.8,62.42,,,,,0.0,0.0
293865,Lakeview Ridge,MT,44.59,-111.82,2255.5,20170704,47.66,78.8,64.04,,,,,0.0,0.0
293866,Lakeview Ridge,MT,44.59,-111.82,2255.5,20170705,51.62,82.04,63.5,,,,,0.0,0.0
293867,Lakeview Ridge,MT,44.59,-111.82,2255.5,20170706,50.72,82.04,66.92,,,,,0.0,0.09842525
293868,Lakeview Ridge,MT,44.59,-111.82,2255.5,20170707,52.88,80.78,64.94,,,,,0.0,0.0
293869,Lakeview Ridge,MT,44.59,-111.82,2255.5,20170708,51.08,82.22,67.1,,,,,0.0,0.0
293870,Lakeview Ridge,MT,44.59,-111.82,2255.5,20170709,55.04,76.1,63.68,,,,,0.0,0.0
293871,Lakeview Ridge,MT,44.59,-111.82,2255.5,20170710,50.0,76.28,63.5,,,,,0.0,0.0
293872,Lakeview Ridge,MT,44.59,-111.82,2255.5,20170711,47.3,76.1,61.7,,,,,0.0,0.0
293873,Lakeview Ridge,MT,44.59,-111.82,2255.5,20170712,47.84,77.0,63.32,,,,,0.0,0.0
293874,Lakeview Ridge,MT,44.59,-111.82,2255.5,20170713,51.26,80.96,68.72,,,,,0.0,0.0
293875,Lakeview Ridge,MT,44.59,-111.82,2255.5,20170714,52.52,83.84,68.0,,,,,0.0,0.0
293876,Lakeview Ridge,MT,44.59,-111.82,2255.5,20170715,54.5,81.14,66.92,,,,,0.0,0.0
293877,Lakeview Ridge,MT,44.59,-111.82,2255.5,20170716,51.8,76.64,62.78,,,,,0.0,0.0
293878,Lakeview Ridge,MT,44.59,-111.82,2255.5,20170717,46.94,77.54,61.16,,,,,0.0,0.0
293879,Lakeview Ridge,MT,44.59,-111.82,2255.5,20170718,46.94,78.26,64.94,,,,,0.0,0.0
293880,Lakeview Ridge,MT,44.59,-111.82,2255.5,20170719,53.24,79.7,67.64,,,,,0.0,0.0
293881,Lakeview Ridge,MT,44.59,-111.82,2255.5,20170720,52.52,77.9,65.12,,,,,0.0,0.0
293882,Lakeview Ridge,MT,44.59,-111.82,2255.5,20170721,47.12,76.82,61.88,,,,,0.0,0.0
293883,Lakeview Ridge,MT,44.59,-111.82,2255.5,20170722,45.86,78.8,62.24,,,,,0.0,0.0
293884,Lakeview Ridge,MT,44.59,-111.82,2255.5,20170723,50.0,78.44,66.56,,,,,0.0,0.0
293885,Lakeview Ridge,MT,44.59,-111.82,2255.5,20170724,52.34,81.5,63.68,,,,,0.0,0.0
293886,Lakeview Ridge,MT,44.59,-111.82,2255.5,20170725,50.72,69.44,58.28,,,,,0.0,0.0
293887,Lakeview Ridge,MT,44.59,-111.82,2255.5,20170726,48.38,73.04,57.38,,,,,0.0,0.0
293888,Lakeview Ridge,MT,44.59,-111.82,2255.5,20170727,45.5,69.98,55.04,,,,,0.0,0.0
293889,Lakeview Ridge,MT,44.59,-111.82,2255.5,20170728,44.06,73.76,56.3,,,,,0.0,0.09842525
293890,Lakeview Ridge,MT,44.59,-111.82,2255.5,20170729,45.32,79.34,62.6,,,,,0.0,0.0
293891,Lakeview Ridge,MT,44.59,-111.82,2255.5,20170730,49.64,80.42,60.98,,,,,0.0,0.0
293892,Lakeview Ridge,MT,44.59,-111.82,2255.5,20170731,47.12,82.04,63.86,,,,,0.0,0.0
293893,Lakeview Ridge,MT,44.59,-111.82,2255.5,20170801,48.02,81.68,63.86,,,,,0.0,0.0
293894,Lakeview Ridge,MT,44.59,-111.82,2255.5,20170802,46.22,77.36,60.44,,,,,0.0,0.0
293895,Lakeview Ridge,MT,44.59,-111.82,2255.5,20170803,45.5,78.44,60.44,,,,,0.0,0.0
293896,Lakeview Ridge,MT,44.59,-111.82,2255.5,20170804,47.48,80.42,64.22,,,,,0.0,0.0
293897,Lakeview Ridge,MT,44.59,-111.82,2255.5,20170805,45.86,75.38,58.1,,,,,0.0,0.0
293898,Lakeview Ridge,MT,44.59,-111.82,2255.5,20170806,41.0,70.52,54.5,,,,,0.0,0.0
293899,Lakeview Ridge,MT,44.59,-111.82,2255.5,20170807,42.8,75.2,58.64,,,,,0.0,0.0
293900,Lakeview Ridge,MT,44.59,-111.82,2255.5,20170808,50.54,68.9,57.02,,,,,0.0,0.0
293901,Lakeview Ridge,MT,44.59,-111.82,2255.5,20170809,44.24,71.42,53.24,,,,,0.0,0.0
293902,Lakeview Ridge,MT,44.59,-111.82,2255.5,20170810,42.26,73.76,57.56,,,,,0.0,0.0
293903,Lakeview Ridge,MT,44.59,-111.82,2255.5,20170811,46.58,73.94,56.84,,,,,0.0,0.20078751
293904,Lakeview Ridge,MT,44.59,-111.82,2255.5,20170812,44.78,74.48,59.18,,,,,0.0,0.09842525
293905,Lakeview Ridge,MT,44.59,-111.82,2255.5,20170813,50.18,73.04,58.64,,,,,0.0,0.0
293906,Lakeview Ridge,MT,44.59,-111.82,2255.5,20170814,44.6,62.24,52.16,,,,,0.0,0.0
293907,Lakeview Ridge,MT,44.59,-111.82,2255.5,20170815,40.46,68.54,52.34,,,,,0.0,0.0
293908,Lakeview Ridge,MT,44.59,-111.82,2255.5,20170816,41.54,71.6,56.84,,,,,0.0,0.0
293909,Lakeview Ridge,MT,44.59,-111.82,2255.5,20170817,45.14,73.76,58.64,,,,,0.0,0.0
293910,Lakeview Ridge,MT,44.59,-111.82,2255.5,20170818,43.7,74.84,60.62,,,,,0.0,0.0
293911,Lakeview Ridge,MT,44.59,-111.82,2255.5,20170819,47.48,73.76,59.54,,,,,0.0,0.0
293912,Lakeview Ridge,MT,44.59,-111.82,2255.5,20170820,43.16,73.76,57.56,,,,,0.0,0.0
293913,Lakeview Ridge,MT,44.59,-111.82,2255.5,20170821,45.14,73.94,56.84,,,,,0.0,0.0
293914,Lakeview Ridge,MT,44.59,-111.82,2255.5,20170822,45.86,77.36,61.7,,,,,0.0,0.0
293915,Lakeview Ridge,MT,44.59,-111.82,2255.5,20170823,48.38,70.7,59.36,,,,,0.0,0.0
293916,Lakeview Ridge,MT,44.59,-111.82,2255.5,20170824,46.58,71.06,55.22,,,,,0.0,0.0
293917,Lakeview Ridge,MT,44.59,-111.82,2255.5,20170825,43.16,70.7,56.3,,,,,0.0,0.0
293918,Lakeview Ridge,MT,44.59,-111.82,2255.5,20170826,44.24,77.54,59.9,,,,,0.0,0.0
293919,Lakeview Ridge,MT,44.59,-111.82,2255.5,20170827,46.58,80.78,63.14,,,,,0.0,0.0
293920,Lakeview Ridge,MT,44.59,-111.82,2255.5,20170828,48.02,81.14,63.32,,,,,0.0,0.0
293921,Lakeview Ridge,MT,44.59,-111.82,2255.5,20170829,48.92,79.88,63.14,,,,,0.0,0.0
293922,Lakeview Ridge,MT,44.59,-111.82,2255.5,20170830,53.24,74.3,62.78,,,,,0.0,0.0
293923,Lakeview Ridge,MT,44.59,-111.82,2255.5,20170831,50.18,72.68,60.98,,,,,0.0,0.0
293924,Lakeview Ridge,MT,44.59,-111.82,2255.5,20170901,44.42,75.92,59.36,,,,,0.0,0.0
293925,Lakeview Ridge,MT,44.59,-111.82,2255.5,20170902,48.02,83.48,64.76,,,,,0.0,0.0
293926,Lakeview Ridge,MT,44.59,-111.82,2255.5,20170903,50.36,85.64,66.74,,,,,0.0,0.0
293927,Lakeview Ridge,MT,44.59,-111.82,2255.5,20170904,44.24,74.84,58.46,,,,,0.0,0.0
293928,Lakeview Ridge,MT,44.59,-111.82,2255.5,20170905,39.2,75.74,56.12,,,,,0.0,0.0
293929,Lakeview Ridge,MT,44.59,-111.82,2255.5,20170906,42.8,78.44,59.54,,,,,0.0,0.0
293930,Lakeview Ridge,MT,44.59,-111.82,2255.5,20170907,48.92,77.72,61.16,,,,,0.0,0.0
293931,Lakeview Ridge,MT,44.59,-111.82,2255.5,20170908,49.46,74.48,60.98,,,,,0.0,0.0
293932,Lakeview Ridge,MT,44.59,-111.82,2255.5,20170909,48.56,75.2,60.8,,,,,0.0,0.0
293933,Lakeview Ridge,MT,44.59,-111.82,2255.5,20170910,51.26,73.94,60.98,,,,,0.0,0.0
293934,Lakeview Ridge,MT,44.59,-111.82,2255.5,20170911,47.3,77.0,61.16,,,,,0.0,0.0
293935,Lakeview Ridge,MT,44.59,-111.82,2255.5,20170912,48.56,76.46,63.68,,,,,0.0,0.0
293936,Lakeview Ridge,MT,44.59,-111.82,2255.5,20170913,49.64,69.44,57.38,,,,,0.0,0.0
293937,Lakeview Ridge,MT,44.59,-111.82,2255.5,20170914,36.32,63.32,47.66,,,,,0.0,0.0
293938,Lakeview Ridge,MT,44.59,-111.82,2255.5,20170915,30.74,36.5,33.26,,,,,10.000005400000001,1.70078832
293939,Lakeview Ridge,MT,44.59,-111.82,2255.5,20170916,30.2,49.64,35.78,,,,,5.0000027000000005,0.09842525
293940,Lakeview Ridge,MT,44.59,-111.82,2255.5,20170917,30.2,57.74,42.26,,,,,2.0078751,0.09842525
293941,Lakeview Ridge,MT,44.59,-111.82,2255.5,20170918,34.7,52.16,45.5,,,,,2.0078751,0.59842552
293942,Lakeview Ridge,MT,44.59,-111.82,2255.5,20170919,30.74,48.92,35.78,,,,,2.0078751,0.40157502
293943,Lakeview Ridge,MT,44.59,-111.82,2255.5,20170920,31.1,47.12,37.94,,,,,0.0,0.20078751
293944,Lakeview Ridge,MT,44.59,-111.82,2255.5,20170921,32.18,39.2,35.06,,,,,2.0078751,0.50000027
293945,West Yellowstone,MT,44.66,-111.09,2042.2,20170101,-7.78,23.18,7.7,,,,,30.984268699999998,0.20078751
293946,West Yellowstone,MT,44.66,-111.09,2042.2,20170102,-18.76,11.3,-1.84,,,,,30.0000162,0.0
293947,West Yellowstone,MT,44.66,-111.09,2042.2,20170103,-8.86,14.54,0.32,,,,,29.015763699999997,0.0
293948,West Yellowstone,MT,44.66,-111.09,2042.2,20170104,-21.82,13.28,-1.66,,,,,29.015763699999997,0.0
293949,West Yellowstone,MT,44.66,-111.09,2042.2,20170105,-39.28,11.84,-17.5,,,,,29.015763699999997,0.0
293950,West Yellowstone,MT,44.66,-111.09,2042.2,20170106,-26.86,14.18,-9.58,,,,,29.015763699999997,0.0
293951,West Yellowstone,MT,44.66,-111.09,2042.2,20170107,-34.6,19.22,-5.08,,,,,29.015763699999997,0.09842525
293952,West Yellowstone,MT,44.66,-111.09,2042.2,20170108,18.86,31.46,26.06,,,,,34.0157664,0.50000027
293953,West Yellowstone,MT,44.66,-111.09,2042.2,20170109,20.84,37.04,30.74,,,,,32.9921438,0.29921276
293954,West Yellowstone,MT,44.66,-111.09,2042.2,20170110,20.84,29.66,25.16,,,,,34.0157664,0.29921276
293955,West Yellowstone,MT,44.66,-111.09,2042.2,20170111,21.92,37.76,28.04,,,,,37.992146500000004,0.29921276
293956,West Yellowstone,MT,44.66,-111.09,2042.2,20170112,-15.7,31.1,15.26,,,,,37.007894,0.0
293957,West Yellowstone,MT,44.66,-111.09,2042.2,20170113,-20.02,21.92,-1.84,,,,,35.9842714,0.0
293958,West Yellowstone,MT,44.66,-111.09,2042.2,20170114,-25.96,23.0,-6.52,,,,,35.0000189,0.0
293959,West Yellowstone,MT,44.66,-111.09,2042.2,20170115,-22.36,26.96,-3.46,,,,,34.0157664,0.0
293960,West Yellowstone,MT,44.66,-111.09,2042.2,20170116,-23.08,25.34,-1.66,,,,,34.0157664,0.0
293961,West Yellowstone,MT,44.66,-111.09,2042.2,20170117,-14.26,31.82,4.64,,,,,34.0157664,0.0
293962,West Yellowstone,MT,44.66,-111.09,2042.2,20170118,-11.74,36.32,10.94,,,,,32.0078913,0.09842525
293963,West Yellowstone,MT,44.66,-111.09,2042.2,20170119,18.5,34.16,26.6,,,,,34.0157664,0.09842525
293964,West Yellowstone,MT,44.66,-111.09,2042.2,20170120,17.06,34.16,26.78,,,,,34.0157664,0.09842525
293965,West Yellowstone,MT,44.66,-111.09,2042.2,20170121,16.88,32.9,24.26,,,,,34.0157664,0.0
293966,West Yellowstone,MT,44.66,-111.09,2042.2,20170122,23.54,35.96,27.32,,,,,35.9842714,0.20078751
293967,West Yellowstone,MT,44.66,-111.09,2042.2,20170123,21.38,36.14,26.24,,,,,35.0000189,0.0
293968,West Yellowstone,MT,44.66,-111.09,2042.2,20170124,-2.2,29.84,16.34,,,,,35.0000189,0.0
293969,West Yellowstone,MT,44.66,-111.09,2042.2,20170125,-2.56,25.7,11.84,,,,,34.0157664,0.0
293970,West Yellowstone,MT,44.66,-111.09,2042.2,20170126,-4.72,26.06,12.74,,,,,34.0157664,0.0
293971,West Yellowstone,MT,44.66,-111.09,2042.2,20170127,0.32,21.74,10.94,,,,,32.9921438,0.0
293972,West Yellowstone,MT,44.66,-111.09,2042.2,20170128,0.86,23.36,11.3,,,,,32.9921438,0.0
293973,West Yellowstone,MT,44.66,-111.09,2042.2,20170129,0.68,32.9,13.64,,,,,32.9921438,0.0
293974,West Yellowstone,MT,44.66,-111.09,2042.2,20170130,-0.04,33.08,18.86,,,,,32.9921438,0.09842525
293975,West Yellowstone,MT,44.66,-111.09,2042.2,20170131,21.74,25.52,23.36,,,,,35.9842714,0.09842525
293976,West Yellowstone,MT,44.66,-111.09,2042.2,20170201,9.86,26.6,16.7,,,,,35.0000189,0.0
293977,West Yellowstone,MT,44.66,-111.09,2042.2,20170202,-25.42,18.14,3.02,,,,,37.007894,0.09842525
293978,West Yellowstone,MT,44.66,-111.09,2042.2,20170203,-24.7,30.74,10.94,,,,,40.000021600000004,0.50000027
293979,West Yellowstone,MT,44.66,-111.09,2042.2,20170204,30.74,34.7,32.36,,,,,40.000021600000004,0.20078751
293980,West Yellowstone,MT,44.66,-111.09,2042.2,20170205,32.0,37.58,33.8,,,,,37.992146500000004,0.29921276
293981,West Yellowstone,MT,44.66,-111.09,2042.2,20170206,30.56,38.12,33.44,,,,,40.9842741,0.29921276
293982,West Yellowstone,MT,44.66,-111.09,2042.2,20170207,24.62,34.16,28.58,,,,,42.9921492,0.29921276
293983,West Yellowstone,MT,44.66,-111.09,2042.2,20170208,25.34,35.78,30.2,,,,,42.0078967,0.09842525
293984,West Yellowstone,MT,44.66,-111.09,2042.2,20170209,33.08,40.64,37.76,,,,,37.992146500000004,0.59842552
293985,West Yellowstone,MT,44.66,-111.09,2042.2,20170210,31.28,39.74,35.24,,,,,40.9842741,0.29921276
293986,West Yellowstone,MT,44.66,-111.09,2042.2,20170211,9.68,37.94,25.34,,,,,39.0157691,0.0
293987,West Yellowstone,MT,44.66,-111.09,2042.2,20170212,9.68,41.9,20.48,,,,,37.992146500000004,0.0
293988,West Yellowstone,MT,44.66,-111.09,2042.2,20170213,-2.74,47.48,19.22,,,,,37.992146500000004,0.0
293989,West Yellowstone,MT,44.66,-111.09,2042.2,20170214,-1.48,50.18,21.56,,,,,37.992146500000004,0.0
293990,West Yellowstone,MT,44.66,-111.09,2042.2,20170215,-0.04,49.82,23.9,,,,,37.992146500000004,0.0
293991,West Yellowstone,MT,44.66,-111.09,2042.2,20170216,15.62,48.2,31.1,,,,,37.992146500000004,0.09842525
293992,West Yellowstone,MT,44.66,-111.09,2042.2,20170217,25.7,51.98,34.52,,,,,37.992146500000004,0.09842525
293993,West Yellowstone,MT,44.66,-111.09,2042.2,20170218,32.0,43.88,36.32,,,,,37.007894,0.20078751
293994,West Yellowstone,MT,44.66,-111.09,2042.2,20170219,29.3,40.64,34.34,,,,,37.992146500000004,0.20078751
293995,West Yellowstone,MT,44.66,-111.09,2042.2,20170220,29.84,38.48,34.16,,,,,37.992146500000004,0.40157502
293996,West Yellowstone,MT,44.66,-111.09,2042.2,20170221,27.86,42.26,34.7,,,,,40.000021600000004,0.40157502
293997,West Yellowstone,MT,44.66,-111.09,2042.2,20170222,12.02,38.66,27.32,,,,,40.000021600000004,0.0
293998,West Yellowstone,MT,44.66,-111.09,2042.2,20170223,12.02,35.6,22.1,,,,,39.0157691,0.0
293999,West Yellowstone,MT,44.66,-111.09,2042.2,20170224,10.94,30.38,18.68,,,,,40.000021600000004,0.09842525
294000,West Yellowstone,MT,44.66,-111.09,2042.2,20170225,9.68,25.52,15.44,,,,,40.9842741,0.09842525
294001,West Yellowstone,MT,44.66,-111.09,2042.2,20170226,11.66,26.6,18.32,,,,,42.0078967,0.09842525
294002,West Yellowstone,MT,44.66,-111.09,2042.2,20170227,-2.2,29.48,17.42,,,,,42.9921492,0.09842525
294003,West Yellowstone,MT,44.66,-111.09,2042.2,20170228,13.1,27.32,18.32,,,,,44.015771799999996,0.09842525
294004,West Yellowstone,MT,44.66,-111.09,2042.2,20170301,11.66,29.84,20.48,,,,,42.9921492,0.0
294005,West Yellowstone,MT,44.66,-111.09,2042.2,20170302,17.6,36.86,26.42,,,,,42.9921492,0.0
294006,West Yellowstone,MT,44.66,-111.09,2042.2,20170303,23.9,45.68,32.18,,,,,42.0078967,0.0
294007,West Yellowstone,MT,44.66,-111.09,2042.2,20170304,22.28,44.78,32.36,,,,,42.0078967,0.0
294008,West Yellowstone,MT,44.66,-111.09,2042.2,20170305,19.4,42.98,29.84,,,,,45.00002429999999,0.20078751
294009,West Yellowstone,MT,44.66,-111.09,2042.2,20170306,15.98,29.66,21.38,,,,,45.984276799999996,0.20078751
294010,West Yellowstone,MT,44.66,-111.09,2042.2,20170307,7.88,33.26,23.36,,,,,47.0078994,0.20078751
294011,West Yellowstone,MT,44.66,-111.09,2042.2,20170308,28.4,40.1,33.98,,,,,45.00002429999999,0.09842525
294012,West Yellowstone,MT,44.66,-111.09,2042.2,20170309,33.98,43.52,37.4,,,,,42.9921492,0.09842525
294013,West Yellowstone,MT,44.66,-111.09,2042.2,20170310,31.1,45.14,38.12,,,,,42.0078967,0.09842525
294014,West Yellowstone,MT,44.66,-111.09,2042.2,20170311,26.24,49.1,36.86,,,,,40.9842741,0.09842525
294015,West Yellowstone,MT,44.66,-111.09,2042.2,20170312,24.62,47.3,34.88,,,,,40.9842741,0.0
294016,West Yellowstone,MT,44.66,-111.09,2042.2,20170313,28.4,50.0,39.02,,,,,40.9842741,0.0
294017,West Yellowstone,MT,44.66,-111.09,2042.2,20170314,29.66,54.68,42.8,,,,,39.0157691,0.0
294018,West Yellowstone,MT,44.66,-111.09,2042.2,20170315,26.06,58.82,43.16,,,,,37.992146500000004,0.0
294019,West Yellowstone,MT,44.66,-111.09,2042.2,20170316,30.92,50.9,39.92,,,,,37.992146500000004,0.29921276
294020,West Yellowstone,MT,44.66,-111.09,2042.2,20170317,26.96,56.48,41.36,,,,,35.0000189,0.0
294021,West Yellowstone,MT,44.66,-111.09,2042.2,20170318,27.14,62.24,45.14,,,,,34.0157664,0.0
294022,West Yellowstone,MT,44.66,-111.09,2042.2,20170319,36.86,50.18,41.18,,,,,30.984268699999998,0.40157502
294023,West Yellowstone,MT,44.66,-111.09,2042.2,20170320,34.34,50.18,40.1,,,,,30.0000162,0.09842525
294024,West Yellowstone,MT,44.66,-111.09,2042.2,20170321,33.08,57.38,41.0,,,,,27.9921411,0.09842525
294025,West Yellowstone,MT,44.66,-111.09,2042.2,20170322,28.58,53.6,39.74,,,,,27.0078886,0.0
294026,West Yellowstone,MT,44.66,-111.09,2042.2,20170323,23.36,51.98,35.42,,,,,27.0078886,0.0
294027,West Yellowstone,MT,44.66,-111.09,2042.2,20170324,19.94,51.8,36.86,,,,,25.0000135,0.0
294028,West Yellowstone,MT,44.66,-111.09,2042.2,20170325,30.02,46.04,36.68,,,,,24.015760999999998,0.09842525
294029,West Yellowstone,MT,44.66,-111.09,2042.2,20170326,26.6,47.3,36.32,,,,,22.007885899999998,0.09842525
294030,West Yellowstone,MT,44.66,-111.09,2042.2,20170327,31.64,48.2,37.76,,,,,24.015760999999998,0.09842525
294031,West Yellowstone,MT,44.66,-111.09,2042.2,20170328,24.08,51.26,36.68,,,,,22.007885899999998,0.0
294032,West Yellowstone,MT,44.66,-111.09,2042.2,20170329,28.58,42.8,36.14,,,,,22.007885899999998,0.09842525
294033,West Yellowstone,MT,44.66,-111.09,2042.2,20170330,34.7,50.36,40.1,,,,,22.007885899999998,0.20078751
294034,West Yellowstone,MT,44.66,-111.09,2042.2,20170331,26.42,52.52,40.1,,,,,19.0157583,0.0
294035,West Yellowstone,MT,44.66,-111.09,2042.2,20170401,20.12,54.14,39.74,,,,,19.0157583,0.0
294036,West Yellowstone,MT,44.66,-111.09,2042.2,20170402,22.64,48.92,36.5,,,,,17.9921357,0.09842525
294037,West Yellowstone,MT,44.66,-111.09,2042.2,20170403,12.56,43.16,28.4,,,,,19.0157583,0.09842525
294038,West Yellowstone,MT,44.66,-111.09,2042.2,20170404,12.74,48.2,31.1,,,,,17.9921357,0.0
294039,West Yellowstone,MT,44.66,-111.09,2042.2,20170405,22.46,48.92,35.42,,,,,17.0078832,0.0
294040,West Yellowstone,MT,44.66,-111.09,2042.2,20170406,23.54,62.24,43.16,,,,,15.9842606,0.0
294041,West Yellowstone,MT,44.66,-111.09,2042.2,20170407,33.62,57.38,40.82,,,,,17.0078832,0.59842552
294042,West Yellowstone,MT,44.66,-111.09,2042.2,20170408,32.0,45.86,36.32,,,,,15.0000081,0.09842525
294043,West Yellowstone,MT,44.66,-111.09,2042.2,20170409,19.76,45.14,31.82,,,,,15.9842606,0.09842525
294044,West Yellowstone,MT,44.66,-111.09,2042.2,20170410,18.14,45.68,31.28,,,,,15.0000081,0.09842525
294045,West Yellowstone,MT,44.66,-111.09,2042.2,20170411,21.74,52.88,37.76,,,,,14.015755599999999,0.0
294046,West Yellowstone,MT,44.66,-111.09,2042.2,20170412,28.76,59.36,42.44,,,,,12.992133,0.0
294047,West Yellowstone,MT,44.66,-111.09,2042.2,20170413,27.5,65.66,45.14,,,,,10.9842579,0.09842525
294048,West Yellowstone,MT,44.66,-111.09,2042.2,20170414,27.32,45.5,34.52,,,,,10.9842579,0.29921276
294049,West Yellowstone,MT,44.66,-111.09,2042.2,20170415,22.82,45.86,34.16,,,,,10.9842579,0.0
294050,West Yellowstone,MT,44.66,-111.09,2042.2,20170416,19.04,57.02,39.2,,,,,9.0157529,0.0
294051,West Yellowstone,MT,44.66,-111.09,2042.2,20170417,32.18,50.36,39.2,,,,,7.9921303,0.0
294052,West Yellowstone,MT,44.66,-111.09,2042.2,20170418,32.18,52.7,41.0,,,,,7.007877799999999,0.20078751
294053,West Yellowstone,MT,44.66,-111.09,2042.2,20170419,27.5,54.68,40.28,,,,,5.0000027000000005,0.0
294054,West Yellowstone,MT,44.66,-111.09,2042.2,20170420,23.0,53.06,36.14,,,,,4.0157502,0.0
294055,West Yellowstone,MT,44.66,-111.09,2042.2,20170421,26.24,45.32,35.96,,,,,2.9921276000000003,0.0
294056,West Yellowstone,MT,44.66,-111.09,2042.2,20170422,21.74,55.22,39.38,,,,,0.0,0.0
294057,West Yellowstone,MT,44.66,-111.09,2042.2,20170423,29.66,51.98,37.76,,,,,0.0,0.50000027
294058,West Yellowstone,MT,44.66,-111.09,2042.2,20170424,32.36,44.42,36.32,,,,,5.0000027000000005,0.79921303
294059,West Yellowstone,MT,44.66,-111.09,2042.2,20170425,32.36,54.68,39.74,,,,,2.9921276000000003,0.20078751
294060,West Yellowstone,MT,44.66,-111.09,2042.2,20170426,31.64,48.92,37.4,,,,,2.0078751,0.20078751
294061,West Yellowstone,MT,44.66,-111.09,2042.2,20170427,29.3,46.58,35.24,,,,,4.0157502,0.20078751
294062,West Yellowstone,MT,44.66,-111.09,2042.2,20170428,26.24,44.24,34.7,,,,,4.0157502,0.0
294063,West Yellowstone,MT,44.66,-111.09,2042.2,20170429,21.02,54.86,38.12,,,,,0.9842525,0.0
294064,West Yellowstone,MT,44.66,-111.09,2042.2,20170430,28.58,53.06,39.38,,,,,0.0,0.0
294065,West Yellowstone,MT,44.66,-111.09,2042.2,20170501,28.22,54.5,40.82,,,,,0.0,0.0
294066,West Yellowstone,MT,44.66,-111.09,2042.2,20170502,27.14,56.3,42.26,,,,,0.0,0.0
294067,West Yellowstone,MT,44.66,-111.09,2042.2,20170503,23.54,63.5,45.14,,,,,0.0,0.0
294068,West Yellowstone,MT,44.66,-111.09,2042.2,20170504,28.22,73.22,50.72,,,,,0.0,0.0
294069,West Yellowstone,MT,44.66,-111.09,2042.2,20170505,28.4,75.74,53.42,,,,,0.0,0.0
294070,West Yellowstone,MT,44.66,-111.09,2042.2,20170506,34.52,73.22,51.26,,,,,0.0,0.0
294071,West Yellowstone,MT,44.66,-111.09,2042.2,20170507,36.14,62.96,47.66,,,,,0.0,0.0
294072,West Yellowstone,MT,44.66,-111.09,2042.2,20170508,35.42,63.86,49.28,,,,,0.0,0.0
294073,West Yellowstone,MT,44.66,-111.09,2042.2,20170509,29.3,63.32,43.34,,,,,0.0,0.0
294074,West Yellowstone,MT,44.66,-111.09,2042.2,20170510,26.96,69.8,49.1,,,,,0.0,0.0
294075,West Yellowstone,MT,44.66,-111.09,2042.2,20170511,29.3,73.22,52.88,,,,,0.0,0.0
294076,West Yellowstone,MT,44.66,-111.09,2042.2,20170512,32.72,74.12,53.06,,,,,0.0,0.0
294077,West Yellowstone,MT,44.66,-111.09,2042.2,20170513,28.76,47.66,37.4,,,,,0.0,0.0
294078,West Yellowstone,MT,44.66,-111.09,2042.2,20170514,24.62,55.04,40.1,,,,,0.0,0.0
294079,West Yellowstone,MT,44.66,-111.09,2042.2,20170515,29.48,58.82,44.06,,,,,0.0,0.0
294080,West Yellowstone,MT,44.66,-111.09,2042.2,20170516,26.6,53.42,40.1,,,,,0.0,0.29921276
294081,West Yellowstone,MT,44.66,-111.09,2042.2,20170517,29.66,35.96,32.0,,,,,0.0,0.20078751
294082,West Yellowstone,MT,44.66,-111.09,2042.2,20170518,27.86,47.48,37.58,,,,,0.0,0.20078751
294083,West Yellowstone,MT,44.66,-111.09,2042.2,20170519,24.8,56.66,40.64,,,,,0.0,0.0
294084,West Yellowstone,MT,44.66,-111.09,2042.2,20170520,29.12,55.58,41.54,,,,,0.0,0.09842525
294085,West Yellowstone,MT,44.66,-111.09,2042.2,20170521,30.74,62.42,44.96,,,,,0.0,0.0
294086,West Yellowstone,MT,44.66,-111.09,2042.2,20170522,29.48,62.6,46.58,,,,,0.0,0.0
294087,West Yellowstone,MT,44.66,-111.09,2042.2,20170523,28.4,72.86,52.7,,,,,0.0,0.0
294088,West Yellowstone,MT,44.66,-111.09,2042.2,20170524,28.76,71.06,53.24,,,,,0.0,0.0
294089,West Yellowstone,MT,44.66,-111.09,2042.2,20170525,26.6,52.34,41.36,,,,,0.0,0.0
294090,West Yellowstone,MT,44.66,-111.09,2042.2,20170526,34.7,49.46,41.72,,,,,0.0,0.0
294091,West Yellowstone,MT,44.66,-111.09,2042.2,20170527,31.1,62.78,46.4,,,,,0.0,0.0
294092,West Yellowstone,MT,44.66,-111.09,2042.2,20170528,28.58,70.16,50.36,,,,,0.0,0.0
294093,West Yellowstone,MT,44.66,-111.09,2042.2,20170529,29.66,71.78,52.34,,,,,0.0,0.0
294094,West Yellowstone,MT,44.66,-111.09,2042.2,20170530,34.52,73.22,53.6,,,,,0.0,0.0
294095,West Yellowstone,MT,44.66,-111.09,2042.2,20170531,30.56,80.6,55.4,,,,,0.0,0.0
294096,West Yellowstone,MT,44.66,-111.09,2042.2,20170601,35.96,72.32,55.76,,,,,0.0,0.0
294097,West Yellowstone,MT,44.66,-111.09,2042.2,20170602,40.46,70.34,56.12,,,,,0.0,0.0
294098,West Yellowstone,MT,44.66,-111.09,2042.2,20170603,33.08,76.46,56.84,,,,,0.0,0.0
294099,West Yellowstone,MT,44.66,-111.09,2042.2,20170604,35.6,84.2,61.16,,,,,0.0,0.0
294100,West Yellowstone,MT,44.66,-111.09,2042.2,20170605,38.3,71.24,57.56,,,,,0.0,0.0
294101,West Yellowstone,MT,44.66,-111.09,2042.2,20170606,31.82,77.54,57.2,,,,,0.0,0.0
294102,West Yellowstone,MT,44.66,-111.09,2042.2,20170607,41.0,84.02,63.14,,,,,0.0,0.0
294103,West Yellowstone,MT,44.66,-111.09,2042.2,20170608,39.2,83.12,62.96,,,,,0.0,0.0
294104,West Yellowstone,MT,44.66,-111.09,2042.2,20170609,39.38,58.64,46.58,,,,,0.9842525,0.50000027
294105,West Yellowstone,MT,44.66,-111.09,2042.2,20170610,35.96,58.28,47.48,,,,,0.0,0.0
294106,West Yellowstone,MT,44.66,-111.09,2042.2,20170611,31.64,59.36,46.4,,,,,0.0,0.0
294107,West Yellowstone,MT,44.66,-111.09,2042.2,20170612,36.32,70.88,45.86,,,,,0.0,0.40157502
294108,West Yellowstone,MT,44.66,-111.09,2042.2,20170613,35.24,46.4,40.46,,,,,0.0,0.20078751
294109,West Yellowstone,MT,44.66,-111.09,2042.2,20170614,39.92,63.14,50.9,,,,,0.0,0.0
294110,West Yellowstone,MT,44.66,-111.09,2042.2,20170615,39.92,65.84,55.04,,,,,0.0,0.0
294111,West Yellowstone,MT,44.66,-111.09,2042.2,20170616,44.78,58.46,51.44,,,,,0.0,0.20078751
294112,West Yellowstone,MT,44.66,-111.09,2042.2,20170617,42.8,65.3,53.6,,,,,0.0,0.0
294113,West Yellowstone,MT,44.66,-111.09,2042.2,20170618,39.38,71.06,55.58,,,,,0.0,0.0
294114,West Yellowstone,MT,44.66,-111.09,2042.2,20170619,33.8,77.54,57.56,,,,,0.0,0.0
294115,West Yellowstone,MT,44.66,-111.09,2042.2,20170620,39.2,82.4,61.52,,,,,0.0,0.0
294116,West Yellowstone,MT,44.66,-111.09,2042.2,20170621,39.74,79.7,61.16,,,,,0.0,0.0
294117,West Yellowstone,MT,44.66,-111.09,2042.2,20170622,35.06,70.34,54.32,,,,,0.0,0.0
294118,West Yellowstone,MT,44.66,-111.09,2042.2,20170623,28.04,70.7,51.44,,,,,0.0,0.0
294119,West Yellowstone,MT,44.66,-111.09,2042.2,20170624,29.66,73.4,54.5,,,,,0.0,0.0
294120,West Yellowstone,MT,44.66,-111.09,2042.2,20170625,32.18,79.16,58.28,,,,,0.0,0.0
294121,West Yellowstone,MT,44.66,-111.09,2042.2,20170626,34.34,84.02,62.6,,,,,0.0,0.0
294122,West Yellowstone,MT,44.66,-111.09,2042.2,20170627,42.44,70.34,54.68,,,,,0.0,0.20078751
294123,West Yellowstone,MT,44.66,-111.09,2042.2,20170628,41.0,68.18,50.72,,,,,0.0,0.09842525
294124,West Yellowstone,MT,44.66,-111.09,2042.2,20170629,33.8,62.06,46.04,,,,,0.0,0.0
294125,West Yellowstone,MT,44.66,-111.09,2042.2,20170630,29.84,72.68,53.06,,,,,0.0,0.0
294126,West Yellowstone,MT,44.66,-111.09,2042.2,20170701,34.16,80.06,59.0,,,,,0.0,0.0
294127,West Yellowstone,MT,44.66,-111.09,2042.2,20170702,38.3,80.78,58.28,,,,,0.0,0.0
294128,West Yellowstone,MT,44.66,-111.09,2042.2,20170703,37.94,84.2,62.24,,,,,0.0,0.0
294129,West Yellowstone,MT,44.66,-111.09,2042.2,20170704,40.64,84.74,64.22,,,,,0.0,0.0
294130,West Yellowstone,MT,44.66,-111.09,2042.2,20170705,41.0,90.86,65.3,,,,,0.0,0.0
294131,West Yellowstone,MT,44.66,-111.09,2042.2,20170706,47.84,88.16,67.28,,,,,0.0,0.0
294132,West Yellowstone,MT,44.66,-111.09,2042.2,20170707,46.22,87.26,62.96,,,,,0.0,0.0
294133,West Yellowstone,MT,44.66,-111.09,2042.2,20170708,40.46,89.96,65.66,,,,,0.0,0.0
294134,West Yellowstone,MT,44.66,-111.09,2042.2,20170709,45.68,84.38,64.76,,,,,0.0,0.0
294135,West Yellowstone,MT,44.66,-111.09,2042.2,20170710,45.5,85.1,66.92,,,,,0.0,0.0
294136,West Yellowstone,MT,44.66,-111.09,2042.2,20170711,42.44,82.76,62.24,,,,,0.0,0.0
294137,West Yellowstone,MT,44.66,-111.09,2042.2,20170712,40.82,82.76,63.14,,,,,0.0,0.0
294138,West Yellowstone,MT,44.66,-111.09,2042.2,20170713,38.48,87.8,66.38,,,,,0.0,0.0
294139,West Yellowstone,MT,44.66,-111.09,2042.2,20170714,43.52,90.86,68.9,,,,,0.0,0.0
294140,West Yellowstone,MT,44.66,-111.09,2042.2,20170715,47.12,89.96,70.16,,,,,0.0,0.0
294141,West Yellowstone,MT,44.66,-111.09,2042.2,20170716,46.58,85.46,63.86,,,,,0.0,0.0
294142,West Yellowstone,MT,44.66,-111.09,2042.2,20170717,38.84,84.92,63.32,,,,,0.0,0.0
294143,West Yellowstone,MT,44.66,-111.09,2042.2,20170718,40.46,85.64,65.3,,,,,0.0,0.0
294144,West Yellowstone,MT,44.66,-111.09,2042.2,20170719,48.38,86.9,66.74,,,,,0.0,0.0
294145,West Yellowstone,MT,44.66,-111.09,2042.2,20170720,41.54,85.28,62.24,,,,,0.0,0.0
294146,West Yellowstone,MT,44.66,-111.09,2042.2,20170721,40.1,82.04,62.78,,,,,0.0,0.0
294147,West Yellowstone,MT,44.66,-111.09,2042.2,20170722,36.14,85.46,62.96,,,,,0.0,0.0
294148,West Yellowstone,MT,44.66,-111.09,2042.2,20170723,37.58,85.46,63.14,,,,,0.0,0.0
294149,West Yellowstone,MT,44.66,-111.09,2042.2,20170724,40.46,87.08,61.7,,,,,0.0,0.0
294150,West Yellowstone,MT,44.66,-111.09,2042.2,20170725,42.62,75.56,55.58,,,,,0.0,0.0
294151,West Yellowstone,MT,44.66,-111.09,2042.2,20170726,41.9,79.88,58.1,,,,,0.0,0.40157502
294152,West Yellowstone,MT,44.66,-111.09,2042.2,20170727,42.98,77.18,55.76,,,,,0.0,0.09842525
294153,West Yellowstone,MT,44.66,-111.09,2042.2,20170728,40.28,80.42,59.36,,,,,0.0,0.0
294154,West Yellowstone,MT,44.66,-111.09,2042.2,20170729,40.82,81.5,61.16,,,,,0.0,0.0
294155,West Yellowstone,MT,44.66,-111.09,2042.2,20170730,39.02,84.74,60.62,,,,,0.0,0.0
294156,West Yellowstone,MT,44.66,-111.09,2042.2,20170731,37.94,86.9,63.5,,,,,0.0,0.0
294157,West Yellowstone,MT,44.66,-111.09,2042.2,20170801,38.48,87.26,63.5,,,,,0.0,0.0
294158,West Yellowstone,MT,44.66,-111.09,2042.2,20170802,37.94,83.66,62.06,,,,,0.0,0.0
294159,West Yellowstone,MT,44.66,-111.09,2042.2,20170803,37.76,83.3,60.62,,,,,0.0,0.0
294160,West Yellowstone,MT,44.66,-111.09,2042.2,20170804,37.94,86.18,63.32,,,,,0.0,0.0
294161,West Yellowstone,MT,44.66,-111.09,2042.2,20170805,44.24,80.78,62.42,,,,,0.0,0.0
294162,West Yellowstone,MT,44.66,-111.09,2042.2,20170806,37.22,75.74,56.66,,,,,0.0,0.0
294163,West Yellowstone,MT,44.66,-111.09,2042.2,20170807,32.54,78.8,56.84,,,,,0.0,0.0
294164,West Yellowstone,MT,44.66,-111.09,2042.2,20170808,44.24,74.66,55.4,,,,,0.0,0.20078751
294165,West Yellowstone,MT,44.66,-111.09,2042.2,20170809,38.12,76.1,55.58,,,,,0.0,0.0
294166,West Yellowstone,MT,44.66,-111.09,2042.2,20170810,32.9,79.52,57.38,,,,,0.0,0.20078751
294167,West Yellowstone,MT,44.66,-111.09,2042.2,20170811,40.1,80.78,56.84,,,,,0.0,0.09842525
294168,West Yellowstone,MT,44.66,-111.09,2042.2,20170812,35.06,80.24,56.66,,,,,0.0,0.0
294169,West Yellowstone,MT,44.66,-111.09,2042.2,20170813,43.7,77.36,57.92,,,,,0.0,0.0
294170,West Yellowstone,MT,44.66,-111.09,2042.2,20170814,42.26,67.28,52.16,,,,,0.0,0.90157529
294171,West Yellowstone,MT,44.66,-111.09,2042.2,20170815,37.04,69.8,51.26,,,,,0.0,0.0
294172,West Yellowstone,MT,44.66,-111.09,2042.2,20170816,32.0,75.92,55.22,,,,,0.0,0.0
294173,West Yellowstone,MT,44.66,-111.09,2042.2,20170817,42.26,76.46,59.72,,,,,0.0,0.0
294174,West Yellowstone,MT,44.66,-111.09,2042.2,20170818,35.06,79.7,58.46,,,,,0.0,0.0
294175,West Yellowstone,MT,44.66,-111.09,2042.2,20170819,35.06,77.9,56.84,,,,,0.0,0.0
294176,West Yellowstone,MT,44.66,-111.09,2042.2,20170820,33.98,77.72,57.92,,,,,0.0,0.0
294177,West Yellowstone,MT,44.66,-111.09,2042.2,20170821,37.58,77.54,57.2,,,,,0.0,0.0
294178,West Yellowstone,MT,44.66,-111.09,2042.2,20170822,32.54,82.4,58.28,,,,,0.0,0.0
294179,West Yellowstone,MT,44.66,-111.09,2042.2,20170823,34.52,77.18,58.1,,,,,0.0,0.09842525
294180,West Yellowstone,MT,44.66,-111.09,2042.2,20170824,42.08,76.82,56.66,,,,,0.0,0.0
294181,West Yellowstone,MT,44.66,-111.09,2042.2,20170825,41.18,76.64,55.76,,,,,0.0,0.0
294182,West Yellowstone,MT,44.66,-111.09,2042.2,20170826,33.98,81.68,58.28,,,,,0.0,0.0
294183,West Yellowstone,MT,44.66,-111.09,2042.2,20170827,34.34,85.46,60.26,,,,,0.0,0.0
294184,West Yellowstone,MT,44.66,-111.09,2042.2,20170828,34.7,84.92,58.64,,,,,0.0,0.0
294185,West Yellowstone,MT,44.66,-111.09,2042.2,20170829,34.7,86.36,58.28,,,,,0.0,0.0
294186,West Yellowstone,MT,44.66,-111.09,2042.2,20170830,42.62,82.58,60.26,,,,,0.0,0.0
294187,West Yellowstone,MT,44.66,-111.09,2042.2,20170831,40.64,77.18,59.0,,,,,0.0,0.0
294188,West Yellowstone,MT,44.66,-111.09,2042.2,20170901,39.02,80.42,60.08,,,,,0.0,0.0
294189,West Yellowstone,MT,44.66,-111.09,2042.2,20170902,33.98,87.26,61.7,,,,,0.0,0.0
294190,West Yellowstone,MT,44.66,-111.09,2042.2,20170903,37.22,88.88,62.96,,,,,0.0,0.0
294191,West Yellowstone,MT,44.66,-111.09,2042.2,20170904,37.94,81.32,57.92,,,,,0.0,0.0
294192,West Yellowstone,MT,44.66,-111.09,2042.2,20170905,30.38,81.86,54.68,,,,,0.0,0.0
294193,West Yellowstone,MT,44.66,-111.09,2042.2,20170906,28.76,83.66,56.12,,,,,0.0,0.0
294194,West Yellowstone,MT,44.66,-111.09,2042.2,20170907,33.44,82.22,57.02,,,,,0.0,0.0
294195,West Yellowstone,MT,44.66,-111.09,2042.2,20170908,33.8,80.24,57.92,,,,,0.0,0.0
294196,West Yellowstone,MT,44.66,-111.09,2042.2,20170909,37.76,78.26,57.38,,,,,0.0,0.0
294197,West Yellowstone,MT,44.66,-111.09,2042.2,20170910,46.22,77.9,61.16,,,,,0.0,0.0
294198,West Yellowstone,MT,44.66,-111.09,2042.2,20170911,38.12,81.86,59.9,,,,,0.0,0.0
294199,West Yellowstone,MT,44.66,-111.09,2042.2,20170912,35.42,82.76,60.26,,,,,0.0,0.0
294200,West Yellowstone,MT,44.66,-111.09,2042.2,20170913,46.04,75.2,58.46,,,,,0.0,0.0
294201,West Yellowstone,MT,44.66,-111.09,2042.2,20170914,38.84,66.92,49.46,,,,,0.0,0.90157529
294202,West Yellowstone,MT,44.66,-111.09,2042.2,20170915,34.52,44.06,38.84,,,,,0.9842525,0.59842552
294203,West Yellowstone,MT,44.66,-111.09,2042.2,20170916,27.86,45.5,36.68,,,,,0.0,0.0
294204,West Yellowstone,MT,44.66,-111.09,2042.2,20170917,25.16,59.0,39.92,,,,,0.0,0.0
294205,West Yellowstone,MT,44.66,-111.09,2042.2,20170918,29.48,61.16,43.52,,,,,0.0,0.40157502
294206,West Yellowstone,MT,44.66,-111.09,2042.2,20170919,33.44,42.08,35.78,,,,,0.9842525,0.70078778
294207,West Yellowstone,MT,44.66,-111.09,2042.2,20170920,33.26,49.28,39.92,,,,,0.0,0.29921276
294208,West Yellowstone,MT,44.66,-111.09,2042.2,20170921,34.7,43.34,37.22,,,,,0.9842525,
294473,Tepee Creek,MT,44.79,-111.71,2438.4,20170101,-6.16,17.42,8.24,,,,,22.007885899999998,0.0
294474,Tepee Creek,MT,44.79,-111.71,2438.4,20170102,-11.92,1.76,-4.72,,,,,22.007885899999998,0.0
294475,Tepee Creek,MT,44.79,-111.71,2438.4,20170103,-4.0,12.74,3.56,,,,,22.007885899999998,0.09842525
294476,Tepee Creek,MT,44.79,-111.71,2438.4,20170104,-10.84,6.26,-0.4,,,,,22.007885899999998,0.0
294477,Tepee Creek,MT,44.79,-111.71,2438.4,20170105,-14.8,3.2,-3.28,,,,,22.007885899999998,0.0
294478,Tepee Creek,MT,44.79,-111.71,2438.4,20170106,-4.36,10.76,1.4,,,,,20.9842633,
294479,Tepee Creek,MT,44.79,-111.71,2438.4,20170107,-2.02,18.32,9.68,,,,,22.007885899999998,0.20078751
294480,Tepee Creek,MT,44.79,-111.71,2438.4,20170108,14.36,30.92,22.46,,,,,24.015760999999998,0.29921276
294481,Tepee Creek,MT,44.79,-111.71,2438.4,20170109,15.8,31.46,26.42,,,,,25.0000135,0.09842525
294482,Tepee Creek,MT,44.79,-111.71,2438.4,20170110,15.44,26.06,21.56,,,,,25.0000135,0.20078751
294483,Tepee Creek,MT,44.79,-111.71,2438.4,20170111,17.06,28.04,22.82,,,,,30.984268699999998,0.50000027
294484,Tepee Creek,MT,44.79,-111.71,2438.4,20170112,6.08,20.66,13.28,,,,,30.0000162,0.0
294485,Tepee Creek,MT,44.79,-111.71,2438.4,20170113,5.72,21.2,12.2,,,,,29.015763699999997,0.09842525
294486,Tepee Creek,MT,44.79,-111.71,2438.4,20170114,10.04,22.82,14.72,,,,,27.9921411,0.0
294487,Tepee Creek,MT,44.79,-111.71,2438.4,20170115,12.56,26.06,17.6,,,,,27.0078886,0.0
294488,Tepee Creek,MT,44.79,-111.71,2438.4,20170116,12.02,27.32,17.78,,,,,27.0078886,0.09842525
294489,Tepee Creek,MT,44.79,-111.71,2438.4,20170117,16.16,28.94,20.48,,,,,25.984266,0.0
294490,Tepee Creek,MT,44.79,-111.71,2438.4,20170118,17.24,29.66,23.9,,,,,25.984266,0.09842525
294491,Tepee Creek,MT,44.79,-111.71,2438.4,20170119,22.28,26.96,24.08,,,,,25.984266,0.0
294492,Tepee Creek,MT,44.79,-111.71,2438.4,20170120,20.12,25.88,21.74,,,,,27.0078886,0.0
294493,Tepee Creek,MT,44.79,-111.71,2438.4,20170121,16.34,28.76,22.1,,,,,27.0078886,0.0
294494,Tepee Creek,MT,44.79,-111.71,2438.4,20170122,17.42,24.26,21.02,,,,,27.9921411,0.09842525
294495,Tepee Creek,MT,44.79,-111.71,2438.4,20170123,12.92,29.12,20.12,,,,,27.9921411,0.0
294496,Tepee Creek,MT,44.79,-111.71,2438.4,20170124,5.72,20.3,12.02,,,,,27.0078886,0.0
294497,Tepee Creek,MT,44.79,-111.71,2438.4,20170125,8.42,18.68,12.56,,,,,27.0078886,0.0
294498,Tepee Creek,MT,44.79,-111.71,2438.4,20170126,4.64,18.5,12.02,,,,,25.984266,0.0
294499,Tepee Creek,MT,44.79,-111.71,2438.4,20170127,4.64,22.82,11.3,,,,,25.984266,0.0
294500,Tepee Creek,MT,44.79,-111.71,2438.4,20170128,8.24,25.7,18.86,,,,,25.984266,0.09842525
294501,Tepee Creek,MT,44.79,-111.71,2438.4,20170129,15.62,30.56,23.36,,,,,25.984266,0.0
294502,Tepee Creek,MT,44.79,-111.71,2438.4,20170130,15.44,27.68,20.3,,,,,27.0078886,0.09842525
294503,Tepee Creek,MT,44.79,-111.71,2438.4,20170131,10.58,30.38,21.92,,,,,27.0078886,0.09842525
294504,Tepee Creek,MT,44.79,-111.71,2438.4,20170201,-2.02,12.74,5.18,,,,,27.0078886,0.0
294505,Tepee Creek,MT,44.79,-111.71,2438.4,20170202,-1.66,8.42,1.58,,,,,27.9921411,0.09842525
294506,Tepee Creek,MT,44.79,-111.71,2438.4,20170203,5.18,28.04,23.18,,,,,29.015763699999997,0.09842525
294507,Tepee Creek,MT,44.79,-111.71,2438.4,20170204,26.24,36.5,28.94,,,,,29.015763699999997,0.0
294508,Tepee Creek,MT,44.79,-111.71,2438.4,20170205,26.78,28.76,27.86,,,,,29.015763699999997,0.09842525
294509,Tepee Creek,MT,44.79,-111.71,2438.4,20170206,21.02,29.66,27.86,,,,,30.984268699999998,0.09842525
294510,Tepee Creek,MT,44.79,-111.71,2438.4,20170207,15.98,28.04,22.28,,,,,32.9921438,0.29921276
294511,Tepee Creek,MT,44.79,-111.71,2438.4,20170208,21.38,34.7,27.86,,,,,32.9921438,0.20078751
294512,Tepee Creek,MT,44.79,-111.71,2438.4,20170209,30.92,35.96,34.34,,,,,32.0078913,0.09842525
294513,Tepee Creek,MT,44.79,-111.71,2438.4,20170210,23.0,36.68,31.46,,,,,32.9921438,0.20078751
294514,Tepee Creek,MT,44.79,-111.71,2438.4,20170211,10.94,28.58,18.86,,,,,32.9921438,0.0
294515,Tepee Creek,MT,44.79,-111.71,2438.4,20170212,10.76,37.4,21.38,,,,,32.0078913,0.0
294516,Tepee Creek,MT,44.79,-111.71,2438.4,20170213,18.14,40.82,25.7,,,,,32.0078913,0.09842525
294517,Tepee Creek,MT,44.79,-111.71,2438.4,20170214,21.92,47.48,30.38,,,,,30.0000162,0.0
294518,Tepee Creek,MT,44.79,-111.71,2438.4,20170215,22.82,40.82,30.38,,,,,30.984268699999998,0.0
294519,Tepee Creek,MT,44.79,-111.71,2438.4,20170216,23.9,37.76,29.84,,,,,32.0078913,0.09842525
294520,Tepee Creek,MT,44.79,-111.71,2438.4,20170217,19.4,37.58,28.58,,,,,30.984268699999998,0.0
294521,Tepee Creek,MT,44.79,-111.71,2438.4,20170218,30.02,32.54,31.28,,,,,35.0000189,0.20078751
294522,Tepee Creek,MT,44.79,-111.71,2438.4,20170219,21.02,31.82,28.22,,,,,39.0157691,0.59842552
294523,Tepee Creek,MT,44.79,-111.71,2438.4,20170220,22.1,32.0,28.94,,,,,40.000021600000004,0.29921276
294524,Tepee Creek,MT,44.79,-111.71,2438.4,20170221,18.86,39.38,29.66,,,,,40.9842741,0.29921276
294525,Tepee Creek,MT,44.79,-111.71,2438.4,20170222,14.18,34.7,20.3,,,,,40.000021600000004,0.0
294526,Tepee Creek,MT,44.79,-111.71,2438.4,20170223,14.18,27.14,19.4,,,,,40.000021600000004,0.0
294527,Tepee Creek,MT,44.79,-111.71,2438.4,20170224,7.34,23.18,13.46,,,,,40.000021600000004,0.0
294528,Tepee Creek,MT,44.79,-111.71,2438.4,20170225,3.38,21.02,10.04,,,,,40.9842741,0.09842525
294529,Tepee Creek,MT,44.79,-111.71,2438.4,20170226,2.3,18.32,10.76,,,,,44.015771799999996,0.20078751
294530,Tepee Creek,MT,44.79,-111.71,2438.4,20170227,3.02,24.44,12.38,,,,,42.9921492,0.0
294531,Tepee Creek,MT,44.79,-111.71,2438.4,20170228,8.42,22.28,12.56,,,,,42.9921492,0.09842525
294532,Tepee Creek,MT,44.79,-111.71,2438.4,20170301,9.5,26.96,16.7,,,,,40.9842741,0.09842525
294533,Tepee Creek,MT,44.79,-111.71,2438.4,20170302,14.72,30.56,21.56,,,,,40.9842741,0.09842525
294534,Tepee Creek,MT,44.79,-111.71,2438.4,20170303,18.68,35.42,26.78,,,,,40.000021600000004,0.0
294535,Tepee Creek,MT,44.79,-111.71,2438.4,20170304,23.36,32.54,28.4,,,,,40.000021600000004,0.0
294536,Tepee Creek,MT,44.79,-111.71,2438.4,20170305,19.22,32.72,26.24,,,,,42.0078967,0.09842525
294537,Tepee Creek,MT,44.79,-111.71,2438.4,20170306,11.48,25.52,16.16,,,,,42.0078967,0.09842525
294538,Tepee Creek,MT,44.79,-111.71,2438.4,20170307,6.8,25.88,18.68,,,,,40.9842741,0.0
294539,Tepee Creek,MT,44.79,-111.71,2438.4,20170308,24.44,37.4,29.66,,,,,40.000021600000004,0.0
294540,Tepee Creek,MT,44.79,-111.71,2438.4,20170309,30.02,45.86,34.88,,,,,39.0157691,0.09842525
294541,Tepee Creek,MT,44.79,-111.71,2438.4,20170310,28.4,44.96,36.68,,,,,37.992146500000004,0.0
294542,Tepee Creek,MT,44.79,-111.71,2438.4,20170311,23.54,43.16,32.18,,,,,37.992146500000004,0.0
294543,Tepee Creek,MT,44.79,-111.71,2438.4,20170312,25.16,39.56,30.74,,,,,37.992146500000004,0.0
294544,Tepee Creek,MT,44.79,-111.71,2438.4,20170313,28.4,46.4,35.42,,,,,37.007894,0.0
294545,Tepee Creek,MT,44.79,-111.71,2438.4,20170314,32.54,49.28,39.56,,,,,35.9842714,0.0
294546,Tepee Creek,MT,44.79,-111.71,2438.4,20170315,32.54,50.54,41.54,,,,,35.0000189,0.09842525
294547,Tepee Creek,MT,44.79,-111.71,2438.4,20170316,29.66,47.84,37.76,,,,,35.0000189,0.0
294548,Tepee Creek,MT,44.79,-111.71,2438.4,20170317,27.86,46.76,37.94,,,,,34.0157664,0.0
294549,Tepee Creek,MT,44.79,-111.71,2438.4,20170318,37.58,50.72,43.88,,,,,32.9921438,0.0
294550,Tepee Creek,MT,44.79,-111.71,2438.4,20170319,34.7,41.0,37.04,,,,,32.0078913,0.0
294551,Tepee Creek,MT,44.79,-111.71,2438.4,20170320,32.36,44.42,36.32,,,,,30.984268699999998,0.0
294552,Tepee Creek,MT,44.79,-111.71,2438.4,20170321,32.0,55.22,40.64,,,,,30.0000162,0.0
294553,Tepee Creek,MT,44.79,-111.71,2438.4,20170322,30.2,44.78,36.5,,,,,29.015763699999997,0.0
294554,Tepee Creek,MT,44.79,-111.71,2438.4,20170323,26.6,43.16,33.8,,,,,27.9921411,0.0
294555,Tepee Creek,MT,44.79,-111.71,2438.4,20170324,24.44,42.08,33.26,,,,,27.9921411,0.09842525
294556,Tepee Creek,MT,44.79,-111.71,2438.4,20170325,28.4,39.2,32.54,,,,,29.015763699999997,0.09842525
294557,Tepee Creek,MT,44.79,-111.71,2438.4,20170326,24.26,37.58,30.56,,,,,30.984268699999998,0.20078751
294558,Tepee Creek,MT,44.79,-111.71,2438.4,20170327,28.4,41.9,33.26,,,,,29.015763699999997,0.20078751
294559,Tepee Creek,MT,44.79,-111.71,2438.4,20170328,21.2,41.72,30.74,,,,,29.015763699999997,0.0
294560,Tepee Creek,MT,44.79,-111.71,2438.4,20170329,27.14,36.5,31.64,,,,,32.9921438,0.29921276
294561,Tepee Creek,MT,44.79,-111.71,2438.4,20170330,31.64,41.0,35.24,,,,,34.0157664,0.50000027
294562,Tepee Creek,MT,44.79,-111.71,2438.4,20170331,26.96,42.98,34.88,,,,,32.9921438,0.09842525
294563,Tepee Creek,MT,44.79,-111.71,2438.4,20170401,24.44,50.36,37.22,,,,,32.0078913,0.09842525
294564,Tepee Creek,MT,44.79,-111.71,2438.4,20170402,18.86,46.58,32.9,,,,,32.0078913,0.0
294565,Tepee Creek,MT,44.79,-111.71,2438.4,20170403,13.1,36.5,22.82,,,,,30.984268699999998,0.0
294566,Tepee Creek,MT,44.79,-111.71,2438.4,20170404,16.7,41.54,27.32,,,,,30.984268699999998,0.0
294567,Tepee Creek,MT,44.79,-111.71,2438.4,20170405,24.44,43.88,33.08,,,,,30.0000162,0.0
294568,Tepee Creek,MT,44.79,-111.71,2438.4,20170406,30.2,49.82,40.64,,,,,29.015763699999997,0.0
294569,Tepee Creek,MT,44.79,-111.71,2438.4,20170407,32.18,43.34,37.76,,,,,30.984268699999998,0.09842525
294570,Tepee Creek,MT,44.79,-111.71,2438.4,20170408,27.14,37.76,31.46,,,,,32.9921438,0.40157502
294571,Tepee Creek,MT,44.79,-111.71,2438.4,20170409,17.06,35.42,25.16,,,,,32.9921438,0.09842525
294572,Tepee Creek,MT,44.79,-111.71,2438.4,20170410,17.06,33.8,25.88,,,,,32.9921438,0.0
294573,Tepee Creek,MT,44.79,-111.71,2438.4,20170411,16.7,44.06,30.92,,,,,32.9921438,0.20078751
294574,Tepee Creek,MT,44.79,-111.71,2438.4,20170412,30.92,48.38,38.48,,,,,30.984268699999998,0.20078751
294575,Tepee Creek,MT,44.79,-111.71,2438.4,20170413,30.92,56.84,43.34,,,,,32.0078913,0.09842525
294576,Tepee Creek,MT,44.79,-111.71,2438.4,20170414,18.86,38.12,28.58,,,,,39.0157691,0.59842552
294577,Tepee Creek,MT,44.79,-111.71,2438.4,20170415,12.56,37.94,26.24,,,,,35.0000189,0.20078751
294578,Tepee Creek,MT,44.79,-111.71,2438.4,20170416,19.58,48.74,34.52,,,,,32.9921438,0.09842525
294579,Tepee Creek,MT,44.79,-111.71,2438.4,20170417,31.28,46.04,38.3,,,,,32.0078913,0.0
294580,Tepee Creek,MT,44.79,-111.71,2438.4,20170418,32.9,41.9,36.14,,,,,32.0078913,0.09842525
294581,Tepee Creek,MT,44.79,-111.71,2438.4,20170419,28.4,48.2,36.86,,,,,32.0078913,0.0
294582,Tepee Creek,MT,44.79,-111.71,2438.4,20170420,27.86,45.68,33.8,,,,,32.9921438,0.09842525
294583,Tepee Creek,MT,44.79,-111.71,2438.4,20170421,23.0,37.76,30.38,,,,,32.9921438,0.0
294584,Tepee Creek,MT,44.79,-111.71,2438.4,20170422,21.38,48.02,35.96,,,,,30.984268699999998,0.0
294585,Tepee Creek,MT,44.79,-111.71,2438.4,20170423,28.76,42.26,34.7,,,,,32.9921438,0.09842525
294586,Tepee Creek,MT,44.79,-111.71,2438.4,20170424,31.1,38.84,33.8,,,,,37.992146500000004,0.40157502
294587,Tepee Creek,MT,44.79,-111.71,2438.4,20170425,29.12,44.78,34.52,,,,,35.0000189,0.40157502
294588,Tepee Creek,MT,44.79,-111.71,2438.4,20170426,25.88,43.34,32.54,,,,,35.9842714,0.09842525
294589,Tepee Creek,MT,44.79,-111.71,2438.4,20170427,25.52,40.64,30.74,,,,,35.9842714,0.09842525
294590,Tepee Creek,MT,44.79,-111.71,2438.4,20170428,25.16,38.66,30.2,,,,,35.0000189,0.09842525
294591,Tepee Creek,MT,44.79,-111.71,2438.4,20170429,20.84,48.02,33.08,,,,,34.0157664,0.0
294592,Tepee Creek,MT,44.79,-111.71,2438.4,20170430,28.76,49.46,36.14,,,,,34.0157664,0.09842525
294593,Tepee Creek,MT,44.79,-111.71,2438.4,20170501,28.94,48.38,36.68,,,,,34.0157664,0.0
294594,Tepee Creek,MT,44.79,-111.71,2438.4,20170502,28.58,50.18,37.4,,,,,32.0078913,0.0
294595,Tepee Creek,MT,44.79,-111.71,2438.4,20170503,25.16,56.66,41.54,,,,,30.984268699999998,0.09842525
294596,Tepee Creek,MT,44.79,-111.71,2438.4,20170504,37.22,66.38,49.28,,,,,27.9921411,0.0
294597,Tepee Creek,MT,44.79,-111.71,2438.4,20170505,39.92,67.28,52.34,,,,,24.015760999999998,0.0
294598,Tepee Creek,MT,44.79,-111.71,2438.4,20170506,40.82,64.76,50.0,,,,,20.9842633,0.0
294599,Tepee Creek,MT,44.79,-111.71,2438.4,20170507,36.14,55.04,43.52,,,,,19.0157583,0.0
294600,Tepee Creek,MT,44.79,-111.71,2438.4,20170508,32.54,55.58,41.0,,,,,17.0078832,0.0
294601,Tepee Creek,MT,44.79,-111.71,2438.4,20170509,35.42,55.04,42.44,,,,,15.9842606,0.09842525
294602,Tepee Creek,MT,44.79,-111.71,2438.4,20170510,34.52,63.32,48.2,,,,,12.992133,0.0
294603,Tepee Creek,MT,44.79,-111.71,2438.4,20170511,40.46,65.12,51.62,,,,,10.000005400000001,0.0
294604,Tepee Creek,MT,44.79,-111.71,2438.4,20170512,34.88,61.88,50.0,,,,,9.0157529,0.0
294605,Tepee Creek,MT,44.79,-111.71,2438.4,20170513,25.7,35.42,31.46,,,,,7.9921303,0.09842525
294606,Tepee Creek,MT,44.79,-111.71,2438.4,20170514,22.82,44.78,34.52,,,,,7.007877799999999,0.0
294607,Tepee Creek,MT,44.79,-111.71,2438.4,20170515,30.02,47.66,37.76,,,,,5.984255200000001,0.09842525
294608,Tepee Creek,MT,44.79,-111.71,2438.4,20170516,30.02,48.38,36.68,,,,,5.0000027000000005,0.0
294609,Tepee Creek,MT,44.79,-111.71,2438.4,20170517,25.88,32.9,28.4,,,,,10.9842579,0.70078778
294610,Tepee Creek,MT,44.79,-111.71,2438.4,20170518,26.42,43.34,34.16,,,,,7.9921303,0.09842525
294611,Tepee Creek,MT,44.79,-111.71,2438.4,20170519,26.24,51.98,37.58,,,,,5.984255200000001,0.09842525
294612,Tepee Creek,MT,44.79,-111.71,2438.4,20170520,32.54,50.9,39.38,,,,,5.0000027000000005,0.09842525
294613,Tepee Creek,MT,44.79,-111.71,2438.4,20170521,32.18,53.6,41.54,,,,,2.0078751,0.29921276
294614,Tepee Creek,MT,44.79,-111.71,2438.4,20170522,36.14,56.48,46.04,,,,,0.0,0.0
294615,Tepee Creek,MT,44.79,-111.71,2438.4,20170523,36.86,65.12,50.18,,,,,0.0,0.20078751
294616,Tepee Creek,MT,44.79,-111.71,2438.4,20170524,33.44,64.04,48.38,,,,,0.0,0.0
294617,Tepee Creek,MT,44.79,-111.71,2438.4,20170525,28.4,47.3,37.76,,,,,0.0,0.09842525
294618,Tepee Creek,MT,44.79,-111.71,2438.4,20170526,32.9,46.4,39.74,,,,,0.0,0.0
294619,Tepee Creek,MT,44.79,-111.71,2438.4,20170527,32.9,57.2,43.16,,,,,0.0,0.0
294620,Tepee Creek,MT,44.79,-111.71,2438.4,20170528,37.04,62.24,49.28,,,,,0.0,0.20078751
294621,Tepee Creek,MT,44.79,-111.71,2438.4,20170529,38.12,65.48,49.64,,,,,0.0,0.0
294622,Tepee Creek,MT,44.79,-111.71,2438.4,20170530,42.08,65.3,51.26,,,,,0.0,0.20078751
294623,Tepee Creek,MT,44.79,-111.71,2438.4,20170531,42.8,70.88,57.38,,,,,0.0,0.09842525
294624,Tepee Creek,MT,44.79,-111.71,2438.4,20170601,44.06,62.78,53.06,,,,,0.0,0.0
294625,Tepee Creek,MT,44.79,-111.71,2438.4,20170602,38.84,64.04,50.9,,,,,0.0,0.0
294626,Tepee Creek,MT,44.79,-111.71,2438.4,20170603,41.36,67.64,54.86,,,,,0.0,0.0
294627,Tepee Creek,MT,44.79,-111.71,2438.4,20170604,46.58,74.66,59.72,,,,,0.0,0.09842525
294628,Tepee Creek,MT,44.79,-111.71,2438.4,20170605,41.54,60.26,49.28,,,,,0.0,0.0
294629,Tepee Creek,MT,44.79,-111.71,2438.4,20170606,39.56,68.72,53.96,,,,,0.0,0.0
294630,Tepee Creek,MT,44.79,-111.71,2438.4,20170607,46.94,75.38,59.9,,,,,0.0,0.0
294631,Tepee Creek,MT,44.79,-111.71,2438.4,20170608,48.2,72.14,60.26,,,,,0.0,0.0
294632,Tepee Creek,MT,44.79,-111.71,2438.4,20170609,37.22,48.02,42.08,,,,,0.0,0.20078751
294633,Tepee Creek,MT,44.79,-111.71,2438.4,20170610,33.08,50.18,41.54,,,,,0.0,0.0
294634,Tepee Creek,MT,44.79,-111.71,2438.4,20170611,31.28,53.6,42.8,,,,,0.0,0.0
294635,Tepee Creek,MT,44.79,-111.71,2438.4,20170612,33.26,60.62,41.9,,,,,0.9842525,0.70078778
294636,Tepee Creek,MT,44.79,-111.71,2438.4,20170613,32.36,47.12,37.58,,,,,0.0,0.50000027
294637,Tepee Creek,MT,44.79,-111.71,2438.4,20170614,33.44,52.52,43.52,,,,,0.0,0.0
294638,Tepee Creek,MT,44.79,-111.71,2438.4,20170615,39.2,56.84,49.82,,,,,0.0,0.0
294639,Tepee Creek,MT,44.79,-111.71,2438.4,20170616,41.72,55.76,47.3,,,,,0.0,0.09842525
294640,Tepee Creek,MT,44.79,-111.71,2438.4,20170617,39.2,60.26,48.02,,,,,0.0,0.0
294641,Tepee Creek,MT,44.79,-111.71,2438.4,20170618,41.54,58.64,50.0,,,,,0.0,0.0
294642,Tepee Creek,MT,44.79,-111.71,2438.4,20170619,39.38,70.34,55.04,,,,,0.0,0.0
294643,Tepee Creek,MT,44.79,-111.71,2438.4,20170620,49.28,76.28,60.98,,,,,0.0,0.0
294644,Tepee Creek,MT,44.79,-111.71,2438.4,20170621,49.82,73.58,61.16,,,,,0.0,0.0
294645,Tepee Creek,MT,44.79,-111.71,2438.4,20170622,37.58,62.24,50.54,,,,,0.0,0.0
294646,Tepee Creek,MT,44.79,-111.71,2438.4,20170623,33.98,62.24,48.2,,,,,0.0,0.0
294647,Tepee Creek,MT,44.79,-111.71,2438.4,20170624,39.38,64.58,51.62,,,,,0.0,0.0
294648,Tepee Creek,MT,44.79,-111.71,2438.4,20170625,42.08,71.78,56.48,,,,,0.0,0.0
294649,Tepee Creek,MT,44.79,-111.71,2438.4,20170626,48.2,76.1,61.7,,,,,0.0,0.0
294650,Tepee Creek,MT,44.79,-111.71,2438.4,20170627,42.62,64.04,52.16,,,,,0.0,0.20078751
294651,Tepee Creek,MT,44.79,-111.71,2438.4,20170628,38.12,59.72,47.66,,,,,0.0,0.20078751
294652,Tepee Creek,MT,44.79,-111.71,2438.4,20170629,37.76,53.42,43.16,,,,,0.0,0.0
294653,Tepee Creek,MT,44.79,-111.71,2438.4,20170630,37.04,66.02,52.34,,,,,0.0,0.0
294654,Tepee Creek,MT,44.79,-111.71,2438.4,20170701,45.32,72.14,58.46,,,,,0.0,0.0
294655,Tepee Creek,MT,44.79,-111.71,2438.4,20170702,48.56,73.76,57.02,,,,,0.0,0.0
294656,Tepee Creek,MT,44.79,-111.71,2438.4,20170703,48.02,77.9,59.72,,,,,0.0,0.0
294657,Tepee Creek,MT,44.79,-111.71,2438.4,20170704,47.84,76.28,61.16,,,,,0.0,0.20078751
294658,Tepee Creek,MT,44.79,-111.71,2438.4,20170705,53.42,81.32,63.14,,,,,0.0,0.0
294659,Tepee Creek,MT,44.79,-111.71,2438.4,20170706,51.62,80.42,65.48,,,,,0.0,0.09842525
294660,Tepee Creek,MT,44.79,-111.71,2438.4,20170707,54.14,79.34,64.04,,,,,0.0,0.0
294661,Tepee Creek,MT,44.79,-111.71,2438.4,20170708,53.42,80.42,64.94,,,,,0.0,0.0
294662,Tepee Creek,MT,44.79,-111.71,2438.4,20170709,51.62,72.86,61.7,,,,,0.0,0.0
294663,Tepee Creek,MT,44.79,-111.71,2438.4,20170710,49.64,74.84,62.06,,,,,0.0,0.0
294664,Tepee Creek,MT,44.79,-111.71,2438.4,20170711,49.1,73.76,60.8,,,,,0.0,0.0
294665,Tepee Creek,MT,44.79,-111.71,2438.4,20170712,48.2,75.2,60.62,,,,,0.0,0.0
294666,Tepee Creek,MT,44.79,-111.71,2438.4,20170713,51.62,78.62,65.3,,,,,0.0,0.0
294667,Tepee Creek,MT,44.79,-111.71,2438.4,20170714,53.78,80.6,66.56,,,,,0.0,0.0
294668,Tepee Creek,MT,44.79,-111.71,2438.4,20170715,54.68,80.06,65.84,,,,,0.0,0.0
294669,Tepee Creek,MT,44.79,-111.71,2438.4,20170716,50.36,77.0,59.54,,,,,0.0,0.0
294670,Tepee Creek,MT,44.79,-111.71,2438.4,20170717,48.2,75.74,58.46,,,,,0.0,0.0
294671,Tepee Creek,MT,44.79,-111.71,2438.4,20170718,45.68,77.18,61.7,,,,,0.0,0.0
294672,Tepee Creek,MT,44.79,-111.71,2438.4,20170719,52.52,78.26,64.4,,,,,0.0,0.0
294673,Tepee Creek,MT,44.79,-111.71,2438.4,20170720,52.16,76.28,63.5,,,,,0.0,0.0
294674,Tepee Creek,MT,44.79,-111.71,2438.4,20170721,47.84,75.2,60.44,,,,,0.0,0.0
294675,Tepee Creek,MT,44.79,-111.71,2438.4,20170722,48.2,75.56,61.52,,,,,0.0,0.0
294676,Tepee Creek,MT,44.79,-111.71,2438.4,20170723,51.62,77.54,63.86,,,,,0.0,0.0
294677,Tepee Creek,MT,44.79,-111.71,2438.4,20170724,52.88,77.18,61.16,,,,,0.0,0.0
294678,Tepee Creek,MT,44.79,-111.71,2438.4,20170725,50.9,64.04,56.3,,,,,0.0,0.0
294679,Tepee Creek,MT,44.79,-111.71,2438.4,20170726,47.66,70.7,56.12,,,,,0.0,0.0
294680,Tepee Creek,MT,44.79,-111.71,2438.4,20170727,46.22,69.8,54.14,,,,,0.0,0.0
294681,Tepee Creek,MT,44.79,-111.71,2438.4,20170728,46.94,73.4,57.2,,,,,0.0,0.0
294682,Tepee Creek,MT,44.79,-111.71,2438.4,20170729,48.2,75.2,59.9,,,,,0.0,0.0
294683,Tepee Creek,MT,44.79,-111.71,2438.4,20170730,51.8,77.36,60.8,,,,,0.0,0.0
294684,Tepee Creek,MT,44.79,-111.71,2438.4,20170731,52.34,79.88,65.3,,,,,0.0,0.0
294685,Tepee Creek,MT,44.79,-111.71,2438.4,20170801,51.62,80.42,64.76,,,,,0.0,0.0
294686,Tepee Creek,MT,44.79,-111.71,2438.4,20170802,47.84,71.6,58.46,,,,,0.0,0.0
294687,Tepee Creek,MT,44.79,-111.71,2438.4,20170803,44.96,73.76,57.92,,,,,0.0,0.0
294688,Tepee Creek,MT,44.79,-111.71,2438.4,20170804,49.82,78.08,63.5,,,,,0.0,0.0
294689,Tepee Creek,MT,44.79,-111.71,2438.4,20170805,43.7,68.36,54.5,,,,,0.0,0.0
294690,Tepee Creek,MT,44.79,-111.71,2438.4,20170806,41.9,65.12,53.06,,,,,0.0,0.0
294691,Tepee Creek,MT,44.79,-111.71,2438.4,20170807,43.16,70.16,56.48,,,,,0.0,0.0
294692,Tepee Creek,MT,44.79,-111.71,2438.4,20170808,47.3,65.66,54.86,,,,,0.0,0.0
294693,Tepee Creek,MT,44.79,-111.71,2438.4,20170809,43.16,66.92,49.64,,,,,0.0,0.0
294694,Tepee Creek,MT,44.79,-111.71,2438.4,20170810,42.44,68.9,55.04,,,,,0.0,0.09842525
294695,Tepee Creek,MT,44.79,-111.71,2438.4,20170811,47.12,71.78,56.66,,,,,0.0,0.0
294696,Tepee Creek,MT,44.79,-111.71,2438.4,20170812,46.94,71.24,57.2,,,,,0.0,0.0
294697,Tepee Creek,MT,44.79,-111.71,2438.4,20170813,48.2,68.18,54.68,,,,,0.0,0.0
294698,Tepee Creek,MT,44.79,-111.71,2438.4,20170814,44.6,59.0,48.56,,,,,0.0,0.0
294699,Tepee Creek,MT,44.79,-111.71,2438.4,20170815,39.74,63.14,49.46,,,,,0.0,0.0
294700,Tepee Creek,MT,44.79,-111.71,2438.4,20170816,43.34,68.18,55.4,,,,,0.0,0.20078751
294701,Tepee Creek,MT,44.79,-111.71,2438.4,20170817,46.4,70.16,56.66,,,,,0.0,0.0
294702,Tepee Creek,MT,44.79,-111.71,2438.4,20170818,46.22,72.5,58.64,,,,,0.0,0.09842525
294703,Tepee Creek,MT,44.79,-111.71,2438.4,20170819,47.84,70.34,58.46,,,,,0.0,0.09842525
294704,Tepee Creek,MT,44.79,-111.71,2438.4,20170820,43.16,69.98,55.94,,,,,0.0,0.0
294705,Tepee Creek,MT,44.79,-111.71,2438.4,20170821,44.78,68.9,55.04,,,,,0.0,0.0
294706,Tepee Creek,MT,44.79,-111.71,2438.4,20170822,48.74,75.38,60.98,,,,,0.0,0.0
294707,Tepee Creek,MT,44.79,-111.71,2438.4,20170823,50.36,71.24,59.0,,,,,0.0,0.0
294708,Tepee Creek,MT,44.79,-111.71,2438.4,20170824,47.12,68.54,54.86,,,,,0.0,0.0
294709,Tepee Creek,MT,44.79,-111.71,2438.4,20170825,45.68,70.34,55.22,,,,,0.0,0.0
294710,Tepee Creek,MT,44.79,-111.71,2438.4,20170826,46.58,73.76,59.18,,,,,0.0,0.0
294711,Tepee Creek,MT,44.79,-111.71,2438.4,20170827,49.82,77.18,62.96,,,,,0.0,0.0
294712,Tepee Creek,MT,44.79,-111.71,2438.4,20170828,53.06,76.28,63.5,,,,,0.0,0.0
294713,Tepee Creek,MT,44.79,-111.71,2438.4,20170829,53.78,76.46,61.88,,,,,0.0,0.0
294714,Tepee Creek,MT,44.79,-111.71,2438.4,20170830,53.96,74.3,61.7,,,,,0.0,0.0
294715,Tepee Creek,MT,44.79,-111.71,2438.4,20170831,50.36,71.24,58.28,,,,,0.0,0.0
294716,Tepee Creek,MT,44.79,-111.71,2438.4,20170901,46.58,72.68,58.46,,,,,0.0,0.0
294717,Tepee Creek,MT,44.79,-111.71,2438.4,20170902,50.18,78.62,64.76,,,,,0.0,0.0
294718,Tepee Creek,MT,44.79,-111.71,2438.4,20170903,57.2,80.96,68.54,,,,,0.0,0.0
294719,Tepee Creek,MT,44.79,-111.71,2438.4,20170904,43.7,67.64,56.84,,,,,0.0,0.0
294720,Tepee Creek,MT,44.79,-111.71,2438.4,20170905,41.18,70.34,54.5,,,,,0.0,0.0
294721,Tepee Creek,MT,44.79,-111.71,2438.4,20170906,48.74,74.66,60.26,,,,,0.0,0.0
294722,Tepee Creek,MT,44.79,-111.71,2438.4,20170907,51.26,74.3,60.44,,,,,0.0,0.09842525
294723,Tepee Creek,MT,44.79,-111.71,2438.4,20170908,51.62,73.58,60.26,,,,,0.0,0.0
294724,Tepee Creek,MT,44.79,-111.71,2438.4,20170909,49.64,69.98,59.18,,,,,0.0,0.0
294725,Tepee Creek,MT,44.79,-111.71,2438.4,20170910,50.9,70.52,59.0,,,,,0.0,0.0
294726,Tepee Creek,MT,44.79,-111.71,2438.4,20170911,48.2,73.58,60.26,,,,,0.0,0.0
294727,Tepee Creek,MT,44.79,-111.71,2438.4,20170912,52.34,74.3,61.7,,,,,0.0,0.0
294728,Tepee Creek,MT,44.79,-111.71,2438.4,20170913,46.22,68.9,55.04,,,,,0.0,0.0
294729,Tepee Creek,MT,44.79,-111.71,2438.4,20170914,33.8,60.62,44.6,,,,,0.0,0.0
294730,Tepee Creek,MT,44.79,-111.71,2438.4,20170915,28.58,34.88,32.18,,,,,5.984255200000001,0.59842552
294731,Tepee Creek,MT,44.79,-111.71,2438.4,20170916,28.22,37.58,31.28,,,,,2.0078751,0.09842525
294732,Tepee Creek,MT,44.79,-111.71,2438.4,20170917,28.76,47.66,37.4,,,,,0.0,0.0
294733,Tepee Creek,MT,44.79,-111.71,2438.4,20170918,34.52,46.76,40.64,,,,,2.0078751,0.29921276
294734,Tepee Creek,MT,44.79,-111.71,2438.4,20170919,28.58,42.62,33.26,,,,,2.0078751,0.20078751
294735,Tepee Creek,MT,44.79,-111.71,2438.4,20170920,28.58,41.54,34.34,,,,,2.0078751,0.20078751
294736,Tepee Creek,MT,44.79,-111.71,2438.4,20170921,30.38,36.14,33.44,,,,,5.0000027000000005,0.40157502
294737,Carrot Basin,MT,44.96,-111.29,2743.2,20170101,-5.8,13.46,3.92,,,,,47.0078994,0.0
294738,Carrot Basin,MT,44.96,-111.29,2743.2,20170102,-14.08,7.34,-2.74,,,,,47.0078994,0.0
294739,Carrot Basin,MT,44.96,-111.29,2743.2,20170103,-12.64,9.68,-1.12,,,,,45.984276799999996,0.0
294740,Carrot Basin,MT,44.96,-111.29,2743.2,20170104,-19.84,2.48,-8.68,,,,,47.0078994,0.09842525
294741,Carrot Basin,MT,44.96,-111.29,2743.2,20170105,-20.92,5.0,-7.96,,,,,45.984276799999996,0.0
294742,Carrot Basin,MT,44.96,-111.29,2743.2,20170106,-3.46,10.04,3.2,,,,,45.00002429999999,0.0
294743,Carrot Basin,MT,44.96,-111.29,2743.2,20170107,-0.94,13.82,6.44,,,,,47.0078994,0.20078751
294744,Carrot Basin,MT,44.96,-111.29,2743.2,20170108,12.92,27.68,20.66,,,,,47.992151899999996,0.59842552
294745,Carrot Basin,MT,44.96,-111.29,2743.2,20170109,12.56,28.22,20.48,,,,,52.0079021,0.50000027
294746,Carrot Basin,MT,44.96,-111.29,2743.2,20170110,10.4,21.38,15.8,,,,,55.9842822,0.29921276
294747,Carrot Basin,MT,44.96,-111.29,2743.2,20170111,14.0,24.98,20.12,,,,,60.0000324,0.40157502
294748,Carrot Basin,MT,44.96,-111.29,2743.2,20170112,4.46,20.84,12.56,,,,,57.992157299999995,0.0
294749,Carrot Basin,MT,44.96,-111.29,2743.2,20170113,6.26,24.8,15.44,,,,,57.0079048,0.0
294750,Carrot Basin,MT,44.96,-111.29,2743.2,20170114,9.14,27.14,18.14,,,,,55.0000297,0.0
294751,Carrot Basin,MT,44.96,-111.29,2743.2,20170115,8.42,29.48,19.04,,,,,54.0157772,0.0
294752,Carrot Basin,MT,44.96,-111.29,2743.2,20170116,7.52,30.2,18.86,,,,,52.9921546,0.09842525
294753,Carrot Basin,MT,44.96,-111.29,2743.2,20170117,19.4,34.88,27.14,,,,,52.0079021,0.0
294754,Carrot Basin,MT,44.96,-111.29,2743.2,20170118,19.22,28.76,24.08,,,,,50.9842795,0.0
294755,Carrot Basin,MT,44.96,-111.29,2743.2,20170119,18.5,25.34,21.92,,,,,50.9842795,0.09842525
294756,Carrot Basin,MT,44.96,-111.29,2743.2,20170120,15.26,21.02,18.14,,,,,50.9842795,0.0
294757,Carrot Basin,MT,44.96,-111.29,2743.2,20170121,12.38,23.36,18.32,,,,,52.0079021,0.09842525
294758,Carrot Basin,MT,44.96,-111.29,2743.2,20170122,14.36,20.66,17.6,,,,,55.9842822,0.20078751
294759,Carrot Basin,MT,44.96,-111.29,2743.2,20170123,10.76,23.0,16.34,,,,,60.0000324,0.40157502
294760,Carrot Basin,MT,44.96,-111.29,2743.2,20170124,1.4,15.98,8.42,,,,,59.0157799,0.0
294761,Carrot Basin,MT,44.96,-111.29,2743.2,20170125,2.48,17.24,9.86,,,,,57.0079048,0.0
294762,Carrot Basin,MT,44.96,-111.29,2743.2,20170126,-0.04,17.6,8.78,,,,,55.9842822,0.0
294763,Carrot Basin,MT,44.96,-111.29,2743.2,20170127,0.86,35.6,16.52,,,,,55.9842822,0.09842525
294764,Carrot Basin,MT,44.96,-111.29,2743.2,20170128,15.44,33.8,24.8,,,,,54.0157772,0.09842525
294765,Carrot Basin,MT,44.96,-111.29,2743.2,20170129,21.2,36.5,28.76,,,,,54.0157772,0.0
294766,Carrot Basin,MT,44.96,-111.29,2743.2,20170130,15.98,30.56,21.38,,,,,54.0157772,0.09842525
294767,Carrot Basin,MT,44.96,-111.29,2743.2,20170131,12.38,21.92,18.14,,,,,60.0000324,0.50000027
294768,Carrot Basin,MT,44.96,-111.29,2743.2,20170201,0.86,14.18,7.52,,,,,57.992157299999995,0.0
294769,Carrot Basin,MT,44.96,-111.29,2743.2,20170202,0.68,20.48,10.58,,,,,60.0000324,0.20078751
294770,Carrot Basin,MT,44.96,-111.29,2743.2,20170203,4.64,25.52,15.08,,,,,60.98428489999999,0.29921276
294771,Carrot Basin,MT,44.96,-111.29,2743.2,20170204,24.08,28.94,25.34,,,,,60.98428489999999,0.29921276
294772,Carrot Basin,MT,44.96,-111.29,2743.2,20170205,24.26,27.5,25.34,,,,,62.99216,0.50000027
294773,Carrot Basin,MT,44.96,-111.29,2743.2,20170206,18.68,27.5,24.98,,,,,72.00791290000001,1.50000081
294774,Carrot Basin,MT,44.96,-111.29,2743.2,20170207,12.02,23.54,19.04,,,,,74.015788,0.29921276
294775,Carrot Basin,MT,44.96,-111.29,2743.2,20170208,18.86,28.4,23.36,,,,,74.015788,0.50000027
294776,Carrot Basin,MT,44.96,-111.29,2743.2,20170209,27.86,33.98,30.92,,,,,74.015788,0.79921303
294777,Carrot Basin,MT,44.96,-111.29,2743.2,20170210,20.48,32.9,28.22,,,,,80.00004320000001,0.70078778
294778,Carrot Basin,MT,44.96,-111.29,2743.2,20170211,8.78,25.52,16.52,,,,,77.00791559999999,0.0
294779,Carrot Basin,MT,44.96,-111.29,2743.2,20170212,8.6,33.44,20.48,,,,,75.0000405,0.0
294780,Carrot Basin,MT,44.96,-111.29,2743.2,20170213,12.02,40.64,23.72,,,,,74.015788,0.0
294781,Carrot Basin,MT,44.96,-111.29,2743.2,20170214,18.32,51.62,31.28,,,,,72.9921654,0.0
294782,Carrot Basin,MT,44.96,-111.29,2743.2,20170215,23.36,39.02,28.94,,,,,72.00791290000001,0.0
294783,Carrot Basin,MT,44.96,-111.29,2743.2,20170216,22.82,33.8,28.4,,,,,75.0000405,0.50000027
294784,Carrot Basin,MT,44.96,-111.29,2743.2,20170217,18.68,33.98,25.7,,,,,72.9921654,0.09842525
294785,Carrot Basin,MT,44.96,-111.29,2743.2,20170218,26.06,32.0,28.76,,,,,77.9921681,0.70078778
294786,Carrot Basin,MT,44.96,-111.29,2743.2,20170219,20.84,29.12,24.98,,,,,82.0079183,0.50000027
294787,Carrot Basin,MT,44.96,-111.29,2743.2,20170220,20.48,29.48,24.8,,,,,85.0000459,0.90157529
294788,Carrot Basin,MT,44.96,-111.29,2743.2,20170221,15.8,30.56,26.06,,,,,87.99217349999999,0.79921303
294789,Carrot Basin,MT,44.96,-111.29,2743.2,20170222,13.64,29.48,18.86,,,,,87.007921,0.09842525
294790,Carrot Basin,MT,44.96,-111.29,2743.2,20170223,7.52,24.26,14.54,,,,,87.007921,0.09842525
294791,Carrot Basin,MT,44.96,-111.29,2743.2,20170224,3.74,22.28,10.58,,,,,85.9842984,0.0
294792,Carrot Basin,MT,44.96,-111.29,2743.2,20170225,2.48,16.7,6.98,,,,,87.007921,0.20078751
294793,Carrot Basin,MT,44.96,-111.29,2743.2,20170226,0.68,15.98,7.52,,,,,89.01579609999999,0.40157502
294794,Carrot Basin,MT,44.96,-111.29,2743.2,20170227,3.2,21.38,12.2,,,,,87.99217349999999,0.09842525
294795,Carrot Basin,MT,44.96,-111.29,2743.2,20170228,4.46,19.4,9.32,,,,,89.01579609999999,0.20078751
294796,Carrot Basin,MT,44.96,-111.29,2743.2,20170301,5.0,19.94,12.38,,,,,87.007921,0.09842525
294797,Carrot Basin,MT,44.96,-111.29,2743.2,20170302,12.38,26.42,17.96,,,,,85.9842984,0.0
294798,Carrot Basin,MT,44.96,-111.29,2743.2,20170303,15.98,31.1,22.82,,,,,85.0000459,0.0
294799,Carrot Basin,MT,44.96,-111.29,2743.2,20170304,22.64,28.58,24.98,,,,,87.007921,0.29921276
294800,Carrot Basin,MT,44.96,-111.29,2743.2,20170305,16.52,27.14,22.82,,,,,90.00004859999999,0.29921276
294801,Carrot Basin,MT,44.96,-111.29,2743.2,20170306,7.52,20.48,11.66,,,,,90.00004859999999,0.09842525
294802,Carrot Basin,MT,44.96,-111.29,2743.2,20170307,6.08,21.92,14.72,,,,,90.00004859999999,0.20078751
294803,Carrot Basin,MT,44.96,-111.29,2743.2,20170308,21.2,31.82,25.88,,,,,87.99217349999999,0.29921276
294804,Carrot Basin,MT,44.96,-111.29,2743.2,20170309,26.06,38.84,30.92,,,,,90.9843011,0.59842552
294805,Carrot Basin,MT,44.96,-111.29,2743.2,20170310,24.26,40.1,32.54,,,,,90.00004859999999,0.40157502
294806,Carrot Basin,MT,44.96,-111.29,2743.2,20170311,19.58,37.94,28.94,,,,,90.9843011,0.20078751
294807,Carrot Basin,MT,44.96,-111.29,2743.2,20170312,19.58,36.14,26.6,,,,,90.00004859999999,0.0
294808,Carrot Basin,MT,44.96,-111.29,2743.2,20170313,23.72,42.26,31.28,,,,,89.01579609999999,0.0
294809,Carrot Basin,MT,44.96,-111.29,2743.2,20170314,30.92,46.94,36.14,,,,,87.99217349999999,0.20078751
294810,Carrot Basin,MT,44.96,-111.29,2743.2,20170315,32.0,46.94,38.12,,,,,87.007921,0.0
294811,Carrot Basin,MT,44.96,-111.29,2743.2,20170316,21.92,43.52,32.72,,,,,87.007921,0.09842525
294812,Carrot Basin,MT,44.96,-111.29,2743.2,20170317,21.74,42.62,33.26,,,,,85.9842984,0.0
294813,Carrot Basin,MT,44.96,-111.29,2743.2,20170318,34.52,49.28,40.46,,,,,84.0157934,0.0
294814,Carrot Basin,MT,44.96,-111.29,2743.2,20170319,32.0,35.78,33.8,,,,,87.007921,0.50000027
294815,Carrot Basin,MT,44.96,-111.29,2743.2,20170320,30.02,41.36,33.98,,,,,85.9842984,0.20078751
294816,Carrot Basin,MT,44.96,-111.29,2743.2,20170321,28.58,48.56,37.04,,,,,85.0000459,0.09842525
294817,Carrot Basin,MT,44.96,-111.29,2743.2,20170322,24.8,42.44,33.08,,,,,85.0000459,0.0
294818,Carrot Basin,MT,44.96,-111.29,2743.2,20170323,21.38,44.06,29.48,,,,,85.0000459,0.0
294819,Carrot Basin,MT,44.96,-111.29,2743.2,20170324,19.76,40.46,29.66,,,,,85.0000459,0.20078751
294820,Carrot Basin,MT,44.96,-111.29,2743.2,20170325,23.18,39.38,29.84,,,,,87.99217349999999,0.29921276
294821,Carrot Basin,MT,44.96,-111.29,2743.2,20170326,24.26,35.96,27.5,,,,,90.00004859999999,0.29921276
294822,Carrot Basin,MT,44.96,-111.29,2743.2,20170327,24.44,41.54,29.66,,,,,92.9921762,0.40157502
294823,Carrot Basin,MT,44.96,-111.29,2743.2,20170328,15.62,43.16,27.68,,,,,90.00004859999999,0.0
294824,Carrot Basin,MT,44.96,-111.29,2743.2,20170329,22.64,32.9,28.04,,,,,94.0157988,0.40157502
294825,Carrot Basin,MT,44.96,-111.29,2743.2,20170330,29.12,41.36,32.72,,,,,95.98430379999999,0.50000027
294826,Carrot Basin,MT,44.96,-111.29,2743.2,20170331,22.46,39.2,29.66,,,,,94.0157988,0.09842525
294827,Carrot Basin,MT,44.96,-111.29,2743.2,20170401,20.84,47.84,33.44,,,,,92.9921762,0.0
294828,Carrot Basin,MT,44.96,-111.29,2743.2,20170402,12.38,44.06,28.94,,,,,94.0157988,0.09842525
294829,Carrot Basin,MT,44.96,-111.29,2743.2,20170403,7.52,36.14,18.32,,,,,92.9921762,0.0
294830,Carrot Basin,MT,44.96,-111.29,2743.2,20170404,4.28,38.3,21.56,,,,,92.9921762,0.0
294831,Carrot Basin,MT,44.96,-111.29,2743.2,20170405,18.14,42.98,29.48,,,,,92.0079237,0.09842525
294832,Carrot Basin,MT,44.96,-111.29,2743.2,20170406,26.78,48.56,36.86,,,,,90.00004859999999,0.0
294833,Carrot Basin,MT,44.96,-111.29,2743.2,20170407,28.22,40.1,34.7,,,,,92.9921762,0.40157502
294834,Carrot Basin,MT,44.96,-111.29,2743.2,20170408,23.36,35.24,29.3,,,,,97.0079264,0.79921303
294835,Carrot Basin,MT,44.96,-111.29,2743.2,20170409,11.84,32.9,21.92,,,,,97.99217890000001,0.09842525
294836,Carrot Basin,MT,44.96,-111.29,2743.2,20170410,12.38,32.18,22.46,,,,,99.0158015,0.20078751
294837,Carrot Basin,MT,44.96,-111.29,2743.2,20170411,14.0,40.46,27.86,,,,,97.99217890000001,0.29921276
294838,Carrot Basin,MT,44.96,-111.29,2743.2,20170412,27.86,45.14,35.6,,,,,95.98430379999999,0.09842525
294839,Carrot Basin,MT,44.96,-111.29,2743.2,20170413,27.32,50.36,39.74,,,,,97.99217890000001,0.29921276
294840,Carrot Basin,MT,44.96,-111.29,2743.2,20170414,18.14,33.98,25.34,,,,,107.0079318,1.00000054
294841,Carrot Basin,MT,44.96,-111.29,2743.2,20170415,10.22,37.22,23.54,,,,,102.0079291,0.0
294842,Carrot Basin,MT,44.96,-111.29,2743.2,20170416,16.88,46.76,32.36,,,,,99.0158015,0.0
294843,Carrot Basin,MT,44.96,-111.29,2743.2,20170417,25.52,41.9,33.26,,,,,100.000054,0.40157502
294844,Carrot Basin,MT,44.96,-111.29,2743.2,20170418,28.22,41.72,33.08,,,,,99.0158015,0.0
294845,Carrot Basin,MT,44.96,-111.29,2743.2,20170419,21.74,47.12,33.8,,,,,97.0079264,0.0
294846,Carrot Basin,MT,44.96,-111.29,2743.2,20170420,24.08,46.58,35.24,,,,,97.99217890000001,0.20078751
294847,Carrot Basin,MT,44.96,-111.29,2743.2,20170421,23.18,35.6,27.86,,,,,97.99217890000001,0.09842525
294848,Carrot Basin,MT,44.96,-111.29,2743.2,20170422,18.14,44.42,33.08,,,,,95.98430379999999,0.0
294849,Carrot Basin,MT,44.96,-111.29,2743.2,20170423,26.24,38.48,32.36,,,,,99.0158015,0.50000027
294850,Carrot Basin,MT,44.96,-111.29,2743.2,20170424,27.68,38.84,33.26,,,,,107.99218429999999,1.09842579
294851,Carrot Basin,MT,44.96,-111.29,2743.2,20170425,23.72,44.96,34.34,,,,,105.9843092,0.29921276
294852,Carrot Basin,MT,44.96,-111.29,2743.2,20170426,23.18,40.28,31.28,,,,,109.01580690000002,0.29921276
294853,Carrot Basin,MT,44.96,-111.29,2743.2,20170427,21.92,37.76,26.78,,,,,112.00793449999999,0.50000027
294854,Carrot Basin,MT,44.96,-111.29,2743.2,20170428,20.48,34.16,26.06,,,,,110.9843119,0.20078751
294855,Carrot Basin,MT,44.96,-111.29,2743.2,20170429,16.34,48.02,30.56,,,,,107.99218429999999,0.0
294856,Carrot Basin,MT,44.96,-111.29,2743.2,20170430,23.54,45.14,32.36,,,,,107.0079318,0.20078751
294857,Carrot Basin,MT,44.96,-111.29,2743.2,20170501,24.44,47.12,33.08,,,,,110.0000594,0.40157502
294858,Carrot Basin,MT,44.96,-111.29,2743.2,20170502,21.2,45.5,33.08,,,,,105.9843092,0.09842525
294859,Carrot Basin,MT,44.96,-111.29,2743.2,20170503,19.76,55.58,37.76,,,,,104.0158042,0.0
294860,Carrot Basin,MT,44.96,-111.29,2743.2,20170504,34.52,66.02,49.1,,,,,100.000054,0.0
294861,Carrot Basin,MT,44.96,-111.29,2743.2,20170505,35.6,63.5,50.9,,,,,97.0079264,0.0
294862,Carrot Basin,MT,44.96,-111.29,2743.2,20170506,39.56,63.86,48.2,,,,,95.0000513,0.0
294863,Carrot Basin,MT,44.96,-111.29,2743.2,20170507,33.26,52.88,43.16,,,,,92.9921762,0.0
294864,Carrot Basin,MT,44.96,-111.29,2743.2,20170508,30.38,56.84,40.64,,,,,90.00004859999999,0.0
294865,Carrot Basin,MT,44.96,-111.29,2743.2,20170509,32.9,53.96,39.74,,,,,90.00004859999999,0.0
294866,Carrot Basin,MT,44.96,-111.29,2743.2,20170510,32.9,60.8,46.58,,,,,87.007921,0.0
294867,Carrot Basin,MT,44.96,-111.29,2743.2,20170511,39.2,61.52,50.0,,,,,84.0157934,0.0
294868,Carrot Basin,MT,44.96,-111.29,2743.2,20170512,32.18,56.84,46.58,,,,,82.0079183,0.0
294869,Carrot Basin,MT,44.96,-111.29,2743.2,20170513,19.94,37.76,29.48,,,,,84.0157934,0.20078751
294870,Carrot Basin,MT,44.96,-111.29,2743.2,20170514,16.88,45.32,32.0,,,,,82.0079183,0.09842525
294871,Carrot Basin,MT,44.96,-111.29,2743.2,20170515,28.76,48.2,36.68,,,,,80.00004320000001,0.0
294872,Carrot Basin,MT,44.96,-111.29,2743.2,20170516,26.42,44.78,33.08,,,,,82.0079183,0.40157502
294873,Carrot Basin,MT,44.96,-111.29,2743.2,20170517,23.18,30.38,26.24,,,,,90.00004859999999,0.70078778
294874,Carrot Basin,MT,44.96,-111.29,2743.2,20170518,22.82,38.66,29.66,,,,,89.01579609999999,0.09842525
294875,Carrot Basin,MT,44.96,-111.29,2743.2,20170519,22.28,55.58,35.96,,,,,84.0157934,0.0
294876,Carrot Basin,MT,44.96,-111.29,2743.2,20170520,29.84,51.08,37.58,,,,,84.0157934,0.20078751
294877,Carrot Basin,MT,44.96,-111.29,2743.2,20170521,28.76,53.42,39.74,,,,,80.9842957,0.0
294878,Carrot Basin,MT,44.96,-111.29,2743.2,20170522,33.08,56.12,42.8,,,,,80.00004320000001,0.0
294879,Carrot Basin,MT,44.96,-111.29,2743.2,20170523,33.26,63.5,49.28,,,,,75.98429300000001,0.0
294880,Carrot Basin,MT,44.96,-111.29,2743.2,20170524,28.22,56.3,44.24,,,,,74.015788,0.0
294881,Carrot Basin,MT,44.96,-111.29,2743.2,20170525,20.3,41.9,32.54,,,,,72.9921654,0.0
294882,Carrot Basin,MT,44.96,-111.29,2743.2,20170526,27.86,43.7,35.06,,,,,72.9921654,0.0
294883,Carrot Basin,MT,44.96,-111.29,2743.2,20170527,30.02,53.42,41.36,,,,,70.9842903,0.0
294884,Carrot Basin,MT,44.96,-111.29,2743.2,20170528,35.24,61.52,46.22,,,,,69.0157853,0.0
294885,Carrot Basin,MT,44.96,-111.29,2743.2,20170529,35.06,62.78,47.66,,,,,65.9842876,0.0
294886,Carrot Basin,MT,44.96,-111.29,2743.2,20170530,41.9,63.32,50.0,,,,,62.007907499999995,0.0
294887,Carrot Basin,MT,44.96,-111.29,2743.2,20170531,40.64,66.56,52.7,,,,,59.0157799,0.0
294888,Carrot Basin,MT,44.96,-111.29,2743.2,20170601,41.54,56.66,48.92,,,,,57.0079048,0.0
294889,Carrot Basin,MT,44.96,-111.29,2743.2,20170602,38.66,60.62,47.48,,,,,54.0157772,0.0
294890,Carrot Basin,MT,44.96,-111.29,2743.2,20170603,38.66,64.94,51.44,,,,,50.000027,0.09842525
294891,Carrot Basin,MT,44.96,-111.29,2743.2,20170604,42.62,67.28,54.32,,,,,47.0078994,0.0
294892,Carrot Basin,MT,44.96,-111.29,2743.2,20170605,38.48,60.08,47.48,,,,,44.015771799999996,0.0
294893,Carrot Basin,MT,44.96,-111.29,2743.2,20170606,37.4,64.04,51.44,,,,,40.9842741,0.09842525
294894,Carrot Basin,MT,44.96,-111.29,2743.2,20170607,44.96,69.98,54.68,,,,,37.992146500000004,0.0
294895,Carrot Basin,MT,44.96,-111.29,2743.2,20170608,44.78,65.66,54.86,,,,,35.0000189,0.0
294896,Carrot Basin,MT,44.96,-111.29,2743.2,20170609,33.62,45.5,38.12,,,,,37.992146500000004,0.29921276
294897,Carrot Basin,MT,44.96,-111.29,2743.2,20170610,30.02,44.42,36.68,,,,,34.0157664,0.0
294898,Carrot Basin,MT,44.96,-111.29,2743.2,20170611,28.22,48.74,38.48,,,,,32.9921438,0.20078751
294899,Carrot Basin,MT,44.96,-111.29,2743.2,20170612,30.02,58.28,39.74,,,,,34.0157664,0.50000027
294900,Carrot Basin,MT,44.96,-111.29,2743.2,20170613,29.66,42.44,34.16,,,,,34.0157664,0.50000027
294901,Carrot Basin,MT,44.96,-111.29,2743.2,20170614,33.26,49.82,40.64,,,,,32.0078913,0.09842525
294902,Carrot Basin,MT,44.96,-111.29,2743.2,20170615,37.76,54.86,45.14,,,,,29.015763699999997,0.0
294903,Carrot Basin,MT,44.96,-111.29,2743.2,20170616,38.12,53.42,42.44,,,,,29.015763699999997,0.29921276
294904,Carrot Basin,MT,44.96,-111.29,2743.2,20170617,35.78,55.04,45.32,,,,,25.0000135,0.0
294905,Carrot Basin,MT,44.96,-111.29,2743.2,20170618,39.02,56.3,45.86,,,,,22.992138399999998,0.0
294906,Carrot Basin,MT,44.96,-111.29,2743.2,20170619,37.4,65.66,52.16,,,,,20.000010800000002,0.0
294907,Carrot Basin,MT,44.96,-111.29,2743.2,20170620,46.76,69.08,57.38,,,,,15.9842606,0.0
294908,Carrot Basin,MT,44.96,-111.29,2743.2,20170621,42.62,69.08,56.84,,,,,12.992133,0.0
294909,Carrot Basin,MT,44.96,-111.29,2743.2,20170622,31.46,57.38,44.96,,,,,7.9921303,0.0
294910,Carrot Basin,MT,44.96,-111.29,2743.2,20170623,30.38,58.64,44.42,,,,,2.9921276000000003,0.0
294911,Carrot Basin,MT,44.96,-111.29,2743.2,20170624,37.04,62.06,49.1,,,,,0.0,0.0
294912,Carrot Basin,MT,44.96,-111.29,2743.2,20170625,40.1,66.92,54.5,,,,,0.0,0.0
294913,Carrot Basin,MT,44.96,-111.29,2743.2,20170626,47.48,69.26,57.74,,,,,0.0,0.0
294914,Carrot Basin,MT,44.96,-111.29,2743.2,20170627,41.18,58.46,48.74,,,,,0.0,0.09842525
294915,Carrot Basin,MT,44.96,-111.29,2743.2,20170628,36.68,55.04,44.06,,,,,0.0,0.20078751
294916,Carrot Basin,MT,44.96,-111.29,2743.2,20170629,35.06,48.56,41.72,,,,,0.0,0.29921276
294917,Carrot Basin,MT,44.96,-111.29,2743.2,20170630,34.52,61.7,48.38,,,,,0.0,0.0
294918,Carrot Basin,MT,44.96,-111.29,2743.2,20170701,44.24,67.28,55.76,,,,,0.0,0.0
294919,Carrot Basin,MT,44.96,-111.29,2743.2,20170702,46.76,68.36,54.32,,,,,0.0,0.0
294920,Carrot Basin,MT,44.96,-111.29,2743.2,20170703,48.56,72.32,58.46,,,,,0.0,0.0
294921,Carrot Basin,MT,44.96,-111.29,2743.2,20170704,49.28,70.52,59.72,,,,,0.0,0.0
294922,Carrot Basin,MT,44.96,-111.29,2743.2,20170705,51.26,75.02,60.08,,,,,0.0,0.0
294923,Carrot Basin,MT,44.96,-111.29,2743.2,20170706,50.9,74.84,61.88,,,,,0.0,0.0
294924,Carrot Basin,MT,44.96,-111.29,2743.2,20170707,50.9,73.22,59.54,,,,,0.0,0.09842525
294925,Carrot Basin,MT,44.96,-111.29,2743.2,20170708,53.42,73.76,63.68,,,,,0.0,0.0
294926,Carrot Basin,MT,44.96,-111.29,2743.2,20170709,46.94,71.42,58.82,,,,,0.0,0.09842525
294927,Carrot Basin,MT,44.96,-111.29,2743.2,20170710,46.76,69.44,57.56,,,,,0.0,0.0
294928,Carrot Basin,MT,44.96,-111.29,2743.2,20170711,47.12,67.1,55.58,,,,,0.0,0.0
294929,Carrot Basin,MT,44.96,-111.29,2743.2,20170712,46.58,70.34,57.74,,,,,0.0,0.0
294930,Carrot Basin,MT,44.96,-111.29,2743.2,20170713,50.36,74.66,62.06,,,,,0.0,0.0
294931,Carrot Basin,MT,44.96,-111.29,2743.2,20170714,53.96,76.1,63.68,,,,,0.0,0.0
294932,Carrot Basin,MT,44.96,-111.29,2743.2,20170715,50.54,75.38,60.98,,,,,0.0,0.20078751
294933,Carrot Basin,MT,44.96,-111.29,2743.2,20170716,49.64,70.34,56.12,,,,,0.0,0.20078751
294934,Carrot Basin,MT,44.96,-111.29,2743.2,20170717,46.22,69.44,55.94,,,,,0.0,0.09842525
294935,Carrot Basin,MT,44.96,-111.29,2743.2,20170718,45.68,68.72,58.46,,,,,0.0,0.0
294936,Carrot Basin,MT,44.96,-111.29,2743.2,20170719,48.38,72.86,61.7,,,,,0.0,0.09842525
294937,Carrot Basin,MT,44.96,-111.29,2743.2,20170720,49.46,71.6,59.72,,,,,0.0,0.20078751
294938,Carrot Basin,MT,44.96,-111.29,2743.2,20170721,44.96,68.54,56.84,,,,,0.0,0.0
294939,Carrot Basin,MT,44.96,-111.29,2743.2,20170722,44.96,71.96,58.46,,,,,0.0,0.0
294940,Carrot Basin,MT,44.96,-111.29,2743.2,20170723,50.54,72.32,60.8,,,,,0.0,0.0
294941,Carrot Basin,MT,44.96,-111.29,2743.2,20170724,51.08,71.78,59.0,,,,,0.0,0.0
294942,Carrot Basin,MT,44.96,-111.29,2743.2,20170725,48.56,60.08,53.6,,,,,0.0,0.09842525
294943,Carrot Basin,MT,44.96,-111.29,2743.2,20170726,45.68,68.0,54.14,,,,,0.0,0.0
294944,Carrot Basin,MT,44.96,-111.29,2743.2,20170727,44.42,65.66,51.62,,,,,0.0,0.09842525
294945,Carrot Basin,MT,44.96,-111.29,2743.2,20170728,45.5,63.5,53.78,,,,,0.0,0.0
294946,Carrot Basin,MT,44.96,-111.29,2743.2,20170729,47.66,68.9,56.66,,,,,0.0,0.0
294947,Carrot Basin,MT,44.96,-111.29,2743.2,20170730,50.54,70.7,58.46,,,,,0.0,0.0
294948,Carrot Basin,MT,44.96,-111.29,2743.2,20170731,50.72,73.58,61.34,,,,,0.0,0.0
294949,Carrot Basin,MT,44.96,-111.29,2743.2,20170801,47.12,74.3,60.44,,,,,0.0,0.0
294950,Carrot Basin,MT,44.96,-111.29,2743.2,20170802,45.14,69.26,55.22,,,,,0.0,0.0
294951,Carrot Basin,MT,44.96,-111.29,2743.2,20170803,43.7,70.34,57.2,,,,,0.0,0.0
294952,Carrot Basin,MT,44.96,-111.29,2743.2,20170804,49.64,72.14,60.44,,,,,0.0,0.0
294953,Carrot Basin,MT,44.96,-111.29,2743.2,20170805,41.72,65.48,53.06,,,,,0.0,0.0
294954,Carrot Basin,MT,44.96,-111.29,2743.2,20170806,41.18,62.6,50.0,,,,,0.0,0.0
294955,Carrot Basin,MT,44.96,-111.29,2743.2,20170807,40.64,67.28,53.42,,,,,0.0,0.0
294956,Carrot Basin,MT,44.96,-111.29,2743.2,20170808,45.86,64.76,52.7,,,,,0.0,0.0
294957,Carrot Basin,MT,44.96,-111.29,2743.2,20170809,43.52,62.78,50.36,,,,,0.0,0.0
294958,Carrot Basin,MT,44.96,-111.29,2743.2,20170810,41.0,66.74,53.6,,,,,0.0,0.0
294959,Carrot Basin,MT,44.96,-111.29,2743.2,20170811,44.96,67.64,53.78,,,,,0.0,0.0
294960,Carrot Basin,MT,44.96,-111.29,2743.2,20170812,45.14,67.82,56.12,,,,,0.0,0.09842525
294961,Carrot Basin,MT,44.96,-111.29,2743.2,20170813,44.6,63.32,50.18,,,,,0.0,0.09842525
294962,Carrot Basin,MT,44.96,-111.29,2743.2,20170814,40.82,55.04,45.68,,,,,0.0,0.29921276
294963,Carrot Basin,MT,44.96,-111.29,2743.2,20170815,37.58,61.88,48.56,,,,,0.0,0.0
294964,Carrot Basin,MT,44.96,-111.29,2743.2,20170816,42.8,63.5,51.44,,,,,0.0,0.0
294965,Carrot Basin,MT,44.96,-111.29,2743.2,20170817,43.34,64.58,54.32,,,,,0.0,0.0
294966,Carrot Basin,MT,44.96,-111.29,2743.2,20170818,47.3,68.54,56.66,,,,,0.0,0.09842525
294967,Carrot Basin,MT,44.96,-111.29,2743.2,20170819,43.52,66.56,55.22,,,,,0.0,0.0
294968,Carrot Basin,MT,44.96,-111.29,2743.2,20170820,42.8,65.12,53.42,,,,,0.0,0.0
294969,Carrot Basin,MT,44.96,-111.29,2743.2,20170821,42.44,66.2,53.42,,,,,0.0,0.09842525
294970,Carrot Basin,MT,44.96,-111.29,2743.2,20170822,46.58,71.78,58.64,,,,,0.0,0.09842525
294971,Carrot Basin,MT,44.96,-111.29,2743.2,20170823,50.18,69.08,57.74,,,,,0.0,0.0
294972,Carrot Basin,MT,44.96,-111.29,2743.2,20170824,43.88,65.66,51.8,,,,,0.0,0.0
294973,Carrot Basin,MT,44.96,-111.29,2743.2,20170825,42.8,62.24,50.0,,,,,0.0,0.0
294974,Carrot Basin,MT,44.96,-111.29,2743.2,20170826,45.5,69.08,56.66,,,,,0.0,0.50000027
294975,Carrot Basin,MT,44.96,-111.29,2743.2,20170827,49.82,72.68,60.62,,,,,0.0,0.0
294976,Carrot Basin,MT,44.96,-111.29,2743.2,20170828,53.42,70.52,61.34,,,,,0.0,0.0
294977,Carrot Basin,MT,44.96,-111.29,2743.2,20170829,52.7,72.86,60.26,,,,,0.0,0.0
294978,Carrot Basin,MT,44.96,-111.29,2743.2,20170830,50.0,71.06,58.28,,,,,0.0,0.0
294979,Carrot Basin,MT,44.96,-111.29,2743.2,20170831,49.1,66.38,56.12,,,,,0.0,0.0
294980,Carrot Basin,MT,44.96,-111.29,2743.2,20170901,44.78,69.44,56.66,,,,,0.0,0.0
294981,Carrot Basin,MT,44.96,-111.29,2743.2,20170902,51.62,74.66,61.88,,,,,0.0,0.0
294982,Carrot Basin,MT,44.96,-111.29,2743.2,20170903,55.04,77.36,64.4,,,,,0.0,0.0
294983,Carrot Basin,MT,44.96,-111.29,2743.2,20170904,41.18,67.28,55.04,,,,,0.0,0.0
294984,Carrot Basin,MT,44.96,-111.29,2743.2,20170905,40.46,70.7,54.32,,,,,0.0,0.0
294985,Carrot Basin,MT,44.96,-111.29,2743.2,20170906,46.58,71.24,57.2,,,,,0.0,0.0
294986,Carrot Basin,MT,44.96,-111.29,2743.2,20170907,50.18,70.7,58.64,,,,,0.0,0.0
294987,Carrot Basin,MT,44.96,-111.29,2743.2,20170908,48.2,69.44,56.48,,,,,0.0,0.0
294988,Carrot Basin,MT,44.96,-111.29,2743.2,20170909,46.58,66.92,55.22,,,,,0.0,0.0
294989,Carrot Basin,MT,44.96,-111.29,2743.2,20170910,47.48,67.46,55.04,,,,,0.0,0.0
294990,Carrot Basin,MT,44.96,-111.29,2743.2,20170911,47.3,71.06,58.1,,,,,0.0,0.09842525
294991,Carrot Basin,MT,44.96,-111.29,2743.2,20170912,50.0,71.06,58.64,,,,,0.0,0.0
294992,Carrot Basin,MT,44.96,-111.29,2743.2,20170913,42.98,62.96,51.08,,,,,0.0,0.0
294993,Carrot Basin,MT,44.96,-111.29,2743.2,20170914,34.88,57.38,43.7,,,,,0.0,0.20078751
294994,Carrot Basin,MT,44.96,-111.29,2743.2,20170915,27.68,35.06,31.46,,,,,5.0000027000000005,0.50000027
294995,Carrot Basin,MT,44.96,-111.29,2743.2,20170916,25.52,37.76,29.66,,,,,4.0157502,0.09842525
294996,Carrot Basin,MT,44.96,-111.29,2743.2,20170917,24.8,45.5,35.06,,,,,0.9842525,0.09842525
294997,Carrot Basin,MT,44.96,-111.29,2743.2,20170918,33.26,42.44,37.76,,,,,5.0000027000000005,0.50000027
294998,Carrot Basin,MT,44.96,-111.29,2743.2,20170919,26.06,37.76,30.56,,,,,7.007877799999999,0.59842552
294999,Carrot Basin,MT,44.96,-111.29,2743.2,20170920,24.8,36.5,30.92,,,,,7.9921303,0.40157502
295000,Carrot Basin,MT,44.96,-111.29,2743.2,20170921,27.5,39.74,31.82,,,,,10.9842579,0.79921303
295001,Whiskey Creek,MT,44.61,-111.15,2072.6,20170101,-4.54,17.24,7.7,,,,,35.9842714,0.09842525
295002,Whiskey Creek,MT,44.61,-111.15,2072.6,20170102,-14.98,8.42,-1.84,,,,,35.0000189,0.0
295003,Whiskey Creek,MT,44.61,-111.15,2072.6,20170103,-7.78,11.48,0.32,,,,,34.0157664,0.0
295004,Whiskey Creek,MT,44.61,-111.15,2072.6,20170104,-22.9,10.58,-1.48,,,,,32.9921438,0.0
295005,Whiskey Creek,MT,44.61,-111.15,2072.6,20170105,-40.9,4.82,-20.56,,,,,32.0078913,0.0
295006,Whiskey Creek,MT,44.61,-111.15,2072.6,20170106,-25.78,9.32,-9.58,,,,,30.984268699999998,0.0
295007,Whiskey Creek,MT,44.61,-111.15,2072.6,20170107,-35.5,17.24,-7.78,,,,,32.0078913,0.09842525
295008,Whiskey Creek,MT,44.61,-111.15,2072.6,20170108,17.06,30.02,24.08,,,,,37.992146500000004,0.59842552
295009,Whiskey Creek,MT,44.61,-111.15,2072.6,20170109,20.84,33.44,29.3,,,,,40.000021600000004,0.50000027
295010,Whiskey Creek,MT,44.61,-111.15,2072.6,20170110,20.12,28.22,23.36,,,,,42.0078967,0.29921276
295011,Whiskey Creek,MT,44.61,-111.15,2072.6,20170111,20.3,31.46,26.78,,,,,47.0078994,0.50000027
295012,Whiskey Creek,MT,44.61,-111.15,2072.6,20170112,-13.36,23.36,13.82,,,,,47.992151899999996,0.09842525
295013,Whiskey Creek,MT,44.61,-111.15,2072.6,20170113,-20.2,14.54,-4.36,,,,,45.984276799999996,0.0
295014,Whiskey Creek,MT,44.61,-111.15,2072.6,20170114,-30.46,14.18,-11.2,,,,,44.015771799999996,0.0
295015,Whiskey Creek,MT,44.61,-111.15,2072.6,20170115,-27.22,15.98,-8.32,,,,,42.0078967,0.0
295016,Whiskey Creek,MT,44.61,-111.15,2072.6,20170116,-25.42,17.78,-5.62,,,,,40.9842741,0.0
295017,Whiskey Creek,MT,44.61,-111.15,2072.6,20170117,-14.8,22.82,1.22,,,,,40.000021600000004,0.0
295018,Whiskey Creek,MT,44.61,-111.15,2072.6,20170118,-12.28,29.3,8.24,,,,,39.0157691,0.09842525
295019,Whiskey Creek,MT,44.61,-111.15,2072.6,20170119,15.08,30.56,24.8,,,,,40.9842741,0.20078751
295020,Whiskey Creek,MT,44.61,-111.15,2072.6,20170120,17.24,30.2,25.16,,,,,40.000021600000004,0.0
295021,Whiskey Creek,MT,44.61,-111.15,2072.6,20170121,17.06,30.74,23.0,,,,,40.9842741,0.09842525
295022,Whiskey Creek,MT,44.61,-111.15,2072.6,20170122,22.82,31.28,25.34,,,,,42.9921492,0.0
295023,Whiskey Creek,MT,44.61,-111.15,2072.6,20170123,20.12,32.18,24.44,,,,,44.015771799999996,0.09842525
295024,Whiskey Creek,MT,44.61,-111.15,2072.6,20170124,-5.62,26.42,14.72,,,,,44.015771799999996,0.0
295025,Whiskey Creek,MT,44.61,-111.15,2072.6,20170125,-6.16,21.92,9.14,,,,,42.9921492,0.09842525
295026,Whiskey Creek,MT,44.61,-111.15,2072.6,20170126,9.86,21.2,14.72,,,,,40.9842741,0.0
295027,Whiskey Creek,MT,44.61,-111.15,2072.6,20170127,7.34,18.5,11.12,,,,,40.000021600000004,0.0
295028,Whiskey Creek,MT,44.61,-111.15,2072.6,20170128,4.82,19.22,12.38,,,,,39.0157691,0.0
295029,Whiskey Creek,MT,44.61,-111.15,2072.6,20170129,1.4,28.76,14.18,,,,,39.0157691,0.09842525
295030,Whiskey Creek,MT,44.61,-111.15,2072.6,20170130,3.56,27.5,19.04,,,,,40.000021600000004,0.09842525
295031,Whiskey Creek,MT,44.61,-111.15,2072.6,20170131,19.94,24.98,21.38,,,,,40.9842741,0.0
295032,Whiskey Creek,MT,44.61,-111.15,2072.6,20170201,8.78,22.28,15.44,,,,,40.000021600000004,0.0
295033,Whiskey Creek,MT,44.61,-111.15,2072.6,20170202,-25.06,16.7,2.84,,,,,40.9842741,0.09842525
295034,Whiskey Creek,MT,44.61,-111.15,2072.6,20170203,-24.88,29.48,10.22,,,,,45.00002429999999,0.40157502
295035,Whiskey Creek,MT,44.61,-111.15,2072.6,20170204,29.3,31.82,30.56,,,,,45.984276799999996,0.40157502
295036,Whiskey Creek,MT,44.61,-111.15,2072.6,20170205,30.56,33.26,31.64,,,,,45.984276799999996,0.29921276
295037,Whiskey Creek,MT,44.61,-111.15,2072.6,20170206,28.76,33.8,31.64,,,,,49.0157745,0.29921276
295038,Whiskey Creek,MT,44.61,-111.15,2072.6,20170207,25.88,29.66,27.32,,,,,50.9842795,0.29921276
295039,Whiskey Creek,MT,44.61,-111.15,2072.6,20170208,24.44,31.82,28.4,,,,,49.0157745,0.09842525
295040,Whiskey Creek,MT,44.61,-111.15,2072.6,20170209,31.28,38.66,36.14,,,,,47.0078994,0.90157529
295041,Whiskey Creek,MT,44.61,-111.15,2072.6,20170210,30.92,38.48,33.62,,,,,47.0078994,0.40157502
295042,Whiskey Creek,MT,44.61,-111.15,2072.6,20170211,11.84,31.28,24.8,,,,,45.00002429999999,0.0
295043,Whiskey Creek,MT,44.61,-111.15,2072.6,20170212,9.32,33.8,19.04,,,,,45.00002429999999,0.0
295044,Whiskey Creek,MT,44.61,-111.15,2072.6,20170213,-5.44,36.32,15.26,,,,,45.00002429999999,0.0
295045,Whiskey Creek,MT,44.61,-111.15,2072.6,20170214,-2.74,40.46,17.96,,,,,45.984276799999996,0.09842525
295046,Whiskey Creek,MT,44.61,-111.15,2072.6,20170215,-1.12,41.72,21.2,,,,,45.00002429999999,0.09842525
295047,Whiskey Creek,MT,44.61,-111.15,2072.6,20170216,16.88,43.7,30.02,,,,,45.984276799999996,0.09842525
295048,Whiskey Creek,MT,44.61,-111.15,2072.6,20170217,27.32,41.18,32.54,,,,,45.00002429999999,0.0
295049,Whiskey Creek,MT,44.61,-111.15,2072.6,20170218,31.28,39.02,34.52,,,,,45.984276799999996,0.09842525
295050,Whiskey Creek,MT,44.61,-111.15,2072.6,20170219,28.22,34.7,32.18,,,,,47.992151899999996,0.40157502
295051,Whiskey Creek,MT,44.61,-111.15,2072.6,20170220,28.22,34.7,32.36,,,,,50.000027,0.50000027
295052,Whiskey Creek,MT,44.61,-111.15,2072.6,20170221,28.22,36.86,32.9,,,,,52.9921546,0.59842552
295053,Whiskey Creek,MT,44.61,-111.15,2072.6,20170222,9.68,32.36,24.62,,,,,50.9842795,0.0
295054,Whiskey Creek,MT,44.61,-111.15,2072.6,20170223,9.14,30.2,20.48,,,,,50.000027,0.0
295055,Whiskey Creek,MT,44.61,-111.15,2072.6,20170224,13.82,22.82,16.88,,,,,50.9842795,0.0
295056,Whiskey Creek,MT,44.61,-111.15,2072.6,20170225,9.32,18.5,13.28,,,,,50.9842795,0.0
295057,Whiskey Creek,MT,44.61,-111.15,2072.6,20170226,10.94,20.12,15.8,,,,,52.0079021,0.09842525
295058,Whiskey Creek,MT,44.61,-111.15,2072.6,20170227,8.78,24.44,17.24,,,,,55.0000297,0.29921276
295059,Whiskey Creek,MT,44.61,-111.15,2072.6,20170228,9.68,19.4,15.62,,,,,55.9842822,0.20078751
295060,Whiskey Creek,MT,44.61,-111.15,2072.6,20170301,6.8,23.0,17.42,,,,,54.0157772,0.09842525
295061,Whiskey Creek,MT,44.61,-111.15,2072.6,20170302,20.3,29.84,24.44,,,,,52.9921546,0.0
295062,Whiskey Creek,MT,44.61,-111.15,2072.6,20170303,23.0,39.02,29.3,,,,,54.0157772,0.09842525
295063,Whiskey Creek,MT,44.61,-111.15,2072.6,20170304,19.4,38.66,30.38,,,,,54.0157772,0.0
295064,Whiskey Creek,MT,44.61,-111.15,2072.6,20170305,16.16,37.4,27.86,,,,,57.992157299999995,0.09842525
295065,Whiskey Creek,MT,44.61,-111.15,2072.6,20170306,16.7,25.7,19.4,,,,,59.0157799,0.09842525
295066,Whiskey Creek,MT,44.61,-111.15,2072.6,20170307,5.72,28.4,20.66,,,,,60.98428489999999,0.40157502
295067,Whiskey Creek,MT,44.61,-111.15,2072.6,20170308,26.78,34.34,31.64,,,,,59.0157799,0.29921276
295068,Whiskey Creek,MT,44.61,-111.15,2072.6,20170309,32.36,38.48,35.06,,,,,55.9842822,0.20078751
295069,Whiskey Creek,MT,44.61,-111.15,2072.6,20170310,33.8,39.74,36.32,,,,,52.9921546,0.20078751
295070,Whiskey Creek,MT,44.61,-111.15,2072.6,20170311,29.84,43.16,35.6,,,,,52.9921546,0.0
295071,Whiskey Creek,MT,44.61,-111.15,2072.6,20170312,27.68,42.62,33.8,,,,,52.0079021,0.09842525
295072,Whiskey Creek,MT,44.61,-111.15,2072.6,20170313,31.46,45.5,37.4,,,,,52.0079021,0.0
295073,Whiskey Creek,MT,44.61,-111.15,2072.6,20170314,32.9,50.0,41.54,,,,,49.0157745,0.0
295074,Whiskey Creek,MT,44.61,-111.15,2072.6,20170315,31.46,53.96,42.98,,,,,47.992151899999996,0.0
295075,Whiskey Creek,MT,44.61,-111.15,2072.6,20170316,27.86,44.78,38.12,,,,,49.0157745,0.09842525
295076,Whiskey Creek,MT,44.61,-111.15,2072.6,20170317,26.42,48.74,37.04,,,,,47.0078994,0.0
295077,Whiskey Creek,MT,44.61,-111.15,2072.6,20170318,25.7,57.02,41.9,,,,,45.984276799999996,0.0
295078,Whiskey Creek,MT,44.61,-111.15,2072.6,20170319,35.24,43.7,39.02,,,,,44.015771799999996,0.09842525
295079,Whiskey Creek,MT,44.61,-111.15,2072.6,20170320,33.26,45.86,37.76,,,,,42.9921492,0.40157502
295080,Whiskey Creek,MT,44.61,-111.15,2072.6,20170321,31.64,53.6,38.3,,,,,42.0078967,0.09842525
295081,Whiskey Creek,MT,44.61,-111.15,2072.6,20170322,28.76,47.12,38.12,,,,,40.000021600000004,0.29921276
295082,Whiskey Creek,MT,44.61,-111.15,2072.6,20170323,23.18,46.76,33.8,,,,,40.000021600000004,0.0
295083,Whiskey Creek,MT,44.61,-111.15,2072.6,20170324,22.82,46.04,35.42,,,,,39.0157691,0.0
295084,Whiskey Creek,MT,44.61,-111.15,2072.6,20170325,30.2,39.56,34.34,,,,,37.992146500000004,0.09842525
295085,Whiskey Creek,MT,44.61,-111.15,2072.6,20170326,25.7,42.98,34.34,,,,,40.000021600000004,0.09842525
295086,Whiskey Creek,MT,44.61,-111.15,2072.6,20170327,31.82,42.98,35.6,,,,,40.9842741,0.20078751
295087,Whiskey Creek,MT,44.61,-111.15,2072.6,20170328,25.52,44.24,34.34,,,,,39.0157691,0.20078751
295088,Whiskey Creek,MT,44.61,-111.15,2072.6,20170329,30.56,39.56,34.52,,,,,40.000021600000004,0.0
295089,Whiskey Creek,MT,44.61,-111.15,2072.6,20170330,32.9,44.78,36.68,,,,,37.992146500000004,0.20078751
295090,Whiskey Creek,MT,44.61,-111.15,2072.6,20170331,26.24,48.74,38.12,,,,,39.0157691,0.09842525
295091,Whiskey Creek,MT,44.61,-111.15,2072.6,20170401,19.22,48.56,36.68,,,,,37.007894,0.0
295092,Whiskey Creek,MT,44.61,-111.15,2072.6,20170402,22.28,44.24,35.06,,,,,37.992146500000004,0.20078751
295093,Whiskey Creek,MT,44.61,-111.15,2072.6,20170403,11.3,35.78,24.98,,,,,37.992146500000004,0.0
295094,Whiskey Creek,MT,44.61,-111.15,2072.6,20170404,9.14,41.72,27.86,,,,,37.007894,0.20078751
295095,Whiskey Creek,MT,44.61,-111.15,2072.6,20170405,26.24,44.24,34.7,,,,,37.007894,0.0
295096,Whiskey Creek,MT,44.61,-111.15,2072.6,20170406,23.54,54.86,40.28,,,,,35.9842714,0.09842525
295097,Whiskey Creek,MT,44.61,-111.15,2072.6,20170407,31.82,51.08,38.84,,,,,35.9842714,0.09842525
295098,Whiskey Creek,MT,44.61,-111.15,2072.6,20170408,31.1,42.26,34.34,,,,,37.007894,0.20078751
295099,Whiskey Creek,MT,44.61,-111.15,2072.6,20170409,20.12,38.3,29.66,,,,,35.9842714,0.20078751
295100,Whiskey Creek,MT,44.61,-111.15,2072.6,20170410,18.14,39.74,29.84,,,,,34.0157664,0.0
295101,Whiskey Creek,MT,44.61,-111.15,2072.6,20170411,20.48,46.58,34.52,,,,,35.0000189,0.20078751
295102,Whiskey Creek,MT,44.61,-111.15,2072.6,20170412,28.22,54.14,39.74,,,,,35.0000189,0.09842525
295103,Whiskey Creek,MT,44.61,-111.15,2072.6,20170413,26.6,59.36,41.54,,,,,32.0078913,0.09842525
295104,Whiskey Creek,MT,44.61,-111.15,2072.6,20170414,26.24,38.12,31.82,,,,,32.9921438,0.09842525
295105,Whiskey Creek,MT,44.61,-111.15,2072.6,20170415,22.64,41.0,30.74,,,,,34.0157664,0.20078751
295106,Whiskey Creek,MT,44.61,-111.15,2072.6,20170416,15.98,51.26,35.6,,,,,32.9921438,0.09842525
295107,Whiskey Creek,MT,44.61,-111.15,2072.6,20170417,30.92,48.38,39.02,,,,,34.0157664,0.0
295108,Whiskey Creek,MT,44.61,-111.15,2072.6,20170418,34.34,43.88,38.12,,,,,32.0078913,0.0
295109,Whiskey Creek,MT,44.61,-111.15,2072.6,20170419,27.86,48.92,37.94,,,,,30.984268699999998,0.09842525
295110,Whiskey Creek,MT,44.61,-111.15,2072.6,20170420,21.92,46.76,34.16,,,,,30.0000162,0.0
295111,Whiskey Creek,MT,44.61,-111.15,2072.6,20170421,23.72,42.62,34.16,,,,,30.0000162,0.0
295112,Whiskey Creek,MT,44.61,-111.15,2072.6,20170422,19.4,49.46,35.78,,,,,29.015763699999997,0.09842525
295113,Whiskey Creek,MT,44.61,-111.15,2072.6,20170423,29.3,47.12,36.32,,,,,30.984268699999998,0.20078751
295114,Whiskey Creek,MT,44.61,-111.15,2072.6,20170424,31.28,39.74,34.7,,,,,32.9921438,0.50000027
295115,Whiskey Creek,MT,44.61,-111.15,2072.6,20170425,31.64,46.4,37.4,,,,,30.984268699999998,0.40157502
295116,Whiskey Creek,MT,44.61,-111.15,2072.6,20170426,30.02,44.24,34.88,,,,,32.0078913,0.20078751
295117,Whiskey Creek,MT,44.61,-111.15,2072.6,20170427,29.48,40.82,34.16,,,,,34.0157664,0.29921276
295118,Whiskey Creek,MT,44.61,-111.15,2072.6,20170428,26.06,42.26,33.8,,,,,32.9921438,0.0
295119,Whiskey Creek,MT,44.61,-111.15,2072.6,20170429,19.4,50.72,35.6,,,,,30.984268699999998,0.09842525
295120,Whiskey Creek,MT,44.61,-111.15,2072.6,20170430,30.02,49.1,37.94,,,,,30.0000162,0.0
295121,Whiskey Creek,MT,44.61,-111.15,2072.6,20170501,26.06,51.26,38.12,,,,,30.984268699999998,0.09842525
295122,Whiskey Creek,MT,44.61,-111.15,2072.6,20170502,27.68,51.26,40.46,,,,,29.015763699999997,0.0
295123,Whiskey Creek,MT,44.61,-111.15,2072.6,20170503,21.92,58.64,41.72,,,,,27.9921411,0.0
295124,Whiskey Creek,MT,44.61,-111.15,2072.6,20170504,28.58,67.1,45.86,,,,,27.0078886,0.09842525
295125,Whiskey Creek,MT,44.61,-111.15,2072.6,20170505,27.68,70.34,47.48,,,,,25.0000135,0.0
295126,Whiskey Creek,MT,44.61,-111.15,2072.6,20170506,31.28,68.54,45.5,,,,,24.015760999999998,0.0
295127,Whiskey Creek,MT,44.61,-111.15,2072.6,20170507,33.08,56.66,43.52,,,,,20.9842633,0.0
295128,Whiskey Creek,MT,44.61,-111.15,2072.6,20170508,32.18,60.08,44.96,,,,,20.000010800000002,0.0
295129,Whiskey Creek,MT,44.61,-111.15,2072.6,20170509,28.94,59.36,40.28,,,,,19.0157583,0.0
295130,Whiskey Creek,MT,44.61,-111.15,2072.6,20170510,25.88,66.92,45.14,,,,,17.9921357,0.0
295131,Whiskey Creek,MT,44.61,-111.15,2072.6,20170511,29.12,68.9,48.2,,,,,15.9842606,0.0
295132,Whiskey Creek,MT,44.61,-111.15,2072.6,20170512,30.02,69.26,49.64,,,,,14.015755599999999,0.0
295133,Whiskey Creek,MT,44.61,-111.15,2072.6,20170513,27.32,41.18,34.52,,,,,10.9842579,0.0
295134,Whiskey Creek,MT,44.61,-111.15,2072.6,20170514,28.04,51.62,38.48,,,,,12.007880499999999,0.09842525
295135,Whiskey Creek,MT,44.61,-111.15,2072.6,20170515,28.94,54.86,41.54,,,,,12.007880499999999,0.0
295136,Whiskey Creek,MT,44.61,-111.15,2072.6,20170516,25.34,51.62,38.12,,,,,10.000005400000001,0.09842525
295137,Whiskey Creek,MT,44.61,-111.15,2072.6,20170517,28.04,33.98,30.38,,,,,9.0157529,0.0
295138,Whiskey Creek,MT,44.61,-111.15,2072.6,20170518,26.6,43.88,34.88,,,,,12.007880499999999,0.20078751
295139,Whiskey Creek,MT,44.61,-111.15,2072.6,20170519,22.46,54.5,38.12,,,,,10.9842579,0.20078751
295140,Whiskey Creek,MT,44.61,-111.15,2072.6,20170520,29.48,56.3,40.46,,,,,10.000005400000001,0.0
295141,Whiskey Creek,MT,44.61,-111.15,2072.6,20170521,29.3,60.62,43.16,,,,,7.9921303,0.20078751
295142,Whiskey Creek,MT,44.61,-111.15,2072.6,20170522,29.3,62.06,44.96,,,,,5.0000027000000005,0.09842525
295143,Whiskey Creek,MT,44.61,-111.15,2072.6,20170523,28.22,68.36,50.54,,,,,2.9921276000000003,0.29921276
295144,Whiskey Creek,MT,44.61,-111.15,2072.6,20170524,28.04,65.3,50.72,,,,,0.0,0.20078751
295145,Whiskey Creek,MT,44.61,-111.15,2072.6,20170525,26.24,51.08,39.38,,,,,0.0,0.0
295146,Whiskey Creek,MT,44.61,-111.15,2072.6,20170526,33.8,46.04,39.92,,,,,0.0,0.0
295147,Whiskey Creek,MT,44.61,-111.15,2072.6,20170527,30.2,60.8,44.78,,,,,0.0,0.09842525
295148,Whiskey Creek,MT,44.61,-111.15,2072.6,20170528,28.76,67.28,48.38,,,,,0.0,0.29921276
295149,Whiskey Creek,MT,44.61,-111.15,2072.6,20170529,29.48,68.72,49.46,,,,,0.0,0.0
295150,Whiskey Creek,MT,44.61,-111.15,2072.6,20170530,32.36,70.88,51.62,,,,,0.0,0.20078751
295151,Whiskey Creek,MT,44.61,-111.15,2072.6,20170531,30.02,76.82,53.96,,,,,0.0,0.09842525
295152,Whiskey Creek,MT,44.61,-111.15,2072.6,20170601,36.5,71.24,54.32,,,,,0.0,0.0
295153,Whiskey Creek,MT,44.61,-111.15,2072.6,20170602,39.56,66.74,53.96,,,,,0.0,0.0
295154,Whiskey Creek,MT,44.61,-111.15,2072.6,20170603,31.82,72.5,53.96,,,,,0.0,0.09842525
295155,Whiskey Creek,MT,44.61,-111.15,2072.6,20170604,34.16,79.88,58.64,,,,,0.0,0.09842525
295156,Whiskey Creek,MT,44.61,-111.15,2072.6,20170605,37.22,68.72,54.86,,,,,0.0,0.0
295157,Whiskey Creek,MT,44.61,-111.15,2072.6,20170606,30.38,75.02,54.14,,,,,0.0,0.0
295158,Whiskey Creek,MT,44.61,-111.15,2072.6,20170607,38.84,80.96,60.08,,,,,0.0,0.0
295159,Whiskey Creek,MT,44.61,-111.15,2072.6,20170608,37.4,78.26,59.18,,,,,0.0,0.0
295160,Whiskey Creek,MT,44.61,-111.15,2072.6,20170609,36.5,53.96,45.68,,,,,0.9842525,0.50000027
295161,Whiskey Creek,MT,44.61,-111.15,2072.6,20170610,34.7,55.04,45.5,,,,,0.0,0.0
295162,Whiskey Creek,MT,44.61,-111.15,2072.6,20170611,30.92,55.04,43.7,,,,,0.0,0.0
295163,Whiskey Creek,MT,44.61,-111.15,2072.6,20170612,33.98,68.54,43.34,,,,,0.0,0.29921276
295164,Whiskey Creek,MT,44.61,-111.15,2072.6,20170613,33.8,43.7,37.94,,,,,0.0,0.50000027
295165,Whiskey Creek,MT,44.61,-111.15,2072.6,20170614,39.74,60.08,48.38,,,,,0.0,0.0
295166,Whiskey Creek,MT,44.61,-111.15,2072.6,20170615,39.74,61.34,52.34,,,,,0.0,0.09842525
295167,Whiskey Creek,MT,44.61,-111.15,2072.6,20170616,43.7,56.84,49.64,,,,,0.0,0.29921276
295168,Whiskey Creek,MT,44.61,-111.15,2072.6,20170617,41.18,63.32,51.62,,,,,0.0,0.0
295169,Whiskey Creek,MT,44.61,-111.15,2072.6,20170618,39.2,67.64,54.32,,,,,0.0,0.20078751
295170,Whiskey Creek,MT,44.61,-111.15,2072.6,20170619,32.9,74.3,55.58,,,,,0.0,0.0
295171,Whiskey Creek,MT,44.61,-111.15,2072.6,20170620,38.3,78.08,59.18,,,,,0.0,0.0
295172,Whiskey Creek,MT,44.61,-111.15,2072.6,20170621,39.74,76.64,58.82,,,,,0.0,0.0
295173,Whiskey Creek,MT,44.61,-111.15,2072.6,20170622,33.26,68.54,51.62,,,,,0.0,0.0
295174,Whiskey Creek,MT,44.61,-111.15,2072.6,20170623,28.58,67.82,48.56,,,,,0.0,0.0
295175,Whiskey Creek,MT,44.61,-111.15,2072.6,20170624,29.66,72.32,51.8,,,,,0.0,0.0
295176,Whiskey Creek,MT,44.61,-111.15,2072.6,20170625,30.74,77.36,55.04,,,,,0.0,0.0
295177,Whiskey Creek,MT,44.61,-111.15,2072.6,20170626,33.44,80.24,59.36,,,,,0.0,0.0
295178,Whiskey Creek,MT,44.61,-111.15,2072.6,20170627,41.0,64.76,51.98,,,,,0.0,0.09842525
295179,Whiskey Creek,MT,44.61,-111.15,2072.6,20170628,38.48,65.12,48.2,,,,,0.0,0.0
295180,Whiskey Creek,MT,44.61,-111.15,2072.6,20170629,32.36,59.72,44.6,,,,,0.0,0.0
295181,Whiskey Creek,MT,44.61,-111.15,2072.6,20170630,29.84,69.44,51.26,,,,,0.0,0.0
295182,Whiskey Creek,MT,44.61,-111.15,2072.6,20170701,33.08,76.64,55.76,,,,,0.0,0.0
295183,Whiskey Creek,MT,44.61,-111.15,2072.6,20170702,37.04,77.54,55.04,,,,,0.0,0.0
295184,Whiskey Creek,MT,44.61,-111.15,2072.6,20170703,36.86,79.88,59.36,,,,,0.0,0.0
295185,Whiskey Creek,MT,44.61,-111.15,2072.6,20170704,38.66,79.52,60.8,,,,,0.0,0.0
295186,Whiskey Creek,MT,44.61,-111.15,2072.6,20170705,39.56,85.82,62.42,,,,,0.0,0.0
295187,Whiskey Creek,MT,44.61,-111.15,2072.6,20170706,46.04,85.46,63.32,,,,,0.0,0.0
295188,Whiskey Creek,MT,44.61,-111.15,2072.6,20170707,43.52,84.2,58.82,,,,,0.0,0.0
295189,Whiskey Creek,MT,44.61,-111.15,2072.6,20170708,38.48,85.28,62.6,,,,,0.0,0.0
295190,Whiskey Creek,MT,44.61,-111.15,2072.6,20170709,43.88,78.98,61.16,,,,,0.0,0.0
295191,Whiskey Creek,MT,44.61,-111.15,2072.6,20170710,44.06,79.7,63.68,,,,,0.0,0.0
295192,Whiskey Creek,MT,44.61,-111.15,2072.6,20170711,41.18,77.18,59.18,,,,,0.0,0.0
295193,Whiskey Creek,MT,44.61,-111.15,2072.6,20170712,38.66,78.44,59.9,,,,,0.0,0.0
295194,Whiskey Creek,MT,44.61,-111.15,2072.6,20170713,37.22,83.84,63.14,,,,,0.0,0.0
295195,Whiskey Creek,MT,44.61,-111.15,2072.6,20170714,42.98,87.08,64.4,,,,,0.0,0.0
295196,Whiskey Creek,MT,44.61,-111.15,2072.6,20170715,44.24,84.92,65.48,,,,,0.0,0.0
295197,Whiskey Creek,MT,44.61,-111.15,2072.6,20170716,44.6,79.88,60.8,,,,,0.0,0.0
295198,Whiskey Creek,MT,44.61,-111.15,2072.6,20170717,37.58,79.88,59.18,,,,,0.0,0.0
295199,Whiskey Creek,MT,44.61,-111.15,2072.6,20170718,37.4,79.88,60.08,,,,,0.0,0.0
295200,Whiskey Creek,MT,44.61,-111.15,2072.6,20170719,45.32,81.86,62.78,,,,,0.0,0.0
295201,Whiskey Creek,MT,44.61,-111.15,2072.6,20170720,38.66,77.36,58.64,,,,,0.0,0.0
295202,Whiskey Creek,MT,44.61,-111.15,2072.6,20170721,39.38,78.26,59.36,,,,,0.0,0.0
295203,Whiskey Creek,MT,44.61,-111.15,2072.6,20170722,34.16,81.32,58.46,,,,,0.0,0.0
295204,Whiskey Creek,MT,44.61,-111.15,2072.6,20170723,35.78,80.42,59.9,,,,,0.0,0.0
295205,Whiskey Creek,MT,44.61,-111.15,2072.6,20170724,39.2,82.94,58.46,,,,,0.0,0.0
295206,Whiskey Creek,MT,44.61,-111.15,2072.6,20170725,40.82,72.14,53.42,,,,,0.0,0.0
295207,Whiskey Creek,MT,44.61,-111.15,2072.6,20170726,40.46,76.1,55.94,,,,,0.0,0.0
295208,Whiskey Creek,MT,44.61,-111.15,2072.6,20170727,41.18,72.14,54.14,,,,,0.0,0.20078751
295209,Whiskey Creek,MT,44.61,-111.15,2072.6,20170728,38.84,78.08,56.48,,,,,0.0,0.20078751
295210,Whiskey Creek,MT,44.61,-111.15,2072.6,20170729,37.76,77.18,56.84,,,,,0.0,0.0
295211,Whiskey Creek,MT,44.61,-111.15,2072.6,20170730,36.5,80.06,56.3,,,,,0.0,0.0
295212,Whiskey Creek,MT,44.61,-111.15,2072.6,20170731,36.32,83.84,59.72,,,,,0.0,0.0
295213,Whiskey Creek,MT,44.61,-111.15,2072.6,20170801,36.86,83.84,59.54,,,,,0.0,0.0
295214,Whiskey Creek,MT,44.61,-111.15,2072.6,20170802,35.06,79.52,57.56,,,,,0.0,0.0
295215,Whiskey Creek,MT,44.61,-111.15,2072.6,20170803,35.42,80.42,57.02,,,,,0.0,0.0
295216,Whiskey Creek,MT,44.61,-111.15,2072.6,20170804,35.78,81.14,60.44,,,,,0.0,0.0
295217,Whiskey Creek,MT,44.61,-111.15,2072.6,20170805,42.08,76.1,59.18,,,,,0.0,0.0
295218,Whiskey Creek,MT,44.61,-111.15,2072.6,20170806,36.32,73.76,54.32,,,,,0.0,0.0
295219,Whiskey Creek,MT,44.61,-111.15,2072.6,20170807,30.38,76.64,54.5,,,,,0.0,0.0
295220,Whiskey Creek,MT,44.61,-111.15,2072.6,20170808,42.8,71.6,53.42,,,,,0.0,0.0
295221,Whiskey Creek,MT,44.61,-111.15,2072.6,20170809,35.96,71.06,50.9,,,,,0.0,0.0
295222,Whiskey Creek,MT,44.61,-111.15,2072.6,20170810,31.1,81.32,55.4,,,,,0.0,0.29921276
295223,Whiskey Creek,MT,44.61,-111.15,2072.6,20170811,38.3,74.12,52.52,,,,,0.0,0.09842525
295224,Whiskey Creek,MT,44.61,-111.15,2072.6,20170812,33.26,73.58,52.7,,,,,0.0,0.0
295225,Whiskey Creek,MT,44.61,-111.15,2072.6,20170813,41.9,73.04,55.76,,,,,0.0,0.0
295226,Whiskey Creek,MT,44.61,-111.15,2072.6,20170814,41.54,63.32,50.72,,,,,0.0,0.50000027
295227,Whiskey Creek,MT,44.61,-111.15,2072.6,20170815,36.32,68.0,49.28,,,,,0.0,0.0
295228,Whiskey Creek,MT,44.61,-111.15,2072.6,20170816,30.74,71.6,52.52,,,,,0.0,0.0
295229,Whiskey Creek,MT,44.61,-111.15,2072.6,20170817,42.08,72.5,57.2,,,,,0.0,0.0
295230,Whiskey Creek,MT,44.61,-111.15,2072.6,20170818,33.8,75.02,56.66,,,,,0.0,0.0
295231,Whiskey Creek,MT,44.61,-111.15,2072.6,20170819,34.7,73.04,54.86,,,,,0.0,0.0
295232,Whiskey Creek,MT,44.61,-111.15,2072.6,20170820,32.36,73.22,53.96,,,,,0.0,0.0
295233,Whiskey Creek,MT,44.61,-111.15,2072.6,20170821,35.78,73.94,53.24,,,,,0.0,0.0
295234,Whiskey Creek,MT,44.61,-111.15,2072.6,20170822,31.28,77.72,55.4,,,,,0.0,0.0
295235,Whiskey Creek,MT,44.61,-111.15,2072.6,20170823,34.16,72.14,55.4,,,,,0.0,0.0
295236,Whiskey Creek,MT,44.61,-111.15,2072.6,20170824,41.36,73.76,55.22,,,,,0.0,0.0
295237,Whiskey Creek,MT,44.61,-111.15,2072.6,20170825,34.16,72.14,52.16,,,,,0.0,0.0
295238,Whiskey Creek,MT,44.61,-111.15,2072.6,20170826,32.18,78.08,54.68,,,,,0.0,0.0
295239,Whiskey Creek,MT,44.61,-111.15,2072.6,20170827,33.08,80.96,56.84,,,,,0.0,0.0
295240,Whiskey Creek,MT,44.61,-111.15,2072.6,20170828,33.26,80.96,55.76,,,,,0.0,0.0
295241,Whiskey Creek,MT,44.61,-111.15,2072.6,20170829,32.9,79.52,54.32,,,,,0.0,0.0
295242,Whiskey Creek,MT,44.61,-111.15,2072.6,20170830,40.46,78.98,57.56,,,,,0.0,0.0
295243,Whiskey Creek,MT,44.61,-111.15,2072.6,20170831,40.28,70.52,56.84,,,,,0.0,0.0
295244,Whiskey Creek,MT,44.61,-111.15,2072.6,20170901,38.12,76.28,57.02,,,,,0.0,0.0
295245,Whiskey Creek,MT,44.61,-111.15,2072.6,20170902,32.9,82.04,59.18,,,,,0.0,0.0
295246,Whiskey Creek,MT,44.61,-111.15,2072.6,20170903,36.68,84.74,60.98,,,,,0.0,0.0
295247,Whiskey Creek,MT,44.61,-111.15,2072.6,20170904,36.5,77.72,55.22,,,,,0.0,0.0
295248,Whiskey Creek,MT,44.61,-111.15,2072.6,20170905,29.66,76.64,51.44,,,,,0.0,0.09842525
295249,Whiskey Creek,MT,44.61,-111.15,2072.6,20170906,28.4,78.62,52.7,,,,,0.0,0.0
295250,Whiskey Creek,MT,44.61,-111.15,2072.6,20170907,31.82,77.9,53.96,,,,,0.0,0.0
295251,Whiskey Creek,MT,44.61,-111.15,2072.6,20170908,32.54,75.2,54.86,,,,,0.0,0.09842525
295252,Whiskey Creek,MT,44.61,-111.15,2072.6,20170909,36.32,73.4,55.4,,,,,0.0,0.0
295253,Whiskey Creek,MT,44.61,-111.15,2072.6,20170910,50.0,72.5,60.98,,,,,0.0,0.0
295254,Whiskey Creek,MT,44.61,-111.15,2072.6,20170911,37.76,76.82,58.28,,,,,0.0,0.0
295255,Whiskey Creek,MT,44.61,-111.15,2072.6,20170912,34.52,76.82,58.46,,,,,0.0,0.0
295256,Whiskey Creek,MT,44.61,-111.15,2072.6,20170913,44.6,72.14,57.2,,,,,0.0,0.0
295257,Whiskey Creek,MT,44.61,-111.15,2072.6,20170914,36.32,60.98,47.48,,,,,0.0,0.0
295258,Whiskey Creek,MT,44.61,-111.15,2072.6,20170915,32.9,43.52,36.86,,,,,0.0,0.79921303
295259,Whiskey Creek,MT,44.61,-111.15,2072.6,20170916,28.58,39.2,34.16,,,,,0.0,0.0
295260,Whiskey Creek,MT,44.61,-111.15,2072.6,20170917,24.26,54.32,37.58,,,,,0.0,0.20078751
295261,Whiskey Creek,MT,44.61,-111.15,2072.6,20170918,29.66,54.5,41.9,,,,,0.0,0.50000027
295262,Whiskey Creek,MT,44.61,-111.15,2072.6,20170919,32.54,41.36,34.34,,,,,2.0078751,0.50000027
295263,Whiskey Creek,MT,44.61,-111.15,2072.6,20170920,32.54,44.24,36.5,,,,,0.9842525,0.40157502
295264,Whiskey Creek,MT,44.61,-111.15,2072.6,20170921,33.62,40.1,35.6,,,,,0.0,0.70078778
295265,Madison Plateau,MT,44.59,-111.12,2362.2,20170101,-6.16,15.26,6.62,,,,,45.984276799999996,0.29921276
295266,Madison Plateau,MT,44.59,-111.12,2362.2,20170102,-9.04,9.14,-1.66,,,,,44.015771799999996,0.0
295267,Madison Plateau,MT,44.59,-111.12,2362.2,20170103,-5.26,13.28,3.56,,,,,42.9921492,0.0
295268,Madison Plateau,MT,44.59,-111.12,2362.2,20170104,-11.74,5.72,-0.76,,,,,42.0078967,0.0
295269,Madison Plateau,MT,44.59,-111.12,2362.2,20170105,-19.48,7.34,-7.78,,,,,40.9842741,0.0
295270,Madison Plateau,MT,44.59,-111.12,2362.2,20170106,-13.36,7.34,-1.84,,,,,40.9842741,0.0
295271,Madison Plateau,MT,44.59,-111.12,2362.2,20170107,-17.32,20.84,3.02,,,,,42.9921492,0.20078751
295272,Madison Plateau,MT,44.59,-111.12,2362.2,20170108,14.36,29.66,23.72,,,,,45.984276799999996,0.59842552
295273,Madison Plateau,MT,44.59,-111.12,2362.2,20170109,17.6,31.28,26.96,,,,,49.0157745,0.50000027
295274,Madison Plateau,MT,44.59,-111.12,2362.2,20170110,17.06,26.06,20.84,,,,,50.000027,0.29921276
295275,Madison Plateau,MT,44.59,-111.12,2362.2,20170111,17.24,27.68,24.26,,,,,59.0157799,0.79921303
295276,Madison Plateau,MT,44.59,-111.12,2362.2,20170112,0.5,21.38,14.18,,,,,60.0000324,0.09842525
295277,Madison Plateau,MT,44.59,-111.12,2362.2,20170113,-12.82,21.02,1.76,,,,,57.0079048,0.0
295278,Madison Plateau,MT,44.59,-111.12,2362.2,20170114,-10.12,25.7,3.74,,,,,55.0000297,0.0
295279,Madison Plateau,MT,44.59,-111.12,2362.2,20170115,-7.78,25.7,5.72,,,,,52.9921546,0.09842525
295280,Madison Plateau,MT,44.59,-111.12,2362.2,20170116,-2.74,26.96,8.78,,,,,52.0079021,0.09842525
295281,Madison Plateau,MT,44.59,-111.12,2362.2,20170117,0.68,28.76,11.48,,,,,50.9842795,0.0
295282,Madison Plateau,MT,44.59,-111.12,2362.2,20170118,5.72,28.4,17.6,,,,,50.000027,0.09842525
295283,Madison Plateau,MT,44.59,-111.12,2362.2,20170119,20.48,28.4,24.8,,,,,50.9842795,0.20078751
295284,Madison Plateau,MT,44.59,-111.12,2362.2,20170120,15.44,26.96,21.92,,,,,50.000027,0.0
295285,Madison Plateau,MT,44.59,-111.12,2362.2,20170121,15.62,26.24,21.02,,,,,50.000027,0.09842525
295286,Madison Plateau,MT,44.59,-111.12,2362.2,20170122,19.76,27.68,22.46,,,,,55.0000297,0.29921276
295287,Madison Plateau,MT,44.59,-111.12,2362.2,20170123,15.98,28.94,21.56,,,,,55.0000297,0.09842525
295288,Madison Plateau,MT,44.59,-111.12,2362.2,20170124,0.68,21.38,12.74,,,,,55.0000297,0.0
295289,Madison Plateau,MT,44.59,-111.12,2362.2,20170125,-0.22,19.22,9.32,,,,,54.0157772,0.0
295290,Madison Plateau,MT,44.59,-111.12,2362.2,20170126,4.1,18.14,11.48,,,,,52.0079021,0.0
295291,Madison Plateau,MT,44.59,-111.12,2362.2,20170127,2.48,15.08,7.16,,,,,52.0079021,0.0
295292,Madison Plateau,MT,44.59,-111.12,2362.2,20170128,3.02,18.86,8.6,,,,,50.000027,0.0
295293,Madison Plateau,MT,44.59,-111.12,2362.2,20170129,1.58,28.22,15.26,,,,,50.000027,0.09842525
295294,Madison Plateau,MT,44.59,-111.12,2362.2,20170130,17.06,25.7,20.84,,,,,50.000027,0.0
295295,Madison Plateau,MT,44.59,-111.12,2362.2,20170131,17.06,21.02,18.86,,,,,52.0079021,0.20078751
295296,Madison Plateau,MT,44.59,-111.12,2362.2,20170201,5.54,20.48,13.1,,,,,52.9921546,0.09842525
295297,Madison Plateau,MT,44.59,-111.12,2362.2,20170202,-11.38,18.14,4.28,,,,,54.0157772,0.09842525
295298,Madison Plateau,MT,44.59,-111.12,2362.2,20170203,-10.66,31.64,19.4,,,,,57.992157299999995,0.59842552
295299,Madison Plateau,MT,44.59,-111.12,2362.2,20170204,27.32,29.66,28.04,,,,,57.992157299999995,0.40157502
295300,Madison Plateau,MT,44.59,-111.12,2362.2,20170205,27.68,29.66,28.76,,,,,59.0157799,0.50000027
295301,Madison Plateau,MT,44.59,-111.12,2362.2,20170206,25.7,30.38,28.94,,,,,62.99216,0.59842552
295302,Madison Plateau,MT,44.59,-111.12,2362.2,20170207,22.46,26.6,24.62,,,,,64.0157826,0.29921276
295303,Madison Plateau,MT,44.59,-111.12,2362.2,20170208,21.38,30.02,25.7,,,,,62.99216,0.20078751
295304,Madison Plateau,MT,44.59,-111.12,2362.2,20170209,29.12,36.86,34.52,,,,,62.007907499999995,1.00000054
295305,Madison Plateau,MT,44.59,-111.12,2362.2,20170210,28.04,36.32,31.64,,,,,65.0000351,0.40157502
295306,Madison Plateau,MT,44.59,-111.12,2362.2,20170211,10.22,30.02,21.38,,,,,64.0157826,0.0
295307,Madison Plateau,MT,44.59,-111.12,2362.2,20170212,2.12,37.22,18.5,,,,,62.99216,0.0
295308,Madison Plateau,MT,44.59,-111.12,2362.2,20170213,4.82,40.28,20.66,,,,,62.007907499999995,0.09842525
295309,Madison Plateau,MT,44.59,-111.12,2362.2,20170214,9.5,46.76,25.7,,,,,60.98428489999999,0.09842525
295310,Madison Plateau,MT,44.59,-111.12,2362.2,20170215,19.4,43.16,29.12,,,,,60.98428489999999,0.0
295311,Madison Plateau,MT,44.59,-111.12,2362.2,20170216,24.8,43.34,31.82,,,,,60.98428489999999,0.20078751
295312,Madison Plateau,MT,44.59,-111.12,2362.2,20170217,25.34,42.98,30.92,,,,,60.0000324,0.0
295313,Madison Plateau,MT,44.59,-111.12,2362.2,20170218,30.74,35.96,32.72,,,,,65.0000351,0.40157502
295314,Madison Plateau,MT,44.59,-111.12,2362.2,20170219,25.34,33.62,29.84,,,,,69.0157853,0.59842552
295315,Madison Plateau,MT,44.59,-111.12,2362.2,20170220,24.44,33.26,30.38,,,,,72.9921654,0.70078778
295316,Madison Plateau,MT,44.59,-111.12,2362.2,20170221,24.26,34.7,30.02,,,,,74.015788,0.40157502
295317,Madison Plateau,MT,44.59,-111.12,2362.2,20170222,10.94,31.28,21.56,,,,,72.00791290000001,0.0
295318,Madison Plateau,MT,44.59,-111.12,2362.2,20170223,12.74,25.7,17.78,,,,,72.00791290000001,0.0
295319,Madison Plateau,MT,44.59,-111.12,2362.2,20170224,9.14,20.84,13.46,,,,,74.015788,0.09842525
295320,Madison Plateau,MT,44.59,-111.12,2362.2,20170225,5.18,17.24,9.68,,,,,72.9921654,0.0
295321,Madison Plateau,MT,44.59,-111.12,2362.2,20170226,7.7,18.32,12.56,,,,,77.00791559999999,0.40157502
295322,Madison Plateau,MT,44.59,-111.12,2362.2,20170227,8.06,22.64,14.9,,,,,79.0157907,0.20078751
295323,Madison Plateau,MT,44.59,-111.12,2362.2,20170228,8.06,17.24,12.38,,,,,80.00004320000001,0.20078751
295324,Madison Plateau,MT,44.59,-111.12,2362.2,20170301,7.7,19.4,14.72,,,,,77.00791559999999,0.09842525
295325,Madison Plateau,MT,44.59,-111.12,2362.2,20170302,17.06,28.94,21.38,,,,,75.0000405,0.0
295326,Madison Plateau,MT,44.59,-111.12,2362.2,20170303,20.48,39.2,27.68,,,,,72.9921654,0.09842525
295327,Madison Plateau,MT,44.59,-111.12,2362.2,20170304,23.72,38.3,30.92,,,,,72.00791290000001,0.0
295328,Madison Plateau,MT,44.59,-111.12,2362.2,20170305,18.5,35.06,27.32,,,,,77.9921681,0.29921276
295329,Madison Plateau,MT,44.59,-111.12,2362.2,20170306,13.1,24.8,15.98,,,,,79.0157907,0.29921276
295330,Madison Plateau,MT,44.59,-111.12,2362.2,20170307,4.46,24.98,17.6,,,,,82.9921708,0.40157502
295331,Madison Plateau,MT,44.59,-111.12,2362.2,20170308,24.08,30.92,28.58,,,,,80.00004320000001,0.29921276
295332,Madison Plateau,MT,44.59,-111.12,2362.2,20170309,29.48,34.16,32.36,,,,,79.0157907,0.20078751
295333,Madison Plateau,MT,44.59,-111.12,2362.2,20170310,31.28,37.22,34.34,,,,,77.00791559999999,0.20078751
295334,Madison Plateau,MT,44.59,-111.12,2362.2,20170311,26.78,43.88,33.08,,,,,75.98429300000001,0.0
295335,Madison Plateau,MT,44.59,-111.12,2362.2,20170312,24.26,39.56,30.92,,,,,74.015788,0.0
295336,Madison Plateau,MT,44.59,-111.12,2362.2,20170313,28.94,43.16,34.7,,,,,74.015788,0.09842525
295337,Madison Plateau,MT,44.59,-111.12,2362.2,20170314,34.7,48.02,39.92,,,,,72.9921654,0.0
295338,Madison Plateau,MT,44.59,-111.12,2362.2,20170315,30.74,54.86,42.08,,,,,70.9842903,0.0
295339,Madison Plateau,MT,44.59,-111.12,2362.2,20170316,29.66,46.22,35.78,,,,,70.0000378,0.0
295340,Madison Plateau,MT,44.59,-111.12,2362.2,20170317,28.94,48.02,38.48,,,,,69.0157853,0.09842525
295341,Madison Plateau,MT,44.59,-111.12,2362.2,20170318,29.84,57.74,43.52,,,,,67.00791020000001,0.29921276
295342,Madison Plateau,MT,44.59,-111.12,2362.2,20170319,33.98,42.62,37.22,,,,,67.00791020000001,0.29921276
295343,Madison Plateau,MT,44.59,-111.12,2362.2,20170320,32.36,44.96,36.5,,,,,65.9842876,0.20078751
295344,Madison Plateau,MT,44.59,-111.12,2362.2,20170321,30.38,54.68,39.56,,,,,65.0000351,0.20078751
295345,Madison Plateau,MT,44.59,-111.12,2362.2,20170322,28.76,48.92,36.68,,,,,64.0157826,0.0
295346,Madison Plateau,MT,44.59,-111.12,2362.2,20170323,25.7,45.5,33.44,,,,,64.0157826,0.0
295347,Madison Plateau,MT,44.59,-111.12,2362.2,20170324,24.26,46.58,33.98,,,,,64.0157826,0.20078751
295348,Madison Plateau,MT,44.59,-111.12,2362.2,20170325,27.68,38.3,32.36,,,,,65.0000351,0.09842525
295349,Madison Plateau,MT,44.59,-111.12,2362.2,20170326,23.18,41.72,31.46,,,,,65.9842876,0.29921276
295350,Madison Plateau,MT,44.59,-111.12,2362.2,20170327,28.94,40.46,33.08,,,,,67.00791020000001,0.20078751
295351,Madison Plateau,MT,44.59,-111.12,2362.2,20170328,23.54,45.32,32.0,,,,,65.9842876,0.0
295352,Madison Plateau,MT,44.59,-111.12,2362.2,20170329,27.68,37.22,32.18,,,,,67.9921627,0.20078751
295353,Madison Plateau,MT,44.59,-111.12,2362.2,20170330,31.64,43.34,35.24,,,,,67.9921627,0.29921276
295354,Madison Plateau,MT,44.59,-111.12,2362.2,20170331,27.5,47.3,36.32,,,,,65.9842876,0.0
295355,Madison Plateau,MT,44.59,-111.12,2362.2,20170401,22.82,48.92,36.5,,,,,65.0000351,0.0
295356,Madison Plateau,MT,44.59,-111.12,2362.2,20170402,19.04,45.5,32.54,,,,,67.9921627,0.29921276
295357,Madison Plateau,MT,44.59,-111.12,2362.2,20170403,11.66,36.68,22.82,,,,,67.9921627,0.0
295358,Madison Plateau,MT,44.59,-111.12,2362.2,20170404,11.48,42.26,26.24,,,,,67.00791020000001,0.09842525
295359,Madison Plateau,MT,44.59,-111.12,2362.2,20170405,22.1,44.96,32.9,,,,,65.9842876,0.0
295360,Madison Plateau,MT,44.59,-111.12,2362.2,20170406,27.14,55.94,41.54,,,,,64.0157826,0.0
295361,Madison Plateau,MT,44.59,-111.12,2362.2,20170407,32.18,49.28,39.38,,,,,65.9842876,0.50000027
295362,Madison Plateau,MT,44.59,-111.12,2362.2,20170408,28.4,41.0,32.0,,,,,67.00791020000001,0.29921276
295363,Madison Plateau,MT,44.59,-111.12,2362.2,20170409,19.58,36.32,26.6,,,,,67.9921627,0.20078751
295364,Madison Plateau,MT,44.59,-111.12,2362.2,20170410,17.6,37.4,27.5,,,,,67.9921627,0.20078751
295365,Madison Plateau,MT,44.59,-111.12,2362.2,20170411,22.1,46.58,33.08,,,,,67.00791020000001,0.09842525
295366,Madison Plateau,MT,44.59,-111.12,2362.2,20170412,31.82,53.96,40.46,,,,,65.0000351,0.0
295367,Madison Plateau,MT,44.59,-111.12,2362.2,20170413,29.66,59.54,44.6,,,,,64.0157826,0.0
295368,Madison Plateau,MT,44.59,-111.12,2362.2,20170414,23.18,37.22,29.3,,,,,69.0157853,0.59842552
295369,Madison Plateau,MT,44.59,-111.12,2362.2,20170415,18.86,41.54,28.4,,,,,67.00791020000001,0.0
295370,Madison Plateau,MT,44.59,-111.12,2362.2,20170416,22.46,51.62,36.5,,,,,65.0000351,0.09842525
295371,Madison Plateau,MT,44.59,-111.12,2362.2,20170417,32.9,47.48,38.84,,,,,64.0157826,0.0
295372,Madison Plateau,MT,44.59,-111.12,2362.2,20170418,33.08,46.4,36.68,,,,,65.9842876,0.40157502
295373,Madison Plateau,MT,44.59,-111.12,2362.2,20170419,27.68,49.1,36.5,,,,,64.0157826,0.0
295374,Madison Plateau,MT,44.59,-111.12,2362.2,20170420,26.06,45.68,33.98,,,,,65.0000351,0.09842525
295375,Madison Plateau,MT,44.59,-111.12,2362.2,20170421,24.08,39.74,31.46,,,,,65.0000351,0.0
295376,Madison Plateau,MT,44.59,-111.12,2362.2,20170422,19.94,49.82,35.96,,,,,64.0157826,0.09842525
295377,Madison Plateau,MT,44.59,-111.12,2362.2,20170423,26.06,46.94,35.78,,,,,65.9842876,0.50000027
295378,Madison Plateau,MT,44.59,-111.12,2362.2,20170424,26.42,38.3,33.08,,,,,69.0157853,0.40157502
295379,Madison Plateau,MT,44.59,-111.12,2362.2,20170425,29.84,47.3,34.7,,,,,67.9921627,0.40157502
295380,Madison Plateau,MT,44.59,-111.12,2362.2,20170426,28.22,43.16,32.9,,,,,72.00791290000001,0.40157502
295381,Madison Plateau,MT,44.59,-111.12,2362.2,20170427,26.6,39.56,31.28,,,,,70.0000378,0.20078751
295382,Madison Plateau,MT,44.59,-111.12,2362.2,20170428,22.46,37.22,30.02,,,,,70.9842903,0.09842525
295383,Madison Plateau,MT,44.59,-111.12,2362.2,20170429,19.04,50.0,33.44,,,,,67.9921627,0.0
295384,Madison Plateau,MT,44.59,-111.12,2362.2,20170430,29.12,48.74,35.96,,,,,67.9921627,0.0
295385,Madison Plateau,MT,44.59,-111.12,2362.2,20170501,26.96,50.0,36.86,,,,,67.00791020000001,0.0
295386,Madison Plateau,MT,44.59,-111.12,2362.2,20170502,27.68,51.08,38.84,,,,,65.0000351,0.0
295387,Madison Plateau,MT,44.59,-111.12,2362.2,20170503,23.36,59.36,41.54,,,,,64.0157826,0.0
295388,Madison Plateau,MT,44.59,-111.12,2362.2,20170504,33.98,68.72,49.46,,,,,62.007907499999995,0.0
295389,Madison Plateau,MT,44.59,-111.12,2362.2,20170505,33.08,69.08,50.9,,,,,59.0157799,0.0
295390,Madison Plateau,MT,44.59,-111.12,2362.2,20170506,36.14,66.74,48.2,,,,,57.0079048,0.0
295391,Madison Plateau,MT,44.59,-111.12,2362.2,20170507,34.88,56.84,43.34,,,,,55.0000297,0.0
295392,Madison Plateau,MT,44.59,-111.12,2362.2,20170508,33.08,58.46,43.7,,,,,52.9921546,0.0
295393,Madison Plateau,MT,44.59,-111.12,2362.2,20170509,30.56,55.76,40.64,,,,,52.0079021,0.09842525
295394,Madison Plateau,MT,44.59,-111.12,2362.2,20170510,29.12,63.5,46.58,,,,,49.0157745,0.0
295395,Madison Plateau,MT,44.59,-111.12,2362.2,20170511,35.78,66.02,50.36,,,,,45.984276799999996,0.0
295396,Madison Plateau,MT,44.59,-111.12,2362.2,20170512,31.82,65.3,49.28,,,,,44.015771799999996,0.0
295397,Madison Plateau,MT,44.59,-111.12,2362.2,20170513,28.04,39.02,32.72,,,,,44.015771799999996,0.09842525
295398,Madison Plateau,MT,44.59,-111.12,2362.2,20170514,27.68,49.46,36.5,,,,,42.9921492,0.0
295399,Madison Plateau,MT,44.59,-111.12,2362.2,20170515,30.92,51.62,39.74,,,,,42.0078967,0.0
295400,Madison Plateau,MT,44.59,-111.12,2362.2,20170516,28.76,48.2,36.86,,,,,42.0078967,0.40157502
295401,Madison Plateau,MT,44.59,-111.12,2362.2,20170517,25.16,33.26,27.86,,,,,47.992151899999996,0.40157502
295402,Madison Plateau,MT,44.59,-111.12,2362.2,20170518,25.34,39.92,32.54,,,,,47.0078994,0.20078751
295403,Madison Plateau,MT,44.59,-111.12,2362.2,20170519,22.82,53.96,37.58,,,,,44.015771799999996,0.09842525
295404,Madison Plateau,MT,44.59,-111.12,2362.2,20170520,31.64,54.32,39.92,,,,,42.9921492,0.09842525
295405,Madison Plateau,MT,44.59,-111.12,2362.2,20170521,30.2,57.74,42.08,,,,,40.000021600000004,0.0
295406,Madison Plateau,MT,44.59,-111.12,2362.2,20170522,31.82,58.64,43.52,,,,,37.992146500000004,0.0
295407,Madison Plateau,MT,44.59,-111.12,2362.2,20170523,30.38,64.58,49.1,,,,,35.9842714,0.0
295408,Madison Plateau,MT,44.59,-111.12,2362.2,20170524,30.2,61.16,48.2,,,,,32.9921438,0.0
295409,Madison Plateau,MT,44.59,-111.12,2362.2,20170525,26.6,48.2,37.4,,,,,32.0078913,0.0
295410,Madison Plateau,MT,44.59,-111.12,2362.2,20170526,31.82,41.54,36.5,,,,,30.984268699999998,0.09842525
295411,Madison Plateau,MT,44.59,-111.12,2362.2,20170527,29.84,55.22,42.98,,,,,30.0000162,0.0
295412,Madison Plateau,MT,44.59,-111.12,2362.2,20170528,32.36,62.42,46.4,,,,,27.0078886,0.09842525
295413,Madison Plateau,MT,44.59,-111.12,2362.2,20170529,32.9,64.04,47.12,,,,,25.984266,0.0
295414,Madison Plateau,MT,44.59,-111.12,2362.2,20170530,34.88,67.28,49.64,,,,,24.015760999999998,0.0
295415,Madison Plateau,MT,44.59,-111.12,2362.2,20170531,33.44,71.96,51.62,,,,,20.9842633,0.0
295416,Madison Plateau,MT,44.59,-111.12,2362.2,20170601,37.76,66.38,51.98,,,,,17.9921357,0.0
295417,Madison Plateau,MT,44.59,-111.12,2362.2,20170602,41.36,62.6,50.0,,,,,15.0000081,0.0
295418,Madison Plateau,MT,44.59,-111.12,2362.2,20170603,34.7,68.0,52.16,,,,,10.9842579,0.0
295419,Madison Plateau,MT,44.59,-111.12,2362.2,20170604,36.86,75.38,56.84,,,,,7.007877799999999,0.0
295420,Madison Plateau,MT,44.59,-111.12,2362.2,20170605,38.66,64.04,51.8,,,,,4.0157502,0.0
295421,Madison Plateau,MT,44.59,-111.12,2362.2,20170606,36.5,71.78,53.96,,,,,0.0,0.0
295422,Madison Plateau,MT,44.59,-111.12,2362.2,20170607,41.18,77.18,58.46,,,,,0.0,0.0
295423,Madison Plateau,MT,44.59,-111.12,2362.2,20170608,42.08,75.02,59.36,,,,,0.0,0.0
295424,Madison Plateau,MT,44.59,-111.12,2362.2,20170609,36.14,53.96,42.98,,,,,0.0,0.50000027
295425,Madison Plateau,MT,44.59,-111.12,2362.2,20170610,34.52,53.24,42.8,,,,,0.0,0.0
295426,Madison Plateau,MT,44.59,-111.12,2362.2,20170611,30.56,50.54,42.26,,,,,0.0,0.09842525
295427,Madison Plateau,MT,44.59,-111.12,2362.2,20170612,33.44,66.2,43.16,,,,,0.0,0.50000027
295428,Madison Plateau,MT,44.59,-111.12,2362.2,20170613,31.82,40.46,35.96,,,,,0.0,0.40157502
295429,Madison Plateau,MT,44.59,-111.12,2362.2,20170614,36.68,55.04,44.96,,,,,0.0,0.0
295430,Madison Plateau,MT,44.59,-111.12,2362.2,20170615,40.46,58.64,50.72,,,,,0.0,0.0
295431,Madison Plateau,MT,44.59,-111.12,2362.2,20170616,42.26,53.06,46.76,,,,,0.0,0.50000027
295432,Madison Plateau,MT,44.59,-111.12,2362.2,20170617,39.2,59.54,48.92,,,,,0.0,0.0
295433,Madison Plateau,MT,44.59,-111.12,2362.2,20170618,40.1,60.08,50.9,,,,,0.0,0.0
295434,Madison Plateau,MT,44.59,-111.12,2362.2,20170619,36.68,70.7,55.4,,,,,0.0,0.0
295435,Madison Plateau,MT,44.59,-111.12,2362.2,20170620,47.48,75.56,61.34,,,,,0.0,0.0
295436,Madison Plateau,MT,44.59,-111.12,2362.2,20170621,46.04,73.04,60.26,,,,,0.0,0.0
295437,Madison Plateau,MT,44.59,-111.12,2362.2,20170622,35.6,64.76,50.72,,,,,0.0,0.0
295438,Madison Plateau,MT,44.59,-111.12,2362.2,20170623,30.56,63.5,48.02,,,,,0.0,0.0
295439,Madison Plateau,MT,44.59,-111.12,2362.2,20170624,34.7,68.72,52.16,,,,,0.0,0.0
295440,Madison Plateau,MT,44.59,-111.12,2362.2,20170625,37.94,73.58,56.48,,,,,0.0,0.0
295441,Madison Plateau,MT,44.59,-111.12,2362.2,20170626,40.28,77.36,60.62,,,,,0.0,0.0
295442,Madison Plateau,MT,44.59,-111.12,2362.2,20170627,41.72,61.34,50.36,,,,,0.0,0.20078751
295443,Madison Plateau,MT,44.59,-111.12,2362.2,20170628,38.12,61.16,46.76,,,,,0.0,0.09842525
295444,Madison Plateau,MT,44.59,-111.12,2362.2,20170629,34.88,56.84,43.34,,,,,0.0,0.0
295445,Madison Plateau,MT,44.59,-111.12,2362.2,20170630,32.36,66.38,51.26,,,,,0.0,0.0
295446,Madison Plateau,MT,44.59,-111.12,2362.2,20170701,39.2,73.4,57.92,,,,,0.0,0.0
295447,Madison Plateau,MT,44.59,-111.12,2362.2,20170702,42.44,74.48,55.58,,,,,0.0,0.0
295448,Madison Plateau,MT,44.59,-111.12,2362.2,20170703,41.36,77.0,60.08,,,,,0.0,0.0
295449,Madison Plateau,MT,44.59,-111.12,2362.2,20170704,43.7,77.18,62.06,,,,,0.0,0.0
295450,Madison Plateau,MT,44.59,-111.12,2362.2,20170705,49.46,83.12,64.22,,,,,0.0,0.0
295451,Madison Plateau,MT,44.59,-111.12,2362.2,20170706,50.9,81.86,65.3,,,,,0.0,0.0
295452,Madison Plateau,MT,44.59,-111.12,2362.2,20170707,46.94,81.32,59.72,,,,,0.0,0.09842525
295453,Madison Plateau,MT,44.59,-111.12,2362.2,20170708,44.06,82.04,63.32,,,,,0.0,0.0
295454,Madison Plateau,MT,44.59,-111.12,2362.2,20170709,50.36,76.64,62.24,,,,,0.0,0.0
295455,Madison Plateau,MT,44.59,-111.12,2362.2,20170710,46.22,76.1,62.24,,,,,0.0,0.0
295456,Madison Plateau,MT,44.59,-111.12,2362.2,20170711,48.2,72.86,59.54,,,,,0.0,0.0
295457,Madison Plateau,MT,44.59,-111.12,2362.2,20170712,44.42,75.2,60.8,,,,,0.0,0.0
295458,Madison Plateau,MT,44.59,-111.12,2362.2,20170713,46.94,80.06,65.12,,,,,0.0,0.0
295459,Madison Plateau,MT,44.59,-111.12,2362.2,20170714,50.9,82.94,66.92,,,,,0.0,0.0
295460,Madison Plateau,MT,44.59,-111.12,2362.2,20170715,50.54,82.22,65.66,,,,,0.0,0.0
295461,Madison Plateau,MT,44.59,-111.12,2362.2,20170716,46.58,76.28,61.16,,,,,0.0,0.0
295462,Madison Plateau,MT,44.59,-111.12,2362.2,20170717,48.2,76.82,61.88,,,,,0.0,0.0
295463,Madison Plateau,MT,44.59,-111.12,2362.2,20170718,42.44,77.36,61.7,,,,,0.0,0.0
295464,Madison Plateau,MT,44.59,-111.12,2362.2,20170719,51.08,78.8,64.76,,,,,0.0,0.0
295465,Madison Plateau,MT,44.59,-111.12,2362.2,20170720,50.9,74.12,61.52,,,,,0.0,0.0
295466,Madison Plateau,MT,44.59,-111.12,2362.2,20170721,45.32,74.3,60.26,,,,,0.0,0.0
295467,Madison Plateau,MT,44.59,-111.12,2362.2,20170722,43.16,77.36,60.44,,,,,0.0,0.0
295468,Madison Plateau,MT,44.59,-111.12,2362.2,20170723,42.98,77.18,61.52,,,,,0.0,0.0
295469,Madison Plateau,MT,44.59,-111.12,2362.2,20170724,46.58,78.8,60.62,,,,,0.0,0.20078751
295470,Madison Plateau,MT,44.59,-111.12,2362.2,20170725,44.6,68.9,54.14,,,,,0.0,0.0
295471,Madison Plateau,MT,44.59,-111.12,2362.2,20170726,43.34,71.42,54.86,,,,,0.0,0.20078751
295472,Madison Plateau,MT,44.59,-111.12,2362.2,20170727,42.8,71.06,53.78,,,,,0.0,0.0
295473,Madison Plateau,MT,44.59,-111.12,2362.2,20170728,40.46,74.48,56.48,,,,,0.0,0.0
295474,Madison Plateau,MT,44.59,-111.12,2362.2,20170729,43.34,73.58,58.1,,,,,0.0,0.0
295475,Madison Plateau,MT,44.59,-111.12,2362.2,20170730,42.98,76.1,57.56,,,,,0.0,0.0
295476,Madison Plateau,MT,44.59,-111.12,2362.2,20170731,42.62,80.24,61.52,,,,,0.0,0.0
295477,Madison Plateau,MT,44.59,-111.12,2362.2,20170801,43.88,81.32,61.88,,,,,0.0,0.0
295478,Madison Plateau,MT,44.59,-111.12,2362.2,20170802,44.42,76.64,59.54,,,,,0.0,0.0
295479,Madison Plateau,MT,44.59,-111.12,2362.2,20170803,41.9,76.46,58.46,,,,,0.0,0.0
295480,Madison Plateau,MT,44.59,-111.12,2362.2,20170804,42.8,77.72,61.34,,,,,0.0,0.0
295481,Madison Plateau,MT,44.59,-111.12,2362.2,20170805,45.86,72.68,58.1,,,,,0.0,0.0
295482,Madison Plateau,MT,44.59,-111.12,2362.2,20170806,41.0,70.88,54.32,,,,,0.0,0.0
295483,Madison Plateau,MT,44.59,-111.12,2362.2,20170807,40.1,72.68,55.76,,,,,0.0,0.09842525
295484,Madison Plateau,MT,44.59,-111.12,2362.2,20170808,44.96,67.46,52.16,,,,,0.0,0.20078751
295485,Madison Plateau,MT,44.59,-111.12,2362.2,20170809,39.74,68.72,51.26,,,,,0.0,0.0
295486,Madison Plateau,MT,44.59,-111.12,2362.2,20170810,37.58,71.78,55.22,,,,,0.0,0.29921276
295487,Madison Plateau,MT,44.59,-111.12,2362.2,20170811,43.16,71.06,54.68,,,,,0.0,0.0
295488,Madison Plateau,MT,44.59,-111.12,2362.2,20170812,38.12,71.78,55.22,,,,,0.0,0.0
295489,Madison Plateau,MT,44.59,-111.12,2362.2,20170813,46.58,70.88,56.3,,,,,0.0,0.0
295490,Madison Plateau,MT,44.59,-111.12,2362.2,20170814,41.0,59.9,48.92,,,,,0.0,0.59842552
295491,Madison Plateau,MT,44.59,-111.12,2362.2,20170815,37.4,65.66,49.46,,,,,0.0,0.0
295492,Madison Plateau,MT,44.59,-111.12,2362.2,20170816,36.68,68.72,54.14,,,,,0.0,0.0
295493,Madison Plateau,MT,44.59,-111.12,2362.2,20170817,49.64,69.98,58.1,,,,,0.0,0.0
295494,Madison Plateau,MT,44.59,-111.12,2362.2,20170818,44.24,72.86,58.64,,,,,0.0,0.0
295495,Madison Plateau,MT,44.59,-111.12,2362.2,20170819,46.4,72.14,57.74,,,,,0.0,0.0
295496,Madison Plateau,MT,44.59,-111.12,2362.2,20170820,38.66,70.7,55.76,,,,,0.0,0.0
295497,Madison Plateau,MT,44.59,-111.12,2362.2,20170821,42.08,72.32,56.12,,,,,0.0,0.0
295498,Madison Plateau,MT,44.59,-111.12,2362.2,20170822,39.38,76.46,58.28,,,,,0.0,0.0
295499,Madison Plateau,MT,44.59,-111.12,2362.2,20170823,49.82,70.34,58.82,,,,,0.0,0.0
295500,Madison Plateau,MT,44.59,-111.12,2362.2,20170824,44.96,69.62,55.22,,,,,0.0,0.0
295501,Madison Plateau,MT,44.59,-111.12,2362.2,20170825,38.84,70.52,53.06,,,,,0.0,0.0
295502,Madison Plateau,MT,44.59,-111.12,2362.2,20170826,39.74,75.38,57.92,,,,,0.0,0.0
295503,Madison Plateau,MT,44.59,-111.12,2362.2,20170827,41.72,78.8,60.62,,,,,0.0,0.0
295504,Madison Plateau,MT,44.59,-111.12,2362.2,20170828,44.42,78.98,60.62,,,,,0.0,0.0
295505,Madison Plateau,MT,44.59,-111.12,2362.2,20170829,42.98,78.44,58.82,,,,,0.0,0.0
295506,Madison Plateau,MT,44.59,-111.12,2362.2,20170830,48.2,76.82,60.62,,,,,0.0,0.0
295507,Madison Plateau,MT,44.59,-111.12,2362.2,20170831,49.82,69.08,58.46,,,,,0.0,0.0
295508,Madison Plateau,MT,44.59,-111.12,2362.2,20170901,44.96,73.58,59.0,,,,,0.0,0.0
295509,Madison Plateau,MT,44.59,-111.12,2362.2,20170902,42.8,79.52,62.24,,,,,0.0,0.0
295510,Madison Plateau,MT,44.59,-111.12,2362.2,20170903,49.28,82.94,65.66,,,,,0.0,0.0
295511,Madison Plateau,MT,44.59,-111.12,2362.2,20170904,44.6,75.92,57.92,,,,,0.0,0.0
295512,Madison Plateau,MT,44.59,-111.12,2362.2,20170905,38.84,75.56,54.86,,,,,0.0,0.0
295513,Madison Plateau,MT,44.59,-111.12,2362.2,20170906,38.48,76.46,57.02,,,,,0.0,0.0
295514,Madison Plateau,MT,44.59,-111.12,2362.2,20170907,42.26,75.92,58.28,,,,,0.0,0.0
295515,Madison Plateau,MT,44.59,-111.12,2362.2,20170908,43.52,73.76,58.64,,,,,0.0,0.0
295516,Madison Plateau,MT,44.59,-111.12,2362.2,20170909,44.06,72.5,57.38,,,,,0.0,0.0
295517,Madison Plateau,MT,44.59,-111.12,2362.2,20170910,50.0,70.7,58.46,,,,,0.0,0.0
295518,Madison Plateau,MT,44.59,-111.12,2362.2,20170911,45.5,75.2,60.08,,,,,0.0,0.0
295519,Madison Plateau,MT,44.59,-111.12,2362.2,20170912,45.68,75.92,60.44,,,,,0.0,0.0
295520,Madison Plateau,MT,44.59,-111.12,2362.2,20170913,48.2,69.62,56.48,,,,,0.0,0.09842525
295521,Madison Plateau,MT,44.59,-111.12,2362.2,20170914,40.82,57.74,48.02,,,,,0.0,0.90157529
295522,Madison Plateau,MT,44.59,-111.12,2362.2,20170915,30.56,40.82,35.06,,,,,2.0078751,0.59842552
295523,Madison Plateau,MT,44.59,-111.12,2362.2,20170916,28.76,36.86,32.0,,,,,0.9842525,0.09842525
295524,Madison Plateau,MT,44.59,-111.12,2362.2,20170917,25.7,50.54,37.94,,,,,0.0,0.0
295525,Madison Plateau,MT,44.59,-111.12,2362.2,20170918,36.14,53.78,43.16,,,,,0.0,0.50000027
295526,Madison Plateau,MT,44.59,-111.12,2362.2,20170919,30.74,38.66,32.72,,,,,5.984255200000001,1.09842579
295527,Madison Plateau,MT,44.59,-111.12,2362.2,20170920,29.84,41.0,34.7,,,,,5.984255200000001,0.50000027
295528,Madison Plateau,MT,44.59,-111.12,2362.2,20170921,31.46,41.0,34.52,,,,,9.0157529,0.79921303
295529,Black Bear,MT,44.51,-111.13,2490.2,20170101,5.18,16.88,10.4,,,,,65.9842876,0.20078751
295530,Black Bear,MT,44.51,-111.13,2490.2,20170102,-9.58,15.8,4.1,,,,,67.9921627,0.09842525
295531,Black Bear,MT,44.51,-111.13,2490.2,20170103,2.84,17.06,8.6,,,,,67.00791020000001,0.0
295532,Black Bear,MT,44.51,-111.13,2490.2,20170104,-10.66,7.7,1.22,,,,,65.0000351,0.0
295533,Black Bear,MT,44.51,-111.13,2490.2,20170105,-13.0,13.1,-3.1,,,,,64.0157826,0.0
295534,Black Bear,MT,44.51,-111.13,2490.2,20170106,-6.52,8.24,-0.4,,,,,62.007907499999995,0.0
295535,Black Bear,MT,44.51,-111.13,2490.2,20170107,0.32,23.0,11.66,,,,,62.99216,0.29921276
295536,Black Bear,MT,44.51,-111.13,2490.2,20170108,14.0,29.48,23.72,,,,,70.0000378,1.00000054
295537,Black Bear,MT,44.51,-111.13,2490.2,20170109,17.78,31.1,26.78,,,,,72.9921654,1.00000054
295538,Black Bear,MT,44.51,-111.13,2490.2,20170110,17.24,26.6,21.02,,,,,74.015788,0.59842552
295539,Black Bear,MT,44.51,-111.13,2490.2,20170111,16.7,28.22,24.44,,,,,87.99217349999999,1.50000081
295540,Black Bear,MT,44.51,-111.13,2490.2,20170112,-0.4,24.98,13.82,,,,,87.99217349999999,0.20078751
295541,Black Bear,MT,44.51,-111.13,2490.2,20170113,-5.62,34.88,8.96,,,,,85.0000459,0.0
295542,Black Bear,MT,44.51,-111.13,2490.2,20170114,2.84,34.88,13.46,,,,,82.0079183,0.0
295543,Black Bear,MT,44.51,-111.13,2490.2,20170115,0.86,34.88,13.1,,,,,77.9921681,0.0
295544,Black Bear,MT,44.51,-111.13,2490.2,20170116,2.48,32.9,14.36,,,,,77.9921681,0.0
295545,Black Bear,MT,44.51,-111.13,2490.2,20170117,9.68,32.0,17.78,,,,,77.00791559999999,0.0
295546,Black Bear,MT,44.51,-111.13,2490.2,20170118,15.26,30.38,21.92,,,,,75.0000405,0.09842525
295547,Black Bear,MT,44.51,-111.13,2490.2,20170119,20.84,28.58,24.8,,,,,77.00791559999999,0.50000027
295548,Black Bear,MT,44.51,-111.13,2490.2,20170120,16.34,26.24,21.92,,,,,75.98429300000001,0.0
295549,Black Bear,MT,44.51,-111.13,2490.2,20170121,17.24,26.24,21.56,,,,,77.9921681,0.20078751
295550,Black Bear,MT,44.51,-111.13,2490.2,20170122,19.76,26.6,22.1,,,,,80.00004320000001,0.50000027
295551,Black Bear,MT,44.51,-111.13,2490.2,20170123,16.7,29.66,21.74,,,,,80.00004320000001,0.0
295552,Black Bear,MT,44.51,-111.13,2490.2,20170124,2.48,21.2,12.92,,,,,80.00004320000001,0.0
295553,Black Bear,MT,44.51,-111.13,2490.2,20170125,0.32,20.48,9.32,,,,,77.9921681,0.0
295554,Black Bear,MT,44.51,-111.13,2490.2,20170126,3.2,19.22,11.3,,,,,77.00791559999999,0.0
295555,Black Bear,MT,44.51,-111.13,2490.2,20170127,-1.66,14.9,6.26,,,,,75.98429300000001,0.0
295556,Black Bear,MT,44.51,-111.13,2490.2,20170128,4.28,17.24,9.68,,,,,75.0000405,0.0
295557,Black Bear,MT,44.51,-111.13,2490.2,20170129,11.48,28.58,19.04,,,,,75.0000405,0.09842525
295558,Black Bear,MT,44.51,-111.13,2490.2,20170130,15.26,28.04,19.76,,,,,74.015788,0.09842525
295559,Black Bear,MT,44.51,-111.13,2490.2,20170131,16.88,19.58,18.32,,,,,75.98429300000001,0.09842525
295560,Black Bear,MT,44.51,-111.13,2490.2,20170201,8.24,22.28,14.72,,,,,80.00004320000001,0.40157502
295561,Black Bear,MT,44.51,-111.13,2490.2,20170202,-4.54,22.28,11.48,,,,,79.0157907,0.0
295562,Black Bear,MT,44.51,-111.13,2490.2,20170203,7.7,30.92,25.34,,,,,85.0000459,1.00000054
295563,Black Bear,MT,44.51,-111.13,2490.2,20170204,27.32,29.66,28.04,,,,,85.9842984,0.70078778
295564,Black Bear,MT,44.51,-111.13,2490.2,20170205,28.22,29.84,28.76,,,,,84.0157934,0.29921276
295565,Black Bear,MT,44.51,-111.13,2490.2,20170206,25.34,30.2,28.76,,,,,92.0079237,1.00000054
295566,Black Bear,MT,44.51,-111.13,2490.2,20170207,22.82,27.68,24.98,,,,,92.9921762,0.50000027
295567,Black Bear,MT,44.51,-111.13,2490.2,20170208,21.02,29.84,25.7,,,,,94.0157988,0.40157502
295568,Black Bear,MT,44.51,-111.13,2490.2,20170209,29.84,36.32,34.7,,,,,92.9921762,1.2992133
295569,Black Bear,MT,44.51,-111.13,2490.2,20170210,28.04,35.96,31.28,,,,,97.0079264,0.50000027
295570,Black Bear,MT,44.51,-111.13,2490.2,20170211,8.24,31.28,21.38,,,,,94.0157988,0.90157529
295571,Black Bear,MT,44.51,-111.13,2490.2,20170212,4.82,39.2,21.02,,,,,92.0079237,0.0
295572,Black Bear,MT,44.51,-111.13,2490.2,20170213,10.04,41.36,24.44,,,,,90.9843011,0.0
295573,Black Bear,MT,44.51,-111.13,2490.2,20170214,14.9,51.62,29.66,,,,,90.00004859999999,0.09842525
295574,Black Bear,MT,44.51,-111.13,2490.2,20170215,23.9,41.18,30.38,,,,,90.00004859999999,0.0
295575,Black Bear,MT,44.51,-111.13,2490.2,20170216,25.34,42.98,31.46,,,,,90.9843011,0.20078751
295576,Black Bear,MT,44.51,-111.13,2490.2,20170217,26.24,42.26,30.92,,,,,90.9843011,0.09842525
295577,Black Bear,MT,44.51,-111.13,2490.2,20170218,30.92,33.44,32.18,,,,,95.0000513,0.59842552
295578,Black Bear,MT,44.51,-111.13,2490.2,20170219,24.98,33.26,29.3,,,,,100.000054,0.70078778
295579,Black Bear,MT,44.51,-111.13,2490.2,20170220,24.8,32.9,30.02,,,,,105.9843092,1.2992133
295580,Black Bear,MT,44.51,-111.13,2490.2,20170221,24.44,32.9,29.48,,,,,109.01580690000002,0.59842552
295581,Black Bear,MT,44.51,-111.13,2490.2,20170222,10.04,28.22,21.2,,,,,107.99218429999999,0.0
295582,Black Bear,MT,44.51,-111.13,2490.2,20170223,10.76,23.9,17.24,,,,,105.9843092,0.0
295583,Black Bear,MT,44.51,-111.13,2490.2,20170224,9.5,22.64,13.46,,,,,110.9843119,0.0
295584,Black Bear,MT,44.51,-111.13,2490.2,20170225,6.08,17.78,9.5,,,,,112.99218700000002,0.40157502
295585,Black Bear,MT,44.51,-111.13,2490.2,20170226,8.06,19.4,12.56,,,,,122.99219240000001,0.40157502
295586,Black Bear,MT,44.51,-111.13,2490.2,20170227,10.76,22.82,15.44,,,,,127.99219509999999,0.50000027
295587,Black Bear,MT,44.51,-111.13,2490.2,20170228,10.4,16.7,12.74,,,,,130.0000702,0.50000027
295588,Black Bear,MT,44.51,-111.13,2490.2,20170301,9.14,19.22,14.9,,,,,125.0000675,0.09842525
295589,Black Bear,MT,44.51,-111.13,2490.2,20170302,18.32,26.24,20.84,,,,,120.0000648,0.0
295590,Black Bear,MT,44.51,-111.13,2490.2,20170303,18.86,37.04,27.14,,,,,117.0079372,0.09842525
295591,Black Bear,MT,44.51,-111.13,2490.2,20170304,25.52,35.6,29.3,,,,,115.00006210000001,0.0
295592,Black Bear,MT,44.51,-111.13,2490.2,20170305,17.6,33.98,26.24,,,,,119.0158123,0.50000027
295593,Black Bear,MT,44.51,-111.13,2490.2,20170306,12.56,21.74,15.62,,,,,127.99219509999999,0.50000027
295594,Black Bear,MT,44.51,-111.13,2490.2,20170307,6.44,24.8,17.78,,,,,130.9843227,1.09842579
295595,Black Bear,MT,44.51,-111.13,2490.2,20170308,24.26,30.74,28.58,,,,,127.00794259999999,1.00000054
295596,Black Bear,MT,44.51,-111.13,2490.2,20170309,29.84,34.7,32.36,,,,,125.98432,0.50000027
295597,Black Bear,MT,44.51,-111.13,2490.2,20170310,31.64,36.68,34.52,,,,,125.0000675,0.50000027
295598,Black Bear,MT,44.51,-111.13,2490.2,20170311,27.86,43.16,33.26,,,,,122.0079399,0.09842525
295599,Black Bear,MT,44.51,-111.13,2490.2,20170312,22.1,38.3,29.48,,,,,120.9843173,0.0
295600,Black Bear,MT,44.51,-111.13,2490.2,20170313,25.52,42.98,32.9,,,,,119.0158123,0.0
295601,Black Bear,MT,44.51,-111.13,2490.2,20170314,32.72,48.38,38.12,,,,,117.99218970000001,0.0
295602,Black Bear,MT,44.51,-111.13,2490.2,20170315,29.66,51.26,40.1,,,,,115.98431459999999,0.0
295603,Black Bear,MT,44.51,-111.13,2490.2,20170316,26.24,39.74,34.7,,,,,115.98431459999999,0.09842525
295604,Black Bear,MT,44.51,-111.13,2490.2,20170317,25.34,50.18,37.4,,,,,115.00006210000001,0.09842525
295605,Black Bear,MT,44.51,-111.13,2490.2,20170318,36.68,55.94,44.96,,,,,112.99218700000002,0.0
295606,Black Bear,MT,44.51,-111.13,2490.2,20170319,34.52,41.72,37.04,,,,,112.99218700000002,0.50000027
295607,Black Bear,MT,44.51,-111.13,2490.2,20170320,32.72,42.8,36.68,,,,,114.0158096,0.29921276
295608,Black Bear,MT,44.51,-111.13,2490.2,20170321,31.1,53.78,41.18,,,,,110.9843119,0.20078751
295609,Black Bear,MT,44.51,-111.13,2490.2,20170322,28.4,45.86,36.32,,,,,109.01580690000002,0.09842525
295610,Black Bear,MT,44.51,-111.13,2490.2,20170323,23.18,46.22,33.26,,,,,107.99218429999999,0.0
295611,Black Bear,MT,44.51,-111.13,2490.2,20170324,23.18,45.86,33.98,,,,,105.9843092,0.09842525
295612,Black Bear,MT,44.51,-111.13,2490.2,20170325,28.58,37.76,32.54,,,,,109.01580690000002,0.29921276
295613,Black Bear,MT,44.51,-111.13,2490.2,20170326,20.3,41.72,31.46,,,,,110.0000594,0.20078751
295614,Black Bear,MT,44.51,-111.13,2490.2,20170327,28.4,43.16,32.9,,,,,112.00793449999999,0.50000027
295615,Black Bear,MT,44.51,-111.13,2490.2,20170328,22.1,45.14,31.82,,,,,110.9843119,0.0
295616,Black Bear,MT,44.51,-111.13,2490.2,20170329,26.6,37.22,31.64,,,,,115.00006210000001,0.40157502
295617,Black Bear,MT,44.51,-111.13,2490.2,20170330,31.82,45.32,35.6,,,,,114.0158096,0.59842552
295618,Black Bear,MT,44.51,-111.13,2490.2,20170331,28.22,45.86,35.6,,,,,112.99218700000002,0.0
295619,Black Bear,MT,44.51,-111.13,2490.2,20170401,22.1,48.56,37.04,,,,,110.9843119,0.0
295620,Black Bear,MT,44.51,-111.13,2490.2,20170402,17.24,44.06,32.18,,,,,114.0158096,0.40157502
295621,Black Bear,MT,44.51,-111.13,2490.2,20170403,4.64,37.94,22.28,,,,,115.00006210000001,0.09842525
295622,Black Bear,MT,44.51,-111.13,2490.2,20170404,10.4,42.98,25.52,,,,,112.99218700000002,0.0
295623,Black Bear,MT,44.51,-111.13,2490.2,20170405,19.58,44.96,32.0,,,,,112.99218700000002,0.09842525
295624,Black Bear,MT,44.51,-111.13,2490.2,20170406,29.12,54.5,42.26,,,,,110.9843119,0.09842525
295625,Black Bear,MT,44.51,-111.13,2490.2,20170407,31.46,47.3,38.48,,,,,115.98431459999999,0.59842552
295626,Black Bear,MT,44.51,-111.13,2490.2,20170408,27.5,40.46,31.82,,,,,117.0079372,0.40157502
295627,Black Bear,MT,44.51,-111.13,2490.2,20170409,14.9,34.52,24.98,,,,,119.0158123,0.29921276
295628,Black Bear,MT,44.51,-111.13,2490.2,20170410,16.7,37.22,26.78,,,,,120.0000648,0.29921276
295629,Black Bear,MT,44.51,-111.13,2490.2,20170411,20.84,47.66,33.98,,,,,117.99218970000001,0.20078751
295630,Black Bear,MT,44.51,-111.13,2490.2,20170412,32.18,53.24,41.18,,,,,115.00006210000001,0.09842525
295631,Black Bear,MT,44.51,-111.13,2490.2,20170413,29.12,60.26,44.96,,,,,112.99218700000002,0.20078751
295632,Black Bear,MT,44.51,-111.13,2490.2,20170414,22.46,37.04,28.4,,,,,119.0158123,0.70078778
295633,Black Bear,MT,44.51,-111.13,2490.2,20170415,19.76,39.74,27.68,,,,,117.0079372,0.0
295634,Black Bear,MT,44.51,-111.13,2490.2,20170416,20.12,51.62,36.86,,,,,114.0158096,0.09842525
295635,Black Bear,MT,44.51,-111.13,2490.2,20170417,33.62,48.2,39.2,,,,,114.0158096,0.09842525
295636,Black Bear,MT,44.51,-111.13,2490.2,20170418,33.26,44.78,36.86,,,,,115.00006210000001,0.40157502
295637,Black Bear,MT,44.51,-111.13,2490.2,20170419,27.86,47.84,36.32,,,,,114.0158096,0.0
295638,Black Bear,MT,44.51,-111.13,2490.2,20170420,26.6,50.18,34.7,,,,,115.98431459999999,0.29921276
295639,Black Bear,MT,44.51,-111.13,2490.2,20170421,24.08,41.0,31.64,,,,,110.0000594,0.0
295640,Black Bear,MT,44.51,-111.13,2490.2,20170422,17.96,50.0,35.6,,,,,112.99218700000002,0.0
295641,Black Bear,MT,44.51,-111.13,2490.2,20170423,25.52,46.4,35.06,,,,,114.0158096,0.59842552
295642,Black Bear,MT,44.51,-111.13,2490.2,20170424,26.24,39.2,33.26,,,,,120.9843173,0.70078778
295643,Black Bear,MT,44.51,-111.13,2490.2,20170425,28.58,46.94,35.06,,,,,119.0158123,0.29921276
295644,Black Bear,MT,44.51,-111.13,2490.2,20170426,28.04,42.44,32.36,,,,,132.0079453,1.40157556
295645,Black Bear,MT,44.51,-111.13,2490.2,20170427,26.6,39.2,31.28,,,,,129.0158177,0.29921276
295646,Black Bear,MT,44.51,-111.13,2490.2,20170428,22.46,36.68,29.66,,,,,127.99219509999999,0.0
295647,Black Bear,MT,44.51,-111.13,2490.2,20170429,17.96,49.1,33.44,,,,,125.0000675,0.0
295648,Black Bear,MT,44.51,-111.13,2490.2,20170430,26.78,46.94,35.24,,,,,122.99219240000001,0.09842525
295649,Black Bear,MT,44.51,-111.13,2490.2,20170501,22.46,49.28,36.14,,,,,120.9843173,0.0
295650,Black Bear,MT,44.51,-111.13,2490.2,20170502,25.7,51.26,38.66,,,,,119.0158123,0.0
295651,Black Bear,MT,44.51,-111.13,2490.2,20170503,20.66,56.84,41.18,,,,,117.0079372,0.0
295652,Black Bear,MT,44.51,-111.13,2490.2,20170504,33.8,66.56,50.72,,,,,114.0158096,0.0
295653,Black Bear,MT,44.51,-111.13,2490.2,20170505,36.32,68.9,53.96,,,,,112.00793449999999,0.0
295654,Black Bear,MT,44.51,-111.13,2490.2,20170506,38.84,67.28,50.72,,,,,110.0000594,0.0
295655,Black Bear,MT,44.51,-111.13,2490.2,20170507,36.32,60.26,45.68,,,,,107.99218429999999,0.0
295656,Black Bear,MT,44.51,-111.13,2490.2,20170508,34.88,59.36,44.06,,,,,105.9843092,0.0
295657,Black Bear,MT,44.51,-111.13,2490.2,20170509,33.8,57.02,43.34,,,,,104.0158042,0.0
295658,Black Bear,MT,44.51,-111.13,2490.2,20170510,30.38,62.78,47.84,,,,,100.98430649999999,0.0
295659,Black Bear,MT,44.51,-111.13,2490.2,20170511,35.78,64.94,51.62,,,,,97.99217890000001,0.0
295660,Black Bear,MT,44.51,-111.13,2490.2,20170512,31.1,63.68,49.1,,,,,95.98430379999999,0.0
295661,Black Bear,MT,44.51,-111.13,2490.2,20170513,26.42,39.74,31.82,,,,,99.0158015,0.20078751
295662,Black Bear,MT,44.51,-111.13,2490.2,20170514,26.06,48.2,36.68,,,,,95.98430379999999,0.0
295663,Black Bear,MT,44.51,-111.13,2490.2,20170515,30.2,52.34,40.64,,,,,94.0157988,0.0
295664,Black Bear,MT,44.51,-111.13,2490.2,20170516,29.3,50.18,37.22,,,,,95.0000513,0.59842552
295665,Black Bear,MT,44.51,-111.13,2490.2,20170517,24.44,33.08,27.68,,,,,102.9921816,0.70078778
295666,Black Bear,MT,44.51,-111.13,2490.2,20170518,25.88,40.1,32.54,,,,,102.0079291,0.29921276
295667,Black Bear,MT,44.51,-111.13,2490.2,20170519,21.74,53.42,37.58,,,,,97.0079264,0.0
295668,Black Bear,MT,44.51,-111.13,2490.2,20170520,31.1,53.78,40.64,,,,,95.0000513,0.09842525
295669,Black Bear,MT,44.51,-111.13,2490.2,20170521,31.46,58.1,42.44,,,,,92.9921762,0.0
295670,Black Bear,MT,44.51,-111.13,2490.2,20170522,31.64,59.18,44.96,,,,,92.0079237,0.0
295671,Black Bear,MT,44.51,-111.13,2490.2,20170523,30.56,63.5,49.82,,,,,87.99217349999999,0.0
295672,Black Bear,MT,44.51,-111.13,2490.2,20170524,30.2,59.72,47.84,,,,,85.0000459,0.0
295673,Black Bear,MT,44.51,-111.13,2490.2,20170525,25.34,47.84,37.4,,,,,82.9921708,0.0
295674,Black Bear,MT,44.51,-111.13,2490.2,20170526,32.0,42.08,36.32,,,,,84.0157934,0.20078751
295675,Black Bear,MT,44.51,-111.13,2490.2,20170527,28.22,56.3,43.16,,,,,80.9842957,0.0
295676,Black Bear,MT,44.51,-111.13,2490.2,20170528,35.06,61.34,48.56,,,,,79.0157907,0.0
295677,Black Bear,MT,44.51,-111.13,2490.2,20170529,34.88,61.88,49.1,,,,,75.98429300000001,0.0
295678,Black Bear,MT,44.51,-111.13,2490.2,20170530,37.04,66.02,51.44,,,,,72.9921654,0.0
295679,Black Bear,MT,44.51,-111.13,2490.2,20170531,39.92,70.7,55.04,,,,,69.0157853,0.09842525
295680,Black Bear,MT,44.51,-111.13,2490.2,20170601,42.26,65.3,52.7,,,,,67.00791020000001,0.0
295681,Black Bear,MT,44.51,-111.13,2490.2,20170602,39.92,60.62,48.74,,,,,62.007907499999995,0.0
295682,Black Bear,MT,44.51,-111.13,2490.2,20170603,37.58,66.38,53.06,,,,,60.98428489999999,0.0
295683,Black Bear,MT,44.51,-111.13,2490.2,20170604,43.34,73.4,57.74,,,,,57.0079048,0.0
295684,Black Bear,MT,44.51,-111.13,2490.2,20170605,38.12,62.6,50.54,,,,,52.9921546,0.0
295685,Black Bear,MT,44.51,-111.13,2490.2,20170606,37.4,69.44,54.14,,,,,50.000027,0.0
295686,Black Bear,MT,44.51,-111.13,2490.2,20170607,43.52,74.48,57.56,,,,,47.0078994,0.0
295687,Black Bear,MT,44.51,-111.13,2490.2,20170608,43.88,71.78,58.46,,,,,44.015771799999996,0.0
295688,Black Bear,MT,44.51,-111.13,2490.2,20170609,35.42,51.26,41.54,,,,,42.0078967,0.70078778
295689,Black Bear,MT,44.51,-111.13,2490.2,20170610,32.9,49.82,41.0,,,,,40.9842741,0.0
295690,Black Bear,MT,44.51,-111.13,2490.2,20170611,30.56,50.72,42.44,,,,,40.9842741,0.09842525
295691,Black Bear,MT,44.51,-111.13,2490.2,20170612,33.26,61.52,41.9,,,,,37.992146500000004,0.70078778
295692,Black Bear,MT,44.51,-111.13,2490.2,20170613,32.0,39.74,35.78,,,,,42.0078967,1.00000054
295693,Black Bear,MT,44.51,-111.13,2490.2,20170614,36.68,54.86,43.7,,,,,39.0157691,0.0
295694,Black Bear,MT,44.51,-111.13,2490.2,20170615,39.2,59.18,49.46,,,,,35.9842714,0.0
295695,Black Bear,MT,44.51,-111.13,2490.2,20170616,40.64,50.9,45.86,,,,,37.992146500000004,0.29921276
295696,Black Bear,MT,44.51,-111.13,2490.2,20170617,37.58,57.74,46.94,,,,,32.9921438,0.0
295697,Black Bear,MT,44.51,-111.13,2490.2,20170618,39.92,60.44,49.82,,,,,29.015763699999997,0.0
295698,Black Bear,MT,44.51,-111.13,2490.2,20170619,36.86,69.44,54.32,,,,,25.0000135,0.0
295699,Black Bear,MT,44.51,-111.13,2490.2,20170620,48.02,71.96,59.54,,,,,22.992138399999998,0.0
295700,Black Bear,MT,44.51,-111.13,2490.2,20170621,42.08,68.72,57.56,,,,,20.000010800000002,0.0
295701,Black Bear,MT,44.51,-111.13,2490.2,20170622,34.88,61.88,49.82,,,,,15.9842606,0.0
295702,Black Bear,MT,44.51,-111.13,2490.2,20170623,34.88,61.88,48.2,,,,,10.000005400000001,0.0
295703,Black Bear,MT,44.51,-111.13,2490.2,20170624,35.6,66.56,52.16,,,,,9.0157529,0.0
295704,Black Bear,MT,44.51,-111.13,2490.2,20170625,39.74,71.6,56.66,,,,,5.984255200000001,0.0
295705,Black Bear,MT,44.51,-111.13,2490.2,20170626,44.78,74.3,60.8,,,,,4.0157502,0.0
295706,Black Bear,MT,44.51,-111.13,2490.2,20170627,41.0,60.08,48.74,,,,,0.0,0.50000027
295707,Black Bear,MT,44.51,-111.13,2490.2,20170628,37.76,59.0,45.68,,,,,0.0,0.29921276
295708,Black Bear,MT,44.51,-111.13,2490.2,20170629,35.24,54.86,43.34,,,,,0.0,0.0
295709,Black Bear,MT,44.51,-111.13,2490.2,20170630,33.8,64.04,50.72,,,,,0.0,0.0
295710,Black Bear,MT,44.51,-111.13,2490.2,20170701,39.2,71.06,57.02,,,,,0.0,0.0
295711,Black Bear,MT,44.51,-111.13,2490.2,20170702,43.88,73.22,57.02,,,,,0.0,0.0
295712,Black Bear,MT,44.51,-111.13,2490.2,20170703,44.78,75.02,60.8,,,,,0.0,0.0
295713,Black Bear,MT,44.51,-111.13,2490.2,20170704,45.32,75.02,62.06,,,,,0.0,0.0
295714,Black Bear,MT,44.51,-111.13,2490.2,20170705,53.78,82.58,65.84,,,,,0.0,0.0
295715,Black Bear,MT,44.51,-111.13,2490.2,20170706,50.72,79.16,65.48,,,,,0.0,0.0
295716,Black Bear,MT,44.51,-111.13,2490.2,20170707,51.62,78.8,61.88,,,,,0.0,0.0
295717,Black Bear,MT,44.51,-111.13,2490.2,20170708,49.28,80.6,65.84,,,,,0.0,0.0
295718,Black Bear,MT,44.51,-111.13,2490.2,20170709,51.98,75.92,62.6,,,,,0.0,0.0
295719,Black Bear,MT,44.51,-111.13,2490.2,20170710,48.02,75.02,61.88,,,,,0.0,0.0
295720,Black Bear,MT,44.51,-111.13,2490.2,20170711,47.66,75.02,60.44,,,,,0.0,0.0
295721,Black Bear,MT,44.51,-111.13,2490.2,20170712,44.42,73.58,60.08,,,,,0.0,0.0
295722,Black Bear,MT,44.51,-111.13,2490.2,20170713,50.18,79.88,65.3,,,,,0.0,0.0
295723,Black Bear,MT,44.51,-111.13,2490.2,20170714,52.52,82.76,66.92,,,,,0.0,0.0
295724,Black Bear,MT,44.51,-111.13,2490.2,20170715,51.26,80.42,66.2,,,,,0.0,0.09842525
295725,Black Bear,MT,44.51,-111.13,2490.2,20170716,48.02,74.66,61.88,,,,,0.0,0.0
295726,Black Bear,MT,44.51,-111.13,2490.2,20170717,47.3,75.74,62.24,,,,,0.0,0.0
295727,Black Bear,MT,44.51,-111.13,2490.2,20170718,42.08,75.92,62.78,,,,,0.0,0.0
295728,Black Bear,MT,44.51,-111.13,2490.2,20170719,50.54,77.0,65.12,,,,,0.0,0.0
295729,Black Bear,MT,44.51,-111.13,2490.2,20170720,51.08,74.84,61.7,,,,,0.0,0.0
295730,Black Bear,MT,44.51,-111.13,2490.2,20170721,42.8,73.58,59.36,,,,,0.0,0.0
295731,Black Bear,MT,44.51,-111.13,2490.2,20170722,44.6,76.1,60.62,,,,,0.0,0.0
295732,Black Bear,MT,44.51,-111.13,2490.2,20170723,47.3,76.28,63.14,,,,,0.0,0.0
295733,Black Bear,MT,44.51,-111.13,2490.2,20170724,50.54,78.26,60.62,,,,,0.0,0.0
295734,Black Bear,MT,44.51,-111.13,2490.2,20170725,46.58,68.72,54.68,,,,,0.0,0.09842525
295735,Black Bear,MT,44.51,-111.13,2490.2,20170726,45.14,69.44,55.94,,,,,0.0,0.09842525
295736,Black Bear,MT,44.51,-111.13,2490.2,20170727,42.62,69.26,54.32,,,,,0.0,0.09842525
295737,Black Bear,MT,44.51,-111.13,2490.2,20170728,42.08,73.76,57.38,,,,,0.0,0.0
295738,Black Bear,MT,44.51,-111.13,2490.2,20170729,45.5,73.22,59.18,,,,,0.0,0.0
295739,Black Bear,MT,44.51,-111.13,2490.2,20170730,45.32,77.18,58.82,,,,,0.0,0.0
295740,Black Bear,MT,44.51,-111.13,2490.2,20170731,46.58,78.98,63.14,,,,,0.0,0.0
295741,Black Bear,MT,44.51,-111.13,2490.2,20170801,45.86,78.8,64.94,,,,,0.0,0.0
295742,Black Bear,MT,44.51,-111.13,2490.2,20170802,48.2,75.2,60.98,,,,,0.0,0.0
295743,Black Bear,MT,44.51,-111.13,2490.2,20170803,45.86,75.2,59.54,,,,,0.0,0.0
295744,Black Bear,MT,44.51,-111.13,2490.2,20170804,48.74,76.28,62.24,,,,,0.0,0.0
295745,Black Bear,MT,44.51,-111.13,2490.2,20170805,46.22,72.5,57.56,,,,,0.0,0.0
295746,Black Bear,MT,44.51,-111.13,2490.2,20170806,43.88,69.44,55.22,,,,,0.0,0.0
295747,Black Bear,MT,44.51,-111.13,2490.2,20170807,42.62,71.6,55.94,,,,,0.0,0.0
295748,Black Bear,MT,44.51,-111.13,2490.2,20170808,42.62,71.6,55.94,,,,,0.0,0.09842525
295749,Black Bear,MT,44.51,-111.13,2490.2,20170809,41.54,68.9,51.98,,,,,0.0,0.20078751
295750,Black Bear,MT,44.51,-111.13,2490.2,20170810,39.02,69.98,55.04,,,,,0.0,0.09842525
295751,Black Bear,MT,44.51,-111.13,2490.2,20170811,43.16,70.34,55.22,,,,,0.0,0.09842525
295752,Black Bear,MT,44.51,-111.13,2490.2,20170812,42.8,70.88,56.3,,,,,0.0,0.09842525
295753,Black Bear,MT,44.51,-111.13,2490.2,20170813,47.84,70.88,56.84,,,,,0.0,0.0
295754,Black Bear,MT,44.51,-111.13,2490.2,20170814,41.9,57.2,48.56,,,,,0.0,0.29921276
295755,Black Bear,MT,44.51,-111.13,2490.2,20170815,38.48,63.68,50.0,,,,,0.0,0.0
295756,Black Bear,MT,44.51,-111.13,2490.2,20170816,41.54,67.46,55.58,,,,,0.0,0.0
295757,Black Bear,MT,44.51,-111.13,2490.2,20170817,46.4,67.46,56.3,,,,,0.0,0.0
295758,Black Bear,MT,44.51,-111.13,2490.2,20170818,45.68,70.7,58.1,,,,,0.0,0.0
295759,Black Bear,MT,44.51,-111.13,2490.2,20170819,46.04,69.62,57.56,,,,,0.0,0.0
295760,Black Bear,MT,44.51,-111.13,2490.2,20170820,39.56,69.8,55.58,,,,,0.0,0.0
295761,Black Bear,MT,44.51,-111.13,2490.2,20170821,40.82,70.52,55.94,,,,,0.0,0.0
295762,Black Bear,MT,44.51,-111.13,2490.2,20170822,42.98,74.48,59.72,,,,,0.0,0.09842525
295763,Black Bear,MT,44.51,-111.13,2490.2,20170823,50.0,69.08,58.82,,,,,0.0,0.0
295764,Black Bear,MT,44.51,-111.13,2490.2,20170824,44.42,68.36,53.96,,,,,0.0,0.09842525
295765,Black Bear,MT,44.51,-111.13,2490.2,20170825,41.18,68.72,54.32,,,,,0.0,0.09842525
295766,Black Bear,MT,44.51,-111.13,2490.2,20170826,43.7,74.3,59.54,,,,,0.0,0.0
295767,Black Bear,MT,44.51,-111.13,2490.2,20170827,46.76,77.18,62.06,,,,,0.0,0.0
295768,Black Bear,MT,44.51,-111.13,2490.2,20170828,46.94,77.54,62.24,,,,,0.0,0.0
295769,Black Bear,MT,44.51,-111.13,2490.2,20170829,50.54,76.46,60.44,,,,,0.0,0.0
295770,Black Bear,MT,44.51,-111.13,2490.2,20170830,51.08,76.1,61.16,,,,,0.0,0.0
295771,Black Bear,MT,44.51,-111.13,2490.2,20170831,49.64,68.18,57.56,,,,,0.0,0.0
295772,Black Bear,MT,44.51,-111.13,2490.2,20170901,41.72,72.32,57.92,,,,,0.0,0.0
295773,Black Bear,MT,44.51,-111.13,2490.2,20170902,44.42,77.18,62.42,,,,,0.0,0.0
295774,Black Bear,MT,44.51,-111.13,2490.2,20170903,51.62,81.5,65.48,,,,,0.0,0.0
295775,Black Bear,MT,44.51,-111.13,2490.2,20170904,45.14,75.02,59.72,,,,,0.0,0.0
295776,Black Bear,MT,44.51,-111.13,2490.2,20170905,42.26,74.3,56.84,,,,,0.0,0.0
295777,Black Bear,MT,44.51,-111.13,2490.2,20170906,43.34,75.38,59.54,,,,,0.0,0.0
295778,Black Bear,MT,44.51,-111.13,2490.2,20170907,48.74,74.84,60.26,,,,,0.0,0.0
295779,Black Bear,MT,44.51,-111.13,2490.2,20170908,50.18,72.68,60.08,,,,,0.0,0.0
295780,Black Bear,MT,44.51,-111.13,2490.2,20170909,49.46,71.24,57.92,,,,,0.0,0.0
295781,Black Bear,MT,44.51,-111.13,2490.2,20170910,48.74,69.62,56.84,,,,,0.0,0.0
295782,Black Bear,MT,44.51,-111.13,2490.2,20170911,48.02,73.22,59.72,,,,,0.0,0.0
295783,Black Bear,MT,44.51,-111.13,2490.2,20170912,46.76,74.48,60.44,,,,,0.0,0.0
295784,Black Bear,MT,44.51,-111.13,2490.2,20170913,45.68,68.9,55.22,,,,,0.0,0.0
295785,Black Bear,MT,44.51,-111.13,2490.2,20170914,40.46,53.42,47.48,,,,,0.0,1.00000054
295786,Black Bear,MT,44.51,-111.13,2490.2,20170915,31.28,40.64,35.78,,,,,2.0078751,0.70078778
295787,Black Bear,MT,44.51,-111.13,2490.2,20170916,27.86,38.48,32.0,,,,,0.9842525,0.0
295788,Black Bear,MT,44.51,-111.13,2490.2,20170917,26.42,50.0,37.94,,,,,0.0,0.09842525
295789,Black Bear,MT,44.51,-111.13,2490.2,20170918,37.04,51.44,43.52,,,,,0.0,0.40157502
295790,Black Bear,MT,44.51,-111.13,2490.2,20170919,30.56,38.66,33.08,,,,,7.9921303,1.50000081
295791,Black Bear,MT,44.51,-111.13,2490.2,20170920,29.84,39.2,34.34,,,,,10.9842579,0.79921303
295792,Black Bear,MT,44.51,-111.13,2490.2,20170921,32.54,42.44,35.24,,,,,,0.59842552
296321,Beaver Creek,MT,44.95,-111.36,2392.7,20170101,-6.34,17.24,5.54,,,,,27.9921411,0.0
296322,Beaver Creek,MT,44.95,-111.36,2392.7,20170102,-11.92,4.1,-4.54,,,,,27.9921411,0.0
296323,Beaver Creek,MT,44.95,-111.36,2392.7,20170103,-14.98,12.2,-3.28,,,,,27.0078886,0.0
296324,Beaver Creek,MT,44.95,-111.36,2392.7,20170104,-14.26,6.62,-1.66,,,,,27.0078886,0.0
296325,Beaver Creek,MT,44.95,-111.36,2392.7,20170105,-12.28,7.52,-5.62,,,,,27.0078886,0.0
296326,Beaver Creek,MT,44.95,-111.36,2392.7,20170106,-15.88,4.46,-6.16,,,,,27.0078886,0.0
296327,Beaver Creek,MT,44.95,-111.36,2392.7,20170107,-15.34,16.7,2.3,,,,,29.015763699999997,0.29921276
296328,Beaver Creek,MT,44.95,-111.36,2392.7,20170108,15.8,30.92,21.74,,,,,32.9921438,0.50000027
296329,Beaver Creek,MT,44.95,-111.36,2392.7,20170109,17.42,32.36,27.86,,,,,35.9842714,0.40157502
296330,Beaver Creek,MT,44.95,-111.36,2392.7,20170110,12.2,24.62,19.94,,,,,37.992146500000004,0.29921276
296331,Beaver Creek,MT,44.95,-111.36,2392.7,20170111,13.1,26.96,20.84,,,,,37.992146500000004,0.29921276
296332,Beaver Creek,MT,44.95,-111.36,2392.7,20170112,-5.08,21.74,11.48,,,,,39.0157691,0.09842525
296333,Beaver Creek,MT,44.95,-111.36,2392.7,20170113,-8.14,21.56,3.2,,,,,37.007894,0.0
296334,Beaver Creek,MT,44.95,-111.36,2392.7,20170114,-4.9,24.08,6.08,,,,,35.9842714,0.0
296335,Beaver Creek,MT,44.95,-111.36,2392.7,20170115,-0.76,27.68,10.76,,,,,34.0157664,0.0
296336,Beaver Creek,MT,44.95,-111.36,2392.7,20170116,1.76,26.42,11.3,,,,,34.0157664,0.0
296337,Beaver Creek,MT,44.95,-111.36,2392.7,20170117,4.1,26.06,11.66,,,,,32.9921438,0.0
296338,Beaver Creek,MT,44.95,-111.36,2392.7,20170118,4.1,26.96,15.44,,,,,32.0078913,0.0
296339,Beaver Creek,MT,44.95,-111.36,2392.7,20170119,19.76,26.6,23.9,,,,,32.9921438,0.09842525
296340,Beaver Creek,MT,44.95,-111.36,2392.7,20170120,19.76,25.52,22.64,,,,,32.0078913,0.0
296341,Beaver Creek,MT,44.95,-111.36,2392.7,20170121,14.0,26.24,20.66,,,,,34.0157664,0.09842525
296342,Beaver Creek,MT,44.95,-111.36,2392.7,20170122,19.04,25.88,21.74,,,,,37.007894,0.20078751
296343,Beaver Creek,MT,44.95,-111.36,2392.7,20170123,15.98,27.5,20.48,,,,,37.007894,0.09842525
296344,Beaver Creek,MT,44.95,-111.36,2392.7,20170124,6.08,19.58,13.82,,,,,35.9842714,0.0
296345,Beaver Creek,MT,44.95,-111.36,2392.7,20170125,5.72,19.4,10.76,,,,,35.0000189,0.0
296346,Beaver Creek,MT,44.95,-111.36,2392.7,20170126,-4.0,21.92,7.7,,,,,35.0000189,0.0
296347,Beaver Creek,MT,44.95,-111.36,2392.7,20170127,-8.68,19.58,2.66,,,,,34.0157664,0.0
296348,Beaver Creek,MT,44.95,-111.36,2392.7,20170128,-1.48,20.84,7.88,,,,,34.0157664,0.09842525
296349,Beaver Creek,MT,44.95,-111.36,2392.7,20170129,5.36,27.86,13.28,,,,,32.9921438,0.0
296350,Beaver Creek,MT,44.95,-111.36,2392.7,20170130,5.54,27.68,14.9,,,,,35.0000189,0.20078751
296351,Beaver Creek,MT,44.95,-111.36,2392.7,20170131,11.66,22.82,18.5,,,,,39.0157691,0.40157502
296352,Beaver Creek,MT,44.95,-111.36,2392.7,20170201,2.3,16.88,9.32,,,,,39.0157691,0.0
296353,Beaver Creek,MT,44.95,-111.36,2392.7,20170202,-11.2,10.76,0.5,,,,,40.000021600000004,0.09842525
296354,Beaver Creek,MT,44.95,-111.36,2392.7,20170203,-11.02,28.94,17.24,,,,,40.9842741,0.40157502
296355,Beaver Creek,MT,44.95,-111.36,2392.7,20170204,27.86,33.8,29.3,,,,,40.9842741,0.29921276
296356,Beaver Creek,MT,44.95,-111.36,2392.7,20170205,28.04,31.64,29.66,,,,,42.9921492,0.59842552
296357,Beaver Creek,MT,44.95,-111.36,2392.7,20170206,21.56,30.92,28.76,,,,,50.9842795,1.2992133
296358,Beaver Creek,MT,44.95,-111.36,2392.7,20170207,14.9,26.96,22.82,,,,,50.9842795,0.29921276
296359,Beaver Creek,MT,44.95,-111.36,2392.7,20170208,21.92,31.82,26.6,,,,,52.0079021,0.09842525
296360,Beaver Creek,MT,44.95,-111.36,2392.7,20170209,30.92,36.68,34.88,,,,,50.9842795,0.90157529
296361,Beaver Creek,MT,44.95,-111.36,2392.7,20170210,25.34,36.5,32.0,,,,,52.9921546,0.40157502
296362,Beaver Creek,MT,44.95,-111.36,2392.7,20170211,1.4,27.14,17.6,,,,,52.0079021,0.0
296363,Beaver Creek,MT,44.95,-111.36,2392.7,20170212,-2.2,32.9,13.28,,,,,50.9842795,0.0
296364,Beaver Creek,MT,44.95,-111.36,2392.7,20170213,7.7,37.76,20.48,,,,,50.000027,0.0
296365,Beaver Creek,MT,44.95,-111.36,2392.7,20170214,13.28,41.54,24.98,,,,,49.0157745,0.0
296366,Beaver Creek,MT,44.95,-111.36,2392.7,20170215,10.94,41.54,23.54,,,,,49.0157745,0.09842525
296367,Beaver Creek,MT,44.95,-111.36,2392.7,20170216,17.6,37.58,28.58,,,,,50.000027,0.20078751
296368,Beaver Creek,MT,44.95,-111.36,2392.7,20170217,15.44,38.12,27.86,,,,,50.000027,0.09842525
296369,Beaver Creek,MT,44.95,-111.36,2392.7,20170218,28.58,36.5,32.18,,,,,52.0079021,0.40157502
296370,Beaver Creek,MT,44.95,-111.36,2392.7,20170219,24.08,33.08,29.84,,,,,55.9842822,0.70078778
296371,Beaver Creek,MT,44.95,-111.36,2392.7,20170220,24.26,32.9,29.66,,,,,59.0157799,0.70078778
296372,Beaver Creek,MT,44.95,-111.36,2392.7,20170221,16.7,36.68,29.84,,,,,60.0000324,0.50000027
296373,Beaver Creek,MT,44.95,-111.36,2392.7,20170222,16.16,29.66,21.56,,,,,60.0000324,0.0
296374,Beaver Creek,MT,44.95,-111.36,2392.7,20170223,13.64,25.7,19.22,,,,,59.0157799,0.09842525
296375,Beaver Creek,MT,44.95,-111.36,2392.7,20170224,3.56,19.94,12.92,,,,,59.0157799,0.0
296376,Beaver Creek,MT,44.95,-111.36,2392.7,20170225,4.1,16.16,10.22,,,,,59.0157799,0.0
296377,Beaver Creek,MT,44.95,-111.36,2392.7,20170226,4.28,17.6,11.3,,,,,60.0000324,0.20078751
296378,Beaver Creek,MT,44.95,-111.36,2392.7,20170227,-1.12,21.02,12.2,,,,,59.0157799,0.0
296379,Beaver Creek,MT,44.95,-111.36,2392.7,20170228,7.52,21.74,13.28,,,,,60.0000324,0.20078751
296380,Beaver Creek,MT,44.95,-111.36,2392.7,20170301,5.72,25.52,14.54,,,,,57.992157299999995,0.0
296381,Beaver Creek,MT,44.95,-111.36,2392.7,20170302,7.88,30.74,19.94,,,,,57.0079048,0.09842525
296382,Beaver Creek,MT,44.95,-111.36,2392.7,20170303,11.12,35.6,25.34,,,,,57.0079048,0.0
296383,Beaver Creek,MT,44.95,-111.36,2392.7,20170304,17.78,32.18,28.58,,,,,57.0079048,0.20078751
296384,Beaver Creek,MT,44.95,-111.36,2392.7,20170305,18.86,32.72,26.96,,,,,57.992157299999995,0.20078751
296385,Beaver Creek,MT,44.95,-111.36,2392.7,20170306,10.04,21.38,15.8,,,,,59.0157799,0.09842525
296386,Beaver Creek,MT,44.95,-111.36,2392.7,20170307,8.24,25.34,19.22,,,,,57.992157299999995,0.20078751
296387,Beaver Creek,MT,44.95,-111.36,2392.7,20170308,25.34,36.68,30.92,,,,,59.0157799,0.09842525
296388,Beaver Creek,MT,44.95,-111.36,2392.7,20170309,30.02,40.64,34.52,,,,,59.0157799,0.29921276
296389,Beaver Creek,MT,44.95,-111.36,2392.7,20170310,29.66,40.82,35.42,,,,,60.0000324,0.40157502
296390,Beaver Creek,MT,44.95,-111.36,2392.7,20170311,20.12,40.1,31.64,,,,,59.0157799,0.0
296391,Beaver Creek,MT,44.95,-111.36,2392.7,20170312,21.02,40.1,30.38,,,,,57.992157299999995,0.0
296392,Beaver Creek,MT,44.95,-111.36,2392.7,20170313,23.9,43.16,32.9,,,,,57.0079048,0.09842525
296393,Beaver Creek,MT,44.95,-111.36,2392.7,20170314,30.74,50.0,36.86,,,,,57.0079048,0.09842525
296394,Beaver Creek,MT,44.95,-111.36,2392.7,20170315,27.86,50.9,40.1,,,,,55.0000297,0.0
296395,Beaver Creek,MT,44.95,-111.36,2392.7,20170316,26.6,43.88,36.86,,,,,55.0000297,0.09842525
296396,Beaver Creek,MT,44.95,-111.36,2392.7,20170317,22.1,48.74,35.42,,,,,54.0157772,0.0
296397,Beaver Creek,MT,44.95,-111.36,2392.7,20170318,31.1,52.16,42.44,,,,,52.9921546,0.0
296398,Beaver Creek,MT,44.95,-111.36,2392.7,20170319,34.7,39.74,36.86,,,,,52.0079021,0.40157502
296399,Beaver Creek,MT,44.95,-111.36,2392.7,20170320,34.16,44.24,36.14,,,,,52.0079021,0.09842525
296400,Beaver Creek,MT,44.95,-111.36,2392.7,20170321,31.64,50.36,38.84,,,,,50.9842795,0.09842525
296401,Beaver Creek,MT,44.95,-111.36,2392.7,20170322,28.76,45.68,36.32,,,,,50.9842795,0.0
296402,Beaver Creek,MT,44.95,-111.36,2392.7,20170323,21.92,45.14,32.9,,,,,50.000027,0.0
296403,Beaver Creek,MT,44.95,-111.36,2392.7,20170324,16.88,42.26,31.28,,,,,50.000027,0.20078751
296404,Beaver Creek,MT,44.95,-111.36,2392.7,20170325,27.86,39.2,32.72,,,,,52.0079021,0.20078751
296405,Beaver Creek,MT,44.95,-111.36,2392.7,20170326,27.32,37.04,31.1,,,,,52.9921546,0.09842525
296406,Beaver Creek,MT,44.95,-111.36,2392.7,20170327,27.86,38.84,32.54,,,,,54.0157772,0.20078751
296407,Beaver Creek,MT,44.95,-111.36,2392.7,20170328,17.24,42.44,28.4,,,,,52.9921546,0.0
296408,Beaver Creek,MT,44.95,-111.36,2392.7,20170329,19.94,35.42,29.84,,,,,55.0000297,0.29921276
296409,Beaver Creek,MT,44.95,-111.36,2392.7,20170330,31.82,40.46,35.24,,,,,55.9842822,0.40157502
296410,Beaver Creek,MT,44.95,-111.36,2392.7,20170331,26.06,41.9,34.7,,,,,55.0000297,0.09842525
296411,Beaver Creek,MT,44.95,-111.36,2392.7,20170401,18.68,50.18,34.7,,,,,55.0000297,0.0
296412,Beaver Creek,MT,44.95,-111.36,2392.7,20170402,20.12,44.24,32.9,,,,,55.9842822,0.09842525
296413,Beaver Creek,MT,44.95,-111.36,2392.7,20170403,9.5,32.72,21.74,,,,,55.0000297,0.0
296414,Beaver Creek,MT,44.95,-111.36,2392.7,20170404,11.66,39.74,24.62,,,,,55.0000297,0.0
296415,Beaver Creek,MT,44.95,-111.36,2392.7,20170405,13.46,42.8,30.02,,,,,54.0157772,0.0
296416,Beaver Creek,MT,44.95,-111.36,2392.7,20170406,21.74,50.54,37.58,,,,,52.9921546,0.0
296417,Beaver Creek,MT,44.95,-111.36,2392.7,20170407,31.28,46.58,37.4,,,,,52.0079021,0.29921276
296418,Beaver Creek,MT,44.95,-111.36,2392.7,20170408,28.4,37.04,32.18,,,,,55.9842822,0.40157502
296419,Beaver Creek,MT,44.95,-111.36,2392.7,20170409,12.38,37.04,25.52,,,,,54.0157772,0.0
296420,Beaver Creek,MT,44.95,-111.36,2392.7,20170410,10.94,34.7,24.8,,,,,54.0157772,0.09842525
296421,Beaver Creek,MT,44.95,-111.36,2392.7,20170411,11.3,41.36,28.94,,,,,55.0000297,0.29921276
296422,Beaver Creek,MT,44.95,-111.36,2392.7,20170412,29.12,51.08,37.04,,,,,52.9921546,0.0
296423,Beaver Creek,MT,44.95,-111.36,2392.7,20170413,28.58,55.76,40.64,,,,,52.0079021,0.09842525
296424,Beaver Creek,MT,44.95,-111.36,2392.7,20170414,23.72,34.16,28.76,,,,,62.007907499999995,0.79921303
296425,Beaver Creek,MT,44.95,-111.36,2392.7,20170415,10.04,36.86,25.16,,,,,59.0157799,0.0
296426,Beaver Creek,MT,44.95,-111.36,2392.7,20170416,11.48,48.02,30.74,,,,,55.9842822,0.09842525
296427,Beaver Creek,MT,44.95,-111.36,2392.7,20170417,26.24,44.06,34.7,,,,,55.9842822,0.20078751
296428,Beaver Creek,MT,44.95,-111.36,2392.7,20170418,26.78,41.0,35.06,,,,,55.0000297,0.0
296429,Beaver Creek,MT,44.95,-111.36,2392.7,20170419,23.54,48.2,34.88,,,,,55.0000297,0.0
296430,Beaver Creek,MT,44.95,-111.36,2392.7,20170420,21.38,43.7,32.0,,,,,55.0000297,0.20078751
296431,Beaver Creek,MT,44.95,-111.36,2392.7,20170421,27.68,37.04,32.0,,,,,55.0000297,0.0
296432,Beaver Creek,MT,44.95,-111.36,2392.7,20170422,20.3,46.94,34.88,,,,,55.0000297,0.0
296433,Beaver Creek,MT,44.95,-111.36,2392.7,20170423,29.66,41.9,34.34,,,,,57.0079048,0.40157502
296434,Beaver Creek,MT,44.95,-111.36,2392.7,20170424,30.56,37.4,33.62,,,,,62.007907499999995,0.59842552
296435,Beaver Creek,MT,44.95,-111.36,2392.7,20170425,27.5,46.4,34.34,,,,,59.0157799,0.20078751
296436,Beaver Creek,MT,44.95,-111.36,2392.7,20170426,26.6,38.48,32.54,,,,,60.98428489999999,0.29921276
296437,Beaver Creek,MT,44.95,-111.36,2392.7,20170427,24.44,39.56,30.2,,,,,60.98428489999999,0.09842525
296438,Beaver Creek,MT,44.95,-111.36,2392.7,20170428,24.98,38.3,30.56,,,,,60.0000324,0.0
296439,Beaver Creek,MT,44.95,-111.36,2392.7,20170429,15.62,47.66,30.92,,,,,59.0157799,0.0
296440,Beaver Creek,MT,44.95,-111.36,2392.7,20170430,23.54,46.04,34.16,,,,,59.0157799,0.09842525
296441,Beaver Creek,MT,44.95,-111.36,2392.7,20170501,29.48,48.2,35.6,,,,,60.98428489999999,0.29921276
296442,Beaver Creek,MT,44.95,-111.36,2392.7,20170502,28.04,48.2,36.32,,,,,57.992157299999995,0.0
296443,Beaver Creek,MT,44.95,-111.36,2392.7,20170503,20.66,57.92,38.12,,,,,57.992157299999995,0.0
296444,Beaver Creek,MT,44.95,-111.36,2392.7,20170504,29.84,66.02,44.06,,,,,55.9842822,0.0
296445,Beaver Creek,MT,44.95,-111.36,2392.7,20170505,31.28,67.1,46.58,,,,,54.0157772,0.0
296446,Beaver Creek,MT,44.95,-111.36,2392.7,20170506,34.52,64.58,46.04,,,,,52.0079021,0.0
296447,Beaver Creek,MT,44.95,-111.36,2392.7,20170507,35.78,54.5,43.34,,,,,50.000027,0.0
296448,Beaver Creek,MT,44.95,-111.36,2392.7,20170508,31.64,56.12,41.54,,,,,47.992151899999996,0.0
296449,Beaver Creek,MT,44.95,-111.36,2392.7,20170509,31.28,55.94,40.1,,,,,45.984276799999996,0.0
296450,Beaver Creek,MT,44.95,-111.36,2392.7,20170510,29.66,62.06,42.8,,,,,45.00002429999999,0.0
296451,Beaver Creek,MT,44.95,-111.36,2392.7,20170511,32.54,63.5,46.58,,,,,42.0078967,0.0
296452,Beaver Creek,MT,44.95,-111.36,2392.7,20170512,32.9,63.5,48.2,,,,,39.0157691,0.0
296453,Beaver Creek,MT,44.95,-111.36,2392.7,20170513,23.36,37.4,32.36,,,,,39.0157691,0.09842525
296454,Beaver Creek,MT,44.95,-111.36,2392.7,20170514,21.38,45.32,34.34,,,,,37.992146500000004,0.0
296455,Beaver Creek,MT,44.95,-111.36,2392.7,20170515,30.2,48.56,39.02,,,,,37.007894,0.0
296456,Beaver Creek,MT,44.95,-111.36,2392.7,20170516,29.84,45.14,36.14,,,,,37.007894,0.29921276
296457,Beaver Creek,MT,44.95,-111.36,2392.7,20170517,26.24,33.08,28.76,,,,,44.015771799999996,0.70078778
296458,Beaver Creek,MT,44.95,-111.36,2392.7,20170518,26.06,40.82,32.9,,,,,42.0078967,0.09842525
296459,Beaver Creek,MT,44.95,-111.36,2392.7,20170519,21.56,51.8,35.78,,,,,39.0157691,0.0
296460,Beaver Creek,MT,44.95,-111.36,2392.7,20170520,29.12,52.7,38.66,,,,,37.992146500000004,0.20078751
296461,Beaver Creek,MT,44.95,-111.36,2392.7,20170521,30.74,55.94,40.64,,,,,35.9842714,0.0
296462,Beaver Creek,MT,44.95,-111.36,2392.7,20170522,30.92,56.66,42.44,,,,,34.0157664,0.0
296463,Beaver Creek,MT,44.95,-111.36,2392.7,20170523,30.92,66.2,45.86,,,,,32.0078913,0.0
296464,Beaver Creek,MT,44.95,-111.36,2392.7,20170524,29.66,60.98,44.78,,,,,30.0000162,0.0
296465,Beaver Creek,MT,44.95,-111.36,2392.7,20170525,28.22,42.62,36.32,,,,,29.015763699999997,0.0
296466,Beaver Creek,MT,44.95,-111.36,2392.7,20170526,33.62,45.68,38.48,,,,,27.9921411,0.0
296467,Beaver Creek,MT,44.95,-111.36,2392.7,20170527,30.74,57.92,41.18,,,,,27.0078886,0.0
296468,Beaver Creek,MT,44.95,-111.36,2392.7,20170528,30.92,62.06,44.78,,,,,24.015760999999998,0.0
296469,Beaver Creek,MT,44.95,-111.36,2392.7,20170529,32.9,63.68,46.22,,,,,22.007885899999998,0.0
296470,Beaver Creek,MT,44.95,-111.36,2392.7,20170530,35.78,63.68,47.12,,,,,20.000010800000002,0.0
296471,Beaver Creek,MT,44.95,-111.36,2392.7,20170531,33.8,69.8,50.18,,,,,17.0078832,0.0
296472,Beaver Creek,MT,44.95,-111.36,2392.7,20170601,35.42,63.5,50.0,,,,,14.015755599999999,0.0
296473,Beaver Creek,MT,44.95,-111.36,2392.7,20170602,35.24,62.96,48.02,,,,,10.9842579,0.0
296474,Beaver Creek,MT,44.95,-111.36,2392.7,20170603,34.34,66.92,49.46,,,,,5.984255200000001,0.0
296475,Beaver Creek,MT,44.95,-111.36,2392.7,20170604,36.68,73.58,54.68,,,,,0.0,0.0
296476,Beaver Creek,MT,44.95,-111.36,2392.7,20170605,37.76,61.88,50.0,,,,,0.0,0.0
296477,Beaver Creek,MT,44.95,-111.36,2392.7,20170606,35.96,67.46,51.62,,,,,0.0,0.0
296478,Beaver Creek,MT,44.95,-111.36,2392.7,20170607,38.12,72.32,54.68,,,,,0.0,0.0
296479,Beaver Creek,MT,44.95,-111.36,2392.7,20170608,38.84,70.88,55.76,,,,,0.0,0.0
296480,Beaver Creek,MT,44.95,-111.36,2392.7,20170609,36.68,47.48,41.0,,,,,0.0,0.29921276
296481,Beaver Creek,MT,44.95,-111.36,2392.7,20170610,33.26,48.02,40.82,,,,,0.0,0.0
296482,Beaver Creek,MT,44.95,-111.36,2392.7,20170611,30.02,53.06,41.36,,,,,0.0,0.20078751
296483,Beaver Creek,MT,44.95,-111.36,2392.7,20170612,33.08,61.16,41.18,,,,,0.0,0.50000027
296484,Beaver Creek,MT,44.95,-111.36,2392.7,20170613,32.9,40.28,35.96,,,,,0.0,0.59842552
296485,Beaver Creek,MT,44.95,-111.36,2392.7,20170614,34.34,54.68,43.16,,,,,0.0,0.0
296486,Beaver Creek,MT,44.95,-111.36,2392.7,20170615,35.42,57.56,48.2,,,,,0.0,0.0
296487,Beaver Creek,MT,44.95,-111.36,2392.7,20170616,40.64,55.04,46.76,,,,,0.0,0.40157502
296488,Beaver Creek,MT,44.95,-111.36,2392.7,20170617,39.38,58.1,45.5,,,,,0.0,0.0
296489,Beaver Creek,MT,44.95,-111.36,2392.7,20170618,39.56,57.02,47.12,,,,,0.0,0.0
296490,Beaver Creek,MT,44.95,-111.36,2392.7,20170619,35.24,69.8,52.16,,,,,0.0,0.0
296491,Beaver Creek,MT,44.95,-111.36,2392.7,20170620,41.72,71.96,56.12,,,,,0.0,0.0
296492,Beaver Creek,MT,44.95,-111.36,2392.7,20170621,41.9,73.76,56.84,,,,,0.0,0.0
296493,Beaver Creek,MT,44.95,-111.36,2392.7,20170622,35.24,61.16,48.38,,,,,0.0,0.0
296494,Beaver Creek,MT,44.95,-111.36,2392.7,20170623,31.28,62.24,46.4,,,,,0.0,0.0
296495,Beaver Creek,MT,44.95,-111.36,2392.7,20170624,34.52,66.38,50.18,,,,,0.0,0.0
296496,Beaver Creek,MT,44.95,-111.36,2392.7,20170625,36.32,71.78,53.06,,,,,0.0,0.0
296497,Beaver Creek,MT,44.95,-111.36,2392.7,20170626,39.38,74.12,56.66,,,,,0.0,0.0
296498,Beaver Creek,MT,44.95,-111.36,2392.7,20170627,41.0,63.5,50.9,,,,,0.0,0.20078751
296499,Beaver Creek,MT,44.95,-111.36,2392.7,20170628,39.02,57.2,46.04,,,,,0.0,0.20078751
296500,Beaver Creek,MT,44.95,-111.36,2392.7,20170629,34.52,51.62,41.0,,,,,0.0,0.70078778
296501,Beaver Creek,MT,44.95,-111.36,2392.7,20170630,33.08,65.48,47.84,,,,,0.0,0.0
296502,Beaver Creek,MT,44.95,-111.36,2392.7,20170701,38.12,70.34,54.14,,,,,0.0,0.0
296503,Beaver Creek,MT,44.95,-111.36,2392.7,20170702,43.52,69.26,53.42,,,,,0.0,0.0
296504,Beaver Creek,MT,44.95,-111.36,2392.7,20170703,40.82,75.38,56.3,,,,,0.0,0.0
296505,Beaver Creek,MT,44.95,-111.36,2392.7,20170704,43.7,74.66,58.28,,,,,0.0,0.0
296506,Beaver Creek,MT,44.95,-111.36,2392.7,20170705,44.96,78.08,59.36,,,,,0.0,0.0
296507,Beaver Creek,MT,44.95,-111.36,2392.7,20170706,47.66,78.26,61.7,,,,,0.0,0.0
296508,Beaver Creek,MT,44.95,-111.36,2392.7,20170707,45.68,79.16,57.56,,,,,0.0,0.29921276
296509,Beaver Creek,MT,44.95,-111.36,2392.7,20170708,44.06,76.28,56.12,,,,,0.0,0.09842525
296510,Beaver Creek,MT,44.95,-111.36,2392.7,20170709,46.04,73.22,56.3,,,,,0.0,0.09842525
296511,Beaver Creek,MT,44.95,-111.36,2392.7,20170710,43.7,73.58,58.64,,,,,0.0,0.0
296512,Beaver Creek,MT,44.95,-111.36,2392.7,20170711,44.06,71.42,57.74,,,,,0.0,0.0
296513,Beaver Creek,MT,44.95,-111.36,2392.7,20170712,43.88,73.04,57.56,,,,,0.0,0.0
296514,Beaver Creek,MT,44.95,-111.36,2392.7,20170713,43.52,77.18,60.26,,,,,0.0,0.0
296515,Beaver Creek,MT,44.95,-111.36,2392.7,20170714,45.68,79.34,61.7,,,,,0.0,0.0
296516,Beaver Creek,MT,44.95,-111.36,2392.7,20170715,45.86,78.44,61.16,,,,,0.0,0.09842525
296517,Beaver Creek,MT,44.95,-111.36,2392.7,20170716,44.06,73.94,54.32,,,,,0.0,0.20078751
296518,Beaver Creek,MT,44.95,-111.36,2392.7,20170717,41.9,72.32,54.68,,,,,0.0,0.09842525
296519,Beaver Creek,MT,44.95,-111.36,2392.7,20170718,42.26,73.76,58.28,,,,,0.0,0.0
296520,Beaver Creek,MT,44.95,-111.36,2392.7,20170719,45.14,76.82,59.54,,,,,0.0,0.0
296521,Beaver Creek,MT,44.95,-111.36,2392.7,20170720,41.72,74.66,58.28,,,,,0.0,0.0
296522,Beaver Creek,MT,44.95,-111.36,2392.7,20170721,42.26,73.22,56.48,,,,,0.0,0.0
296523,Beaver Creek,MT,44.95,-111.36,2392.7,20170722,41.54,75.38,57.56,,,,,0.0,0.0
296524,Beaver Creek,MT,44.95,-111.36,2392.7,20170723,41.9,76.1,57.92,,,,,0.0,0.0
296525,Beaver Creek,MT,44.95,-111.36,2392.7,20170724,43.7,76.1,57.38,,,,,0.0,0.0
296526,Beaver Creek,MT,44.95,-111.36,2392.7,20170725,46.58,63.14,53.78,,,,,0.0,0.09842525
296527,Beaver Creek,MT,44.95,-111.36,2392.7,20170726,44.24,68.54,53.78,,,,,0.0,0.0
296528,Beaver Creek,MT,44.95,-111.36,2392.7,20170727,41.54,65.66,50.72,,,,,0.0,0.20078751
296529,Beaver Creek,MT,44.95,-111.36,2392.7,20170728,40.46,70.88,51.98,,,,,0.0,0.09842525
296530,Beaver Creek,MT,44.95,-111.36,2392.7,20170729,41.9,70.16,53.42,,,,,0.0,0.20078751
296531,Beaver Creek,MT,44.95,-111.36,2392.7,20170730,42.44,74.3,55.76,,,,,0.0,0.0
296532,Beaver Creek,MT,44.95,-111.36,2392.7,20170731,43.34,77.54,58.64,,,,,0.0,0.0
296533,Beaver Creek,MT,44.95,-111.36,2392.7,20170801,43.34,77.54,58.82,,,,,0.0,0.0
296534,Beaver Creek,MT,44.95,-111.36,2392.7,20170802,42.98,74.3,57.56,,,,,0.0,0.0
296535,Beaver Creek,MT,44.95,-111.36,2392.7,20170803,42.08,74.3,56.12,,,,,0.0,0.0
296536,Beaver Creek,MT,44.95,-111.36,2392.7,20170804,42.62,76.64,58.82,,,,,0.0,0.0
296537,Beaver Creek,MT,44.95,-111.36,2392.7,20170805,44.42,70.52,56.84,,,,,0.0,0.09842525
296538,Beaver Creek,MT,44.95,-111.36,2392.7,20170806,40.1,66.38,51.62,,,,,0.0,0.0
296539,Beaver Creek,MT,44.95,-111.36,2392.7,20170807,36.68,71.24,53.42,,,,,0.0,0.0
296540,Beaver Creek,MT,44.95,-111.36,2392.7,20170808,44.42,68.18,53.6,,,,,0.0,0.0
296541,Beaver Creek,MT,44.95,-111.36,2392.7,20170809,39.92,65.12,50.36,,,,,0.0,0.09842525
296542,Beaver Creek,MT,44.95,-111.36,2392.7,20170810,37.58,69.98,52.7,,,,,0.0,0.0
296543,Beaver Creek,MT,44.95,-111.36,2392.7,20170811,40.82,68.9,53.42,,,,,0.0,0.0
296544,Beaver Creek,MT,44.95,-111.36,2392.7,20170812,39.38,69.44,53.96,,,,,0.0,0.0
296545,Beaver Creek,MT,44.95,-111.36,2392.7,20170813,47.12,65.48,52.16,,,,,0.0,0.29921276
296546,Beaver Creek,MT,44.95,-111.36,2392.7,20170814,41.72,57.92,48.38,,,,,0.0,0.29921276
296547,Beaver Creek,MT,44.95,-111.36,2392.7,20170815,36.32,64.94,49.46,,,,,0.0,0.0
296548,Beaver Creek,MT,44.95,-111.36,2392.7,20170816,36.68,63.86,48.56,,,,,0.0,0.0
296549,Beaver Creek,MT,44.95,-111.36,2392.7,20170817,39.74,69.44,52.52,,,,,0.0,0.0
296550,Beaver Creek,MT,44.95,-111.36,2392.7,20170818,38.12,71.06,53.42,,,,,0.0,0.0
296551,Beaver Creek,MT,44.95,-111.36,2392.7,20170819,39.56,70.52,54.32,,,,,0.0,0.0
296552,Beaver Creek,MT,44.95,-111.36,2392.7,20170820,38.12,68.54,52.7,,,,,0.0,0.0
296553,Beaver Creek,MT,44.95,-111.36,2392.7,20170821,39.92,69.98,52.52,,,,,0.0,0.0
296554,Beaver Creek,MT,44.95,-111.36,2392.7,20170822,38.3,73.94,54.5,,,,,0.0,0.0
296555,Beaver Creek,MT,44.95,-111.36,2392.7,20170823,40.28,70.88,55.04,,,,,0.0,0.0
296556,Beaver Creek,MT,44.95,-111.36,2392.7,20170824,44.78,66.02,52.34,,,,,0.0,0.09842525
296557,Beaver Creek,MT,44.95,-111.36,2392.7,20170825,39.2,61.88,47.66,,,,,0.0,0.59842552
296558,Beaver Creek,MT,44.95,-111.36,2392.7,20170826,39.2,72.14,53.06,,,,,0.0,0.0
296559,Beaver Creek,MT,44.95,-111.36,2392.7,20170827,40.46,76.64,56.12,,,,,0.0,0.0
296560,Beaver Creek,MT,44.95,-111.36,2392.7,20170828,42.26,77.36,56.3,,,,,0.0,0.0
296561,Beaver Creek,MT,44.95,-111.36,2392.7,20170829,43.34,76.64,56.66,,,,,0.0,0.0
296562,Beaver Creek,MT,44.95,-111.36,2392.7,20170830,45.68,71.96,57.2,,,,,0.0,0.0
296563,Beaver Creek,MT,44.95,-111.36,2392.7,20170831,45.68,68.72,55.22,,,,,0.0,0.0
296564,Beaver Creek,MT,44.95,-111.36,2392.7,20170901,39.38,73.76,53.6,,,,,0.0,0.0
296565,Beaver Creek,MT,44.95,-111.36,2392.7,20170902,40.1,79.16,56.84,,,,,0.0,0.0
296566,Beaver Creek,MT,44.95,-111.36,2392.7,20170903,44.96,80.78,59.18,,,,,0.0,0.0
296567,Beaver Creek,MT,44.95,-111.36,2392.7,20170904,44.06,70.52,55.4,,,,,0.0,0.0
296568,Beaver Creek,MT,44.95,-111.36,2392.7,20170905,39.02,74.84,52.16,,,,,0.0,0.0
296569,Beaver Creek,MT,44.95,-111.36,2392.7,20170906,36.86,74.66,54.14,,,,,0.0,0.0
296570,Beaver Creek,MT,44.95,-111.36,2392.7,20170907,41.72,74.12,55.04,,,,,0.0,0.0
296571,Beaver Creek,MT,44.95,-111.36,2392.7,20170908,40.1,72.32,53.06,,,,,0.0,0.09842525
296572,Beaver Creek,MT,44.95,-111.36,2392.7,20170909,41.54,67.28,53.42,,,,,0.0,0.0
296573,Beaver Creek,MT,44.95,-111.36,2392.7,20170910,44.42,70.34,54.32,,,,,0.0,0.0
296574,Beaver Creek,MT,44.95,-111.36,2392.7,20170911,41.36,73.76,55.04,,,,,0.0,0.0
296575,Beaver Creek,MT,44.95,-111.36,2392.7,20170912,41.54,74.12,55.94,,,,,0.0,0.0
296576,Beaver Creek,MT,44.95,-111.36,2392.7,20170913,39.38,65.12,50.72,,,,,0.0,0.20078751
296577,Beaver Creek,MT,44.95,-111.36,2392.7,20170914,37.22,58.28,44.06,,,,,0.9842525,0.29921276
296578,Beaver Creek,MT,44.95,-111.36,2392.7,20170915,29.66,38.12,34.34,,,,,2.9921276000000003,0.50000027
296579,Beaver Creek,MT,44.95,-111.36,2392.7,20170916,28.76,36.14,31.64,,,,,2.0078751,0.0
296580,Beaver Creek,MT,44.95,-111.36,2392.7,20170917,30.56,50.18,36.32,,,,,0.0,0.0
296581,Beaver Creek,MT,44.95,-111.36,2392.7,20170918,32.0,47.84,39.2,,,,,2.9921276000000003,1.00000054
296582,Beaver Creek,MT,44.95,-111.36,2392.7,20170919,30.38,38.3,33.44,,,,,2.0078751,0.40157502
296583,Beaver Creek,MT,44.95,-111.36,2392.7,20170920,29.3,42.26,34.52,,,,,2.0078751,0.20078751
296584,Beaver Creek,MT,44.95,-111.36,2392.7,20170921,31.82,38.84,34.52,,,,,4.0157502,0.50000027
296585,Short Creek,MT,44.98,-111.95,2133.6,20170101,-1.3,21.2,10.94,,,,,12.992133,0.0
296586,Short Creek,MT,44.98,-111.95,2133.6,20170102,-9.4,4.82,-2.2,,,,,14.015755599999999,0.09842525
296587,Short Creek,MT,44.98,-111.95,2133.6,20170103,-8.5,12.38,1.76,,,,,14.015755599999999,0.0
296588,Short Creek,MT,44.98,-111.95,2133.6,20170104,-10.3,5.36,-1.84,,,,,14.015755599999999,0.0
296589,Short Creek,MT,44.98,-111.95,2133.6,20170105,-13.9,7.16,-3.64,,,,,14.015755599999999,0.0
296590,Short Creek,MT,44.98,-111.95,2133.6,20170106,-0.04,13.28,5.54,,,,,14.015755599999999,
296591,Short Creek,MT,44.98,-111.95,2133.6,20170107,4.82,22.82,14.54,,,,,14.015755599999999,0.40157502
296592,Short Creek,MT,44.98,-111.95,2133.6,20170108,19.4,33.98,27.32,,,,,14.015755599999999,0.09842525
296593,Short Creek,MT,44.98,-111.95,2133.6,20170109,20.12,36.68,31.28,,,,,15.0000081,0.09842525
296594,Short Creek,MT,44.98,-111.95,2133.6,20170110,20.3,32.36,26.24,,,,,15.0000081,0.0
296595,Short Creek,MT,44.98,-111.95,2133.6,20170111,10.4,27.32,17.78,,,,,17.0078832,0.09842525
296596,Short Creek,MT,44.98,-111.95,2133.6,20170112,5.72,27.14,15.8,,,,,17.0078832,0.0
296597,Short Creek,MT,44.98,-111.95,2133.6,20170113,3.74,30.38,12.38,,,,,15.0000081,0.0
296598,Short Creek,MT,44.98,-111.95,2133.6,20170114,7.7,29.48,15.26,,,,,15.9842606,0.0
296599,Short Creek,MT,44.98,-111.95,2133.6,20170115,11.48,31.82,18.5,,,,,15.0000081,0.0
296600,Short Creek,MT,44.98,-111.95,2133.6,20170116,10.4,33.8,19.4,,,,,15.0000081,0.0
296601,Short Creek,MT,44.98,-111.95,2133.6,20170117,17.78,34.52,24.26,,,,,15.0000081,0.09842525
296602,Short Creek,MT,44.98,-111.95,2133.6,20170118,21.92,34.7,28.22,,,,,15.0000081,0.0
296603,Short Creek,MT,44.98,-111.95,2133.6,20170119,25.34,33.08,28.58,,,,,15.0000081,0.0
296604,Short Creek,MT,44.98,-111.95,2133.6,20170120,22.46,33.62,25.7,,,,,15.0000081,0.0
296605,Short Creek,MT,44.98,-111.95,2133.6,20170121,21.02,33.62,26.24,,,,,15.0000081,0.0
296606,Short Creek,MT,44.98,-111.95,2133.6,20170122,19.04,31.1,24.62,,,,,15.0000081,0.0
296607,Short Creek,MT,44.98,-111.95,2133.6,20170123,15.8,27.14,20.66,,,,,15.9842606,0.09842525
296608,Short Creek,MT,44.98,-111.95,2133.6,20170124,8.78,21.92,15.8,,,,,15.9842606,0.0
296609,Short Creek,MT,44.98,-111.95,2133.6,20170125,6.8,23.9,15.8,,,,,15.9842606,0.0
296610,Short Creek,MT,44.98,-111.95,2133.6,20170126,5.72,25.7,15.26,,,,,15.9842606,0.0
296611,Short Creek,MT,44.98,-111.95,2133.6,20170127,4.46,29.12,13.1,,,,,15.9842606,0.0
296612,Short Creek,MT,44.98,-111.95,2133.6,20170128,12.56,36.5,22.82,,,,,15.9842606,0.0
296613,Short Creek,MT,44.98,-111.95,2133.6,20170129,21.74,37.94,27.68,,,,,15.9842606,0.09842525
296614,Short Creek,MT,44.98,-111.95,2133.6,20170130,22.82,39.2,28.4,,,,,15.9842606,0.0
296615,Short Creek,MT,44.98,-111.95,2133.6,20170131,15.26,36.14,27.32,,,,,17.0078832,0.09842525
296616,Short Creek,MT,44.98,-111.95,2133.6,20170201,4.46,15.44,9.68,,,,,17.0078832,0.0
296617,Short Creek,MT,44.98,-111.95,2133.6,20170202,-3.46,10.58,3.2,,,,,17.9921357,0.09842525
296618,Short Creek,MT,44.98,-111.95,2133.6,20170203,6.98,36.32,27.86,,,,,17.9921357,0.0
296619,Short Creek,MT,44.98,-111.95,2133.6,20170204,30.02,44.24,34.34,,,,,17.9921357,0.0
296620,Short Creek,MT,44.98,-111.95,2133.6,20170205,29.84,36.5,33.44,,,,,17.9921357,0.0
296621,Short Creek,MT,44.98,-111.95,2133.6,20170206,26.78,36.68,32.9,,,,,17.9921357,0.09842525
296622,Short Creek,MT,44.98,-111.95,2133.6,20170207,19.4,33.26,26.78,,,,,20.9842633,0.09842525
296623,Short Creek,MT,44.98,-111.95,2133.6,20170208,25.88,44.78,33.26,,,,,19.0157583,0.09842525
296624,Short Creek,MT,44.98,-111.95,2133.6,20170209,34.7,40.1,38.12,,,,,17.9921357,0.0
296625,Short Creek,MT,44.98,-111.95,2133.6,20170210,28.22,41.9,35.42,,,,,17.9921357,0.0
296626,Short Creek,MT,44.98,-111.95,2133.6,20170211,12.2,33.62,24.98,,,,,17.9921357,0.0
296627,Short Creek,MT,44.98,-111.95,2133.6,20170212,11.12,44.42,24.8,,,,,17.9921357,0.0
296628,Short Creek,MT,44.98,-111.95,2133.6,20170213,18.14,44.78,28.58,,,,,17.9921357,0.0
296629,Short Creek,MT,44.98,-111.95,2133.6,20170214,21.74,49.64,32.9,,,,,17.9921357,0.0
296630,Short Creek,MT,44.98,-111.95,2133.6,20170215,28.76,47.12,34.34,,,,,17.9921357,0.0
296631,Short Creek,MT,44.98,-111.95,2133.6,20170216,28.4,43.16,34.7,,,,,17.9921357,0.0
296632,Short Creek,MT,44.98,-111.95,2133.6,20170217,24.98,40.28,32.18,,,,,17.9921357,0.09842525
296633,Short Creek,MT,44.98,-111.95,2133.6,20170218,32.9,45.68,37.04,,,,,17.0078832,0.0
296634,Short Creek,MT,44.98,-111.95,2133.6,20170219,25.34,41.0,33.08,,,,,17.9921357,0.09842525
296635,Short Creek,MT,44.98,-111.95,2133.6,20170220,24.26,39.02,33.08,,,,,19.0157583,0.09842525
296636,Short Creek,MT,44.98,-111.95,2133.6,20170221,26.96,45.5,35.6,,,,,17.9921357,0.0
296637,Short Creek,MT,44.98,-111.95,2133.6,20170222,20.66,38.12,27.5,,,,,17.9921357,0.0
296638,Short Creek,MT,44.98,-111.95,2133.6,20170223,17.24,26.6,22.64,,,,,17.9921357,0.0
296639,Short Creek,MT,44.98,-111.95,2133.6,20170224,8.96,27.68,17.6,,,,,17.9921357,0.0
296640,Short Creek,MT,44.98,-111.95,2133.6,20170225,9.68,23.18,16.16,,,,,17.9921357,0.0
296641,Short Creek,MT,44.98,-111.95,2133.6,20170226,9.14,22.64,15.98,,,,,17.9921357,0.0
296642,Short Creek,MT,44.98,-111.95,2133.6,20170227,8.06,26.96,16.16,,,,,17.9921357,0.0
296643,Short Creek,MT,44.98,-111.95,2133.6,20170228,10.22,30.56,18.32,,,,,19.0157583,0.09842525
296644,Short Creek,MT,44.98,-111.95,2133.6,20170301,17.6,35.78,24.44,,,,,17.9921357,0.0
296645,Short Creek,MT,44.98,-111.95,2133.6,20170302,19.58,36.32,27.14,,,,,17.9921357,0.0
296646,Short Creek,MT,44.98,-111.95,2133.6,20170303,23.9,41.54,30.56,,,,,17.9921357,0.09842525
296647,Short Creek,MT,44.98,-111.95,2133.6,20170304,27.68,39.56,32.9,,,,,17.9921357,0.0
296648,Short Creek,MT,44.98,-111.95,2133.6,20170305,21.92,39.2,30.2,,,,,17.9921357,0.0
296649,Short Creek,MT,44.98,-111.95,2133.6,20170306,16.16,30.74,21.2,,,,,19.0157583,0.09842525
296650,Short Creek,MT,44.98,-111.95,2133.6,20170307,16.34,33.26,24.98,,,,,19.0157583,0.0
296651,Short Creek,MT,44.98,-111.95,2133.6,20170308,27.68,46.4,35.78,,,,,19.0157583,0.0
296652,Short Creek,MT,44.98,-111.95,2133.6,20170309,33.26,47.66,40.28,,,,,17.9921357,0.0
296653,Short Creek,MT,44.98,-111.95,2133.6,20170310,34.16,50.54,41.9,,,,,17.0078832,0.0
296654,Short Creek,MT,44.98,-111.95,2133.6,20170311,28.76,46.58,36.68,,,,,15.9842606,0.0
296655,Short Creek,MT,44.98,-111.95,2133.6,20170312,31.28,44.78,35.96,,,,,17.0078832,0.0
296656,Short Creek,MT,44.98,-111.95,2133.6,20170313,35.96,53.6,42.44,,,,,15.9842606,0.0
296657,Short Creek,MT,44.98,-111.95,2133.6,20170314,38.12,57.2,45.14,,,,,15.0000081,0.0
296658,Short Creek,MT,44.98,-111.95,2133.6,20170315,39.02,55.04,44.96,,,,,15.0000081,0.0
296659,Short Creek,MT,44.98,-111.95,2133.6,20170316,30.74,51.62,40.82,,,,,14.015755599999999,0.0
296660,Short Creek,MT,44.98,-111.95,2133.6,20170317,28.58,54.86,40.46,,,,,12.992133,0.0
296661,Short Creek,MT,44.98,-111.95,2133.6,20170318,40.46,55.4,46.58,,,,,12.007880499999999,0.0
296662,Short Creek,MT,44.98,-111.95,2133.6,20170319,37.4,51.08,41.9,,,,,12.007880499999999,0.0
296663,Short Creek,MT,44.98,-111.95,2133.6,20170320,33.26,50.0,39.56,,,,,10.9842579,0.09842525
296664,Short Creek,MT,44.98,-111.95,2133.6,20170321,31.64,59.36,43.52,,,,,10.000005400000001,0.0
296665,Short Creek,MT,44.98,-111.95,2133.6,20170322,32.72,51.44,40.46,,,,,9.0157529,0.0
296666,Short Creek,MT,44.98,-111.95,2133.6,20170323,28.76,47.3,36.68,,,,,7.9921303,0.0
296667,Short Creek,MT,44.98,-111.95,2133.6,20170324,27.86,48.56,37.94,,,,,7.9921303,0.09842525
296668,Short Creek,MT,44.98,-111.95,2133.6,20170325,31.46,48.02,36.86,,,,,9.0157529,0.0
296669,Short Creek,MT,44.98,-111.95,2133.6,20170326,26.96,44.42,35.24,,,,,7.9921303,0.0
296670,Short Creek,MT,44.98,-111.95,2133.6,20170327,30.02,44.96,36.68,,,,,7.9921303,0.09842525
296671,Short Creek,MT,44.98,-111.95,2133.6,20170328,25.7,45.86,34.7,,,,,7.9921303,0.0
296672,Short Creek,MT,44.98,-111.95,2133.6,20170329,30.74,46.4,36.86,,,,,7.007877799999999,0.09842525
296673,Short Creek,MT,44.98,-111.95,2133.6,20170330,34.52,44.6,38.3,,,,,7.007877799999999,0.29921276
296674,Short Creek,MT,44.98,-111.95,2133.6,20170331,30.56,43.16,36.14,,,,,7.007877799999999,0.0
296675,Short Creek,MT,44.98,-111.95,2133.6,20170401,26.96,56.3,41.54,,,,,5.0000027000000005,0.0
296676,Short Creek,MT,44.98,-111.95,2133.6,20170402,25.7,49.46,37.04,,,,,5.0000027000000005,0.0
296677,Short Creek,MT,44.98,-111.95,2133.6,20170403,18.32,38.3,26.06,,,,,5.984255200000001,0.09842525
296678,Short Creek,MT,44.98,-111.95,2133.6,20170404,19.04,44.42,30.38,,,,,5.0000027000000005,0.0
296679,Short Creek,MT,44.98,-111.95,2133.6,20170405,28.94,50.9,38.48,,,,,4.0157502,0.0
296680,Short Creek,MT,44.98,-111.95,2133.6,20170406,34.7,56.84,45.68,,,,,2.9921276000000003,0.0
296681,Short Creek,MT,44.98,-111.95,2133.6,20170407,35.06,52.16,42.08,,,,,2.9921276000000003,0.20078751
296682,Short Creek,MT,44.98,-111.95,2133.6,20170408,28.94,44.78,35.6,,,,,2.0078751,0.09842525
296683,Short Creek,MT,44.98,-111.95,2133.6,20170409,21.02,37.04,29.3,,,,,2.0078751,0.0
296684,Short Creek,MT,44.98,-111.95,2133.6,20170410,20.84,43.16,31.46,,,,,2.0078751,0.09842525
296685,Short Creek,MT,44.98,-111.95,2133.6,20170411,21.02,47.84,34.7,,,,,2.9921276000000003,0.09842525
296686,Short Creek,MT,44.98,-111.95,2133.6,20170412,32.9,57.38,43.52,,,,,2.0078751,0.0
296687,Short Creek,MT,44.98,-111.95,2133.6,20170413,33.8,61.88,45.86,,,,,4.0157502,0.20078751
296688,Short Creek,MT,44.98,-111.95,2133.6,20170414,26.24,43.52,33.26,,,,,2.0078751,0.20078751
296689,Short Creek,MT,44.98,-111.95,2133.6,20170415,21.56,44.06,32.18,,,,,0.0,0.0
296690,Short Creek,MT,44.98,-111.95,2133.6,20170416,22.82,54.14,39.38,,,,,0.0,0.09842525
296691,Short Creek,MT,44.98,-111.95,2133.6,20170417,34.52,49.1,41.54,,,,,0.0,0.0
296692,Short Creek,MT,44.98,-111.95,2133.6,20170418,35.06,51.62,40.82,,,,,0.0,0.09842525
296693,Short Creek,MT,44.98,-111.95,2133.6,20170419,33.26,50.72,39.92,,,,,0.0,0.0
296694,Short Creek,MT,44.98,-111.95,2133.6,20170420,31.82,50.0,38.3,,,,,0.0,0.09842525
296695,Short Creek,MT,44.98,-111.95,2133.6,20170421,28.22,43.52,34.52,,,,,0.0,0.0
296696,Short Creek,MT,44.98,-111.95,2133.6,20170422,25.34,55.04,40.82,,,,,0.0,0.0
296697,Short Creek,MT,44.98,-111.95,2133.6,20170423,33.98,50.18,39.74,,,,,0.9842525,0.40157502
296698,Short Creek,MT,44.98,-111.95,2133.6,20170424,33.44,43.52,37.4,,,,,4.0157502,0.50000027
296699,Short Creek,MT,44.98,-111.95,2133.6,20170425,32.72,51.26,37.4,,,,,2.0078751,0.20078751
296700,Short Creek,MT,44.98,-111.95,2133.6,20170426,31.28,48.2,36.86,,,,,0.9842525,0.09842525
296701,Short Creek,MT,44.98,-111.95,2133.6,20170427,28.58,38.48,32.18,,,,,2.9921276000000003,0.40157502
296702,Short Creek,MT,44.98,-111.95,2133.6,20170428,27.14,40.28,32.36,,,,,2.0078751,0.0
296703,Short Creek,MT,44.98,-111.95,2133.6,20170429,24.44,50.0,37.76,,,,,0.9842525,0.0
296704,Short Creek,MT,44.98,-111.95,2133.6,20170430,32.72,53.6,41.54,,,,,0.0,0.0
296705,Short Creek,MT,44.98,-111.95,2133.6,20170501,33.08,49.82,40.46,,,,,0.0,0.0
296706,Short Creek,MT,44.98,-111.95,2133.6,20170502,31.82,52.34,41.72,,,,,0.0,0.0
296707,Short Creek,MT,44.98,-111.95,2133.6,20170503,27.86,61.88,46.04,,,,,0.0,0.0
296708,Short Creek,MT,44.98,-111.95,2133.6,20170504,37.94,72.14,54.68,,,,,0.0,0.0
296709,Short Creek,MT,44.98,-111.95,2133.6,20170505,47.48,74.66,59.36,,,,,0.0,0.0
296710,Short Creek,MT,44.98,-111.95,2133.6,20170506,42.62,71.96,55.58,,,,,0.0,0.0
296711,Short Creek,MT,44.98,-111.95,2133.6,20170507,38.12,57.56,46.58,,,,,0.0,0.29921276
296712,Short Creek,MT,44.98,-111.95,2133.6,20170508,35.42,55.58,42.98,,,,,0.0,0.0
296713,Short Creek,MT,44.98,-111.95,2133.6,20170509,35.42,59.54,45.68,,,,,0.0,0.0
296714,Short Creek,MT,44.98,-111.95,2133.6,20170510,35.42,67.28,52.52,,,,,0.0,0.0
296715,Short Creek,MT,44.98,-111.95,2133.6,20170511,41.0,72.14,56.84,,,,,0.0,0.0
296716,Short Creek,MT,44.98,-111.95,2133.6,20170512,33.98,71.06,55.04,,,,,0.0,0.0
296717,Short Creek,MT,44.98,-111.95,2133.6,20170513,29.3,41.54,34.34,,,,,0.0,0.40157502
296718,Short Creek,MT,44.98,-111.95,2133.6,20170514,26.96,50.18,38.12,,,,,0.0,0.0
296719,Short Creek,MT,44.98,-111.95,2133.6,20170515,33.62,48.74,38.3,,,,,0.0,0.0
296720,Short Creek,MT,44.98,-111.95,2133.6,20170516,30.92,53.42,40.1,,,,,0.9842525,0.20078751
296721,Short Creek,MT,44.98,-111.95,2133.6,20170517,30.02,36.5,32.72,,,,,0.0,0.40157502
296722,Short Creek,MT,44.98,-111.95,2133.6,20170518,30.74,45.5,35.96,,,,,0.0,0.09842525
296723,Short Creek,MT,44.98,-111.95,2133.6,20170519,27.86,54.14,40.82,,,,,0.0,0.0
296724,Short Creek,MT,44.98,-111.95,2133.6,20170520,33.62,56.3,42.26,,,,,0.0,0.09842525
296725,Short Creek,MT,44.98,-111.95,2133.6,20170521,34.7,58.64,45.68,,,,,0.0,0.0
296726,Short Creek,MT,44.98,-111.95,2133.6,20170522,35.06,63.14,48.92,,,,,0.0,0.0
296727,Short Creek,MT,44.98,-111.95,2133.6,20170523,37.22,71.24,54.86,,,,,0.0,0.0
296728,Short Creek,MT,44.98,-111.95,2133.6,20170524,36.5,68.36,53.78,,,,,0.0,0.0
296729,Short Creek,MT,44.98,-111.95,2133.6,20170525,30.74,50.9,40.64,,,,,0.0,0.0
296730,Short Creek,MT,44.98,-111.95,2133.6,20170526,35.78,54.86,43.88,,,,,0.0,0.0
296731,Short Creek,MT,44.98,-111.95,2133.6,20170527,34.88,60.98,47.3,,,,,0.0,0.0
296732,Short Creek,MT,44.98,-111.95,2133.6,20170528,37.22,66.92,52.16,,,,,0.0,0.0
296733,Short Creek,MT,44.98,-111.95,2133.6,20170529,39.56,68.18,53.96,,,,,0.0,0.0
296734,Short Creek,MT,44.98,-111.95,2133.6,20170530,43.7,71.96,55.58,,,,,0.0,0.09842525
296735,Short Creek,MT,44.98,-111.95,2133.6,20170531,45.5,77.9,63.68,,,,,0.0,0.09842525
296736,Short Creek,MT,44.98,-111.95,2133.6,20170601,48.38,69.8,58.28,,,,,0.0,0.09842525
296737,Short Creek,MT,44.98,-111.95,2133.6,20170602,45.5,68.36,55.22,,,,,0.0,0.0
296738,Short Creek,MT,44.98,-111.95,2133.6,20170603,43.7,74.3,59.54,,,,,0.0,0.0
296739,Short Creek,MT,44.98,-111.95,2133.6,20170604,48.2,80.78,63.86,,,,,0.0,0.0
296740,Short Creek,MT,44.98,-111.95,2133.6,20170605,42.44,65.3,52.52,,,,,0.0,0.20078751
296741,Short Creek,MT,44.98,-111.95,2133.6,20170606,40.64,71.24,56.48,,,,,0.0,0.0
296742,Short Creek,MT,44.98,-111.95,2133.6,20170607,46.4,80.42,62.06,,,,,0.0,0.0
296743,Short Creek,MT,44.98,-111.95,2133.6,20170608,48.92,78.08,64.04,,,,,0.0,0.09842525
296744,Short Creek,MT,44.98,-111.95,2133.6,20170609,39.74,57.56,48.56,,,,,0.0,0.20078751
296745,Short Creek,MT,44.98,-111.95,2133.6,20170610,34.52,56.3,44.42,,,,,0.0,0.09842525
296746,Short Creek,MT,44.98,-111.95,2133.6,20170611,31.1,59.9,46.04,,,,,0.0,0.0
296747,Short Creek,MT,44.98,-111.95,2133.6,20170612,35.24,66.02,45.32,,,,,0.0,0.59842552
296748,Short Creek,MT,44.98,-111.95,2133.6,20170613,35.06,43.88,39.74,,,,,0.0,0.90157529
296749,Short Creek,MT,44.98,-111.95,2133.6,20170614,39.02,62.78,49.82,,,,,0.0,0.0
296750,Short Creek,MT,44.98,-111.95,2133.6,20170615,44.06,63.32,53.6,,,,,0.0,0.0
296751,Short Creek,MT,44.98,-111.95,2133.6,20170616,46.04,57.2,51.62,,,,,0.0,0.09842525
296752,Short Creek,MT,44.98,-111.95,2133.6,20170617,41.9,62.78,51.26,,,,,0.0,0.0
296753,Short Creek,MT,44.98,-111.95,2133.6,20170618,45.86,65.12,54.5,,,,,0.0,0.0
296754,Short Creek,MT,44.98,-111.95,2133.6,20170619,41.72,76.82,60.62,,,,,0.0,0.0
296755,Short Creek,MT,44.98,-111.95,2133.6,20170620,53.96,82.58,67.64,,,,,0.0,0.0
296756,Short Creek,MT,44.98,-111.95,2133.6,20170621,48.2,77.36,63.32,,,,,0.0,0.0
296757,Short Creek,MT,44.98,-111.95,2133.6,20170622,39.92,65.3,52.52,,,,,0.0,0.20078751
296758,Short Creek,MT,44.98,-111.95,2133.6,20170623,35.24,65.12,50.54,,,,,0.0,0.0
296759,Short Creek,MT,44.98,-111.95,2133.6,20170624,40.28,70.34,55.04,,,,,0.0,0.0
296760,Short Creek,MT,44.98,-111.95,2133.6,20170625,42.8,76.46,59.9,,,,,0.0,0.0
296761,Short Creek,MT,44.98,-111.95,2133.6,20170626,49.82,82.04,64.4,,,,,0.0,0.0
296762,Short Creek,MT,44.98,-111.95,2133.6,20170627,42.8,66.02,53.42,,,,,0.0,0.50000027
296763,Short Creek,MT,44.98,-111.95,2133.6,20170628,40.82,66.02,52.34,,,,,0.0,0.20078751
296764,Short Creek,MT,44.98,-111.95,2133.6,20170629,39.2,61.34,48.2,,,,,0.0,0.09842525
296765,Short Creek,MT,44.98,-111.95,2133.6,20170630,37.94,73.04,55.22,,,,,0.0,0.0
296766,Short Creek,MT,44.98,-111.95,2133.6,20170701,46.58,77.72,62.24,,,,,0.0,0.0
296767,Short Creek,MT,44.98,-111.95,2133.6,20170702,49.28,77.54,61.88,,,,,0.0,0.0
296768,Short Creek,MT,44.98,-111.95,2133.6,20170703,48.92,82.4,64.76,,,,,0.0,0.0
296769,Short Creek,MT,44.98,-111.95,2133.6,20170704,50.18,82.22,66.2,,,,,0.0,0.0
296770,Short Creek,MT,44.98,-111.95,2133.6,20170705,53.24,87.62,63.5,,,,,0.0,0.09842525
296771,Short Creek,MT,44.98,-111.95,2133.6,20170706,53.78,85.64,68.9,,,,,0.0,0.0
296772,Short Creek,MT,44.98,-111.95,2133.6,20170707,54.86,83.12,66.56,,,,,0.0,0.40157502
296773,Short Creek,MT,44.98,-111.95,2133.6,20170708,55.94,85.28,68.0,,,,,0.0,0.20078751
296774,Short Creek,MT,44.98,-111.95,2133.6,20170709,52.34,77.9,64.4,,,,,0.0,0.20078751
296775,Short Creek,MT,44.98,-111.95,2133.6,20170710,51.44,79.7,63.68,,,,,0.0,0.0
296776,Short Creek,MT,44.98,-111.95,2133.6,20170711,48.02,77.72,61.88,,,,,0.0,0.0
296777,Short Creek,MT,44.98,-111.95,2133.6,20170712,48.38,80.6,64.04,,,,,0.0,0.0
296778,Short Creek,MT,44.98,-111.95,2133.6,20170713,52.88,84.74,69.26,,,,,0.0,0.0
296779,Short Creek,MT,44.98,-111.95,2133.6,20170714,53.78,83.66,69.08,,,,,0.0,0.0
296780,Short Creek,MT,44.98,-111.95,2133.6,20170715,56.48,85.82,69.8,,,,,0.0,0.0
296781,Short Creek,MT,44.98,-111.95,2133.6,20170716,51.98,82.94,66.2,,,,,0.0,0.09842525
296782,Short Creek,MT,44.98,-111.95,2133.6,20170717,48.2,74.66,60.44,,,,,0.0,0.0
296783,Short Creek,MT,44.98,-111.95,2133.6,20170718,51.62,81.5,66.2,,,,,0.0,0.0
296784,Short Creek,MT,44.98,-111.95,2133.6,20170719,50.36,84.38,67.64,,,,,0.0,0.0
296785,Short Creek,MT,44.98,-111.95,2133.6,20170720,53.42,83.84,68.18,,,,,0.0,0.0
296786,Short Creek,MT,44.98,-111.95,2133.6,20170721,48.2,78.62,63.5,,,,,0.0,0.0
296787,Short Creek,MT,44.98,-111.95,2133.6,20170722,48.02,79.7,64.22,,,,,0.0,0.0
296788,Short Creek,MT,44.98,-111.95,2133.6,20170723,49.82,85.1,68.18,,,,,0.0,0.0
296789,Short Creek,MT,44.98,-111.95,2133.6,20170724,52.7,80.96,64.04,,,,,0.0,0.0
296790,Short Creek,MT,44.98,-111.95,2133.6,20170725,53.42,72.5,60.44,,,,,0.0,0.09842525
296791,Short Creek,MT,44.98,-111.95,2133.6,20170726,50.9,72.14,59.18,,,,,0.0,0.09842525
296792,Short Creek,MT,44.98,-111.95,2133.6,20170727,48.2,72.14,58.64,,,,,0.0,0.09842525
296793,Short Creek,MT,44.98,-111.95,2133.6,20170728,46.58,77.9,58.64,,,,,0.0,0.0
296794,Short Creek,MT,44.98,-111.95,2133.6,20170729,47.66,79.88,63.5,,,,,0.0,0.0
296795,Short Creek,MT,44.98,-111.95,2133.6,20170730,50.72,84.74,65.3,,,,,0.0,0.0
296796,Short Creek,MT,44.98,-111.95,2133.6,20170731,51.08,84.74,67.28,,,,,0.0,0.0
296797,Short Creek,MT,44.98,-111.95,2133.6,20170801,50.72,84.56,66.92,,,,,0.0,0.0
296798,Short Creek,MT,44.98,-111.95,2133.6,20170802,49.82,77.54,62.06,,,,,0.0,0.0
296799,Short Creek,MT,44.98,-111.95,2133.6,20170803,46.4,78.08,61.52,,,,,0.0,0.0
296800,Short Creek,MT,44.98,-111.95,2133.6,20170804,50.0,83.12,66.02,,,,,0.0,0.0
296801,Short Creek,MT,44.98,-111.95,2133.6,20170805,46.04,74.12,58.64,,,,,0.0,0.0
296802,Short Creek,MT,44.98,-111.95,2133.6,20170806,41.54,71.42,55.58,,,,,0.0,0.0
296803,Short Creek,MT,44.98,-111.95,2133.6,20170807,43.88,76.1,59.9,,,,,0.0,0.0
296804,Short Creek,MT,44.98,-111.95,2133.6,20170808,50.9,75.56,61.52,,,,,0.0,0.0
296805,Short Creek,MT,44.98,-111.95,2133.6,20170809,45.68,72.5,56.48,,,,,0.0,0.0
296806,Short Creek,MT,44.98,-111.95,2133.6,20170810,43.34,75.02,59.54,,,,,0.0,0.0
296807,Short Creek,MT,44.98,-111.95,2133.6,20170811,48.2,75.38,59.72,,,,,0.0,0.0
296808,Short Creek,MT,44.98,-111.95,2133.6,20170812,46.76,76.64,61.52,,,,,0.0,0.0
296809,Short Creek,MT,44.98,-111.95,2133.6,20170813,49.28,75.02,58.28,,,,,0.0,0.20078751
296810,Short Creek,MT,44.98,-111.95,2133.6,20170814,46.4,62.6,52.34,,,,,0.0,1.20078805
296811,Short Creek,MT,44.98,-111.95,2133.6,20170815,41.36,70.34,55.22,,,,,0.0,0.09842525
296812,Short Creek,MT,44.98,-111.95,2133.6,20170816,43.52,75.56,58.64,,,,,0.0,0.0
296813,Short Creek,MT,44.98,-111.95,2133.6,20170817,47.3,73.58,60.08,,,,,0.0,0.09842525
296814,Short Creek,MT,44.98,-111.95,2133.6,20170818,45.86,78.62,61.88,,,,,0.0,0.0
296815,Short Creek,MT,44.98,-111.95,2133.6,20170819,48.56,77.54,61.34,,,,,0.0,0.0
296816,Short Creek,MT,44.98,-111.95,2133.6,20170820,43.7,73.58,58.1,,,,,0.0,0.0
296817,Short Creek,MT,44.98,-111.95,2133.6,20170821,45.32,72.32,57.74,,,,,0.0,0.0
296818,Short Creek,MT,44.98,-111.95,2133.6,20170822,46.58,82.04,63.68,,,,,0.0,0.0
296819,Short Creek,MT,44.98,-111.95,2133.6,20170823,48.92,77.54,61.88,,,,,0.0,0.0
296820,Short Creek,MT,44.98,-111.95,2133.6,20170824,49.64,69.8,58.46,,,,,0.0,0.20078751
296821,Short Creek,MT,44.98,-111.95,2133.6,20170825,44.42,74.48,59.72,,,,,0.0,0.0
296822,Short Creek,MT,44.98,-111.95,2133.6,20170826,47.12,77.9,61.88,,,,,0.0,0.0
296823,Short Creek,MT,44.98,-111.95,2133.6,20170827,48.2,81.68,64.4,,,,,0.0,0.0
296824,Short Creek,MT,44.98,-111.95,2133.6,20170828,50.0,81.32,64.58,,,,,0.0,0.0
296825,Short Creek,MT,44.98,-111.95,2133.6,20170829,51.98,81.32,64.94,,,,,0.0,0.0
296826,Short Creek,MT,44.98,-111.95,2133.6,20170830,55.22,78.98,65.48,,,,,0.0,0.0
296827,Short Creek,MT,44.98,-111.95,2133.6,20170831,52.16,78.44,63.14,,,,,0.0,0.0
296828,Short Creek,MT,44.98,-111.95,2133.6,20170901,45.68,76.46,60.62,,,,,0.0,0.0
296829,Short Creek,MT,44.98,-111.95,2133.6,20170902,48.2,85.1,65.66,,,,,0.0,0.0
296830,Short Creek,MT,44.98,-111.95,2133.6,20170903,53.42,86.72,68.18,,,,,0.0,0.0
296831,Short Creek,MT,44.98,-111.95,2133.6,20170904,46.58,72.14,58.64,,,,,0.0,0.0
296832,Short Creek,MT,44.98,-111.95,2133.6,20170905,41.72,75.38,56.84,,,,,0.0,0.0
296833,Short Creek,MT,44.98,-111.95,2133.6,20170906,45.86,78.62,60.98,,,,,0.0,0.0
296834,Short Creek,MT,44.98,-111.95,2133.6,20170907,49.64,78.98,61.88,,,,,0.0,0.0
296835,Short Creek,MT,44.98,-111.95,2133.6,20170908,52.34,82.22,64.22,,,,,0.0,0.0
296836,Short Creek,MT,44.98,-111.95,2133.6,20170909,54.14,78.44,63.5,,,,,0.0,0.0
296837,Short Creek,MT,44.98,-111.95,2133.6,20170910,52.88,76.46,62.24,,,,,0.0,0.0
296838,Short Creek,MT,44.98,-111.95,2133.6,20170911,46.94,79.16,62.06,,,,,0.0,0.0
296839,Short Creek,MT,44.98,-111.95,2133.6,20170912,50.72,81.5,64.4,,,,,0.0,0.0
296840,Short Creek,MT,44.98,-111.95,2133.6,20170913,49.82,73.76,58.82,,,,,0.0,0.20078751
296841,Short Creek,MT,44.98,-111.95,2133.6,20170914,36.68,62.96,47.12,,,,,0.0,0.29921276
296842,Short Creek,MT,44.98,-111.95,2133.6,20170915,32.54,37.04,34.7,,,,,2.0078751,0.70078778
296843,Short Creek,MT,44.98,-111.95,2133.6,20170916,30.92,45.14,35.24,,,,,0.0,0.09842525
296844,Short Creek,MT,44.98,-111.95,2133.6,20170917,32.18,58.82,43.16,,,,,0.0,0.0
296845,Short Creek,MT,44.98,-111.95,2133.6,20170918,35.24,52.16,44.24,,,,,0.0,0.20078751
296846,Short Creek,MT,44.98,-111.95,2133.6,20170919,32.9,42.62,36.86,,,,,0.0,0.29921276
296847,Short Creek,MT,44.98,-111.95,2133.6,20170920,30.38,51.8,39.56,,,,,0.0,0.0
296848,Short Creek,MT,44.98,-111.95,2133.6,20170921,33.62,38.12,35.78,,,,,,0.20078751
315591,Dupuyer Creek,MT,48.06,-112.76,1752.6,20170101,-0.58,19.76,6.8,,,,,19.0157583,0.20078751
315592,Dupuyer Creek,MT,48.06,-112.76,1752.6,20170102,-7.96,2.48,-2.02,,,,,19.0157583,0.0
315593,Dupuyer Creek,MT,48.06,-112.76,1752.6,20170103,-14.26,1.94,-5.08,,,,,19.0157583,0.0
315594,Dupuyer Creek,MT,48.06,-112.76,1752.6,20170104,1.04,12.02,8.24,,,,,17.9921357,0.0
315595,Dupuyer Creek,MT,48.06,-112.76,1752.6,20170105,9.14,18.5,15.08,,,,,17.9921357,0.09842525
315596,Dupuyer Creek,MT,48.06,-112.76,1752.6,20170106,12.38,23.54,17.96,,,,,17.0078832,0.09842525
315597,Dupuyer Creek,MT,48.06,-112.76,1752.6,20170107,-1.3,22.82,11.3,,,,,17.0078832,0.0
315598,Dupuyer Creek,MT,48.06,-112.76,1752.6,20170108,-3.64,27.68,12.02,,,,,17.0078832,0.0
315599,Dupuyer Creek,MT,48.06,-112.76,1752.6,20170109,-6.88,33.08,16.34,,,,,22.007885899999998,0.20078751
315600,Dupuyer Creek,MT,48.06,-112.76,1752.6,20170110,-10.12,3.2,-3.46,,,,,25.984266,0.40157502
315601,Dupuyer Creek,MT,48.06,-112.76,1752.6,20170111,-16.78,16.52,3.56,,,,,24.015760999999998,0.0
315602,Dupuyer Creek,MT,48.06,-112.76,1752.6,20170112,1.58,24.62,15.26,,,,,22.992138399999998,0.0
315603,Dupuyer Creek,MT,48.06,-112.76,1752.6,20170113,21.74,43.52,25.52,,,,,22.007885899999998,0.20078751
315604,Dupuyer Creek,MT,48.06,-112.76,1752.6,20170114,25.88,35.06,30.38,,,,,22.007885899999998,0.09842525
315605,Dupuyer Creek,MT,48.06,-112.76,1752.6,20170115,29.84,36.68,33.26,,,,,20.9842633,0.09842525
315606,Dupuyer Creek,MT,48.06,-112.76,1752.6,20170116,29.12,43.52,35.6,,,,,20.000010800000002,0.0
315607,Dupuyer Creek,MT,48.06,-112.76,1752.6,20170117,35.78,47.3,41.54,,,,,19.0157583,0.0
315608,Dupuyer Creek,MT,48.06,-112.76,1752.6,20170118,37.58,47.48,42.62,,,,,17.9921357,0.0
315609,Dupuyer Creek,MT,48.06,-112.76,1752.6,20170119,30.38,41.36,37.04,,,,,17.9921357,0.0
315610,Dupuyer Creek,MT,48.06,-112.76,1752.6,20170120,24.62,33.62,29.48,,,,,17.9921357,0.0
315611,Dupuyer Creek,MT,48.06,-112.76,1752.6,20170121,22.64,32.72,27.5,,,,,17.9921357,0.0
315612,Dupuyer Creek,MT,48.06,-112.76,1752.6,20170122,19.58,32.72,24.26,,,,,17.9921357,0.0
315613,Dupuyer Creek,MT,48.06,-112.76,1752.6,20170123,9.32,40.46,18.5,,,,,17.9921357,0.0
315614,Dupuyer Creek,MT,48.06,-112.76,1752.6,20170124,13.64,27.86,20.48,,,,,19.0157583,0.0
315615,Dupuyer Creek,MT,48.06,-112.76,1752.6,20170125,20.48,25.52,23.0,,,,,19.0157583,0.0
315616,Dupuyer Creek,MT,48.06,-112.76,1752.6,20170126,20.84,30.02,25.34,,,,,19.0157583,0.0
315617,Dupuyer Creek,MT,48.06,-112.76,1752.6,20170127,26.06,33.44,29.66,,,,,17.9921357,0.0
315618,Dupuyer Creek,MT,48.06,-112.76,1752.6,20170128,32.72,44.06,38.12,,,,,17.9921357,0.0
315619,Dupuyer Creek,MT,48.06,-112.76,1752.6,20170129,35.42,46.22,41.36,,,,,17.0078832,0.0
315620,Dupuyer Creek,MT,48.06,-112.76,1752.6,20170130,21.02,36.32,31.82,,,,,17.9921357,0.0
315621,Dupuyer Creek,MT,48.06,-112.76,1752.6,20170131,6.44,21.02,14.0,,,,,24.015760999999998,0.09842525
315622,Dupuyer Creek,MT,48.06,-112.76,1752.6,20170201,1.22,12.2,7.34,,,,,22.992138399999998,0.0
315623,Dupuyer Creek,MT,48.06,-112.76,1752.6,20170202,-8.68,35.24,4.64,,,,,22.007885899999998,0.0
315624,Dupuyer Creek,MT,48.06,-112.76,1752.6,20170203,5.18,48.92,15.98,,,,,25.984266,0.20078751
315625,Dupuyer Creek,MT,48.06,-112.76,1752.6,20170204,2.84,27.5,5.9,,,,,32.0078913,0.59842552
315626,Dupuyer Creek,MT,48.06,-112.76,1752.6,20170205,-4.18,33.26,8.42,,,,,42.9921492,0.90157529
315627,Dupuyer Creek,MT,48.06,-112.76,1752.6,20170206,-10.3,18.68,-4.36,,,,,47.992151899999996,0.59842552
315628,Dupuyer Creek,MT,48.06,-112.76,1752.6,20170207,-14.44,4.1,-10.3,,,,,45.984276799999996,0.09842525
315629,Dupuyer Creek,MT,48.06,-112.76,1752.6,20170208,3.38,36.14,21.56,,,,,42.9921492,0.40157502
315630,Dupuyer Creek,MT,48.06,-112.76,1752.6,20170209,32.0,43.16,39.02,,,,,35.0000189,0.79921303
315631,Dupuyer Creek,MT,48.06,-112.76,1752.6,20170210,29.3,37.4,33.44,,,,,34.0157664,0.20078751
315632,Dupuyer Creek,MT,48.06,-112.76,1752.6,20170211,22.64,29.66,26.42,,,,,34.0157664,0.0
315633,Dupuyer Creek,MT,48.06,-112.76,1752.6,20170212,18.14,32.0,39.02,,,,,32.9921438,0.09842525
315634,Dupuyer Creek,MT,48.06,-112.76,1752.6,20170213,34.88,43.7,39.38,,,,,32.9921438,0.09842525
315635,Dupuyer Creek,MT,48.06,-112.76,1752.6,20170214,29.84,50.18,40.1,,,,,32.0078913,0.09842525
315636,Dupuyer Creek,MT,48.06,-112.76,1752.6,20170215,42.44,53.96,48.2,,,,,29.015763699999997,0.09842525
315637,Dupuyer Creek,MT,48.06,-112.76,1752.6,20170216,37.22,48.02,43.16,,,,,27.9921411,0.0
315638,Dupuyer Creek,MT,48.06,-112.76,1752.6,20170217,18.86,38.84,35.24,,,,,27.0078886,0.0
315639,Dupuyer Creek,MT,48.06,-112.76,1752.6,20170218,31.28,43.34,37.4,,,,,27.0078886,0.0
315640,Dupuyer Creek,MT,48.06,-112.76,1752.6,20170219,29.12,42.62,36.32,,,,,25.984266,0.0
315641,Dupuyer Creek,MT,48.06,-112.76,1752.6,20170220,22.46,40.82,32.36,,,,,25.0000135,0.0
315642,Dupuyer Creek,MT,48.06,-112.76,1752.6,20170221,29.48,38.48,33.08,,,,,30.0000162,0.09842525
315643,Dupuyer Creek,MT,48.06,-112.76,1752.6,20170222,23.18,32.9,24.08,,,,,29.015763699999997,0.0
315644,Dupuyer Creek,MT,48.06,-112.76,1752.6,20170223,13.64,23.9,19.58,,,,,30.0000162,0.09842525
315645,Dupuyer Creek,MT,48.06,-112.76,1752.6,20170224,14.9,24.26,18.86,,,,,30.0000162,0.0
315646,Dupuyer Creek,MT,48.06,-112.76,1752.6,20170225,17.24,21.56,19.4,,,,,29.015763699999997,0.0
315647,Dupuyer Creek,MT,48.06,-112.76,1752.6,20170226,3.74,21.2,12.38,,,,,32.0078913,0.09842525
315648,Dupuyer Creek,MT,48.06,-112.76,1752.6,20170227,-4.9,26.96,15.44,,,,,30.0000162,0.09842525
315649,Dupuyer Creek,MT,48.06,-112.76,1752.6,20170228,12.38,19.04,15.62,,,,,32.9921438,0.29921276
315650,Dupuyer Creek,MT,48.06,-112.76,1752.6,20170301,18.14,29.3,24.44,,,,,39.0157691,0.40157502
315651,Dupuyer Creek,MT,48.06,-112.76,1752.6,20170302,19.22,36.86,28.04,,,,,37.007894,0.0
315652,Dupuyer Creek,MT,48.06,-112.76,1752.6,20170303,32.54,41.54,36.68,,,,,35.9842714,0.09842525
315653,Dupuyer Creek,MT,48.06,-112.76,1752.6,20170304,29.12,40.1,35.6,,,,,37.007894,0.0
315654,Dupuyer Creek,MT,48.06,-112.76,1752.6,20170305,12.02,29.12,20.48,,,,,39.0157691,0.09842525
315655,Dupuyer Creek,MT,48.06,-112.76,1752.6,20170306,18.32,28.22,22.28,,,,,40.000021600000004,0.20078751
315656,Dupuyer Creek,MT,48.06,-112.76,1752.6,20170307,18.5,44.06,27.68,,,,,40.9842741,0.29921276
315657,Dupuyer Creek,MT,48.06,-112.76,1752.6,20170308,-6.52,33.62,21.38,,,,,42.9921492,0.20078751
315658,Dupuyer Creek,MT,48.06,-112.76,1752.6,20170309,-11.92,8.24,-1.84,,,,,44.015771799999996,0.20078751
315659,Dupuyer Creek,MT,48.06,-112.76,1752.6,20170310,2.84,39.74,16.88,,,,,45.00002429999999,0.40157502
315660,Dupuyer Creek,MT,48.06,-112.76,1752.6,20170311,3.92,43.52,33.44,,,,,44.015771799999996,0.29921276
315661,Dupuyer Creek,MT,48.06,-112.76,1752.6,20170312,33.98,37.58,36.14,,,,,42.9921492,0.0
315662,Dupuyer Creek,MT,48.06,-112.76,1752.6,20170313,35.6,47.12,41.36,,,,,40.000021600000004,0.09842525
315663,Dupuyer Creek,MT,48.06,-112.76,1752.6,20170314,39.02,49.64,44.42,,,,,35.9842714,0.0
315664,Dupuyer Creek,MT,48.06,-112.76,1752.6,20170315,41.36,50.0,45.68,,,,,34.0157664,0.0
315665,Dupuyer Creek,MT,48.06,-112.76,1752.6,20170316,29.66,43.34,36.86,,,,,34.0157664,0.0
315666,Dupuyer Creek,MT,48.06,-112.76,1752.6,20170317,27.32,47.48,37.4,,,,,34.0157664,0.20078751
315667,Dupuyer Creek,MT,48.06,-112.76,1752.6,20170318,38.66,51.98,44.96,,,,,32.0078913,0.0
315668,Dupuyer Creek,MT,48.06,-112.76,1752.6,20170319,26.78,40.82,35.78,,,,,32.0078913,0.0
315669,Dupuyer Creek,MT,48.06,-112.76,1752.6,20170320,23.54,36.32,29.48,,,,,32.0078913,0.0
315670,Dupuyer Creek,MT,48.06,-112.76,1752.6,20170321,21.56,46.58,36.14,,,,,30.984268699999998,0.09842525
315671,Dupuyer Creek,MT,48.06,-112.76,1752.6,20170322,37.04,46.22,41.18,,,,,32.0078913,0.0
315672,Dupuyer Creek,MT,48.06,-112.76,1752.6,20170323,33.08,38.84,35.96,,,,,30.984268699999998,0.0
315673,Dupuyer Creek,MT,48.06,-112.76,1752.6,20170324,29.3,52.34,39.56,,,,,30.984268699999998,0.0
315674,Dupuyer Creek,MT,48.06,-112.76,1752.6,20170325,31.1,43.34,36.68,,,,,30.984268699999998,0.0
315675,Dupuyer Creek,MT,48.06,-112.76,1752.6,20170326,30.2,43.52,36.5,,,,,30.984268699999998,0.0
315676,Dupuyer Creek,MT,48.06,-112.76,1752.6,20170327,32.54,44.24,38.48,,,,,30.984268699999998,0.0
315677,Dupuyer Creek,MT,48.06,-112.76,1752.6,20170328,33.08,41.54,35.96,,,,,30.0000162,0.0
315678,Dupuyer Creek,MT,48.06,-112.76,1752.6,20170329,34.88,46.04,40.46,,,,,30.0000162,0.0
315679,Dupuyer Creek,MT,48.06,-112.76,1752.6,20170330,34.88,46.58,40.64,,,,,30.984268699999998,0.0
315680,Dupuyer Creek,MT,48.06,-112.76,1752.6,20170331,32.0,42.62,37.22,,,,,30.0000162,0.0
315681,Dupuyer Creek,MT,48.06,-112.76,1752.6,20170401,38.12,50.36,42.44,,,,,30.0000162,0.0
315682,Dupuyer Creek,MT,48.06,-112.76,1752.6,20170402,30.2,42.62,36.14,,,,,30.0000162,0.0
315683,Dupuyer Creek,MT,48.06,-112.76,1752.6,20170403,23.54,31.28,28.04,,,,,32.0078913,0.20078751
315684,Dupuyer Creek,MT,48.06,-112.76,1752.6,20170404,23.0,42.44,34.34,,,,,30.984268699999998,0.0
315685,Dupuyer Creek,MT,48.06,-112.76,1752.6,20170405,36.86,48.38,42.98,,,,,29.015763699999997,0.09842525
315686,Dupuyer Creek,MT,48.06,-112.76,1752.6,20170406,40.64,56.84,48.74,,,,,30.0000162,0.0
315687,Dupuyer Creek,MT,48.06,-112.76,1752.6,20170407,35.06,54.68,41.72,,,,,29.015763699999997,0.0
315688,Dupuyer Creek,MT,48.06,-112.76,1752.6,20170408,32.9,48.74,40.82,,,,,32.0078913,0.09842525
315689,Dupuyer Creek,MT,48.06,-112.76,1752.6,20170409,26.06,35.78,30.92,,,,,32.0078913,0.0
315690,Dupuyer Creek,MT,48.06,-112.76,1752.6,20170410,25.16,41.72,33.08,,,,,29.015763699999997,0.09842525
315691,Dupuyer Creek,MT,48.06,-112.76,1752.6,20170411,29.3,43.34,36.32,,,,,29.015763699999997,0.0
315692,Dupuyer Creek,MT,48.06,-112.76,1752.6,20170412,31.82,41.36,37.4,,,,,27.9921411,0.0
315693,Dupuyer Creek,MT,48.06,-112.76,1752.6,20170413,35.06,51.44,39.56,,,,,27.0078886,0.09842525
315694,Dupuyer Creek,MT,48.06,-112.76,1752.6,20170414,31.82,40.64,35.78,,,,,27.0078886,0.0
315695,Dupuyer Creek,MT,48.06,-112.76,1752.6,20170415,30.74,37.4,34.16,,,,,27.0078886,0.0
315696,Dupuyer Creek,MT,48.06,-112.76,1752.6,20170416,30.2,46.22,36.86,,,,,25.984266,0.09842525
315697,Dupuyer Creek,MT,48.06,-112.76,1752.6,20170417,30.74,43.16,37.04,,,,,25.984266,0.09842525
315698,Dupuyer Creek,MT,48.06,-112.76,1752.6,20170418,37.76,51.62,42.62,,,,,25.0000135,0.09842525
315699,Dupuyer Creek,MT,48.06,-112.76,1752.6,20170419,35.96,48.02,41.54,,,,,25.0000135,0.0
315700,Dupuyer Creek,MT,48.06,-112.76,1752.6,20170420,35.06,53.96,44.6,,,,,24.015760999999998,0.0
315701,Dupuyer Creek,MT,48.06,-112.76,1752.6,20170421,32.54,37.58,35.24,,,,,25.984266,0.0
315702,Dupuyer Creek,MT,48.06,-112.76,1752.6,20170422,29.3,53.42,41.54,,,,,25.0000135,0.20078751
315703,Dupuyer Creek,MT,48.06,-112.76,1752.6,20170423,37.4,51.08,44.24,,,,,22.992138399999998,0.0
315704,Dupuyer Creek,MT,48.06,-112.76,1752.6,20170424,34.16,47.48,40.82,,,,,22.992138399999998,0.0
315705,Dupuyer Creek,MT,48.06,-112.76,1752.6,20170425,30.74,44.96,37.76,,,,,25.0000135,0.09842525
315706,Dupuyer Creek,MT,48.06,-112.76,1752.6,20170426,30.2,42.44,36.5,,,,,24.015760999999998,0.0
315707,Dupuyer Creek,MT,48.06,-112.76,1752.6,20170427,32.9,40.28,35.6,,,,,24.015760999999998,0.0
315708,Dupuyer Creek,MT,48.06,-112.76,1752.6,20170428,32.72,38.48,35.24,,,,,24.015760999999998,0.0
315709,Dupuyer Creek,MT,48.06,-112.76,1752.6,20170429,34.7,47.12,40.82,,,,,22.992138399999998,0.20078751
315710,Dupuyer Creek,MT,48.06,-112.76,1752.6,20170430,36.68,45.14,39.56,,,,,22.992138399999998,0.0
315711,Dupuyer Creek,MT,48.06,-112.76,1752.6,20170501,34.52,46.58,39.92,,,,,22.007885899999998,0.0
315712,Dupuyer Creek,MT,48.06,-112.76,1752.6,20170502,34.52,43.16,38.3,,,,,22.007885899999998,0.0
315713,Dupuyer Creek,MT,48.06,-112.76,1752.6,20170503,37.76,54.14,46.04,,,,,20.000010800000002,0.29921276
315714,Dupuyer Creek,MT,48.06,-112.76,1752.6,20170504,49.46,68.72,59.0,,,,,17.9921357,0.09842525
315715,Dupuyer Creek,MT,48.06,-112.76,1752.6,20170505,47.66,72.86,60.8,,,,,12.007880499999999,0.09842525
315716,Dupuyer Creek,MT,48.06,-112.76,1752.6,20170506,49.1,67.46,55.94,,,,,9.0157529,0.0
315717,Dupuyer Creek,MT,48.06,-112.76,1752.6,20170507,36.32,51.8,39.92,,,,,7.9921303,0.0
315718,Dupuyer Creek,MT,48.06,-112.76,1752.6,20170508,36.68,57.92,45.68,,,,,7.9921303,0.0
315719,Dupuyer Creek,MT,48.06,-112.76,1752.6,20170509,41.72,56.66,48.56,,,,,5.984255200000001,0.0
315720,Dupuyer Creek,MT,48.06,-112.76,1752.6,20170510,39.92,66.74,53.6,,,,,2.9921276000000003,0.29921276
315721,Dupuyer Creek,MT,48.06,-112.76,1752.6,20170511,46.58,74.12,60.08,,,,,2.9921276000000003,0.0
315722,Dupuyer Creek,MT,48.06,-112.76,1752.6,20170512,38.12,67.28,51.62,,,,,2.9921276000000003,0.0
315723,Dupuyer Creek,MT,48.06,-112.76,1752.6,20170513,34.52,42.08,37.76,,,,,2.9921276000000003,0.0
315724,Dupuyer Creek,MT,48.06,-112.76,1752.6,20170514,34.34,46.94,40.64,,,,,2.0078751,0.0
315725,Dupuyer Creek,MT,48.06,-112.76,1752.6,20170515,32.18,51.98,41.18,,,,,2.9921276000000003,0.0
315726,Dupuyer Creek,MT,48.06,-112.76,1752.6,20170516,34.7,48.38,40.82,,,,,2.9921276000000003,0.0
315727,Dupuyer Creek,MT,48.06,-112.76,1752.6,20170517,34.52,37.04,35.06,,,,,17.0078832,3.29921438
315728,Dupuyer Creek,MT,48.06,-112.76,1752.6,20170518,34.52,51.26,40.28,,,,,12.992133,0.20078751
315729,Dupuyer Creek,MT,48.06,-112.76,1752.6,20170519,37.04,58.1,47.48,,,,,10.000005400000001,0.09842525
315730,Dupuyer Creek,MT,48.06,-112.76,1752.6,20170520,41.54,55.22,48.38,,,,,7.007877799999999,0.0
315731,Dupuyer Creek,MT,48.06,-112.76,1752.6,20170521,40.1,64.04,52.52,,,,,5.984255200000001,0.20078751
315732,Dupuyer Creek,MT,48.06,-112.76,1752.6,20170522,43.34,64.22,53.42,,,,,2.9921276000000003,0.09842525
315733,Dupuyer Creek,MT,48.06,-112.76,1752.6,20170523,47.66,71.24,61.16,,,,,2.0078751,0.0
315734,Dupuyer Creek,MT,48.06,-112.76,1752.6,20170524,36.32,59.54,46.58,,,,,0.0,0.0
315735,Dupuyer Creek,MT,48.06,-112.76,1752.6,20170525,35.96,49.82,42.8,,,,,0.0,0.0
315736,Dupuyer Creek,MT,48.06,-112.76,1752.6,20170526,35.24,60.44,47.12,,,,,0.0,0.20078751
315737,Dupuyer Creek,MT,48.06,-112.76,1752.6,20170527,48.56,67.1,57.2,,,,,0.0,0.29921276
315738,Dupuyer Creek,MT,48.06,-112.76,1752.6,20170528,44.24,65.3,54.68,,,,,0.0,0.0
315739,Dupuyer Creek,MT,48.06,-112.76,1752.6,20170529,43.16,66.38,54.32,,,,,0.0,0.0
315740,Dupuyer Creek,MT,48.06,-112.76,1752.6,20170530,46.58,69.26,58.64,,,,,0.0,0.0
315741,Dupuyer Creek,MT,48.06,-112.76,1752.6,20170531,53.42,75.56,64.4,,,,,0.0,0.0
315742,Dupuyer Creek,MT,48.06,-112.76,1752.6,20170601,49.64,69.44,59.54,,,,,0.0,0.0
315743,Dupuyer Creek,MT,48.06,-112.76,1752.6,20170602,46.58,60.44,53.42,,,,,0.0,0.0
315744,Dupuyer Creek,MT,48.06,-112.76,1752.6,20170603,43.7,73.58,60.98,,,,,0.0,0.0
315745,Dupuyer Creek,MT,48.06,-112.76,1752.6,20170604,48.56,71.6,59.36,,,,,0.0,0.0
315746,Dupuyer Creek,MT,48.06,-112.76,1752.6,20170605,43.52,59.18,51.44,,,,,0.0,0.0
315747,Dupuyer Creek,MT,48.06,-112.76,1752.6,20170606,44.06,61.7,53.96,,,,,0.0,0.0
315748,Dupuyer Creek,MT,48.06,-112.76,1752.6,20170607,49.28,71.96,60.62,,,,,0.0,0.0
315749,Dupuyer Creek,MT,48.06,-112.76,1752.6,20170608,51.8,75.2,61.88,,,,,0.0,0.0
315750,Dupuyer Creek,MT,48.06,-112.76,1752.6,20170609,44.06,57.02,50.0,,,,,0.0,0.09842525
315751,Dupuyer Creek,MT,48.06,-112.76,1752.6,20170610,41.54,53.06,45.68,,,,,0.0,0.0
315752,Dupuyer Creek,MT,48.06,-112.76,1752.6,20170611,40.1,62.06,49.82,,,,,0.0,0.0
315753,Dupuyer Creek,MT,48.06,-112.76,1752.6,20170612,44.6,66.2,56.3,,,,,0.0,0.40157502
315754,Dupuyer Creek,MT,48.06,-112.76,1752.6,20170613,43.88,50.36,47.3,,,,,0.0,0.40157502
315755,Dupuyer Creek,MT,48.06,-112.76,1752.6,20170614,43.7,56.12,49.46,,,,,0.0,0.40157502
315756,Dupuyer Creek,MT,48.06,-112.76,1752.6,20170615,45.68,59.54,51.08,,,,,0.0,0.20078751
315757,Dupuyer Creek,MT,48.06,-112.76,1752.6,20170616,43.52,54.86,49.82,,,,,0.0,0.09842525
315758,Dupuyer Creek,MT,48.06,-112.76,1752.6,20170617,43.7,56.48,49.46,,,,,0.0,0.0
315759,Dupuyer Creek,MT,48.06,-112.76,1752.6,20170618,46.76,54.68,51.26,,,,,0.0,0.0
315760,Dupuyer Creek,MT,48.06,-112.76,1752.6,20170619,51.98,67.28,59.18,,,,,0.0,0.20078751
315761,Dupuyer Creek,MT,48.06,-112.76,1752.6,20170620,54.68,73.04,64.22,,,,,0.0,0.09842525
315762,Dupuyer Creek,MT,48.06,-112.76,1752.6,20170621,45.5,65.66,56.66,,,,,0.0,0.0
315763,Dupuyer Creek,MT,48.06,-112.76,1752.6,20170622,39.2,57.74,48.56,,,,,0.0,0.09842525
315764,Dupuyer Creek,MT,48.06,-112.76,1752.6,20170623,39.56,58.46,48.74,,,,,0.0,0.20078751
315765,Dupuyer Creek,MT,48.06,-112.76,1752.6,20170624,42.62,64.94,52.52,,,,,0.0,0.0
315766,Dupuyer Creek,MT,48.06,-112.76,1752.6,20170625,45.86,72.5,60.26,,,,,0.0,0.0
315767,Dupuyer Creek,MT,48.06,-112.76,1752.6,20170626,54.68,81.86,68.72,,,,,0.0,0.0
315768,Dupuyer Creek,MT,48.06,-112.76,1752.6,20170627,57.02,69.08,62.24,,,,,0.0,0.0
315769,Dupuyer Creek,MT,48.06,-112.76,1752.6,20170628,47.66,65.3,57.02,,,,,0.0,0.0
315770,Dupuyer Creek,MT,48.06,-112.76,1752.6,20170629,46.22,59.9,51.98,,,,,0.0,0.0
315771,Dupuyer Creek,MT,48.06,-112.76,1752.6,20170630,53.6,74.12,62.6,,,,,0.0,0.0
315772,Dupuyer Creek,MT,48.06,-112.76,1752.6,20170701,56.84,78.08,66.92,,,,,0.0,0.0
315773,Dupuyer Creek,MT,48.06,-112.76,1752.6,20170702,50.18,76.82,64.58,,,,,0.0,0.0
315774,Dupuyer Creek,MT,48.06,-112.76,1752.6,20170703,58.46,76.28,67.28,,,,,0.0,0.0
315775,Dupuyer Creek,MT,48.06,-112.76,1752.6,20170704,52.88,78.62,65.48,,,,,0.0,0.0
315776,Dupuyer Creek,MT,48.06,-112.76,1752.6,20170705,61.52,83.66,70.7,,,,,0.0,0.0
315777,Dupuyer Creek,MT,48.06,-112.76,1752.6,20170706,58.82,84.02,71.06,,,,,0.0,0.0
315778,Dupuyer Creek,MT,48.06,-112.76,1752.6,20170707,61.7,84.38,72.86,,,,,0.0,0.0
315779,Dupuyer Creek,MT,48.06,-112.76,1752.6,20170708,63.86,87.44,73.94,,,,,0.0,0.0
315780,Dupuyer Creek,MT,48.06,-112.76,1752.6,20170709,59.36,86.18,72.86,,,,,0.0,0.0
315781,Dupuyer Creek,MT,48.06,-112.76,1752.6,20170710,51.44,77.18,66.92,,,,,0.0,0.0
315782,Dupuyer Creek,MT,48.06,-112.76,1752.6,20170711,49.1,71.78,58.1,,,,,0.0,0.0
315783,Dupuyer Creek,MT,48.06,-112.76,1752.6,20170712,47.48,74.48,61.7,,,,,0.0,0.0
315784,Dupuyer Creek,MT,48.06,-112.76,1752.6,20170713,56.48,85.1,72.14,,,,,0.0,0.0
315785,Dupuyer Creek,MT,48.06,-112.76,1752.6,20170714,58.46,79.7,69.98,,,,,0.0,0.0
315786,Dupuyer Creek,MT,48.06,-112.76,1752.6,20170715,64.04,86.0,73.76,,,,,0.0,0.0
315787,Dupuyer Creek,MT,48.06,-112.76,1752.6,20170716,51.62,71.78,65.3,,,,,0.0,0.0
315788,Dupuyer Creek,MT,48.06,-112.76,1752.6,20170717,44.6,72.5,58.82,,,,,0.0,0.0
315789,Dupuyer Creek,MT,48.06,-112.76,1752.6,20170718,50.54,75.2,62.78,,,,,0.0,0.0
315790,Dupuyer Creek,MT,48.06,-112.76,1752.6,20170719,56.84,78.26,67.46,,,,,0.0,0.09842525
315791,Dupuyer Creek,MT,48.06,-112.76,1752.6,20170720,58.46,83.12,68.54,,,,,0.0,0.0
315792,Dupuyer Creek,MT,48.06,-112.76,1752.6,20170721,52.34,71.06,61.7,,,,,0.0,0.0
315793,Dupuyer Creek,MT,48.06,-112.76,1752.6,20170722,53.78,75.56,65.66,,,,,0.0,0.0
315794,Dupuyer Creek,MT,48.06,-112.76,1752.6,20170723,58.82,83.48,72.14,,,,,0.0,0.0
315795,Dupuyer Creek,MT,48.06,-112.76,1752.6,20170724,44.96,76.64,59.9,,,,,0.0,0.0
315796,Dupuyer Creek,MT,48.06,-112.76,1752.6,20170725,43.88,72.5,59.36,,,,,0.0,0.0
315797,Dupuyer Creek,MT,48.06,-112.76,1752.6,20170726,53.78,80.06,67.28,,,,,0.0,0.0
315798,Dupuyer Creek,MT,48.06,-112.76,1752.6,20170727,62.96,80.6,70.88,,,,,0.0,0.0
315799,Dupuyer Creek,MT,48.06,-112.76,1752.6,20170728,57.2,81.86,68.72,,,,,0.0,0.0
315800,Dupuyer Creek,MT,48.06,-112.76,1752.6,20170729,59.36,83.3,70.16,,,,,0.0,0.0
315801,Dupuyer Creek,MT,48.06,-112.76,1752.6,20170730,61.34,83.12,71.78,,,,,0.0,0.0
315802,Dupuyer Creek,MT,48.06,-112.76,1752.6,20170731,54.14,78.8,67.64,,,,,0.0,0.0
315803,Dupuyer Creek,MT,48.06,-112.76,1752.6,20170801,50.9,71.96,60.98,,,,,0.0,0.0
315804,Dupuyer Creek,MT,48.06,-112.76,1752.6,20170802,47.84,52.16,50.0,,,,,0.0,0.0
315805,Dupuyer Creek,MT,48.06,-112.76,1752.6,20170803,45.5,73.76,59.9,,,,,0.0,0.0
315806,Dupuyer Creek,MT,48.06,-112.76,1752.6,20170804,50.72,66.2,57.74,,,,,0.0,0.0
315807,Dupuyer Creek,MT,48.06,-112.76,1752.6,20170805,46.4,57.38,51.8,,,,,0.0,0.0
315808,Dupuyer Creek,MT,48.06,-112.76,1752.6,20170806,44.78,69.08,57.2,,,,,0.0,0.0
315809,Dupuyer Creek,MT,48.06,-112.76,1752.6,20170807,52.34,75.38,63.32,,,,,0.0,0.0
315810,Dupuyer Creek,MT,48.06,-112.76,1752.6,20170808,48.92,62.96,55.22,,,,,0.0,0.09842525
315811,Dupuyer Creek,MT,48.06,-112.76,1752.6,20170809,45.68,71.6,59.54,,,,,0.0,0.0
315812,Dupuyer Creek,MT,48.06,-112.76,1752.6,20170810,47.48,71.42,59.0,,,,,0.0,0.0
315813,Dupuyer Creek,MT,48.06,-112.76,1752.6,20170811,47.84,68.72,58.46,,,,,0.0,0.0
315814,Dupuyer Creek,MT,48.06,-112.76,1752.6,20170812,51.8,76.64,63.5,,,,,0.0,0.0
315815,Dupuyer Creek,MT,48.06,-112.76,1752.6,20170813,53.42,74.48,61.88,,,,,0.0,0.0
315816,Dupuyer Creek,MT,48.06,-112.76,1752.6,20170814,45.68,67.1,56.84,,,,,0.0,0.0
315817,Dupuyer Creek,MT,48.06,-112.76,1752.6,20170815,45.14,71.24,58.28,,,,,0.0,0.09842525
315818,Dupuyer Creek,MT,48.06,-112.76,1752.6,20170816,50.18,70.88,61.88,,,,,0.0,0.0
315819,Dupuyer Creek,MT,48.06,-112.76,1752.6,20170817,57.56,73.76,64.76,,,,,0.0,0.0
315820,Dupuyer Creek,MT,48.06,-112.76,1752.6,20170818,58.64,76.64,66.74,,,,,0.0,0.0
315821,Dupuyer Creek,MT,48.06,-112.76,1752.6,20170819,46.58,65.12,56.3,,,,,0.0,0.0
315822,Dupuyer Creek,MT,48.06,-112.76,1752.6,20170820,48.38,67.1,58.46,,,,,0.0,0.0
315823,Dupuyer Creek,MT,48.06,-112.76,1752.6,20170821,49.46,68.18,58.82,,,,,0.0,0.0
315824,Dupuyer Creek,MT,48.06,-112.76,1752.6,20170822,55.4,77.36,65.48,,,,,0.0,0.0
315825,Dupuyer Creek,MT,48.06,-112.76,1752.6,20170823,58.82,80.78,69.8,,,,,0.0,0.0
315826,Dupuyer Creek,MT,48.06,-112.76,1752.6,20170824,59.0,69.62,65.12,,,,,0.0,0.0
315827,Dupuyer Creek,MT,48.06,-112.76,1752.6,20170825,45.68,72.32,61.16,,,,,0.0,0.0
315828,Dupuyer Creek,MT,48.06,-112.76,1752.6,20170826,55.04,76.46,64.22,,,,,0.0,0.0
315829,Dupuyer Creek,MT,48.06,-112.76,1752.6,20170827,56.84,83.3,68.9,,,,,0.0,0.0
315830,Dupuyer Creek,MT,48.06,-112.76,1752.6,20170828,60.44,82.22,70.7,,,,,0.0,0.0
315831,Dupuyer Creek,MT,48.06,-112.76,1752.6,20170829,60.62,80.78,71.06,,,,,0.0,0.0
315832,Dupuyer Creek,MT,48.06,-112.76,1752.6,20170830,58.28,82.94,71.06,,,,,0.0,0.0
315833,Dupuyer Creek,MT,48.06,-112.76,1752.6,20170831,59.0,74.84,66.92,,,,,0.0,0.0
315834,Dupuyer Creek,MT,48.06,-112.76,1752.6,20170901,54.86,73.76,65.12,,,,,0.0,0.0
315835,Dupuyer Creek,MT,48.06,-112.76,1752.6,20170902,61.7,78.8,71.06,,,,,0.0,0.0
315836,Dupuyer Creek,MT,48.06,-112.76,1752.6,20170903,45.68,74.66,61.88,,,,,0.0,0.0
315837,Dupuyer Creek,MT,48.06,-112.76,1752.6,20170904,43.88,61.16,51.62,,,,,0.0,0.0
315838,Dupuyer Creek,MT,48.06,-112.76,1752.6,20170905,44.6,70.7,57.38,,,,,0.0,0.0
315839,Dupuyer Creek,MT,48.06,-112.76,1752.6,20170906,55.22,77.0,64.58,,,,,0.0,0.0
315840,Dupuyer Creek,MT,48.06,-112.76,1752.6,20170907,58.46,81.14,67.64,,,,,0.0,0.0
315841,Dupuyer Creek,MT,48.06,-112.76,1752.6,20170908,61.52,80.24,71.42,,,,,0.0,0.0
315842,Dupuyer Creek,MT,48.06,-112.76,1752.6,20170909,58.1,77.72,68.9,,,,,0.0,0.0
315843,Dupuyer Creek,MT,48.06,-112.76,1752.6,20170910,55.04,64.94,60.08,,,,,0.0,0.0
315844,Dupuyer Creek,MT,48.06,-112.76,1752.6,20170911,57.74,75.38,66.2,,,,,0.0,0.0
315845,Dupuyer Creek,MT,48.06,-112.76,1752.6,20170912,48.56,67.46,62.24,,,,,0.0,0.0
315846,Dupuyer Creek,MT,48.06,-112.76,1752.6,20170913,37.4,57.74,45.86,,,,,0.0,0.0
315847,Dupuyer Creek,MT,48.06,-112.76,1752.6,20170914,33.8,37.76,35.42,,,,,0.9842525,0.40157502
315848,Dupuyer Creek,MT,48.06,-112.76,1752.6,20170915,32.54,35.6,33.8,,,,,7.9921303,0.79921303
315849,Dupuyer Creek,MT,48.06,-112.76,1752.6,20170916,32.72,44.6,37.22,,,,,7.007877799999999,0.09842525
315850,Dupuyer Creek,MT,48.06,-112.76,1752.6,20170917,38.3,56.48,47.3,,,,,2.9921276000000003,0.0
315851,Dupuyer Creek,MT,48.06,-112.76,1752.6,20170918,39.74,53.42,45.5,,,,,0.0,0.0
315852,Dupuyer Creek,MT,48.06,-112.76,1752.6,20170919,36.68,46.22,40.28,,,,,0.0,0.0
315853,Dupuyer Creek,MT,48.06,-112.76,1752.6,20170920,37.22,46.22,40.1,,,,,0.0,0.0
315854,Dupuyer Creek,MT,48.06,-112.76,1752.6,20170921,31.46,46.04,36.86,,,,,,0.20078751
315855,Mount Lockhart,MT,47.92,-112.82,1950.7,20170101,-4.36,15.98,5.0,,,,,34.0157664,0.0
315856,Mount Lockhart,MT,47.92,-112.82,1950.7,20170102,-17.68,1.58,-6.16,,,,,32.9921438,0.0
315857,Mount Lockhart,MT,47.92,-112.82,1950.7,20170103,-19.84,1.4,-9.94,,,,,32.0078913,0.0
315858,Mount Lockhart,MT,47.92,-112.82,1950.7,20170104,-15.52,6.44,-0.94,,,,,32.0078913,0.09842525
315859,Mount Lockhart,MT,47.92,-112.82,1950.7,20170105,-6.7,12.92,5.18,,,,,30.984268699999998,0.09842525
315860,Mount Lockhart,MT,47.92,-112.82,1950.7,20170106,5.0,16.7,10.58,,,,,30.984268699999998,0.0
315861,Mount Lockhart,MT,47.92,-112.82,1950.7,20170107,2.48,17.06,8.24,,,,,30.984268699999998,0.09842525
315862,Mount Lockhart,MT,47.92,-112.82,1950.7,20170108,2.3,29.3,21.2,,,,,32.0078913,0.20078751
315863,Mount Lockhart,MT,47.92,-112.82,1950.7,20170109,20.12,33.26,27.32,,,,,37.992146500000004,0.59842552
315864,Mount Lockhart,MT,47.92,-112.82,1950.7,20170110,-8.68,20.3,7.34,,,,,42.9921492,0.50000027
315865,Mount Lockhart,MT,47.92,-112.82,1950.7,20170111,-14.44,4.1,-7.24,,,,,40.000021600000004,0.0
315866,Mount Lockhart,MT,47.92,-112.82,1950.7,20170112,-7.78,16.16,7.7,,,,,39.0157691,0.0
315867,Mount Lockhart,MT,47.92,-112.82,1950.7,20170113,13.46,20.3,16.88,,,,,37.007894,0.09842525
315868,Mount Lockhart,MT,47.92,-112.82,1950.7,20170114,17.24,29.84,23.72,,,,,37.007894,0.09842525
315869,Mount Lockhart,MT,47.92,-112.82,1950.7,20170115,23.54,32.18,27.68,,,,,35.9842714,0.0
315870,Mount Lockhart,MT,47.92,-112.82,1950.7,20170116,22.82,35.96,28.94,,,,,35.0000189,0.0
315871,Mount Lockhart,MT,47.92,-112.82,1950.7,20170117,35.42,42.98,39.74,,,,,34.0157664,0.0
315872,Mount Lockhart,MT,47.92,-112.82,1950.7,20170118,36.14,43.7,40.1,,,,,32.9921438,0.0
315873,Mount Lockhart,MT,47.92,-112.82,1950.7,20170119,29.48,38.12,33.62,,,,,32.9921438,0.09842525
315874,Mount Lockhart,MT,47.92,-112.82,1950.7,20170120,12.74,29.48,23.18,,,,,32.9921438,0.0
315875,Mount Lockhart,MT,47.92,-112.82,1950.7,20170121,10.94,31.46,21.02,,,,,32.0078913,0.0
315876,Mount Lockhart,MT,47.92,-112.82,1950.7,20170122,15.08,31.82,21.2,,,,,32.0078913,0.0
315877,Mount Lockhart,MT,47.92,-112.82,1950.7,20170123,2.84,24.62,15.8,,,,,32.9921438,0.0
315878,Mount Lockhart,MT,47.92,-112.82,1950.7,20170124,2.12,24.08,12.92,,,,,32.9921438,0.0
315879,Mount Lockhart,MT,47.92,-112.82,1950.7,20170125,15.08,23.36,18.68,,,,,34.0157664,0.0
315880,Mount Lockhart,MT,47.92,-112.82,1950.7,20170126,17.24,21.2,19.4,,,,,34.0157664,0.0
315881,Mount Lockhart,MT,47.92,-112.82,1950.7,20170127,18.5,28.94,22.46,,,,,34.0157664,0.0
315882,Mount Lockhart,MT,47.92,-112.82,1950.7,20170128,25.16,36.68,31.82,,,,,32.9921438,0.09842525
315883,Mount Lockhart,MT,47.92,-112.82,1950.7,20170129,31.64,41.9,36.68,,,,,32.0078913,0.0
315884,Mount Lockhart,MT,47.92,-112.82,1950.7,20170130,21.2,32.72,28.76,,,,,34.0157664,0.09842525
315885,Mount Lockhart,MT,47.92,-112.82,1950.7,20170131,0.14,21.2,11.84,,,,,37.007894,0.29921276
315886,Mount Lockhart,MT,47.92,-112.82,1950.7,20170201,-8.68,10.22,1.4,,,,,37.007894,0.0
315887,Mount Lockhart,MT,47.92,-112.82,1950.7,20170202,-7.96,9.14,-1.66,,,,,35.0000189,0.0
315888,Mount Lockhart,MT,47.92,-112.82,1950.7,20170203,-0.4,34.7,16.88,,,,,40.9842741,0.20078751
315889,Mount Lockhart,MT,47.92,-112.82,1950.7,20170204,4.1,29.66,15.98,,,,,50.9842795,1.09842579
315890,Mount Lockhart,MT,47.92,-112.82,1950.7,20170205,-3.64,31.28,17.42,,,,,65.0000351,1.40157556
315891,Mount Lockhart,MT,47.92,-112.82,1950.7,20170206,-6.52,21.38,5.54,,,,,70.0000378,1.20078805
315892,Mount Lockhart,MT,47.92,-112.82,1950.7,20170207,-6.88,15.8,0.86,,,,,67.00791020000001,0.09842525
315893,Mount Lockhart,MT,47.92,-112.82,1950.7,20170208,13.1,31.46,21.56,,,,,64.0157826,0.20078751
315894,Mount Lockhart,MT,47.92,-112.82,1950.7,20170209,31.46,37.94,34.7,,,,,62.99216,1.70078832
315895,Mount Lockhart,MT,47.92,-112.82,1950.7,20170210,23.9,34.7,29.48,,,,,60.0000324,0.0
315896,Mount Lockhart,MT,47.92,-112.82,1950.7,20170211,19.58,24.98,22.1,,,,,59.0157799,0.0
315897,Mount Lockhart,MT,47.92,-112.82,1950.7,20170212,19.76,34.34,26.78,,,,,57.992157299999995,0.09842525
315898,Mount Lockhart,MT,47.92,-112.82,1950.7,20170213,26.96,39.38,31.46,,,,,57.0079048,0.0
315899,Mount Lockhart,MT,47.92,-112.82,1950.7,20170214,24.62,44.96,33.62,,,,,55.9842822,0.29921276
315900,Mount Lockhart,MT,47.92,-112.82,1950.7,20170215,41.36,48.56,44.42,,,,,54.0157772,0.0
315901,Mount Lockhart,MT,47.92,-112.82,1950.7,20170216,32.36,44.6,39.74,,,,,52.0079021,0.09842525
315902,Mount Lockhart,MT,47.92,-112.82,1950.7,20170217,22.28,36.32,30.56,,,,,52.9921546,0.09842525
315903,Mount Lockhart,MT,47.92,-112.82,1950.7,20170218,23.0,43.52,33.44,,,,,52.0079021,0.0
315904,Mount Lockhart,MT,47.92,-112.82,1950.7,20170219,24.8,38.84,32.54,,,,,52.0079021,0.09842525
315905,Mount Lockhart,MT,47.92,-112.82,1950.7,20170220,23.72,36.32,30.02,,,,,55.9842822,0.29921276
315906,Mount Lockhart,MT,47.92,-112.82,1950.7,20170221,26.42,36.32,31.1,,,,,60.98428489999999,0.59842552
315907,Mount Lockhart,MT,47.92,-112.82,1950.7,20170222,10.58,30.56,22.82,,,,,60.0000324,0.09842525
315908,Mount Lockhart,MT,47.92,-112.82,1950.7,20170223,4.64,24.8,17.96,,,,,60.0000324,0.0
315909,Mount Lockhart,MT,47.92,-112.82,1950.7,20170224,4.64,22.28,12.56,,,,,59.0157799,0.0
315910,Mount Lockhart,MT,47.92,-112.82,1950.7,20170225,12.92,19.58,15.62,,,,,57.992157299999995,0.09842525
315911,Mount Lockhart,MT,47.92,-112.82,1950.7,20170226,3.2,17.06,11.84,,,,,59.0157799,0.29921276
315912,Mount Lockhart,MT,47.92,-112.82,1950.7,20170227,-2.56,23.54,12.74,,,,,57.0079048,0.09842525
315913,Mount Lockhart,MT,47.92,-112.82,1950.7,20170228,12.2,24.62,16.52,,,,,60.98428489999999,0.29921276
315914,Mount Lockhart,MT,47.92,-112.82,1950.7,20170301,12.74,25.16,21.56,,,,,67.9921627,0.70078778
315915,Mount Lockhart,MT,47.92,-112.82,1950.7,20170302,23.9,31.64,27.32,,,,,65.9842876,0.09842525
315916,Mount Lockhart,MT,47.92,-112.82,1950.7,20170303,27.68,36.14,31.46,,,,,64.0157826,0.0
315917,Mount Lockhart,MT,47.92,-112.82,1950.7,20170304,26.78,36.32,31.64,,,,,64.0157826,0.20078751
315918,Mount Lockhart,MT,47.92,-112.82,1950.7,20170305,15.62,34.7,25.52,,,,,65.9842876,0.59842552
315919,Mount Lockhart,MT,47.92,-112.82,1950.7,20170306,13.46,25.16,18.68,,,,,65.9842876,0.0
315920,Mount Lockhart,MT,47.92,-112.82,1950.7,20170307,15.26,24.08,18.86,,,,,67.00791020000001,0.0
315921,Mount Lockhart,MT,47.92,-112.82,1950.7,20170308,11.48,29.12,23.54,,,,,74.015788,0.59842552
315922,Mount Lockhart,MT,47.92,-112.82,1950.7,20170309,2.84,19.04,8.24,,,,,75.0000405,0.20078751
315923,Mount Lockhart,MT,47.92,-112.82,1950.7,20170310,5.18,36.5,28.58,,,,,77.00791559999999,1.09842579
315924,Mount Lockhart,MT,47.92,-112.82,1950.7,20170311,28.22,41.54,33.62,,,,,75.98429300000001,0.29921276
315925,Mount Lockhart,MT,47.92,-112.82,1950.7,20170312,29.84,36.14,32.0,,,,,74.015788,0.20078751
315926,Mount Lockhart,MT,47.92,-112.82,1950.7,20170313,30.92,41.36,35.6,,,,,72.00791290000001,0.09842525
315927,Mount Lockhart,MT,47.92,-112.82,1950.7,20170314,34.88,41.36,38.48,,,,,67.9921627,0.20078751
315928,Mount Lockhart,MT,47.92,-112.82,1950.7,20170315,37.4,48.92,41.54,,,,,65.0000351,0.09842525
315929,Mount Lockhart,MT,47.92,-112.82,1950.7,20170316,25.34,39.38,33.62,,,,,64.0157826,0.09842525
315930,Mount Lockhart,MT,47.92,-112.82,1950.7,20170317,17.06,47.3,33.98,,,,,62.99216,0.0
315931,Mount Lockhart,MT,47.92,-112.82,1950.7,20170318,31.64,50.36,40.28,,,,,60.98428489999999,0.59842552
315932,Mount Lockhart,MT,47.92,-112.82,1950.7,20170319,23.72,41.72,31.64,,,,,60.0000324,0.29921276
315933,Mount Lockhart,MT,47.92,-112.82,1950.7,20170320,17.06,38.3,26.42,,,,,60.0000324,0.0
315934,Mount Lockhart,MT,47.92,-112.82,1950.7,20170321,20.3,50.18,32.9,,,,,60.0000324,0.0
315935,Mount Lockhart,MT,47.92,-112.82,1950.7,20170322,33.8,47.12,37.76,,,,,59.0157799,0.0
315936,Mount Lockhart,MT,47.92,-112.82,1950.7,20170323,25.34,38.3,32.72,,,,,59.0157799,0.09842525
315937,Mount Lockhart,MT,47.92,-112.82,1950.7,20170324,22.46,49.1,34.88,,,,,57.992157299999995,0.0
315938,Mount Lockhart,MT,47.92,-112.82,1950.7,20170325,28.76,43.52,33.62,,,,,57.992157299999995,0.09842525
315939,Mount Lockhart,MT,47.92,-112.82,1950.7,20170326,27.14,45.14,33.62,,,,,57.992157299999995,0.0
315940,Mount Lockhart,MT,47.92,-112.82,1950.7,20170327,30.02,44.06,34.52,,,,,57.0079048,0.0
315941,Mount Lockhart,MT,47.92,-112.82,1950.7,20170328,29.84,37.04,32.54,,,,,57.992157299999995,0.09842525
315942,Mount Lockhart,MT,47.92,-112.82,1950.7,20170329,31.1,43.16,36.32,,,,,57.0079048,0.0
315943,Mount Lockhart,MT,47.92,-112.82,1950.7,20170330,33.08,47.84,38.12,,,,,57.0079048,0.0
315944,Mount Lockhart,MT,47.92,-112.82,1950.7,20170331,31.1,44.24,36.5,,,,,57.0079048,0.09842525
315945,Mount Lockhart,MT,47.92,-112.82,1950.7,20170401,34.16,50.54,39.02,,,,,55.0000297,0.0
315946,Mount Lockhart,MT,47.92,-112.82,1950.7,20170402,26.42,41.18,32.9,,,,,55.0000297,0.09842525
315947,Mount Lockhart,MT,47.92,-112.82,1950.7,20170403,15.44,31.46,25.34,,,,,55.9842822,0.09842525
315948,Mount Lockhart,MT,47.92,-112.82,1950.7,20170404,15.44,43.16,29.3,,,,,55.0000297,0.0
315949,Mount Lockhart,MT,47.92,-112.82,1950.7,20170405,31.28,45.32,37.58,,,,,54.0157772,0.0
315950,Mount Lockhart,MT,47.92,-112.82,1950.7,20170406,32.54,55.94,41.9,,,,,52.9921546,0.0
315951,Mount Lockhart,MT,47.92,-112.82,1950.7,20170407,31.28,54.5,38.3,,,,,52.0079021,0.0
315952,Mount Lockhart,MT,47.92,-112.82,1950.7,20170408,29.66,47.12,36.32,,,,,55.9842822,0.20078751
315953,Mount Lockhart,MT,47.92,-112.82,1950.7,20170409,20.48,33.8,27.86,,,,,57.992157299999995,0.59842552
315954,Mount Lockhart,MT,47.92,-112.82,1950.7,20170410,20.3,39.92,28.22,,,,,57.992157299999995,0.0
315955,Mount Lockhart,MT,47.92,-112.82,1950.7,20170411,23.9,42.98,30.92,,,,,55.9842822,0.29921276
315956,Mount Lockhart,MT,47.92,-112.82,1950.7,20170412,26.42,40.82,34.16,,,,,55.9842822,0.0
315957,Mount Lockhart,MT,47.92,-112.82,1950.7,20170413,31.1,50.54,36.14,,,,,54.0157772,0.20078751
315958,Mount Lockhart,MT,47.92,-112.82,1950.7,20170414,27.86,39.74,32.0,,,,,55.0000297,0.20078751
315959,Mount Lockhart,MT,47.92,-112.82,1950.7,20170415,26.24,37.58,29.66,,,,,55.0000297,0.0
315960,Mount Lockhart,MT,47.92,-112.82,1950.7,20170416,23.9,48.38,33.8,,,,,52.9921546,0.20078751
315961,Mount Lockhart,MT,47.92,-112.82,1950.7,20170417,29.12,38.3,34.7,,,,,54.0157772,0.0
315962,Mount Lockhart,MT,47.92,-112.82,1950.7,20170418,33.44,53.24,39.38,,,,,52.9921546,0.20078751
315963,Mount Lockhart,MT,47.92,-112.82,1950.7,20170419,28.22,48.74,36.86,,,,,52.0079021,0.09842525
315964,Mount Lockhart,MT,47.92,-112.82,1950.7,20170420,25.7,54.32,37.94,,,,,52.0079021,0.0
315965,Mount Lockhart,MT,47.92,-112.82,1950.7,20170421,31.28,40.82,34.52,,,,,52.0079021,0.09842525
315966,Mount Lockhart,MT,47.92,-112.82,1950.7,20170422,24.8,53.6,38.48,,,,,50.9842795,0.0
315967,Mount Lockhart,MT,47.92,-112.82,1950.7,20170423,31.28,47.48,38.12,,,,,50.9842795,0.0
315968,Mount Lockhart,MT,47.92,-112.82,1950.7,20170424,31.28,46.22,36.68,,,,,50.000027,0.0
315969,Mount Lockhart,MT,47.92,-112.82,1950.7,20170425,30.02,47.12,35.6,,,,,50.9842795,0.09842525
315970,Mount Lockhart,MT,47.92,-112.82,1950.7,20170426,29.48,43.52,34.7,,,,,50.9842795,0.0
315971,Mount Lockhart,MT,47.92,-112.82,1950.7,20170427,27.14,36.5,31.82,,,,,52.0079021,0.20078751
315972,Mount Lockhart,MT,47.92,-112.82,1950.7,20170428,26.24,43.52,33.98,,,,,50.9842795,0.09842525
315973,Mount Lockhart,MT,47.92,-112.82,1950.7,20170429,28.58,46.4,37.22,,,,,50.000027,0.20078751
315974,Mount Lockhart,MT,47.92,-112.82,1950.7,20170430,32.36,41.36,35.78,,,,,50.9842795,0.09842525
315975,Mount Lockhart,MT,47.92,-112.82,1950.7,20170501,28.76,48.2,36.5,,,,,50.000027,0.20078751
315976,Mount Lockhart,MT,47.92,-112.82,1950.7,20170502,30.2,41.54,34.7,,,,,50.000027,0.09842525
315977,Mount Lockhart,MT,47.92,-112.82,1950.7,20170503,31.1,53.96,42.44,,,,,47.992151899999996,0.0
315978,Mount Lockhart,MT,47.92,-112.82,1950.7,20170504,35.06,66.74,47.48,,,,,45.984276799999996,0.09842525
315979,Mount Lockhart,MT,47.92,-112.82,1950.7,20170505,35.06,72.14,47.3,,,,,42.9921492,0.0
315980,Mount Lockhart,MT,47.92,-112.82,1950.7,20170506,35.78,63.86,43.52,,,,,40.9842741,0.09842525
315981,Mount Lockhart,MT,47.92,-112.82,1950.7,20170507,31.64,42.08,37.04,,,,,40.9842741,0.0
315982,Mount Lockhart,MT,47.92,-112.82,1950.7,20170508,30.74,54.68,40.1,,,,,40.000021600000004,0.09842525
315983,Mount Lockhart,MT,47.92,-112.82,1950.7,20170509,32.36,57.74,42.62,,,,,39.0157691,0.0
315984,Mount Lockhart,MT,47.92,-112.82,1950.7,20170510,31.64,65.3,44.06,,,,,37.007894,0.0
315985,Mount Lockhart,MT,47.92,-112.82,1950.7,20170511,33.08,72.32,45.14,,,,,35.0000189,0.0
315986,Mount Lockhart,MT,47.92,-112.82,1950.7,20170512,33.8,65.66,42.08,,,,,32.0078913,0.09842525
315987,Mount Lockhart,MT,47.92,-112.82,1950.7,20170513,31.28,41.72,34.52,,,,,32.9921438,0.0
315988,Mount Lockhart,MT,47.92,-112.82,1950.7,20170514,30.74,45.14,35.24,,,,,32.0078913,0.0
315989,Mount Lockhart,MT,47.92,-112.82,1950.7,20170515,29.66,49.28,37.04,,,,,30.984268699999998,0.0
315990,Mount Lockhart,MT,47.92,-112.82,1950.7,20170516,28.94,47.66,38.48,,,,,30.0000162,0.0
315991,Mount Lockhart,MT,47.92,-112.82,1950.7,20170517,33.98,35.96,34.7,,,,,40.9842741,1.40157556
315992,Mount Lockhart,MT,47.92,-112.82,1950.7,20170518,32.54,53.96,38.66,,,,,35.9842714,0.20078751
315993,Mount Lockhart,MT,47.92,-112.82,1950.7,20170519,31.82,58.64,40.1,,,,,35.0000189,0.09842525
315994,Mount Lockhart,MT,47.92,-112.82,1950.7,20170520,33.08,55.4,42.08,,,,,32.9921438,0.0
315995,Mount Lockhart,MT,47.92,-112.82,1950.7,20170521,31.82,62.6,43.88,,,,,30.984268699999998,0.0
315996,Mount Lockhart,MT,47.92,-112.82,1950.7,20170522,34.7,65.12,44.96,,,,,29.015763699999997,0.0
315997,Mount Lockhart,MT,47.92,-112.82,1950.7,20170523,34.88,68.72,51.08,,,,,25.984266,0.0
315998,Mount Lockhart,MT,47.92,-112.82,1950.7,20170524,32.9,53.06,41.9,,,,,27.0078886,0.09842525
315999,Mount Lockhart,MT,47.92,-112.82,1950.7,20170525,31.46,49.64,37.4,,,,,27.0078886,0.09842525
316000,Mount Lockhart,MT,47.92,-112.82,1950.7,20170526,30.74,57.38,41.18,,,,,25.0000135,0.0
316001,Mount Lockhart,MT,47.92,-112.82,1950.7,20170527,33.44,64.58,46.4,,,,,22.992138399999998,0.09842525
316002,Mount Lockhart,MT,47.92,-112.82,1950.7,20170528,34.7,65.48,43.52,,,,,20.9842633,0.09842525
316003,Mount Lockhart,MT,47.92,-112.82,1950.7,20170529,34.16,68.36,46.4,,,,,17.9921357,0.0
316004,Mount Lockhart,MT,47.92,-112.82,1950.7,20170530,34.7,69.08,48.38,,,,,15.9842606,0.09842525
316005,Mount Lockhart,MT,47.92,-112.82,1950.7,20170531,36.32,75.2,51.62,,,,,12.992133,0.0
316006,Mount Lockhart,MT,47.92,-112.82,1950.7,20170601,37.94,66.2,48.92,,,,,10.9842579,0.0
316007,Mount Lockhart,MT,47.92,-112.82,1950.7,20170602,39.74,56.66,48.2,,,,,7.007877799999999,0.09842525
316008,Mount Lockhart,MT,47.92,-112.82,1950.7,20170603,33.44,71.06,49.82,,,,,4.0157502,0.09842525
316009,Mount Lockhart,MT,47.92,-112.82,1950.7,20170604,38.66,72.14,51.8,,,,,0.0,0.09842525
316010,Mount Lockhart,MT,47.92,-112.82,1950.7,20170605,36.14,57.38,45.68,,,,,0.0,0.29921276
316011,Mount Lockhart,MT,47.92,-112.82,1950.7,20170606,35.06,61.88,48.2,,,,,0.0,0.20078751
316012,Mount Lockhart,MT,47.92,-112.82,1950.7,20170607,38.12,72.14,54.14,,,,,0.0,0.20078751
316013,Mount Lockhart,MT,47.92,-112.82,1950.7,20170608,41.36,73.58,54.5,,,,,0.0,0.09842525
316014,Mount Lockhart,MT,47.92,-112.82,1950.7,20170609,38.3,53.96,46.4,,,,,0.0,0.0
316015,Mount Lockhart,MT,47.92,-112.82,1950.7,20170610,37.58,50.54,41.72,,,,,0.0,0.0
316016,Mount Lockhart,MT,47.92,-112.82,1950.7,20170611,36.32,60.62,47.3,,,,,0.0,0.0
316017,Mount Lockhart,MT,47.92,-112.82,1950.7,20170612,35.96,78.44,53.24,,,,,0.0,0.09842525
316018,Mount Lockhart,MT,47.92,-112.82,1950.7,20170613,40.1,49.28,45.14,,,,,0.0,1.40157556
316019,Mount Lockhart,MT,47.92,-112.82,1950.7,20170614,38.66,55.04,45.68,,,,,0.0,0.40157502
316020,Mount Lockhart,MT,47.92,-112.82,1950.7,20170615,40.82,55.76,47.3,,,,,0.0,0.0
316021,Mount Lockhart,MT,47.92,-112.82,1950.7,20170616,41.0,52.16,45.5,,,,,0.0,0.09842525
316022,Mount Lockhart,MT,47.92,-112.82,1950.7,20170617,37.94,53.06,44.96,,,,,0.0,0.40157502
316023,Mount Lockhart,MT,47.92,-112.82,1950.7,20170618,42.62,50.36,47.3,,,,,0.0,0.0
316024,Mount Lockhart,MT,47.92,-112.82,1950.7,20170619,46.04,70.16,56.12,,,,,0.0,0.0
316025,Mount Lockhart,MT,47.92,-112.82,1950.7,20170620,44.96,71.06,58.82,,,,,0.0,0.0
316026,Mount Lockhart,MT,47.92,-112.82,1950.7,20170621,47.48,64.22,55.4,,,,,0.0,0.0
316027,Mount Lockhart,MT,47.92,-112.82,1950.7,20170622,35.24,58.28,47.12,,,,,0.0,0.0
316028,Mount Lockhart,MT,47.92,-112.82,1950.7,20170623,32.54,57.2,44.96,,,,,0.0,0.0
316029,Mount Lockhart,MT,47.92,-112.82,1950.7,20170624,34.88,63.32,48.2,,,,,0.0,0.0
316030,Mount Lockhart,MT,47.92,-112.82,1950.7,20170625,37.4,72.86,55.04,,,,,0.0,0.0
316031,Mount Lockhart,MT,47.92,-112.82,1950.7,20170626,43.88,81.14,62.78,,,,,0.0,0.0
316032,Mount Lockhart,MT,47.92,-112.82,1950.7,20170627,51.26,68.18,58.82,,,,,0.0,0.0
316033,Mount Lockhart,MT,47.92,-112.82,1950.7,20170628,43.52,64.94,53.24,,,,,0.0,0.0
316034,Mount Lockhart,MT,47.92,-112.82,1950.7,20170629,41.0,56.66,47.48,,,,,0.0,0.0
316035,Mount Lockhart,MT,47.92,-112.82,1950.7,20170630,41.0,70.88,54.86,,,,,0.0,0.0
316036,Mount Lockhart,MT,47.92,-112.82,1950.7,20170701,43.88,76.28,59.9,,,,,0.0,0.0
316037,Mount Lockhart,MT,47.92,-112.82,1950.7,20170702,47.84,76.82,60.44,,,,,0.0,0.0
316038,Mount Lockhart,MT,47.92,-112.82,1950.7,20170703,48.74,75.02,63.32,,,,,0.0,0.0
316039,Mount Lockhart,MT,47.92,-112.82,1950.7,20170704,44.96,77.54,62.24,,,,,0.0,0.0
316040,Mount Lockhart,MT,47.92,-112.82,1950.7,20170705,50.9,84.02,65.12,,,,,0.0,0.0
316041,Mount Lockhart,MT,47.92,-112.82,1950.7,20170706,48.38,82.22,63.86,,,,,0.0,0.0
316042,Mount Lockhart,MT,47.92,-112.82,1950.7,20170707,48.02,85.46,66.02,,,,,0.0,0.0
316043,Mount Lockhart,MT,47.92,-112.82,1950.7,20170708,50.9,85.64,65.84,,,,,0.0,0.0
316044,Mount Lockhart,MT,47.92,-112.82,1950.7,20170709,51.62,84.2,66.74,,,,,0.0,0.0
316045,Mount Lockhart,MT,47.92,-112.82,1950.7,20170710,51.08,73.4,62.24,,,,,0.0,0.0
316046,Mount Lockhart,MT,47.92,-112.82,1950.7,20170711,45.14,69.8,55.94,,,,,0.0,0.0
316047,Mount Lockhart,MT,47.92,-112.82,1950.7,20170712,43.16,76.1,58.64,,,,,0.0,0.0
316048,Mount Lockhart,MT,47.92,-112.82,1950.7,20170713,44.24,83.12,65.48,,,,,0.0,0.0
316049,Mount Lockhart,MT,47.92,-112.82,1950.7,20170714,51.08,79.7,64.94,,,,,0.0,0.0
316050,Mount Lockhart,MT,47.92,-112.82,1950.7,20170715,48.92,87.08,64.94,,,,,0.0,0.0
316051,Mount Lockhart,MT,47.92,-112.82,1950.7,20170716,50.9,72.5,61.88,,,,,0.0,0.0
316052,Mount Lockhart,MT,47.92,-112.82,1950.7,20170717,39.2,71.6,54.14,,,,,0.0,0.0
316053,Mount Lockhart,MT,47.92,-112.82,1950.7,20170718,37.94,77.0,57.02,,,,,0.0,0.0
316054,Mount Lockhart,MT,47.92,-112.82,1950.7,20170719,46.76,77.72,61.52,,,,,0.0,0.0
316055,Mount Lockhart,MT,47.92,-112.82,1950.7,20170720,46.4,82.04,62.6,,,,,0.0,0.0
316056,Mount Lockhart,MT,47.92,-112.82,1950.7,20170721,51.26,69.44,58.64,,,,,0.0,0.0
316057,Mount Lockhart,MT,47.92,-112.82,1950.7,20170722,46.22,74.84,60.08,,,,,0.0,0.09842525
316058,Mount Lockhart,MT,47.92,-112.82,1950.7,20170723,48.56,83.84,66.74,,,,,0.0,0.0
316059,Mount Lockhart,MT,47.92,-112.82,1950.7,20170724,46.94,77.36,63.5,,,,,0.0,0.0
316060,Mount Lockhart,MT,47.92,-112.82,1950.7,20170725,39.38,73.22,55.4,,,,,0.0,0.0
316061,Mount Lockhart,MT,47.92,-112.82,1950.7,20170726,42.62,81.5,61.34,,,,,0.0,0.0
316062,Mount Lockhart,MT,47.92,-112.82,1950.7,20170727,51.62,77.18,63.14,,,,,0.0,0.0
316063,Mount Lockhart,MT,47.92,-112.82,1950.7,20170728,51.08,77.72,63.5,,,,,0.0,0.0
316064,Mount Lockhart,MT,47.92,-112.82,1950.7,20170729,48.56,80.42,62.78,,,,,0.0,0.0
316065,Mount Lockhart,MT,47.92,-112.82,1950.7,20170730,49.82,81.68,66.02,,,,,0.0,0.0
316066,Mount Lockhart,MT,47.92,-112.82,1950.7,20170731,46.58,80.96,62.78,,,,,0.0,0.0
316067,Mount Lockhart,MT,47.92,-112.82,1950.7,20170801,45.86,72.86,58.82,,,,,0.0,0.0
316068,Mount Lockhart,MT,47.92,-112.82,1950.7,20170802,46.94,50.9,48.92,,,,,0.0,0.0
316069,Mount Lockhart,MT,47.92,-112.82,1950.7,20170803,40.1,73.4,55.94,,,,,0.0,0.0
316070,Mount Lockhart,MT,47.92,-112.82,1950.7,20170804,45.68,75.02,55.04,,,,,0.0,0.0
316071,Mount Lockhart,MT,47.92,-112.82,1950.7,20170805,39.74,54.14,49.1,,,,,0.0,0.0
316072,Mount Lockhart,MT,47.92,-112.82,1950.7,20170806,37.22,67.46,51.26,,,,,0.0,0.0
316073,Mount Lockhart,MT,47.92,-112.82,1950.7,20170807,40.28,73.76,57.2,,,,,0.0,0.09842525
316074,Mount Lockhart,MT,47.92,-112.82,1950.7,20170808,47.66,63.5,54.86,,,,,0.0,0.0
316075,Mount Lockhart,MT,47.92,-112.82,1950.7,20170809,39.74,72.5,54.86,,,,,0.0,0.0
316076,Mount Lockhart,MT,47.92,-112.82,1950.7,20170810,41.72,69.8,54.68,,,,,0.0,0.0
316077,Mount Lockhart,MT,47.92,-112.82,1950.7,20170811,41.0,68.18,53.24,,,,,0.0,0.0
316078,Mount Lockhart,MT,47.92,-112.82,1950.7,20170812,43.52,75.38,57.74,,,,,0.0,0.0
316079,Mount Lockhart,MT,47.92,-112.82,1950.7,20170813,48.2,70.16,56.12,,,,,0.0,0.0
316080,Mount Lockhart,MT,47.92,-112.82,1950.7,20170814,41.36,62.6,51.62,,,,,0.0,0.0
316081,Mount Lockhart,MT,47.92,-112.82,1950.7,20170815,37.04,68.36,51.98,,,,,0.0,0.0
316082,Mount Lockhart,MT,47.92,-112.82,1950.7,20170816,39.74,70.16,55.4,,,,,0.0,0.0
316083,Mount Lockhart,MT,47.92,-112.82,1950.7,20170817,48.92,70.34,58.46,,,,,0.0,0.0
316084,Mount Lockhart,MT,47.92,-112.82,1950.7,20170818,48.38,73.76,61.7,,,,,0.0,0.09842525
316085,Mount Lockhart,MT,47.92,-112.82,1950.7,20170819,46.04,68.18,56.66,,,,,0.0,0.0
316086,Mount Lockhart,MT,47.92,-112.82,1950.7,20170820,45.86,63.86,54.32,,,,,0.0,0.0
316087,Mount Lockhart,MT,47.92,-112.82,1950.7,20170821,41.18,69.98,53.96,,,,,0.0,0.0
316088,Mount Lockhart,MT,47.92,-112.82,1950.7,20170822,42.98,77.18,58.28,,,,,0.0,0.09842525
316089,Mount Lockhart,MT,47.92,-112.82,1950.7,20170823,45.86,78.08,62.78,,,,,0.0,0.0
316090,Mount Lockhart,MT,47.92,-112.82,1950.7,20170824,52.52,65.12,58.64,,,,,0.0,0.0
316091,Mount Lockhart,MT,47.92,-112.82,1950.7,20170825,46.04,70.52,57.38,,,,,0.0,0.0
316092,Mount Lockhart,MT,47.92,-112.82,1950.7,20170826,40.82,72.14,55.58,,,,,0.0,0.0
316093,Mount Lockhart,MT,47.92,-112.82,1950.7,20170827,43.88,80.78,59.54,,,,,0.0,0.0
316094,Mount Lockhart,MT,47.92,-112.82,1950.7,20170828,48.02,80.96,61.88,,,,,0.0,0.0
316095,Mount Lockhart,MT,47.92,-112.82,1950.7,20170829,48.92,78.62,61.88,,,,,0.0,0.0
316096,Mount Lockhart,MT,47.92,-112.82,1950.7,20170830,48.92,79.52,59.9,,,,,0.0,0.0
316097,Mount Lockhart,MT,47.92,-112.82,1950.7,20170831,53.06,72.14,62.06,,,,,0.0,0.0
316098,Mount Lockhart,MT,47.92,-112.82,1950.7,20170901,46.04,71.42,60.26,,,,,0.0,0.0
316099,Mount Lockhart,MT,47.92,-112.82,1950.7,20170902,52.16,77.72,65.3,,,,,0.0,0.0
316100,Mount Lockhart,MT,47.92,-112.82,1950.7,20170903,44.42,77.72,63.86,,,,,0.0,0.0
316101,Mount Lockhart,MT,47.92,-112.82,1950.7,20170904,37.22,60.44,47.66,,,,,0.0,0.0
316102,Mount Lockhart,MT,47.92,-112.82,1950.7,20170905,34.7,72.68,51.26,,,,,0.0,0.0
316103,Mount Lockhart,MT,47.92,-112.82,1950.7,20170906,42.26,77.18,56.66,,,,,0.0,0.0
316104,Mount Lockhart,MT,47.92,-112.82,1950.7,20170907,43.7,78.8,58.28,,,,,0.0,0.0
316105,Mount Lockhart,MT,47.92,-112.82,1950.7,20170908,47.48,76.82,60.44,,,,,0.0,0.0
316106,Mount Lockhart,MT,47.92,-112.82,1950.7,20170909,53.06,75.02,63.32,,,,,0.0,0.0
316107,Mount Lockhart,MT,47.92,-112.82,1950.7,20170910,51.8,66.74,57.92,,,,,0.0,0.0
316108,Mount Lockhart,MT,47.92,-112.82,1950.7,20170911,49.46,74.84,61.52,,,,,0.0,0.0
316109,Mount Lockhart,MT,47.92,-112.82,1950.7,20170912,50.72,75.92,62.06,,,,,0.0,0.0
316110,Mount Lockhart,MT,47.92,-112.82,1950.7,20170913,37.94,66.56,53.42,,,,,0.0,0.0
316111,Mount Lockhart,MT,47.92,-112.82,1950.7,20170914,32.18,37.94,35.24,,,,,0.0,0.0
316112,Mount Lockhart,MT,47.92,-112.82,1950.7,20170915,31.1,35.78,32.9,,,,,0.0,0.20078751
316113,Mount Lockhart,MT,47.92,-112.82,1950.7,20170916,31.28,44.6,34.88,,,,,0.0,0.0
316114,Mount Lockhart,MT,47.92,-112.82,1950.7,20170917,31.64,53.6,41.54,,,,,0.0,0.09842525
316115,Mount Lockhart,MT,47.92,-112.82,1950.7,20170918,35.24,51.8,42.44,,,,,0.0,0.0
316116,Mount Lockhart,MT,47.92,-112.82,1950.7,20170919,33.98,41.54,36.68,,,,,0.0,0.0
316117,Mount Lockhart,MT,47.92,-112.82,1950.7,20170920,32.18,42.26,35.78,,,,,0.0,0.0
316118,Mount Lockhart,MT,47.92,-112.82,1950.7,20170921,31.1,44.24,35.6,,,,,0.0,0.09842525
316119,Waldron,MT,47.92,-112.79,1706.9,20170101,-0.76,18.5,7.88,,,,,25.0000135,0.09842525
316120,Waldron,MT,47.92,-112.79,1706.9,20170102,-15.34,5.54,-2.74,,,,,24.015760999999998,0.0
316121,Waldron,MT,47.92,-112.79,1706.9,20170103,-20.74,3.02,-9.22,,,,,24.015760999999998,0.0
316122,Waldron,MT,47.92,-112.79,1706.9,20170104,-15.7,12.02,0.14,,,,,22.992138399999998,0.0
316123,Waldron,MT,47.92,-112.79,1706.9,20170105,-9.04,19.4,5.36,,,,,22.992138399999998,0.09842525
316124,Waldron,MT,47.92,-112.79,1706.9,20170106,0.14,22.82,11.3,,,,,22.992138399999998,0.0
316125,Waldron,MT,47.92,-112.79,1706.9,20170107,0.68,19.76,7.34,,,,,22.992138399999998,0.09842525
316126,Waldron,MT,47.92,-112.79,1706.9,20170108,0.68,28.76,13.82,,,,,22.992138399999998,0.20078751
316127,Waldron,MT,47.92,-112.79,1706.9,20170109,13.28,32.18,25.7,,,,,27.9921411,0.40157502
316128,Waldron,MT,47.92,-112.79,1706.9,20170110,-5.62,22.64,0.14,,,,,34.0157664,0.29921276
316129,Waldron,MT,47.92,-112.79,1706.9,20170111,-19.84,1.58,-8.5,,,,,32.0078913,0.0
316130,Waldron,MT,47.92,-112.79,1706.9,20170112,-11.92,19.22,5.36,,,,,30.0000162,0.20078751
316131,Waldron,MT,47.92,-112.79,1706.9,20170113,7.52,25.7,15.62,,,,,29.015763699999997,0.0
316132,Waldron,MT,47.92,-112.79,1706.9,20170114,10.94,30.38,20.3,,,,,27.9921411,0.0
316133,Waldron,MT,47.92,-112.79,1706.9,20170115,17.06,34.88,25.16,,,,,27.9921411,0.0
316134,Waldron,MT,47.92,-112.79,1706.9,20170116,19.4,37.58,28.22,,,,,25.984266,0.0
316135,Waldron,MT,47.92,-112.79,1706.9,20170117,35.06,46.94,42.62,,,,,27.0078886,0.0
316136,Waldron,MT,47.92,-112.79,1706.9,20170118,35.06,47.66,42.62,,,,,25.0000135,0.0
316137,Waldron,MT,47.92,-112.79,1706.9,20170119,32.9,42.08,36.86,,,,,25.0000135,0.0
316138,Waldron,MT,47.92,-112.79,1706.9,20170120,14.36,34.88,26.6,,,,,25.0000135,0.0
316139,Waldron,MT,47.92,-112.79,1706.9,20170121,10.4,34.7,21.92,,,,,25.0000135,0.0
316140,Waldron,MT,47.92,-112.79,1706.9,20170122,16.16,35.78,24.08,,,,,24.015760999999998,0.0
316141,Waldron,MT,47.92,-112.79,1706.9,20170123,1.76,27.32,17.96,,,,,25.0000135,0.0
316142,Waldron,MT,47.92,-112.79,1706.9,20170124,-0.4,28.22,13.1,,,,,25.0000135,0.0
316143,Waldron,MT,47.92,-112.79,1706.9,20170125,10.76,28.04,19.4,,,,,25.0000135,0.09842525
316144,Waldron,MT,47.92,-112.79,1706.9,20170126,14.36,28.94,21.38,,,,,25.0000135,0.0
316145,Waldron,MT,47.92,-112.79,1706.9,20170127,18.86,33.62,26.24,,,,,25.0000135,0.0
316146,Waldron,MT,47.92,-112.79,1706.9,20170128,27.86,40.64,35.6,,,,,24.015760999999998,0.0
316147,Waldron,MT,47.92,-112.79,1706.9,20170129,31.28,46.4,39.74,,,,,24.015760999999998,0.0
316148,Waldron,MT,47.92,-112.79,1706.9,20170130,24.44,37.76,32.54,,,,,25.0000135,0.0
316149,Waldron,MT,47.92,-112.79,1706.9,20170131,0.68,24.44,15.08,,,,,27.9921411,0.29921276
316150,Waldron,MT,47.92,-112.79,1706.9,20170201,-7.78,13.46,3.92,,,,,27.0078886,0.0
316151,Waldron,MT,47.92,-112.79,1706.9,20170202,-9.04,10.94,-1.3,,,,,27.0078886,0.0
316152,Waldron,MT,47.92,-112.79,1706.9,20170203,-8.32,34.52,12.38,,,,,32.0078913,0.29921276
316153,Waldron,MT,47.92,-112.79,1706.9,20170204,5.36,26.06,11.84,,,,,42.0078967,0.90157529
316154,Waldron,MT,47.92,-112.79,1706.9,20170205,-1.66,31.28,13.46,,,,,50.000027,0.79921303
316155,Waldron,MT,47.92,-112.79,1706.9,20170206,-4.54,5.54,-0.76,,,,,55.9842822,0.79921303
316156,Waldron,MT,47.92,-112.79,1706.9,20170207,-12.82,2.84,-6.52,,,,,54.0157772,0.09842525
316157,Waldron,MT,47.92,-112.79,1706.9,20170208,-9.22,33.44,22.64,,,,,50.9842795,0.20078751
316158,Waldron,MT,47.92,-112.79,1706.9,20170209,32.9,40.82,36.32,,,,,44.015771799999996,1.2992133
316159,Waldron,MT,47.92,-112.79,1706.9,20170210,28.94,37.94,33.26,,,,,42.9921492,0.09842525
316160,Waldron,MT,47.92,-112.79,1706.9,20170211,22.82,30.38,26.24,,,,,42.9921492,0.0
316161,Waldron,MT,47.92,-112.79,1706.9,20170212,21.92,39.38,31.28,,,,,42.0078967,0.0
316162,Waldron,MT,47.92,-112.79,1706.9,20170213,25.52,44.42,34.16,,,,,42.0078967,0.0
316163,Waldron,MT,47.92,-112.79,1706.9,20170214,21.74,49.64,33.08,,,,,40.9842741,0.0
316164,Waldron,MT,47.92,-112.79,1706.9,20170215,41.18,54.32,46.94,,,,,39.0157691,0.0
316165,Waldron,MT,47.92,-112.79,1706.9,20170216,34.88,49.82,42.62,,,,,37.007894,0.09842525
316166,Waldron,MT,47.92,-112.79,1706.9,20170217,24.44,41.72,34.16,,,,,35.9842714,0.0
316167,Waldron,MT,47.92,-112.79,1706.9,20170218,24.26,45.86,33.98,,,,,35.9842714,0.0
316168,Waldron,MT,47.92,-112.79,1706.9,20170219,26.24,44.24,35.42,,,,,35.9842714,0.09842525
316169,Waldron,MT,47.92,-112.79,1706.9,20170220,25.7,41.18,32.54,,,,,35.0000189,0.20078751
316170,Waldron,MT,47.92,-112.79,1706.9,20170221,29.12,38.3,32.9,,,,,40.000021600000004,0.40157502
316171,Waldron,MT,47.92,-112.79,1706.9,20170222,17.96,34.88,26.96,,,,,39.0157691,0.0
316172,Waldron,MT,47.92,-112.79,1706.9,20170223,9.68,28.4,21.2,,,,,40.9842741,0.20078751
316173,Waldron,MT,47.92,-112.79,1706.9,20170224,5.72,27.32,14.54,,,,,40.000021600000004,0.0
316174,Waldron,MT,47.92,-112.79,1706.9,20170225,10.58,24.62,19.04,,,,,40.000021600000004,0.0
316175,Waldron,MT,47.92,-112.79,1706.9,20170226,6.44,20.48,14.72,,,,,40.9842741,0.09842525
316176,Waldron,MT,47.92,-112.79,1706.9,20170227,-1.3,28.94,14.54,,,,,40.9842741,0.0
316177,Waldron,MT,47.92,-112.79,1706.9,20170228,13.28,28.94,19.4,,,,,42.0078967,0.09842525
316178,Waldron,MT,47.92,-112.79,1706.9,20170301,15.8,29.12,24.08,,,,,47.992151899999996,0.59842552
316179,Waldron,MT,47.92,-112.79,1706.9,20170302,23.72,36.86,30.2,,,,,47.0078994,0.0
316180,Waldron,MT,47.92,-112.79,1706.9,20170303,30.2,43.16,35.42,,,,,45.00002429999999,0.0
316181,Waldron,MT,47.92,-112.79,1706.9,20170304,28.58,42.44,35.24,,,,,45.00002429999999,0.09842525
316182,Waldron,MT,47.92,-112.79,1706.9,20170305,14.9,35.24,25.16,,,,,47.992151899999996,0.40157502
316183,Waldron,MT,47.92,-112.79,1706.9,20170306,14.18,31.46,21.56,,,,,47.992151899999996,0.0
316184,Waldron,MT,47.92,-112.79,1706.9,20170307,18.5,29.66,22.64,,,,,49.0157745,0.09842525
316185,Waldron,MT,47.92,-112.79,1706.9,20170308,9.32,32.9,24.98,,,,,54.0157772,0.50000027
316186,Waldron,MT,47.92,-112.79,1706.9,20170309,3.02,15.8,7.52,,,,,55.0000297,0.40157502
316187,Waldron,MT,47.92,-112.79,1706.9,20170310,5.9,38.3,24.08,,,,,57.0079048,0.50000027
316188,Waldron,MT,47.92,-112.79,1706.9,20170311,10.04,47.12,34.16,,,,,55.0000297,0.09842525
316189,Waldron,MT,47.92,-112.79,1706.9,20170312,32.36,40.46,35.6,,,,,54.0157772,0.09842525
316190,Waldron,MT,47.92,-112.79,1706.9,20170313,34.34,48.74,40.1,,,,,52.0079021,0.0
316191,Waldron,MT,47.92,-112.79,1706.9,20170314,35.24,45.5,41.54,,,,,49.0157745,0.09842525
316192,Waldron,MT,47.92,-112.79,1706.9,20170315,39.92,54.32,45.32,,,,,45.984276799999996,0.0
316193,Waldron,MT,47.92,-112.79,1706.9,20170316,29.12,45.14,37.4,,,,,45.00002429999999,0.0
316194,Waldron,MT,47.92,-112.79,1706.9,20170317,18.86,49.46,36.32,,,,,44.015771799999996,0.0
316195,Waldron,MT,47.92,-112.79,1706.9,20170318,33.26,53.96,42.98,,,,,42.9921492,0.59842552
316196,Waldron,MT,47.92,-112.79,1706.9,20170319,24.62,45.5,34.52,,,,,42.9921492,0.0
316197,Waldron,MT,47.92,-112.79,1706.9,20170320,18.86,39.92,29.12,,,,,42.9921492,0.0
316198,Waldron,MT,47.92,-112.79,1706.9,20170321,21.74,50.72,33.62,,,,,42.0078967,0.0
316199,Waldron,MT,47.92,-112.79,1706.9,20170322,33.98,50.54,40.46,,,,,42.0078967,0.09842525
316200,Waldron,MT,47.92,-112.79,1706.9,20170323,24.8,42.62,35.42,,,,,42.0078967,0.0
316201,Waldron,MT,47.92,-112.79,1706.9,20170324,21.2,51.8,36.32,,,,,40.9842741,0.0
316202,Waldron,MT,47.92,-112.79,1706.9,20170325,31.64,47.12,37.22,,,,,40.9842741,0.0
316203,Waldron,MT,47.92,-112.79,1706.9,20170326,30.56,47.84,36.86,,,,,40.000021600000004,0.0
316204,Waldron,MT,47.92,-112.79,1706.9,20170327,31.1,48.38,37.22,,,,,40.9842741,0.09842525
316205,Waldron,MT,47.92,-112.79,1706.9,20170328,32.36,42.98,36.32,,,,,40.000021600000004,0.0
316206,Waldron,MT,47.92,-112.79,1706.9,20170329,34.34,48.02,39.74,,,,,40.000021600000004,0.0
316207,Waldron,MT,47.92,-112.79,1706.9,20170330,33.08,50.36,40.28,,,,,39.0157691,0.0
316208,Waldron,MT,47.92,-112.79,1706.9,20170331,31.46,46.76,37.04,,,,,39.0157691,0.09842525
316209,Waldron,MT,47.92,-112.79,1706.9,20170401,32.0,53.78,41.54,,,,,39.0157691,0.0
316210,Waldron,MT,47.92,-112.79,1706.9,20170402,29.66,45.5,36.32,,,,,37.992146500000004,0.0
316211,Waldron,MT,47.92,-112.79,1706.9,20170403,17.24,32.72,28.4,,,,,37.992146500000004,0.09842525
316212,Waldron,MT,47.92,-112.79,1706.9,20170404,15.44,46.22,30.56,,,,,37.992146500000004,0.0
316213,Waldron,MT,47.92,-112.79,1706.9,20170405,29.3,50.36,39.92,,,,,37.007894,0.0
316214,Waldron,MT,47.92,-112.79,1706.9,20170406,32.36,60.62,43.52,,,,,37.007894,0.0
316215,Waldron,MT,47.92,-112.79,1706.9,20170407,31.46,56.12,39.38,,,,,35.9842714,0.0
316216,Waldron,MT,47.92,-112.79,1706.9,20170408,31.64,54.14,38.66,,,,,39.0157691,0.50000027
316217,Waldron,MT,47.92,-112.79,1706.9,20170409,20.66,38.12,31.1,,,,,40.000021600000004,0.20078751
316218,Waldron,MT,47.92,-112.79,1706.9,20170410,21.74,42.62,31.28,,,,,37.992146500000004,0.0
316219,Waldron,MT,47.92,-112.79,1706.9,20170411,26.06,46.58,34.16,,,,,37.992146500000004,0.09842525
316220,Waldron,MT,47.92,-112.79,1706.9,20170412,28.76,44.06,36.32,,,,,37.007894,0.09842525
316221,Waldron,MT,47.92,-112.79,1706.9,20170413,33.26,52.52,37.94,,,,,37.007894,0.20078751
316222,Waldron,MT,47.92,-112.79,1706.9,20170414,31.82,46.22,36.14,,,,,35.9842714,0.0
316223,Waldron,MT,47.92,-112.79,1706.9,20170415,29.3,42.08,33.62,,,,,35.9842714,0.0
316224,Waldron,MT,47.92,-112.79,1706.9,20170416,25.7,50.36,36.5,,,,,35.9842714,0.0
316225,Waldron,MT,47.92,-112.79,1706.9,20170417,30.74,43.34,36.68,,,,,35.9842714,0.20078751
316226,Waldron,MT,47.92,-112.79,1706.9,20170418,32.54,53.6,41.18,,,,,35.0000189,0.0
316227,Waldron,MT,47.92,-112.79,1706.9,20170419,28.94,50.9,39.38,,,,,34.0157664,0.0
316228,Waldron,MT,47.92,-112.79,1706.9,20170420,25.52,56.48,39.92,,,,,32.0078913,0.0
316229,Waldron,MT,47.92,-112.79,1706.9,20170421,32.9,42.62,37.22,,,,,32.0078913,0.0
316230,Waldron,MT,47.92,-112.79,1706.9,20170422,27.32,56.12,40.46,,,,,30.984268699999998,0.09842525
316231,Waldron,MT,47.92,-112.79,1706.9,20170423,31.28,51.26,39.92,,,,,30.0000162,0.0
316232,Waldron,MT,47.92,-112.79,1706.9,20170424,31.28,48.56,38.84,,,,,30.0000162,0.0
316233,Waldron,MT,47.92,-112.79,1706.9,20170425,31.82,50.0,37.76,,,,,29.015763699999997,0.09842525
316234,Waldron,MT,47.92,-112.79,1706.9,20170426,29.66,46.94,36.5,,,,,27.0078886,0.09842525
316235,Waldron,MT,47.92,-112.79,1706.9,20170427,30.02,40.46,34.88,,,,,29.015763699999997,0.0
316236,Waldron,MT,47.92,-112.79,1706.9,20170428,28.94,44.96,35.96,,,,,25.0000135,0.09842525
316237,Waldron,MT,47.92,-112.79,1706.9,20170429,30.02,50.0,39.38,,,,,27.9921411,0.0
316238,Waldron,MT,47.92,-112.79,1706.9,20170430,33.8,46.58,38.66,,,,,27.0078886,0.09842525
316239,Waldron,MT,47.92,-112.79,1706.9,20170501,30.74,48.92,38.66,,,,,25.984266,0.09842525
316240,Waldron,MT,47.92,-112.79,1706.9,20170502,30.2,45.5,36.5,,,,,25.0000135,0.0
316241,Waldron,MT,47.92,-112.79,1706.9,20170503,29.12,57.56,44.06,,,,,22.992138399999998,0.0
316242,Waldron,MT,47.92,-112.79,1706.9,20170504,34.7,69.98,48.74,,,,,20.000010800000002,0.0
316243,Waldron,MT,47.92,-112.79,1706.9,20170505,33.8,73.58,49.64,,,,,17.9921357,0.0
316244,Waldron,MT,47.92,-112.79,1706.9,20170506,37.76,67.82,47.48,,,,,15.0000081,0.09842525
316245,Waldron,MT,47.92,-112.79,1706.9,20170507,33.08,43.88,39.2,,,,,15.0000081,0.09842525
316246,Waldron,MT,47.92,-112.79,1706.9,20170508,30.38,57.38,42.08,,,,,12.992133,0.0
316247,Waldron,MT,47.92,-112.79,1706.9,20170509,31.28,59.54,44.24,,,,,10.9842579,0.0
316248,Waldron,MT,47.92,-112.79,1706.9,20170510,30.74,67.28,46.76,,,,,9.0157529,0.0
316249,Waldron,MT,47.92,-112.79,1706.9,20170511,32.18,73.76,49.64,,,,,5.984255200000001,0.0
316250,Waldron,MT,47.92,-112.79,1706.9,20170512,36.32,69.62,46.04,,,,,4.0157502,0.20078751
316251,Waldron,MT,47.92,-112.79,1706.9,20170513,32.36,44.96,37.76,,,,,2.0078751,0.0
316252,Waldron,MT,47.92,-112.79,1706.9,20170514,30.02,46.94,37.58,,,,,0.9842525,0.0
316253,Waldron,MT,47.92,-112.79,1706.9,20170515,27.68,52.52,38.84,,,,,0.0,0.0
316254,Waldron,MT,47.92,-112.79,1706.9,20170516,29.66,51.62,40.82,,,,,0.0,0.0
316255,Waldron,MT,47.92,-112.79,1706.9,20170517,34.7,37.4,35.78,,,,,2.9921276000000003,1.79921357
316256,Waldron,MT,47.92,-112.79,1706.9,20170518,31.82,52.7,39.2,,,,,0.9842525,0.0
316257,Waldron,MT,47.92,-112.79,1706.9,20170519,31.28,57.2,42.62,,,,,0.0,0.0
316258,Waldron,MT,47.92,-112.79,1706.9,20170520,32.18,55.94,44.78,,,,,0.0,0.0
316259,Waldron,MT,47.92,-112.79,1706.9,20170521,31.28,64.4,47.3,,,,,0.0,0.0
316260,Waldron,MT,47.92,-112.79,1706.9,20170522,36.32,65.84,49.64,,,,,0.0,0.0
316261,Waldron,MT,47.92,-112.79,1706.9,20170523,34.88,73.94,56.48,,,,,0.0,0.0
316262,Waldron,MT,47.92,-112.79,1706.9,20170524,34.88,59.36,46.76,,,,,0.0,0.29921276
316263,Waldron,MT,47.92,-112.79,1706.9,20170525,31.82,48.56,40.28,,,,,0.0,0.0
316264,Waldron,MT,47.92,-112.79,1706.9,20170526,30.74,59.0,44.6,,,,,0.0,0.0
316265,Waldron,MT,47.92,-112.79,1706.9,20170527,33.62,67.28,50.54,,,,,0.0,0.0
316266,Waldron,MT,47.92,-112.79,1706.9,20170528,37.04,65.48,48.56,,,,,0.0,0.29921276
316267,Waldron,MT,47.92,-112.79,1706.9,20170529,34.88,67.82,50.18,,,,,0.0,0.0
316268,Waldron,MT,47.92,-112.79,1706.9,20170530,36.32,71.6,54.32,,,,,0.0,0.0
316269,Waldron,MT,47.92,-112.79,1706.9,20170531,39.74,78.98,57.92,,,,,0.0,0.0
316270,Waldron,MT,47.92,-112.79,1706.9,20170601,45.32,69.98,53.96,,,,,0.0,0.09842525
316271,Waldron,MT,47.92,-112.79,1706.9,20170602,41.72,61.16,51.8,,,,,0.0,0.09842525
316272,Waldron,MT,47.92,-112.79,1706.9,20170603,35.06,73.76,55.4,,,,,0.0,0.0
316273,Waldron,MT,47.92,-112.79,1706.9,20170604,42.62,74.84,56.84,,,,,0.0,0.29921276
316274,Waldron,MT,47.92,-112.79,1706.9,20170605,39.92,58.82,49.28,,,,,0.0,0.29921276
316275,Waldron,MT,47.92,-112.79,1706.9,20170606,37.4,63.5,51.62,,,,,0.0,0.0
316276,Waldron,MT,47.92,-112.79,1706.9,20170607,40.64,74.66,59.0,,,,,0.0,0.0
316277,Waldron,MT,47.92,-112.79,1706.9,20170608,46.4,76.46,58.64,,,,,0.0,0.09842525
316278,Waldron,MT,47.92,-112.79,1706.9,20170609,38.12,58.46,49.28,,,,,0.0,0.09842525
316279,Waldron,MT,47.92,-112.79,1706.9,20170610,37.22,54.14,44.78,,,,,0.0,0.0
316280,Waldron,MT,47.92,-112.79,1706.9,20170611,35.78,63.14,48.74,,,,,0.0,0.09842525
316281,Waldron,MT,47.92,-112.79,1706.9,20170612,34.16,68.36,53.96,,,,,0.0,0.09842525
316282,Waldron,MT,47.92,-112.79,1706.9,20170613,42.44,50.54,47.12,,,,,0.0,1.50000081
316283,Waldron,MT,47.92,-112.79,1706.9,20170614,41.54,58.46,48.92,,,,,0.0,0.0
316284,Waldron,MT,47.92,-112.79,1706.9,20170615,42.26,60.08,50.9,,,,,0.0,0.0
316285,Waldron,MT,47.92,-112.79,1706.9,20170616,43.88,58.28,49.46,,,,,0.0,0.20078751
316286,Waldron,MT,47.92,-112.79,1706.9,20170617,40.1,58.28,47.84,,,,,0.0,0.0
316287,Waldron,MT,47.92,-112.79,1706.9,20170618,42.8,55.22,50.36,,,,,0.0,0.0
316288,Waldron,MT,47.92,-112.79,1706.9,20170619,48.2,72.68,59.36,,,,,0.0,0.0
316289,Waldron,MT,47.92,-112.79,1706.9,20170620,45.68,75.2,61.7,,,,,0.0,0.0
316290,Waldron,MT,47.92,-112.79,1706.9,20170621,47.66,67.82,58.64,,,,,0.0,0.0
316291,Waldron,MT,47.92,-112.79,1706.9,20170622,35.78,58.46,49.82,,,,,0.0,0.09842525
316292,Waldron,MT,47.92,-112.79,1706.9,20170623,32.9,61.16,48.02,,,,,0.0,0.0
316293,Waldron,MT,47.92,-112.79,1706.9,20170624,34.52,66.2,50.18,,,,,0.0,0.0
316294,Waldron,MT,47.92,-112.79,1706.9,20170625,36.5,75.2,56.84,,,,,0.0,0.0
316295,Waldron,MT,47.92,-112.79,1706.9,20170626,41.72,83.84,63.5,,,,,0.0,0.0
316296,Waldron,MT,47.92,-112.79,1706.9,20170627,52.7,71.06,61.7,,,,,0.0,0.0
316297,Waldron,MT,47.92,-112.79,1706.9,20170628,45.5,67.64,56.3,,,,,0.0,0.0
316298,Waldron,MT,47.92,-112.79,1706.9,20170629,39.56,60.44,50.0,,,,,0.0,0.0
316299,Waldron,MT,47.92,-112.79,1706.9,20170630,38.66,75.2,56.3,,,,,0.0,0.0
316300,Waldron,MT,47.92,-112.79,1706.9,20170701,43.16,79.16,61.88,,,,,0.0,0.0
316301,Waldron,MT,47.92,-112.79,1706.9,20170702,46.4,79.34,62.6,,,,,0.0,0.0
316302,Waldron,MT,47.92,-112.79,1706.9,20170703,47.84,78.26,64.58,,,,,0.0,0.0
316303,Waldron,MT,47.92,-112.79,1706.9,20170704,46.58,80.42,63.32,,,,,0.0,0.0
316304,Waldron,MT,47.92,-112.79,1706.9,20170705,50.0,86.0,66.74,,,,,0.0,0.0
316305,Waldron,MT,47.92,-112.79,1706.9,20170706,47.66,85.64,66.02,,,,,0.0,0.0
316306,Waldron,MT,47.92,-112.79,1706.9,20170707,46.58,86.36,67.46,,,,,0.0,0.0
316307,Waldron,MT,47.92,-112.79,1706.9,20170708,51.98,87.8,67.28,,,,,0.0,0.0
316308,Waldron,MT,47.92,-112.79,1706.9,20170709,49.28,86.9,68.54,,,,,0.0,0.0
316309,Waldron,MT,47.92,-112.79,1706.9,20170710,51.26,77.18,62.6,,,,,0.0,0.0
316310,Waldron,MT,47.92,-112.79,1706.9,20170711,45.32,71.6,58.64,,,,,0.0,0.0
316311,Waldron,MT,47.92,-112.79,1706.9,20170712,43.88,78.62,60.98,,,,,0.0,0.0
316312,Waldron,MT,47.92,-112.79,1706.9,20170713,42.62,86.18,66.02,,,,,0.0,0.0
316313,Waldron,MT,47.92,-112.79,1706.9,20170714,50.72,80.06,65.84,,,,,0.0,0.0
316314,Waldron,MT,47.92,-112.79,1706.9,20170715,48.2,87.8,65.66,,,,,0.0,0.0
316315,Waldron,MT,47.92,-112.79,1706.9,20170716,49.1,75.38,64.22,,,,,0.0,0.0
316316,Waldron,MT,47.92,-112.79,1706.9,20170717,38.12,72.32,55.58,,,,,0.0,0.0
316317,Waldron,MT,47.92,-112.79,1706.9,20170718,37.22,77.72,58.1,,,,,0.0,0.0
316318,Waldron,MT,47.92,-112.79,1706.9,20170719,44.96,79.16,63.14,,,,,0.0,0.0
316319,Waldron,MT,47.92,-112.79,1706.9,20170720,45.32,82.22,63.86,,,,,0.0,0.0
316320,Waldron,MT,47.92,-112.79,1706.9,20170721,52.16,73.04,61.34,,,,,0.0,0.0
316321,Waldron,MT,47.92,-112.79,1706.9,20170722,44.78,76.64,60.98,,,,,0.0,0.0
316322,Waldron,MT,47.92,-112.79,1706.9,20170723,46.58,85.1,66.92,,,,,0.0,0.0
316323,Waldron,MT,47.92,-112.79,1706.9,20170724,48.02,80.42,63.68,,,,,0.0,0.0
316324,Waldron,MT,47.92,-112.79,1706.9,20170725,39.74,73.94,57.38,,,,,0.0,0.0
316325,Waldron,MT,47.92,-112.79,1706.9,20170726,41.72,83.3,62.96,,,,,0.0,0.0
316326,Waldron,MT,47.92,-112.79,1706.9,20170727,49.82,80.6,64.76,,,,,0.0,0.0
316327,Waldron,MT,47.92,-112.79,1706.9,20170728,52.16,81.32,65.3,,,,,0.0,0.0
316328,Waldron,MT,47.92,-112.79,1706.9,20170729,46.94,83.66,64.22,,,,,0.0,0.0
316329,Waldron,MT,47.92,-112.79,1706.9,20170730,47.66,84.74,66.2,,,,,0.0,0.0
316330,Waldron,MT,47.92,-112.79,1706.9,20170731,46.58,82.4,64.04,,,,,0.0,0.0
316331,Waldron,MT,47.92,-112.79,1706.9,20170801,46.04,76.28,61.34,,,,,0.0,0.0
316332,Waldron,MT,47.92,-112.79,1706.9,20170802,48.92,54.68,51.98,,,,,0.0,0.09842525
316333,Waldron,MT,47.92,-112.79,1706.9,20170803,40.46,76.64,58.28,,,,,0.0,0.0
316334,Waldron,MT,47.92,-112.79,1706.9,20170804,43.52,75.92,56.84,,,,,0.0,0.0
316335,Waldron,MT,47.92,-112.79,1706.9,20170805,40.28,57.56,51.98,,,,,0.0,0.0
316336,Waldron,MT,47.92,-112.79,1706.9,20170806,36.68,71.06,53.6,,,,,0.0,0.0
316337,Waldron,MT,47.92,-112.79,1706.9,20170807,39.56,77.18,59.54,,,,,0.0,0.0
316338,Waldron,MT,47.92,-112.79,1706.9,20170808,49.46,67.64,57.92,,,,,0.0,0.0
316339,Waldron,MT,47.92,-112.79,1706.9,20170809,40.28,75.02,56.84,,,,,0.0,0.0
316340,Waldron,MT,47.92,-112.79,1706.9,20170810,41.54,72.14,56.84,,,,,0.0,0.0
316341,Waldron,MT,47.92,-112.79,1706.9,20170811,40.64,70.7,55.04,,,,,0.0,0.0
316342,Waldron,MT,47.92,-112.79,1706.9,20170812,42.98,79.88,59.72,,,,,0.0,0.0
316343,Waldron,MT,47.92,-112.79,1706.9,20170813,48.2,73.22,57.92,,,,,0.0,0.0
316344,Waldron,MT,47.92,-112.79,1706.9,20170814,41.54,67.64,53.96,,,,,0.0,0.0
316345,Waldron,MT,47.92,-112.79,1706.9,20170815,36.32,71.78,53.6,,,,,0.0,0.0
316346,Waldron,MT,47.92,-112.79,1706.9,20170816,37.94,73.04,56.66,,,,,0.0,0.0
316347,Waldron,MT,47.92,-112.79,1706.9,20170817,48.56,73.58,60.62,,,,,0.0,0.0
316348,Waldron,MT,47.92,-112.79,1706.9,20170818,44.96,78.62,62.78,,,,,0.0,0.0
316349,Waldron,MT,47.92,-112.79,1706.9,20170819,44.78,68.72,57.74,,,,,0.0,0.0
316350,Waldron,MT,47.92,-112.79,1706.9,20170820,41.54,68.72,55.22,,,,,0.0,0.0
316351,Waldron,MT,47.92,-112.79,1706.9,20170821,41.36,73.4,56.12,,,,,0.0,0.0
316352,Waldron,MT,47.92,-112.79,1706.9,20170822,41.36,79.7,59.54,,,,,0.0,0.0
316353,Waldron,MT,47.92,-112.79,1706.9,20170823,43.52,82.4,64.04,,,,,0.0,0.0
316354,Waldron,MT,47.92,-112.79,1706.9,20170824,54.5,70.16,61.16,,,,,0.0,0.0
316355,Waldron,MT,47.92,-112.79,1706.9,20170825,46.94,74.48,60.44,,,,,0.0,0.0
316356,Waldron,MT,47.92,-112.79,1706.9,20170826,40.1,76.82,57.02,,,,,0.0,0.0
316357,Waldron,MT,47.92,-112.79,1706.9,20170827,41.54,84.02,60.8,,,,,0.0,0.0
316358,Waldron,MT,47.92,-112.79,1706.9,20170828,44.96,84.74,63.5,,,,,0.0,0.0
316359,Waldron,MT,47.92,-112.79,1706.9,20170829,47.48,83.3,63.14,,,,,0.0,0.0
316360,Waldron,MT,47.92,-112.79,1706.9,20170830,47.84,84.38,61.34,,,,,0.0,0.0
316361,Waldron,MT,47.92,-112.79,1706.9,20170831,55.22,77.0,64.94,,,,,0.0,0.0
316362,Waldron,MT,47.92,-112.79,1706.9,20170901,46.04,75.38,62.06,,,,,0.0,0.0
316363,Waldron,MT,47.92,-112.79,1706.9,20170902,49.64,83.3,66.92,,,,,0.0,0.0
316364,Waldron,MT,47.92,-112.79,1706.9,20170903,47.3,81.14,64.22,,,,,0.0,0.0
316365,Waldron,MT,47.92,-112.79,1706.9,20170904,37.76,64.76,50.0,,,,,0.0,0.0
316366,Waldron,MT,47.92,-112.79,1706.9,20170905,32.9,74.3,52.7,,,,,0.0,0.0
316367,Waldron,MT,47.92,-112.79,1706.9,20170906,39.74,80.6,57.38,,,,,0.0,0.0
316368,Waldron,MT,47.92,-112.79,1706.9,20170907,41.54,82.4,59.0,,,,,0.0,0.0
316369,Waldron,MT,47.92,-112.79,1706.9,20170908,44.42,80.06,60.8,,,,,0.0,0.0
316370,Waldron,MT,47.92,-112.79,1706.9,20170909,50.36,78.8,64.94,,,,,0.0,0.0
316371,Waldron,MT,47.92,-112.79,1706.9,20170910,49.1,72.32,60.62,,,,,0.0,0.0
316372,Waldron,MT,47.92,-112.79,1706.9,20170911,44.06,79.7,62.24,,,,,0.0,0.0
316373,Waldron,MT,47.92,-112.79,1706.9,20170912,50.0,80.42,62.96,,,,,0.0,0.0
316374,Waldron,MT,47.92,-112.79,1706.9,20170913,40.1,72.86,55.04,,,,,0.0,0.09842525
316375,Waldron,MT,47.92,-112.79,1706.9,20170914,34.34,40.28,37.4,,,,,0.0,0.40157502
316376,Waldron,MT,47.92,-112.79,1706.9,20170915,33.44,37.04,34.7,,,,,0.0,0.40157502
316377,Waldron,MT,47.92,-112.79,1706.9,20170916,31.28,49.46,37.4,,,,,0.0,0.0
316378,Waldron,MT,47.92,-112.79,1706.9,20170917,31.1,58.1,43.16,,,,,0.0,0.0
316379,Waldron,MT,47.92,-112.79,1706.9,20170918,38.3,56.3,45.86,,,,,0.0,0.0
316380,Waldron,MT,47.92,-112.79,1706.9,20170919,36.14,48.92,40.64,,,,,0.0,0.0
316381,Waldron,MT,47.92,-112.79,1706.9,20170920,34.16,48.02,39.74,,,,,0.0,0.09842525
316382,Waldron,MT,47.92,-112.79,1706.9,20170921,30.38,46.22,37.94,,,,,0.0,0.0
316383,Copper Camp,MT,47.08,-112.73,2118.4,20170101,-7.42,21.2,6.08,,,,,50.000027,0.0
316384,Copper Camp,MT,47.08,-112.73,2118.4,20170102,-9.4,0.32,-6.16,,,,,50.000027,0.0
316385,Copper Camp,MT,47.08,-112.73,2118.4,20170103,-7.42,15.44,-0.22,,,,,49.0157745,0.0
316386,Copper Camp,MT,47.08,-112.73,2118.4,20170104,-5.08,19.04,2.84,,,,,49.0157745,0.0
316387,Copper Camp,MT,47.08,-112.73,2118.4,20170105,-1.3,16.52,8.06,,,,,47.992151899999996,0.09842525
316388,Copper Camp,MT,47.08,-112.73,2118.4,20170106,8.24,19.94,15.08,,,,,47.0078994,0.20078751
316389,Copper Camp,MT,47.08,-112.73,2118.4,20170107,14.9,28.94,20.12,,,,,47.992151899999996,0.09842525
316390,Copper Camp,MT,47.08,-112.73,2118.4,20170108,21.38,33.98,27.86,,,,,54.0157772,0.40157502
316391,Copper Camp,MT,47.08,-112.73,2118.4,20170109,18.14,34.34,27.32,,,,,59.0157799,0.70078778
316392,Copper Camp,MT,47.08,-112.73,2118.4,20170110,-10.12,20.84,11.66,,,,,64.0157826,0.40157502
316393,Copper Camp,MT,47.08,-112.73,2118.4,20170111,-8.5,27.14,7.52,,,,,60.98428489999999,0.0
316394,Copper Camp,MT,47.08,-112.73,2118.4,20170112,3.92,17.78,14.0,,,,,62.007907499999995,0.59842552
316395,Copper Camp,MT,47.08,-112.73,2118.4,20170113,15.98,26.24,20.3,,,,,59.0157799,0.0
316396,Copper Camp,MT,47.08,-112.73,2118.4,20170114,21.02,31.28,25.52,,,,,55.9842822,0.0
316397,Copper Camp,MT,47.08,-112.73,2118.4,20170115,20.66,32.36,28.22,,,,,55.0000297,0.0
316398,Copper Camp,MT,47.08,-112.73,2118.4,20170116,21.02,37.04,28.58,,,,,54.0157772,0.0
316399,Copper Camp,MT,47.08,-112.73,2118.4,20170117,33.08,40.1,37.04,,,,,52.9921546,0.0
316400,Copper Camp,MT,47.08,-112.73,2118.4,20170118,34.7,39.38,37.04,,,,,52.9921546,0.0
316401,Copper Camp,MT,47.08,-112.73,2118.4,20170119,26.6,37.22,31.46,,,,,52.0079021,0.0
316402,Copper Camp,MT,47.08,-112.73,2118.4,20170120,22.64,32.0,25.88,,,,,52.0079021,0.0
316403,Copper Camp,MT,47.08,-112.73,2118.4,20170121,21.02,32.54,25.52,,,,,52.0079021,0.0
316404,Copper Camp,MT,47.08,-112.73,2118.4,20170122,20.84,35.96,25.52,,,,,52.9921546,0.0
316405,Copper Camp,MT,47.08,-112.73,2118.4,20170123,11.84,30.38,18.5,,,,,52.9921546,0.0
316406,Copper Camp,MT,47.08,-112.73,2118.4,20170124,12.56,27.86,18.14,,,,,52.9921546,0.0
316407,Copper Camp,MT,47.08,-112.73,2118.4,20170125,15.44,23.9,17.6,,,,,52.0079021,0.0
316408,Copper Camp,MT,47.08,-112.73,2118.4,20170126,14.72,22.1,18.14,,,,,52.0079021,0.0
316409,Copper Camp,MT,47.08,-112.73,2118.4,20170127,16.34,30.02,22.28,,,,,50.000027,0.0
316410,Copper Camp,MT,47.08,-112.73,2118.4,20170128,25.88,38.66,32.54,,,,,49.0157745,0.0
316411,Copper Camp,MT,47.08,-112.73,2118.4,20170129,29.66,39.02,34.7,,,,,49.0157745,0.0
316412,Copper Camp,MT,47.08,-112.73,2118.4,20170130,23.36,30.74,27.5,,,,,49.0157745,0.0
316413,Copper Camp,MT,47.08,-112.73,2118.4,20170131,3.74,23.54,11.48,,,,,52.9921546,0.29921276
316414,Copper Camp,MT,47.08,-112.73,2118.4,20170201,-2.92,12.38,2.12,,,,,52.9921546,0.0
316415,Copper Camp,MT,47.08,-112.73,2118.4,20170202,-3.64,15.62,3.2,,,,,52.0079021,0.0
316416,Copper Camp,MT,47.08,-112.73,2118.4,20170203,7.52,33.26,26.42,,,,,52.9921546,0.59842552
316417,Copper Camp,MT,47.08,-112.73,2118.4,20170204,24.62,31.82,30.02,,,,,62.007907499999995,1.00000054
316418,Copper Camp,MT,47.08,-112.73,2118.4,20170205,29.48,34.88,32.18,,,,,65.0000351,0.59842552
316419,Copper Camp,MT,47.08,-112.73,2118.4,20170206,17.6,34.52,26.6,,,,,70.9842903,0.40157502
316420,Copper Camp,MT,47.08,-112.73,2118.4,20170207,14.18,25.88,17.6,,,,,69.0157853,0.0
316421,Copper Camp,MT,47.08,-112.73,2118.4,20170208,17.6,33.62,24.08,,,,,70.9842903,0.59842552
316422,Copper Camp,MT,47.08,-112.73,2118.4,20170209,32.36,38.66,36.14,,,,,72.9921654,0.20078751
316423,Copper Camp,MT,47.08,-112.73,2118.4,20170210,22.64,33.08,28.58,,,,,74.015788,0.90157529
316424,Copper Camp,MT,47.08,-112.73,2118.4,20170211,17.96,23.72,20.48,,,,,69.0157853,0.0
316425,Copper Camp,MT,47.08,-112.73,2118.4,20170212,18.32,37.04,27.5,,,,,65.9842876,0.20078751
316426,Copper Camp,MT,47.08,-112.73,2118.4,20170213,29.12,53.24,35.24,,,,,65.9842876,0.09842525
316427,Copper Camp,MT,47.08,-112.73,2118.4,20170214,28.4,54.32,40.1,,,,,65.0000351,0.0
316428,Copper Camp,MT,47.08,-112.73,2118.4,20170215,40.82,45.68,42.98,,,,,64.0157826,0.0
316429,Copper Camp,MT,47.08,-112.73,2118.4,20170216,30.56,42.44,38.84,,,,,65.9842876,0.0
316430,Copper Camp,MT,47.08,-112.73,2118.4,20170217,28.76,34.52,31.28,,,,,67.00791020000001,0.09842525
316431,Copper Camp,MT,47.08,-112.73,2118.4,20170218,28.4,42.26,35.42,,,,,64.0157826,0.0
316432,Copper Camp,MT,47.08,-112.73,2118.4,20170219,25.52,36.32,31.64,,,,,70.0000378,0.09842525
316433,Copper Camp,MT,47.08,-112.73,2118.4,20170220,25.52,35.6,30.92,,,,,75.0000405,0.50000027
316434,Copper Camp,MT,47.08,-112.73,2118.4,20170221,25.7,34.88,31.28,,,,,80.00004320000001,0.29921276
316435,Copper Camp,MT,47.08,-112.73,2118.4,20170222,19.22,35.6,24.44,,,,,77.9921681,0.40157502
316436,Copper Camp,MT,47.08,-112.73,2118.4,20170223,10.94,25.7,17.78,,,,,77.9921681,0.0
316437,Copper Camp,MT,47.08,-112.73,2118.4,20170224,11.3,27.14,16.34,,,,,77.00791559999999,0.0
316438,Copper Camp,MT,47.08,-112.73,2118.4,20170225,10.94,15.26,13.1,,,,,80.00004320000001,0.0
316439,Copper Camp,MT,47.08,-112.73,2118.4,20170226,5.72,27.5,13.28,,,,,85.0000459,0.0
316440,Copper Camp,MT,47.08,-112.73,2118.4,20170227,5.36,20.84,15.08,,,,,85.9842984,0.29921276
316441,Copper Camp,MT,47.08,-112.73,2118.4,20170228,11.3,19.04,14.9,,,,,87.007921,0.29921276
316442,Copper Camp,MT,47.08,-112.73,2118.4,20170301,13.82,24.26,20.84,,,,,90.9843011,0.50000027
316443,Copper Camp,MT,47.08,-112.73,2118.4,20170302,23.18,32.18,27.14,,,,,90.00004859999999,0.20078751
316444,Copper Camp,MT,47.08,-112.73,2118.4,20170303,26.6,37.58,32.72,,,,,87.007921,0.20078751
316445,Copper Camp,MT,47.08,-112.73,2118.4,20170304,29.66,36.14,32.36,,,,,87.007921,0.09842525
316446,Copper Camp,MT,47.08,-112.73,2118.4,20170305,17.06,32.54,26.06,,,,,89.01579609999999,0.09842525
316447,Copper Camp,MT,47.08,-112.73,2118.4,20170306,14.0,23.18,17.42,,,,,90.00004859999999,0.0
316448,Copper Camp,MT,47.08,-112.73,2118.4,20170307,13.46,26.78,19.04,,,,,95.0000513,0.09842525
316449,Copper Camp,MT,47.08,-112.73,2118.4,20170308,21.2,28.22,25.52,,,,,102.9921816,0.79921303
316450,Copper Camp,MT,47.08,-112.73,2118.4,20170309,18.5,34.88,23.18,,,,,105.0000567,0.50000027
316451,Copper Camp,MT,47.08,-112.73,2118.4,20170310,31.28,36.5,34.16,,,,,105.0000567,0.70078778
316452,Copper Camp,MT,47.08,-112.73,2118.4,20170311,30.02,41.9,35.06,,,,,104.0158042,0.50000027
316453,Copper Camp,MT,47.08,-112.73,2118.4,20170312,28.94,39.2,31.1,,,,,102.9921816,0.50000027
316454,Copper Camp,MT,47.08,-112.73,2118.4,20170313,29.66,41.72,35.06,,,,,100.000054,0.0
316455,Copper Camp,MT,47.08,-112.73,2118.4,20170314,34.88,43.16,39.02,,,,,95.0000513,0.50000027
316456,Copper Camp,MT,47.08,-112.73,2118.4,20170315,36.5,43.52,40.28,,,,,90.9843011,0.40157502
316457,Copper Camp,MT,47.08,-112.73,2118.4,20170316,26.06,36.5,31.46,,,,,90.00004859999999,0.20078751
316458,Copper Camp,MT,47.08,-112.73,2118.4,20170317,25.34,46.76,36.5,,,,,90.00004859999999,0.0
316459,Copper Camp,MT,47.08,-112.73,2118.4,20170318,33.26,50.0,42.62,,,,,85.9842984,0.0
316460,Copper Camp,MT,47.08,-112.73,2118.4,20170319,28.4,37.04,32.9,,,,,85.9842984,0.0
316461,Copper Camp,MT,47.08,-112.73,2118.4,20170320,23.0,40.1,28.76,,,,,85.0000459,0.0
316462,Copper Camp,MT,47.08,-112.73,2118.4,20170321,25.88,51.44,37.58,,,,,85.0000459,0.09842525
316463,Copper Camp,MT,47.08,-112.73,2118.4,20170322,32.72,41.9,37.4,,,,,85.0000459,0.20078751
316464,Copper Camp,MT,47.08,-112.73,2118.4,20170323,29.3,36.5,32.18,,,,,84.0157934,0.0
316465,Copper Camp,MT,47.08,-112.73,2118.4,20170324,30.02,46.58,37.04,,,,,84.0157934,0.09842525
316466,Copper Camp,MT,47.08,-112.73,2118.4,20170325,28.04,36.5,31.1,,,,,82.9921708,0.0
316467,Copper Camp,MT,47.08,-112.73,2118.4,20170326,26.24,42.98,32.9,,,,,82.0079183,0.0
316468,Copper Camp,MT,47.08,-112.73,2118.4,20170327,27.86,40.28,32.54,,,,,82.9921708,0.09842525
316469,Copper Camp,MT,47.08,-112.73,2118.4,20170328,26.78,34.7,29.48,,,,,82.0079183,0.0
316470,Copper Camp,MT,47.08,-112.73,2118.4,20170329,29.48,37.58,33.8,,,,,82.9921708,0.09842525
316471,Copper Camp,MT,47.08,-112.73,2118.4,20170330,32.72,46.04,37.58,,,,,82.0079183,0.0
316472,Copper Camp,MT,47.08,-112.73,2118.4,20170331,31.46,55.4,37.04,,,,,82.0079183,0.20078751
316473,Copper Camp,MT,47.08,-112.73,2118.4,20170401,33.26,44.6,37.4,,,,,80.9842957,0.0
316474,Copper Camp,MT,47.08,-112.73,2118.4,20170402,22.82,37.76,30.38,,,,,80.00004320000001,0.09842525
316475,Copper Camp,MT,47.08,-112.73,2118.4,20170403,20.3,32.0,24.44,,,,,80.9842957,0.0
316476,Copper Camp,MT,47.08,-112.73,2118.4,20170404,18.68,40.82,30.38,,,,,80.00004320000001,0.0
316477,Copper Camp,MT,47.08,-112.73,2118.4,20170405,32.0,47.3,37.4,,,,,79.0157907,0.0
316478,Copper Camp,MT,47.08,-112.73,2118.4,20170406,37.22,49.82,42.62,,,,,77.9921681,0.0
316479,Copper Camp,MT,47.08,-112.73,2118.4,20170407,30.38,47.48,40.28,,,,,77.9921681,0.20078751
316480,Copper Camp,MT,47.08,-112.73,2118.4,20170408,26.6,47.84,34.16,,,,,82.0079183,0.0
316481,Copper Camp,MT,47.08,-112.73,2118.4,20170409,24.26,31.64,26.42,,,,,82.0079183,0.20078751
316482,Copper Camp,MT,47.08,-112.73,2118.4,20170410,24.44,37.58,28.76,,,,,82.9921708,0.09842525
316483,Copper Camp,MT,47.08,-112.73,2118.4,20170411,23.36,43.52,32.36,,,,,80.9842957,0.09842525
316484,Copper Camp,MT,47.08,-112.73,2118.4,20170412,29.84,44.96,36.68,,,,,80.9842957,0.09842525
316485,Copper Camp,MT,47.08,-112.73,2118.4,20170413,30.56,49.1,38.48,,,,,80.00004320000001,0.0
316486,Copper Camp,MT,47.08,-112.73,2118.4,20170414,24.62,33.98,29.3,,,,,79.0157907,0.09842525
316487,Copper Camp,MT,47.08,-112.73,2118.4,20170415,23.0,31.82,26.06,,,,,80.00004320000001,0.09842525
316488,Copper Camp,MT,47.08,-112.73,2118.4,20170416,23.54,52.16,35.06,,,,,77.9921681,0.0
316489,Copper Camp,MT,47.08,-112.73,2118.4,20170417,33.8,39.74,35.78,,,,,77.9921681,0.20078751
316490,Copper Camp,MT,47.08,-112.73,2118.4,20170418,32.54,47.84,38.12,,,,,77.00791559999999,0.0
316491,Copper Camp,MT,47.08,-112.73,2118.4,20170419,29.84,45.14,37.04,,,,,77.9921681,0.29921276
316492,Copper Camp,MT,47.08,-112.73,2118.4,20170420,31.28,51.8,38.3,,,,,77.00791559999999,0.0
316493,Copper Camp,MT,47.08,-112.73,2118.4,20170421,28.04,44.78,32.54,,,,,77.00791559999999,0.0
316494,Copper Camp,MT,47.08,-112.73,2118.4,20170422,26.78,50.72,39.92,,,,,75.0000405,0.0
316495,Copper Camp,MT,47.08,-112.73,2118.4,20170423,32.9,48.38,38.66,,,,,74.015788,0.0
316496,Copper Camp,MT,47.08,-112.73,2118.4,20170424,30.2,44.24,35.78,,,,,74.015788,0.0
316497,Copper Camp,MT,47.08,-112.73,2118.4,20170425,31.28,41.54,34.52,,,,,74.015788,0.0
316498,Copper Camp,MT,47.08,-112.73,2118.4,20170426,29.84,41.9,33.8,,,,,75.0000405,0.09842525
316499,Copper Camp,MT,47.08,-112.73,2118.4,20170427,27.86,35.42,30.74,,,,,74.015788,0.0
316500,Copper Camp,MT,47.08,-112.73,2118.4,20170428,27.86,44.24,32.9,,,,,75.0000405,0.0
316501,Copper Camp,MT,47.08,-112.73,2118.4,20170429,28.94,45.14,35.96,,,,,74.015788,0.09842525
316502,Copper Camp,MT,47.08,-112.73,2118.4,20170430,30.74,39.56,34.34,,,,,75.0000405,0.0
316503,Copper Camp,MT,47.08,-112.73,2118.4,20170501,29.66,42.62,34.34,,,,,75.0000405,0.20078751
316504,Copper Camp,MT,47.08,-112.73,2118.4,20170502,29.3,43.52,33.8,,,,,74.015788,0.0
316505,Copper Camp,MT,47.08,-112.73,2118.4,20170503,31.28,51.62,42.26,,,,,70.9842903,0.09842525
316506,Copper Camp,MT,47.08,-112.73,2118.4,20170504,45.5,64.4,55.04,,,,,67.9921627,0.0
316507,Copper Camp,MT,47.08,-112.73,2118.4,20170505,49.64,69.62,58.28,,,,,64.0157826,0.0
316508,Copper Camp,MT,47.08,-112.73,2118.4,20170506,42.08,63.5,50.72,,,,,62.99216,0.20078751
316509,Copper Camp,MT,47.08,-112.73,2118.4,20170507,31.28,45.5,38.66,,,,,62.99216,0.09842525
316510,Copper Camp,MT,47.08,-112.73,2118.4,20170508,30.2,53.06,42.08,,,,,60.98428489999999,0.0
316511,Copper Camp,MT,47.08,-112.73,2118.4,20170509,40.82,58.46,47.84,,,,,59.0157799,0.0
316512,Copper Camp,MT,47.08,-112.73,2118.4,20170510,42.44,62.24,53.06,,,,,57.0079048,0.0
316513,Copper Camp,MT,47.08,-112.73,2118.4,20170511,49.82,72.14,56.48,,,,,55.0000297,0.20078751
316514,Copper Camp,MT,47.08,-112.73,2118.4,20170512,31.1,59.9,46.04,,,,,52.9921546,0.59842552
316515,Copper Camp,MT,47.08,-112.73,2118.4,20170513,28.22,37.22,31.28,,,,,52.9921546,0.0
316516,Copper Camp,MT,47.08,-112.73,2118.4,20170514,27.14,40.82,32.9,,,,,52.9921546,0.0
316517,Copper Camp,MT,47.08,-112.73,2118.4,20170515,31.1,45.5,38.48,,,,,50.9842795,0.0
316518,Copper Camp,MT,47.08,-112.73,2118.4,20170516,33.8,46.22,38.3,,,,,50.000027,0.09842525
316519,Copper Camp,MT,47.08,-112.73,2118.4,20170517,33.26,38.12,34.7,,,,,54.0157772,0.40157502
316520,Copper Camp,MT,47.08,-112.73,2118.4,20170518,32.54,54.32,39.2,,,,,50.9842795,0.29921276
316521,Copper Camp,MT,47.08,-112.73,2118.4,20170519,35.24,58.64,44.42,,,,,45.984276799999996,0.09842525
316522,Copper Camp,MT,47.08,-112.73,2118.4,20170520,40.46,58.1,45.68,,,,,47.0078994,0.09842525
316523,Copper Camp,MT,47.08,-112.73,2118.4,20170521,41.0,58.46,48.74,,,,,45.00002429999999,0.0
316524,Copper Camp,MT,47.08,-112.73,2118.4,20170522,46.22,63.5,52.88,,,,,42.9921492,0.0
316525,Copper Camp,MT,47.08,-112.73,2118.4,20170523,48.2,62.96,56.12,,,,,39.0157691,0.0
316526,Copper Camp,MT,47.08,-112.73,2118.4,20170524,34.34,53.78,42.08,,,,,37.007894,0.59842552
316527,Copper Camp,MT,47.08,-112.73,2118.4,20170525,32.72,49.64,39.74,,,,,37.007894,0.09842525
316528,Copper Camp,MT,47.08,-112.73,2118.4,20170526,35.6,54.68,44.24,,,,,35.9842714,0.0
316529,Copper Camp,MT,47.08,-112.73,2118.4,20170527,43.34,59.18,51.26,,,,,32.9921438,0.09842525
316530,Copper Camp,MT,47.08,-112.73,2118.4,20170528,47.12,63.5,52.88,,,,,29.015763699999997,0.0
316531,Copper Camp,MT,47.08,-112.73,2118.4,20170529,47.3,67.28,55.94,,,,,27.0078886,0.09842525
316532,Copper Camp,MT,47.08,-112.73,2118.4,20170530,51.44,69.62,60.08,,,,,22.992138399999998,0.0
316533,Copper Camp,MT,47.08,-112.73,2118.4,20170531,52.7,73.76,60.98,,,,,19.0157583,0.20078751
316534,Copper Camp,MT,47.08,-112.73,2118.4,20170601,44.42,62.6,51.62,,,,,12.992133,0.0
316535,Copper Camp,MT,47.08,-112.73,2118.4,20170602,42.26,53.42,47.66,,,,,9.0157529,0.0
316536,Copper Camp,MT,47.08,-112.73,2118.4,20170603,46.04,64.76,57.56,,,,,5.984255200000001,0.20078751
316537,Copper Camp,MT,47.08,-112.73,2118.4,20170604,41.54,72.14,58.82,,,,,2.9921276000000003,0.29921276
316538,Copper Camp,MT,47.08,-112.73,2118.4,20170605,39.38,56.12,46.04,,,,,0.0,0.09842525
316539,Copper Camp,MT,47.08,-112.73,2118.4,20170606,42.98,60.26,52.7,,,,,0.0,0.20078751
316540,Copper Camp,MT,47.08,-112.73,2118.4,20170607,49.82,74.66,62.06,,,,,0.0,0.0
316541,Copper Camp,MT,47.08,-112.73,2118.4,20170608,46.4,71.06,59.9,,,,,0.0,0.09842525
316542,Copper Camp,MT,47.08,-112.73,2118.4,20170609,37.94,49.64,43.88,,,,,0.0,0.79921303
316543,Copper Camp,MT,47.08,-112.73,2118.4,20170610,34.16,44.96,38.66,,,,,0.0,0.09842525
316544,Copper Camp,MT,47.08,-112.73,2118.4,20170611,33.44,57.56,45.68,,,,,0.0,0.09842525
316545,Copper Camp,MT,47.08,-112.73,2118.4,20170612,44.42,62.06,51.98,,,,,0.0,1.40157556
316546,Copper Camp,MT,47.08,-112.73,2118.4,20170613,37.58,46.76,43.16,,,,,0.0,1.2992133
316547,Copper Camp,MT,47.08,-112.73,2118.4,20170614,37.94,52.16,43.88,,,,,0.0,0.0
316548,Copper Camp,MT,47.08,-112.73,2118.4,20170615,41.54,51.08,45.14,,,,,0.0,0.09842525
316549,Copper Camp,MT,47.08,-112.73,2118.4,20170616,39.74,47.12,43.88,,,,,0.0,0.70078778
316550,Copper Camp,MT,47.08,-112.73,2118.4,20170617,38.48,50.72,44.6,,,,,0.0,0.0
316551,Copper Camp,MT,47.08,-112.73,2118.4,20170618,39.74,48.74,44.6,,,,,0.0,0.0
316552,Copper Camp,MT,47.08,-112.73,2118.4,20170619,47.12,66.02,57.2,,,,,0.0,0.0
316553,Copper Camp,MT,47.08,-112.73,2118.4,20170620,53.6,65.84,60.62,,,,,0.0,0.0
316554,Copper Camp,MT,47.08,-112.73,2118.4,20170621,43.88,59.18,52.52,,,,,0.0,0.0
316555,Copper Camp,MT,47.08,-112.73,2118.4,20170622,40.28,54.68,46.22,,,,,0.0,0.0
316556,Copper Camp,MT,47.08,-112.73,2118.4,20170623,40.1,58.64,48.56,,,,,0.0,0.09842525
316557,Copper Camp,MT,47.08,-112.73,2118.4,20170624,44.06,64.94,53.06,,,,,0.0,0.0
316558,Copper Camp,MT,47.08,-112.73,2118.4,20170625,48.56,71.42,60.62,,,,,0.0,0.0
316559,Copper Camp,MT,47.08,-112.73,2118.4,20170626,52.52,74.3,66.2,,,,,0.0,0.0
316560,Copper Camp,MT,47.08,-112.73,2118.4,20170627,49.64,64.04,55.94,,,,,0.0,0.0
316561,Copper Camp,MT,47.08,-112.73,2118.4,20170628,45.32,62.6,53.6,,,,,0.0,0.0
316562,Copper Camp,MT,47.08,-112.73,2118.4,20170629,41.36,53.96,46.4,,,,,0.0,0.09842525
316563,Copper Camp,MT,47.08,-112.73,2118.4,20170630,48.38,66.56,57.2,,,,,0.0,0.0
316564,Copper Camp,MT,47.08,-112.73,2118.4,20170701,55.94,70.52,62.6,,,,,0.0,0.0
316565,Copper Camp,MT,47.08,-112.73,2118.4,20170702,58.1,72.68,65.66,,,,,0.0,0.0
316566,Copper Camp,MT,47.08,-112.73,2118.4,20170703,56.84,70.7,63.32,,,,,0.0,0.0
316567,Copper Camp,MT,47.08,-112.73,2118.4,20170704,51.98,71.78,64.04,,,,,0.0,0.0
316568,Copper Camp,MT,47.08,-112.73,2118.4,20170705,61.16,79.52,69.62,,,,,0.0,0.0
316569,Copper Camp,MT,47.08,-112.73,2118.4,20170706,62.42,79.34,70.34,,,,,0.0,0.0
316570,Copper Camp,MT,47.08,-112.73,2118.4,20170707,62.96,81.5,72.14,,,,,0.0,0.0
316571,Copper Camp,MT,47.08,-112.73,2118.4,20170708,65.3,80.96,72.5,,,,,0.0,0.0
316572,Copper Camp,MT,47.08,-112.73,2118.4,20170709,60.8,78.44,69.98,,,,,0.0,0.0
316573,Copper Camp,MT,47.08,-112.73,2118.4,20170710,54.14,69.8,62.24,,,,,0.0,0.0
316574,Copper Camp,MT,47.08,-112.73,2118.4,20170711,48.56,67.64,56.84,,,,,0.0,0.0
316575,Copper Camp,MT,47.08,-112.73,2118.4,20170712,48.02,71.78,61.34,,,,,0.0,0.0
316576,Copper Camp,MT,47.08,-112.73,2118.4,20170713,60.26,79.7,70.34,,,,,0.0,0.0
316577,Copper Camp,MT,47.08,-112.73,2118.4,20170714,59.72,82.4,70.88,,,,,0.0,0.0
316578,Copper Camp,MT,47.08,-112.73,2118.4,20170715,56.48,81.14,68.54,,,,,0.0,0.0
316579,Copper Camp,MT,47.08,-112.73,2118.4,20170716,52.7,67.46,60.8,,,,,0.0,0.0
316580,Copper Camp,MT,47.08,-112.73,2118.4,20170717,49.1,65.84,57.74,,,,,0.0,0.0
316581,Copper Camp,MT,47.08,-112.73,2118.4,20170718,51.62,71.6,62.06,,,,,0.0,0.0
316582,Copper Camp,MT,47.08,-112.73,2118.4,20170719,55.22,73.22,64.22,,,,,0.0,0.0
316583,Copper Camp,MT,47.08,-112.73,2118.4,20170720,55.4,72.86,65.3,,,,,0.0,0.0
316584,Copper Camp,MT,47.08,-112.73,2118.4,20170721,51.8,67.28,58.1,,,,,0.0,0.0
316585,Copper Camp,MT,47.08,-112.73,2118.4,20170722,53.78,70.52,62.42,,,,,0.0,0.0
316586,Copper Camp,MT,47.08,-112.73,2118.4,20170723,58.64,76.28,67.82,,,,,0.0,0.0
316587,Copper Camp,MT,47.08,-112.73,2118.4,20170724,52.52,73.04,64.76,,,,,0.0,0.0
316588,Copper Camp,MT,47.08,-112.73,2118.4,20170725,45.32,72.86,59.72,,,,,0.0,0.0
316589,Copper Camp,MT,47.08,-112.73,2118.4,20170726,56.48,75.38,65.84,,,,,0.0,0.0
316590,Copper Camp,MT,47.08,-112.73,2118.4,20170727,59.9,75.2,65.66,,,,,0.0,0.0
316591,Copper Camp,MT,47.08,-112.73,2118.4,20170728,58.82,74.3,65.48,,,,,0.0,0.0
316592,Copper Camp,MT,47.08,-112.73,2118.4,20170729,60.08,77.18,68.72,,,,,0.0,0.0
316593,Copper Camp,MT,47.08,-112.73,2118.4,20170730,63.68,77.0,69.08,,,,,0.0,0.0
316594,Copper Camp,MT,47.08,-112.73,2118.4,20170731,58.46,75.74,67.64,,,,,0.0,0.0
316595,Copper Camp,MT,47.08,-112.73,2118.4,20170801,50.72,75.74,64.4,,,,,0.0,0.0
316596,Copper Camp,MT,47.08,-112.73,2118.4,20170802,46.04,59.18,51.62,,,,,0.0,0.0
316597,Copper Camp,MT,47.08,-112.73,2118.4,20170803,47.48,72.14,60.8,,,,,0.0,0.0
316598,Copper Camp,MT,47.08,-112.73,2118.4,20170804,48.02,70.88,60.08,,,,,0.0,0.0
316599,Copper Camp,MT,47.08,-112.73,2118.4,20170805,45.32,53.78,48.38,,,,,0.0,0.0
316600,Copper Camp,MT,47.08,-112.73,2118.4,20170806,44.96,66.56,55.22,,,,,0.0,0.0
316601,Copper Camp,MT,47.08,-112.73,2118.4,20170807,52.7,72.68,61.88,,,,,0.0,0.0
316602,Copper Camp,MT,47.08,-112.73,2118.4,20170808,49.82,64.4,56.12,,,,,0.0,0.0
316603,Copper Camp,MT,47.08,-112.73,2118.4,20170809,47.66,70.16,56.3,,,,,0.0,0.20078751
316604,Copper Camp,MT,47.08,-112.73,2118.4,20170810,50.0,71.78,60.62,,,,,0.0,0.0
316605,Copper Camp,MT,47.08,-112.73,2118.4,20170811,53.96,72.14,61.34,,,,,0.0,0.09842525
316606,Copper Camp,MT,47.08,-112.73,2118.4,20170812,53.24,74.12,63.5,,,,,0.0,0.0
316607,Copper Camp,MT,47.08,-112.73,2118.4,20170813,48.02,65.84,56.12,,,,,0.0,0.0
316608,Copper Camp,MT,47.08,-112.73,2118.4,20170814,45.86,60.98,52.7,,,,,0.0,0.0
316609,Copper Camp,MT,47.08,-112.73,2118.4,20170815,44.96,65.66,55.58,,,,,0.0,0.0
316610,Copper Camp,MT,47.08,-112.73,2118.4,20170816,51.08,66.74,58.64,,,,,0.0,0.0
316611,Copper Camp,MT,47.08,-112.73,2118.4,20170817,52.34,67.64,59.9,,,,,0.0,0.0
316612,Copper Camp,MT,47.08,-112.73,2118.4,20170818,53.24,70.34,61.16,,,,,0.0,0.0
316613,Copper Camp,MT,47.08,-112.73,2118.4,20170819,50.18,64.04,56.84,,,,,0.0,0.0
316614,Copper Camp,MT,47.08,-112.73,2118.4,20170820,45.86,64.04,54.86,,,,,0.0,0.0
316615,Copper Camp,MT,47.08,-112.73,2118.4,20170821,50.18,68.0,58.64,,,,,0.0,0.0
316616,Copper Camp,MT,47.08,-112.73,2118.4,20170822,54.68,72.86,64.76,,,,,0.0,0.0
316617,Copper Camp,MT,47.08,-112.73,2118.4,20170823,60.08,75.74,67.28,,,,,0.0,0.0
316618,Copper Camp,MT,47.08,-112.73,2118.4,20170824,54.32,68.72,60.98,,,,,0.0,0.0
316619,Copper Camp,MT,47.08,-112.73,2118.4,20170825,51.08,66.56,58.46,,,,,0.0,0.0
316620,Copper Camp,MT,47.08,-112.73,2118.4,20170826,53.42,69.98,60.62,,,,,0.0,0.0
316621,Copper Camp,MT,47.08,-112.73,2118.4,20170827,57.92,76.64,66.92,,,,,0.0,0.0
316622,Copper Camp,MT,47.08,-112.73,2118.4,20170828,60.98,76.46,68.18,,,,,0.0,0.0
316623,Copper Camp,MT,47.08,-112.73,2118.4,20170829,64.04,81.14,70.16,,,,,0.0,0.0
316624,Copper Camp,MT,47.08,-112.73,2118.4,20170830,57.74,80.24,67.46,,,,,0.0,0.0
316625,Copper Camp,MT,47.08,-112.73,2118.4,20170831,51.98,69.08,61.7,,,,,0.0,0.0
316626,Copper Camp,MT,47.08,-112.73,2118.4,20170901,49.64,68.18,59.9,,,,,0.0,0.0
316627,Copper Camp,MT,47.08,-112.73,2118.4,20170902,57.56,75.92,66.92,,,,,0.0,0.0
316628,Copper Camp,MT,47.08,-112.73,2118.4,20170903,49.64,76.28,67.82,,,,,0.0,0.0
316629,Copper Camp,MT,47.08,-112.73,2118.4,20170904,44.06,57.2,49.82,,,,,0.0,0.0
316630,Copper Camp,MT,47.08,-112.73,2118.4,20170905,45.32,71.42,58.64,,,,,0.0,0.0
316631,Copper Camp,MT,47.08,-112.73,2118.4,20170906,57.56,73.76,64.76,,,,,0.0,0.0
316632,Copper Camp,MT,47.08,-112.73,2118.4,20170907,60.8,77.0,67.82,,,,,0.0,0.0
316633,Copper Camp,MT,47.08,-112.73,2118.4,20170908,61.52,73.22,66.92,,,,,0.0,0.0
316634,Copper Camp,MT,47.08,-112.73,2118.4,20170909,55.94,70.52,63.68,,,,,0.0,0.0
316635,Copper Camp,MT,47.08,-112.73,2118.4,20170910,50.0,63.68,56.3,,,,,0.0,0.0
316636,Copper Camp,MT,47.08,-112.73,2118.4,20170911,49.1,72.14,62.06,,,,,0.0,0.09842525
316637,Copper Camp,MT,47.08,-112.73,2118.4,20170912,59.0,71.42,64.94,,,,,0.0,0.09842525
316638,Copper Camp,MT,47.08,-112.73,2118.4,20170913,39.74,64.4,54.68,,,,,0.0,0.0
316639,Copper Camp,MT,47.08,-112.73,2118.4,20170914,31.82,40.1,35.06,,,,,0.0,0.40157502
316640,Copper Camp,MT,47.08,-112.73,2118.4,20170915,30.56,33.62,32.0,,,,,0.0,0.20078751
316641,Copper Camp,MT,47.08,-112.73,2118.4,20170916,29.84,43.16,35.6,,,,,0.0,0.20078751
316642,Copper Camp,MT,47.08,-112.73,2118.4,20170917,35.06,50.18,44.06,,,,,0.0,0.0
316643,Copper Camp,MT,47.08,-112.73,2118.4,20170918,33.26,47.84,41.72,,,,,0.0,0.0
316644,Copper Camp,MT,47.08,-112.73,2118.4,20170919,31.28,37.04,33.26,,,,,0.0,0.0
316645,Copper Camp,MT,47.08,-112.73,2118.4,20170920,30.74,37.22,33.26,,,,,0.9842525,0.09842525
316646,Copper Camp,MT,47.08,-112.73,2118.4,20170921,29.48,42.8,34.88,,,,,0.0,0.29921276
316647,Copper Bottom,MT,47.06,-112.6,1585.0,20170101,-2.92,19.04,7.88,,,,,22.007885899999998,0.0
316648,Copper Bottom,MT,47.06,-112.6,1585.0,20170102,-11.38,13.46,-1.3,,,,,22.007885899999998,0.0
316649,Copper Bottom,MT,47.06,-112.6,1585.0,20170103,-9.76,12.02,-0.94,,,,,22.007885899999998,0.0
316650,Copper Bottom,MT,47.06,-112.6,1585.0,20170104,-21.64,14.9,-7.42,,,,,22.007885899999998,0.0
316651,Copper Bottom,MT,47.06,-112.6,1585.0,20170105,-27.04,15.08,-7.78,,,,,22.007885899999998,0.0
316652,Copper Bottom,MT,47.06,-112.6,1585.0,20170106,-9.22,26.6,5.72,,,,,22.007885899999998,0.0
316653,Copper Bottom,MT,47.06,-112.6,1585.0,20170107,-12.82,27.5,7.88,,,,,22.992138399999998,0.20078751
316654,Copper Bottom,MT,47.06,-112.6,1585.0,20170108,17.6,36.32,26.42,,,,,27.9921411,0.70078778
316655,Copper Bottom,MT,47.06,-112.6,1585.0,20170109,24.44,41.54,33.26,,,,,30.984268699999998,0.29921276
316656,Copper Bottom,MT,47.06,-112.6,1585.0,20170110,-6.52,29.84,17.78,,,,,32.9921438,0.20078751
316657,Copper Bottom,MT,47.06,-112.6,1585.0,20170111,-17.14,22.46,1.4,,,,,30.984268699999998,0.0
316658,Copper Bottom,MT,47.06,-112.6,1585.0,20170112,-16.96,28.04,10.4,,,,,30.0000162,0.0
316659,Copper Bottom,MT,47.06,-112.6,1585.0,20170113,-8.14,36.86,8.06,,,,,29.015763699999997,0.0
316660,Copper Bottom,MT,47.06,-112.6,1585.0,20170114,-6.34,35.24,8.6,,,,,27.9921411,0.0
316661,Copper Bottom,MT,47.06,-112.6,1585.0,20170115,-6.16,29.84,8.96,,,,,27.9921411,0.0
316662,Copper Bottom,MT,47.06,-112.6,1585.0,20170116,-5.44,36.32,14.54,,,,,27.9921411,0.0
316663,Copper Bottom,MT,47.06,-112.6,1585.0,20170117,10.04,48.2,28.22,,,,,27.9921411,0.09842525
316664,Copper Bottom,MT,47.06,-112.6,1585.0,20170118,25.52,51.44,39.02,,,,,27.0078886,0.0
316665,Copper Bottom,MT,47.06,-112.6,1585.0,20170119,30.74,45.86,37.04,,,,,27.0078886,0.0
316666,Copper Bottom,MT,47.06,-112.6,1585.0,20170120,12.56,42.44,24.8,,,,,25.984266,0.0
316667,Copper Bottom,MT,47.06,-112.6,1585.0,20170121,9.32,43.16,23.18,,,,,27.0078886,0.0
316668,Copper Bottom,MT,47.06,-112.6,1585.0,20170122,9.5,46.22,23.9,,,,,25.984266,0.09842525
316669,Copper Bottom,MT,47.06,-112.6,1585.0,20170123,-3.82,29.48,17.96,,,,,25.984266,0.0
316670,Copper Bottom,MT,47.06,-112.6,1585.0,20170124,-8.68,27.5,10.22,,,,,27.0078886,0.0
316671,Copper Bottom,MT,47.06,-112.6,1585.0,20170125,10.22,34.34,17.78,,,,,27.0078886,0.09842525
316672,Copper Bottom,MT,47.06,-112.6,1585.0,20170126,2.48,37.76,17.96,,,,,27.9921411,0.0
316673,Copper Bottom,MT,47.06,-112.6,1585.0,20170127,-0.04,33.62,18.5,,,,,27.9921411,0.0
316674,Copper Bottom,MT,47.06,-112.6,1585.0,20170128,16.16,44.06,32.54,,,,,27.9921411,0.09842525
316675,Copper Bottom,MT,47.06,-112.6,1585.0,20170129,21.2,50.36,39.74,,,,,25.984266,0.0
316676,Copper Bottom,MT,47.06,-112.6,1585.0,20170130,30.56,41.54,36.68,,,,,25.0000135,0.0
316677,Copper Bottom,MT,47.06,-112.6,1585.0,20170131,8.42,30.92,18.68,,,,,27.9921411,0.09842525
316678,Copper Bottom,MT,47.06,-112.6,1585.0,20170201,-4.36,20.12,7.52,,,,,27.9921411,0.0
316679,Copper Bottom,MT,47.06,-112.6,1585.0,20170202,-16.06,19.94,0.14,,,,,27.9921411,0.0
316680,Copper Bottom,MT,47.06,-112.6,1585.0,20170203,-19.84,29.12,10.94,,,,,30.0000162,0.40157502
316681,Copper Bottom,MT,47.06,-112.6,1585.0,20170204,12.74,39.2,26.6,,,,,37.007894,0.90157529
316682,Copper Bottom,MT,47.06,-112.6,1585.0,20170205,27.14,43.16,37.22,,,,,35.9842714,0.0
316683,Copper Bottom,MT,47.06,-112.6,1585.0,20170206,11.66,33.98,20.48,,,,,37.992146500000004,0.20078751
316684,Copper Bottom,MT,47.06,-112.6,1585.0,20170207,7.52,30.38,19.22,,,,,37.007894,0.0
316685,Copper Bottom,MT,47.06,-112.6,1585.0,20170208,4.46,34.88,26.24,,,,,37.007894,0.20078751
316686,Copper Bottom,MT,47.06,-112.6,1585.0,20170209,30.38,46.58,41.72,,,,,32.0078913,1.09842579
316687,Copper Bottom,MT,47.06,-112.6,1585.0,20170210,31.28,41.72,36.5,,,,,30.984268699999998,0.0
316688,Copper Bottom,MT,47.06,-112.6,1585.0,20170211,19.76,37.58,29.66,,,,,30.984268699999998,0.09842525
316689,Copper Bottom,MT,47.06,-112.6,1585.0,20170212,12.38,41.54,30.2,,,,,30.984268699999998,0.0
316690,Copper Bottom,MT,47.06,-112.6,1585.0,20170213,13.28,49.64,27.86,,,,,30.984268699999998,0.0
316691,Copper Bottom,MT,47.06,-112.6,1585.0,20170214,9.14,52.52,26.78,,,,,30.984268699999998,0.0
316692,Copper Bottom,MT,47.06,-112.6,1585.0,20170215,22.82,56.48,42.98,,,,,29.015763699999997,0.09842525
316693,Copper Bottom,MT,47.06,-112.6,1585.0,20170216,35.78,55.04,46.22,,,,,27.0078886,0.29921276
316694,Copper Bottom,MT,47.06,-112.6,1585.0,20170217,30.38,49.28,37.76,,,,,25.984266,0.0
316695,Copper Bottom,MT,47.06,-112.6,1585.0,20170218,32.18,50.36,39.74,,,,,25.984266,0.0
316696,Copper Bottom,MT,47.06,-112.6,1585.0,20170219,30.92,46.94,38.12,,,,,24.015760999999998,0.09842525
316697,Copper Bottom,MT,47.06,-112.6,1585.0,20170220,23.18,43.88,34.52,,,,,25.0000135,0.29921276
316698,Copper Bottom,MT,47.06,-112.6,1585.0,20170221,31.46,44.96,36.68,,,,,25.0000135,0.20078751
316699,Copper Bottom,MT,47.06,-112.6,1585.0,20170222,27.32,38.12,31.64,,,,,25.0000135,0.0
316700,Copper Bottom,MT,47.06,-112.6,1585.0,20170223,20.3,34.16,25.52,,,,,24.015760999999998,0.0
316701,Copper Bottom,MT,47.06,-112.6,1585.0,20170224,5.54,36.68,19.4,,,,,25.984266,0.20078751
316702,Copper Bottom,MT,47.06,-112.6,1585.0,20170225,0.86,25.52,18.68,,,,,25.0000135,0.0
316703,Copper Bottom,MT,47.06,-112.6,1585.0,20170226,13.1,28.22,19.76,,,,,30.0000162,0.29921276
316704,Copper Bottom,MT,47.06,-112.6,1585.0,20170227,9.32,36.68,20.66,,,,,29.015763699999997,0.09842525
316705,Copper Bottom,MT,47.06,-112.6,1585.0,20170228,18.68,31.28,23.36,,,,,30.984268699999998,0.09842525
316706,Copper Bottom,MT,47.06,-112.6,1585.0,20170301,19.58,33.8,28.22,,,,,30.0000162,0.29921276
316707,Copper Bottom,MT,47.06,-112.6,1585.0,20170302,29.12,43.52,35.06,,,,,29.015763699999997,0.0
316708,Copper Bottom,MT,47.06,-112.6,1585.0,20170303,30.92,46.4,39.38,,,,,27.9921411,0.0
316709,Copper Bottom,MT,47.06,-112.6,1585.0,20170304,29.66,42.62,37.94,,,,,27.9921411,0.09842525
316710,Copper Bottom,MT,47.06,-112.6,1585.0,20170305,17.06,38.3,30.2,,,,,27.9921411,0.0
316711,Copper Bottom,MT,47.06,-112.6,1585.0,20170306,13.64,36.14,24.44,,,,,29.015763699999997,0.09842525
316712,Copper Bottom,MT,47.06,-112.6,1585.0,20170307,22.1,33.62,26.42,,,,,32.0078913,0.40157502
316713,Copper Bottom,MT,47.06,-112.6,1585.0,20170308,27.14,35.96,31.82,,,,,37.007894,0.70078778
316714,Copper Bottom,MT,47.06,-112.6,1585.0,20170309,15.98,27.32,21.92,,,,,40.9842741,0.50000027
316715,Copper Bottom,MT,47.06,-112.6,1585.0,20170310,18.86,48.2,36.14,,,,,37.992146500000004,0.50000027
316716,Copper Bottom,MT,47.06,-112.6,1585.0,20170311,27.32,52.7,41.18,,,,,35.0000189,0.09842525
316717,Copper Bottom,MT,47.06,-112.6,1585.0,20170312,35.24,45.86,39.56,,,,,34.0157664,0.0
316718,Copper Bottom,MT,47.06,-112.6,1585.0,20170313,34.88,53.6,41.18,,,,,32.0078913,0.09842525
316719,Copper Bottom,MT,47.06,-112.6,1585.0,20170314,36.68,55.58,45.32,,,,,27.9921411,0.09842525
316720,Copper Bottom,MT,47.06,-112.6,1585.0,20170315,42.8,54.32,48.2,,,,,25.0000135,0.09842525
316721,Copper Bottom,MT,47.06,-112.6,1585.0,20170316,29.84,45.5,39.38,,,,,24.015760999999998,0.09842525
316722,Copper Bottom,MT,47.06,-112.6,1585.0,20170317,19.58,53.42,37.94,,,,,22.992138399999998,0.0
316723,Copper Bottom,MT,47.06,-112.6,1585.0,20170318,36.32,61.34,46.04,,,,,22.007885899999998,0.20078751
316724,Copper Bottom,MT,47.06,-112.6,1585.0,20170319,24.98,48.92,40.64,,,,,20.9842633,0.0
316725,Copper Bottom,MT,47.06,-112.6,1585.0,20170320,19.22,45.32,32.18,,,,,20.000010800000002,0.0
316726,Copper Bottom,MT,47.06,-112.6,1585.0,20170321,29.3,55.4,39.2,,,,,19.0157583,0.0
316727,Copper Bottom,MT,47.06,-112.6,1585.0,20170322,30.74,53.78,41.9,,,,,17.9921357,0.0
316728,Copper Bottom,MT,47.06,-112.6,1585.0,20170323,24.26,48.56,37.76,,,,,17.9921357,0.0
316729,Copper Bottom,MT,47.06,-112.6,1585.0,20170324,19.94,57.38,38.84,,,,,15.9842606,0.09842525
316730,Copper Bottom,MT,47.06,-112.6,1585.0,20170325,33.26,49.1,39.38,,,,,15.9842606,0.0
316731,Copper Bottom,MT,47.06,-112.6,1585.0,20170326,31.1,51.8,39.74,,,,,14.015755599999999,0.0
316732,Copper Bottom,MT,47.06,-112.6,1585.0,20170327,30.2,49.1,38.48,,,,,14.015755599999999,0.0
316733,Copper Bottom,MT,47.06,-112.6,1585.0,20170328,30.56,47.12,37.94,,,,,12.992133,0.09842525
316734,Copper Bottom,MT,47.06,-112.6,1585.0,20170329,37.04,45.14,40.28,,,,,12.007880499999999,0.20078751
316735,Copper Bottom,MT,47.06,-112.6,1585.0,20170330,36.14,58.82,43.7,,,,,10.000005400000001,0.0
316736,Copper Bottom,MT,47.06,-112.6,1585.0,20170331,28.94,50.9,39.56,,,,,9.0157529,0.0
316737,Copper Bottom,MT,47.06,-112.6,1585.0,20170401,26.06,57.02,41.0,,,,,5.984255200000001,0.0
316738,Copper Bottom,MT,47.06,-112.6,1585.0,20170402,30.56,48.92,38.66,,,,,5.0000027000000005,0.0
316739,Copper Bottom,MT,47.06,-112.6,1585.0,20170403,22.46,43.16,31.28,,,,,5.984255200000001,0.0
316740,Copper Bottom,MT,47.06,-112.6,1585.0,20170404,15.62,49.46,32.54,,,,,5.0000027000000005,0.0
316741,Copper Bottom,MT,47.06,-112.6,1585.0,20170405,29.12,55.76,40.46,,,,,2.9921276000000003,0.09842525
316742,Copper Bottom,MT,47.06,-112.6,1585.0,20170406,30.2,59.9,43.7,,,,,0.0,0.20078751
316743,Copper Bottom,MT,47.06,-112.6,1585.0,20170407,31.64,52.7,42.62,,,,,0.0,0.09842525
316744,Copper Bottom,MT,47.06,-112.6,1585.0,20170408,28.4,54.14,38.12,,,,,0.9842525,0.29921276
316745,Copper Bottom,MT,47.06,-112.6,1585.0,20170409,22.28,43.52,32.54,,,,,0.0,0.0
316746,Copper Bottom,MT,47.06,-112.6,1585.0,20170410,17.96,47.3,32.0,,,,,0.0,0.0
316747,Copper Bottom,MT,47.06,-112.6,1585.0,20170411,24.26,51.26,38.12,,,,,0.0,0.0
316748,Copper Bottom,MT,47.06,-112.6,1585.0,20170412,35.42,47.48,41.0,,,,,0.0,0.09842525
316749,Copper Bottom,MT,47.06,-112.6,1585.0,20170413,35.6,57.92,42.26,,,,,0.0,0.0
316750,Copper Bottom,MT,47.06,-112.6,1585.0,20170414,33.44,45.32,37.58,,,,,0.0,0.0
316751,Copper Bottom,MT,47.06,-112.6,1585.0,20170415,24.26,41.9,33.44,,,,,0.0,0.09842525
316752,Copper Bottom,MT,47.06,-112.6,1585.0,20170416,20.48,54.14,37.76,,,,,0.0,0.0
316753,Copper Bottom,MT,47.06,-112.6,1585.0,20170417,34.7,47.3,40.28,,,,,0.0,0.0
316754,Copper Bottom,MT,47.06,-112.6,1585.0,20170418,32.18,56.84,43.16,,,,,0.0,0.09842525
316755,Copper Bottom,MT,47.06,-112.6,1585.0,20170419,33.44,55.04,42.62,,,,,0.0,0.0
316756,Copper Bottom,MT,47.06,-112.6,1585.0,20170420,29.48,57.92,41.36,,,,,0.0,0.0
316757,Copper Bottom,MT,47.06,-112.6,1585.0,20170421,34.7,45.14,38.48,,,,,0.0,0.0
316758,Copper Bottom,MT,47.06,-112.6,1585.0,20170422,29.66,58.46,43.52,,,,,0.0,0.0
316759,Copper Bottom,MT,47.06,-112.6,1585.0,20170423,33.8,51.98,41.18,,,,,0.0,0.0
316760,Copper Bottom,MT,47.06,-112.6,1585.0,20170424,32.36,51.26,41.36,,,,,0.0,0.09842525
316761,Copper Bottom,MT,47.06,-112.6,1585.0,20170425,31.46,50.0,40.1,,,,,0.0,0.0
316762,Copper Bottom,MT,47.06,-112.6,1585.0,20170426,31.82,49.46,39.2,,,,,0.0,0.09842525
316763,Copper Bottom,MT,47.06,-112.6,1585.0,20170427,27.5,44.78,37.22,,,,,0.0,0.0
316764,Copper Bottom,MT,47.06,-112.6,1585.0,20170428,24.98,47.3,35.6,,,,,0.0,0.29921276
316765,Copper Bottom,MT,47.06,-112.6,1585.0,20170429,27.68,52.34,41.72,,,,,0.0,0.0
316766,Copper Bottom,MT,47.06,-112.6,1585.0,20170430,35.96,50.18,41.9,,,,,0.0,0.09842525
316767,Copper Bottom,MT,47.06,-112.6,1585.0,20170501,35.42,50.72,41.9,,,,,0.0,0.0
316768,Copper Bottom,MT,47.06,-112.6,1585.0,20170502,28.94,49.1,38.48,,,,,0.0,0.0
316769,Copper Bottom,MT,47.06,-112.6,1585.0,20170503,25.88,63.5,45.68,,,,,0.0,0.0
316770,Copper Bottom,MT,47.06,-112.6,1585.0,20170504,33.98,73.94,54.14,,,,,0.0,0.0
316771,Copper Bottom,MT,47.06,-112.6,1585.0,20170505,39.56,77.72,58.64,,,,,0.0,0.0
316772,Copper Bottom,MT,47.06,-112.6,1585.0,20170506,46.4,68.9,53.96,,,,,0.0,0.29921276
316773,Copper Bottom,MT,47.06,-112.6,1585.0,20170507,32.18,48.2,42.62,,,,,0.0,0.09842525
316774,Copper Bottom,MT,47.06,-112.6,1585.0,20170508,29.48,60.44,43.52,,,,,0.0,0.0
316775,Copper Bottom,MT,47.06,-112.6,1585.0,20170509,33.08,64.04,49.1,,,,,0.0,0.0
316776,Copper Bottom,MT,47.06,-112.6,1585.0,20170510,36.14,69.8,54.14,,,,,0.0,0.0
316777,Copper Bottom,MT,47.06,-112.6,1585.0,20170511,38.66,75.02,56.12,,,,,0.0,0.09842525
316778,Copper Bottom,MT,47.06,-112.6,1585.0,20170512,36.32,64.58,50.0,,,,,0.0,0.09842525
316779,Copper Bottom,MT,47.06,-112.6,1585.0,20170513,34.52,44.78,39.02,,,,,0.0,0.0
316780,Copper Bottom,MT,47.06,-112.6,1585.0,20170514,33.08,50.18,39.56,,,,,0.0,0.0
316781,Copper Bottom,MT,47.06,-112.6,1585.0,20170515,29.66,53.96,41.54,,,,,0.0,0.0
316782,Copper Bottom,MT,47.06,-112.6,1585.0,20170516,30.02,53.42,42.26,,,,,0.0,0.20078751
316783,Copper Bottom,MT,47.06,-112.6,1585.0,20170517,34.88,41.36,38.66,,,,,0.0,1.00000054
316784,Copper Bottom,MT,47.06,-112.6,1585.0,20170518,34.7,50.72,43.16,,,,,0.0,0.0
316785,Copper Bottom,MT,47.06,-112.6,1585.0,20170519,31.28,58.64,44.96,,,,,0.0,0.0
316786,Copper Bottom,MT,47.06,-112.6,1585.0,20170520,35.96,59.36,47.66,,,,,0.0,0.0
316787,Copper Bottom,MT,47.06,-112.6,1585.0,20170521,32.18,65.3,49.28,,,,,0.0,0.0
316788,Copper Bottom,MT,47.06,-112.6,1585.0,20170522,36.86,66.38,52.88,,,,,0.0,0.0
316789,Copper Bottom,MT,47.06,-112.6,1585.0,20170523,37.76,73.4,59.72,,,,,0.0,0.0
316790,Copper Bottom,MT,47.06,-112.6,1585.0,20170524,42.26,63.5,51.44,,,,,0.0,0.0
316791,Copper Bottom,MT,47.06,-112.6,1585.0,20170525,37.4,56.3,45.5,,,,,0.0,0.0
316792,Copper Bottom,MT,47.06,-112.6,1585.0,20170526,34.7,59.72,46.58,,,,,0.0,0.09842525
316793,Copper Bottom,MT,47.06,-112.6,1585.0,20170527,32.9,69.62,51.62,,,,,0.0,0.0
316794,Copper Bottom,MT,47.06,-112.6,1585.0,20170528,36.32,67.64,52.88,,,,,0.0,0.20078751
316795,Copper Bottom,MT,47.06,-112.6,1585.0,20170529,41.36,72.14,57.74,,,,,0.0,0.0
316796,Copper Bottom,MT,47.06,-112.6,1585.0,20170530,45.86,78.26,60.62,,,,,0.0,0.0
316797,Copper Bottom,MT,47.06,-112.6,1585.0,20170531,43.52,80.96,61.7,,,,,0.0,0.0
316798,Copper Bottom,MT,47.06,-112.6,1585.0,20170601,46.94,70.52,55.76,,,,,0.0,0.29921276
316799,Copper Bottom,MT,47.06,-112.6,1585.0,20170602,42.44,64.04,54.68,,,,,0.0,0.0
316800,Copper Bottom,MT,47.06,-112.6,1585.0,20170603,35.78,74.3,57.74,,,,,0.0,0.0
316801,Copper Bottom,MT,47.06,-112.6,1585.0,20170604,45.86,80.42,61.16,,,,,0.0,0.0
316802,Copper Bottom,MT,47.06,-112.6,1585.0,20170605,42.08,64.76,51.98,,,,,0.0,0.0
316803,Copper Bottom,MT,47.06,-112.6,1585.0,20170606,40.28,68.72,55.76,,,,,0.0,0.09842525
316804,Copper Bottom,MT,47.06,-112.6,1585.0,20170607,44.78,81.86,64.58,,,,,0.0,0.0
316805,Copper Bottom,MT,47.06,-112.6,1585.0,20170608,51.26,80.06,64.04,,,,,0.0,0.0
316806,Copper Bottom,MT,47.06,-112.6,1585.0,20170609,39.02,59.54,52.34,,,,,0.0,0.09842525
316807,Copper Bottom,MT,47.06,-112.6,1585.0,20170610,35.24,56.84,46.22,,,,,0.0,0.0
316808,Copper Bottom,MT,47.06,-112.6,1585.0,20170611,32.18,65.48,49.46,,,,,0.0,0.0
316809,Copper Bottom,MT,47.06,-112.6,1585.0,20170612,38.66,69.26,55.04,,,,,0.0,0.79921303
316810,Copper Bottom,MT,47.06,-112.6,1585.0,20170613,43.88,58.1,48.56,,,,,0.0,1.00000054
316811,Copper Bottom,MT,47.06,-112.6,1585.0,20170614,41.9,61.88,51.44,,,,,0.0,0.0
316812,Copper Bottom,MT,47.06,-112.6,1585.0,20170615,41.9,59.54,52.7,,,,,0.0,0.0
316813,Copper Bottom,MT,47.06,-112.6,1585.0,20170616,46.58,59.9,53.06,,,,,0.0,0.0
316814,Copper Bottom,MT,47.06,-112.6,1585.0,20170617,44.6,60.98,52.7,,,,,0.0,0.0
316815,Copper Bottom,MT,47.06,-112.6,1585.0,20170618,45.86,59.36,51.44,,,,,0.0,0.0
316816,Copper Bottom,MT,47.06,-112.6,1585.0,20170619,41.54,75.56,59.72,,,,,0.0,0.0
316817,Copper Bottom,MT,47.06,-112.6,1585.0,20170620,46.4,75.74,64.76,,,,,0.0,0.0
316818,Copper Bottom,MT,47.06,-112.6,1585.0,20170621,43.34,68.36,59.9,,,,,0.0,0.0
316819,Copper Bottom,MT,47.06,-112.6,1585.0,20170622,37.58,63.5,49.82,,,,,0.0,0.0
316820,Copper Bottom,MT,47.06,-112.6,1585.0,20170623,35.6,65.48,51.08,,,,,0.0,0.0
316821,Copper Bottom,MT,47.06,-112.6,1585.0,20170624,39.38,70.7,56.3,,,,,0.0,0.0
316822,Copper Bottom,MT,47.06,-112.6,1585.0,20170625,41.9,80.6,60.98,,,,,0.0,0.0
316823,Copper Bottom,MT,47.06,-112.6,1585.0,20170626,44.96,85.1,67.82,,,,,0.0,0.0
316824,Copper Bottom,MT,47.06,-112.6,1585.0,20170627,50.0,73.76,62.24,,,,,0.0,0.0
316825,Copper Bottom,MT,47.06,-112.6,1585.0,20170628,42.98,71.24,57.92,,,,,0.0,0.0
316826,Copper Bottom,MT,47.06,-112.6,1585.0,20170629,42.44,63.5,50.9,,,,,0.0,0.29921276
316827,Copper Bottom,MT,47.06,-112.6,1585.0,20170630,37.58,72.68,56.66,,,,,0.0,0.0
316828,Copper Bottom,MT,47.06,-112.6,1585.0,20170701,43.34,80.06,62.96,,,,,0.0,0.0
316829,Copper Bottom,MT,47.06,-112.6,1585.0,20170702,46.76,81.14,65.3,,,,,0.0,0.0
316830,Copper Bottom,MT,47.06,-112.6,1585.0,20170703,44.96,79.88,63.32,,,,,0.0,0.0
316831,Copper Bottom,MT,47.06,-112.6,1585.0,20170704,41.54,80.78,63.5,,,,,0.0,0.0
316832,Copper Bottom,MT,47.06,-112.6,1585.0,20170705,44.96,87.98,68.54,,,,,0.0,0.0
316833,Copper Bottom,MT,47.06,-112.6,1585.0,20170706,49.1,87.8,69.98,,,,,0.0,0.0
316834,Copper Bottom,MT,47.06,-112.6,1585.0,20170707,53.24,89.96,72.68,,,,,0.0,0.0
316835,Copper Bottom,MT,47.06,-112.6,1585.0,20170708,51.26,89.78,70.7,,,,,0.0,0.0
316836,Copper Bottom,MT,47.06,-112.6,1585.0,20170709,47.3,88.7,68.18,,,,,0.0,0.0
316837,Copper Bottom,MT,47.06,-112.6,1585.0,20170710,48.56,79.16,63.14,,,,,0.0,0.0
316838,Copper Bottom,MT,47.06,-112.6,1585.0,20170711,41.9,75.92,59.36,,,,,0.0,0.0
316839,Copper Bottom,MT,47.06,-112.6,1585.0,20170712,43.16,81.32,62.78,,,,,0.0,0.0
316840,Copper Bottom,MT,47.06,-112.6,1585.0,20170713,45.5,89.42,68.36,,,,,0.0,0.0
316841,Copper Bottom,MT,47.06,-112.6,1585.0,20170714,46.94,91.58,70.34,,,,,0.0,0.0
316842,Copper Bottom,MT,47.06,-112.6,1585.0,20170715,48.56,88.88,68.0,,,,,0.0,0.0
316843,Copper Bottom,MT,47.06,-112.6,1585.0,20170716,42.62,76.64,61.34,,,,,0.0,0.0
316844,Copper Bottom,MT,47.06,-112.6,1585.0,20170717,36.5,75.74,57.02,,,,,0.0,0.0
316845,Copper Bottom,MT,47.06,-112.6,1585.0,20170718,37.4,79.52,62.42,,,,,0.0,0.0
316846,Copper Bottom,MT,47.06,-112.6,1585.0,20170719,46.4,81.68,65.48,,,,,0.0,0.0
316847,Copper Bottom,MT,47.06,-112.6,1585.0,20170720,44.06,82.58,67.28,,,,,0.0,0.0
316848,Copper Bottom,MT,47.06,-112.6,1585.0,20170721,50.54,76.1,64.22,,,,,0.0,0.0
316849,Copper Bottom,MT,47.06,-112.6,1585.0,20170722,43.16,80.24,62.78,,,,,0.0,0.0
316850,Copper Bottom,MT,47.06,-112.6,1585.0,20170723,44.24,86.54,68.72,,,,,0.0,0.0
316851,Copper Bottom,MT,47.06,-112.6,1585.0,20170724,49.64,81.68,68.18,,,,,0.0,0.0
316852,Copper Bottom,MT,47.06,-112.6,1585.0,20170725,42.98,82.76,64.4,,,,,0.0,0.0
316853,Copper Bottom,MT,47.06,-112.6,1585.0,20170726,44.06,83.3,67.28,,,,,0.0,0.0
316854,Copper Bottom,MT,47.06,-112.6,1585.0,20170727,51.62,83.84,67.64,,,,,0.0,0.0
316855,Copper Bottom,MT,47.06,-112.6,1585.0,20170728,44.96,82.76,65.48,,,,,0.0,0.0
316856,Copper Bottom,MT,47.06,-112.6,1585.0,20170729,44.42,86.72,66.2,,,,,0.0,0.0
316857,Copper Bottom,MT,47.06,-112.6,1585.0,20170730,45.14,86.54,65.66,,,,,0.0,0.0
316858,Copper Bottom,MT,47.06,-112.6,1585.0,20170731,42.62,84.56,64.94,,,,,0.0,0.0
316859,Copper Bottom,MT,47.06,-112.6,1585.0,20170801,44.24,78.44,63.5,,,,,0.0,0.0
316860,Copper Bottom,MT,47.06,-112.6,1585.0,20170802,52.88,64.4,57.56,,,,,0.0,0.0
316861,Copper Bottom,MT,47.06,-112.6,1585.0,20170803,44.24,81.68,62.42,,,,,0.0,0.0
316862,Copper Bottom,MT,47.06,-112.6,1585.0,20170804,42.08,77.18,59.0,,,,,0.0,0.0
316863,Copper Bottom,MT,47.06,-112.6,1585.0,20170805,41.54,60.62,51.8,,,,,0.0,0.0
316864,Copper Bottom,MT,47.06,-112.6,1585.0,20170806,38.48,74.84,57.02,,,,,0.0,0.0
316865,Copper Bottom,MT,47.06,-112.6,1585.0,20170807,41.72,80.6,62.78,,,,,0.0,0.0
316866,Copper Bottom,MT,47.06,-112.6,1585.0,20170808,46.04,73.22,59.18,,,,,0.0,0.0
316867,Copper Bottom,MT,47.06,-112.6,1585.0,20170809,43.34,78.26,57.56,,,,,0.0,0.0
316868,Copper Bottom,MT,47.06,-112.6,1585.0,20170810,43.16,78.8,60.08,,,,,0.0,0.09842525
316869,Copper Bottom,MT,47.06,-112.6,1585.0,20170811,43.52,81.68,60.26,,,,,0.0,0.0
316870,Copper Bottom,MT,47.06,-112.6,1585.0,20170812,45.32,82.4,64.22,,,,,0.0,0.0
316871,Copper Bottom,MT,47.06,-112.6,1585.0,20170813,51.98,77.18,60.62,,,,,0.0,0.0
316872,Copper Bottom,MT,47.06,-112.6,1585.0,20170814,40.1,70.34,56.12,,,,,0.0,0.0
316873,Copper Bottom,MT,47.06,-112.6,1585.0,20170815,35.42,74.84,55.76,,,,,0.0,0.0
316874,Copper Bottom,MT,47.06,-112.6,1585.0,20170816,35.96,73.4,56.84,,,,,0.0,0.0
316875,Copper Bottom,MT,47.06,-112.6,1585.0,20170817,43.88,77.18,60.62,,,,,0.0,0.0
316876,Copper Bottom,MT,47.06,-112.6,1585.0,20170818,39.2,78.8,62.78,,,,,0.0,0.0
316877,Copper Bottom,MT,47.06,-112.6,1585.0,20170819,41.9,73.04,61.16,,,,,0.0,0.0
316878,Copper Bottom,MT,47.06,-112.6,1585.0,20170820,35.78,73.76,55.76,,,,,0.0,0.0
316879,Copper Bottom,MT,47.06,-112.6,1585.0,20170821,39.2,75.2,57.56,,,,,0.0,0.0
316880,Copper Bottom,MT,47.06,-112.6,1585.0,20170822,39.92,82.4,61.34,,,,,0.0,0.0
316881,Copper Bottom,MT,47.06,-112.6,1585.0,20170823,40.82,83.66,64.58,,,,,0.0,0.0
316882,Copper Bottom,MT,47.06,-112.6,1585.0,20170824,49.46,76.28,62.6,,,,,0.0,0.0
316883,Copper Bottom,MT,47.06,-112.6,1585.0,20170825,41.9,75.56,58.64,,,,,0.0,0.0
316884,Copper Bottom,MT,47.06,-112.6,1585.0,20170826,34.88,76.28,56.84,,,,,0.0,0.0
316885,Copper Bottom,MT,47.06,-112.6,1585.0,20170827,37.94,84.2,61.16,,,,,0.0,0.0
316886,Copper Bottom,MT,47.06,-112.6,1585.0,20170828,39.2,85.64,63.5,,,,,0.0,0.0
316887,Copper Bottom,MT,47.06,-112.6,1585.0,20170829,49.46,85.28,66.74,,,,,0.0,0.0
316888,Copper Bottom,MT,47.06,-112.6,1585.0,20170830,46.94,88.88,64.94,,,,,0.0,0.0
316889,Copper Bottom,MT,47.06,-112.6,1585.0,20170831,44.06,78.8,63.32,,,,,0.0,0.0
316890,Copper Bottom,MT,47.06,-112.6,1585.0,20170901,40.64,77.54,60.44,,,,,0.0,0.0
316891,Copper Bottom,MT,47.06,-112.6,1585.0,20170902,42.62,86.54,66.38,,,,,0.0,0.0
316892,Copper Bottom,MT,47.06,-112.6,1585.0,20170903,47.12,87.26,68.54,,,,,0.0,0.0
316893,Copper Bottom,MT,47.06,-112.6,1585.0,20170904,41.18,63.5,53.96,,,,,0.0,0.0
316894,Copper Bottom,MT,47.06,-112.6,1585.0,20170905,38.84,78.8,57.56,,,,,0.0,0.0
316895,Copper Bottom,MT,47.06,-112.6,1585.0,20170906,39.2,80.78,58.82,,,,,0.0,0.0
316896,Copper Bottom,MT,47.06,-112.6,1585.0,20170907,44.78,85.82,62.78,,,,,0.0,0.0
316897,Copper Bottom,MT,47.06,-112.6,1585.0,20170908,43.88,80.06,64.04,,,,,0.0,0.0
316898,Copper Bottom,MT,47.06,-112.6,1585.0,20170909,45.5,80.78,66.38,,,,,0.0,0.0
316899,Copper Bottom,MT,47.06,-112.6,1585.0,20170910,48.38,75.38,62.96,,,,,0.0,0.0
316900,Copper Bottom,MT,47.06,-112.6,1585.0,20170911,37.58,81.14,58.1,,,,,0.0,0.0
316901,Copper Bottom,MT,47.06,-112.6,1585.0,20170912,36.68,81.86,61.88,,,,,0.0,0.09842525
316902,Copper Bottom,MT,47.06,-112.6,1585.0,20170913,44.96,74.12,58.64,,,,,0.0,0.09842525
316903,Copper Bottom,MT,47.06,-112.6,1585.0,20170914,37.58,44.96,40.64,,,,,0.0,0.09842525
316904,Copper Bottom,MT,47.06,-112.6,1585.0,20170915,35.6,40.46,37.58,,,,,0.0,0.40157502
316905,Copper Bottom,MT,47.06,-112.6,1585.0,20170916,31.82,50.0,39.56,,,,,0.0,0.0
316906,Copper Bottom,MT,47.06,-112.6,1585.0,20170917,29.66,59.9,44.06,,,,,0.0,0.0
316907,Copper Bottom,MT,47.06,-112.6,1585.0,20170918,35.96,56.12,44.78,,,,,0.0,0.0
316908,Copper Bottom,MT,47.06,-112.6,1585.0,20170919,36.68,48.2,40.64,,,,,0.0,0.09842525
316909,Copper Bottom,MT,47.06,-112.6,1585.0,20170920,34.16,44.42,39.56,,,,,0.0,0.09842525
316910,Copper Bottom,MT,47.06,-112.6,1585.0,20170921,31.82,49.64,40.64,,,,,0.0,0.0
316911,Wood Creek,MT,47.45,-112.81,1816.6,20170101,-1.84,15.44,7.7,,,,,17.9921357,0.20078751
316912,Wood Creek,MT,47.45,-112.81,1816.6,20170102,-13.9,1.22,-4.0,,,,,17.9921357,0.0
316913,Wood Creek,MT,47.45,-112.81,1816.6,20170103,-15.7,6.44,-6.88,,,,,17.9921357,0.0
316914,Wood Creek,MT,47.45,-112.81,1816.6,20170104,-17.68,10.04,-7.24,,,,,17.0078832,0.0
316915,Wood Creek,MT,47.45,-112.81,1816.6,20170105,-11.74,15.98,1.76,,,,,15.9842606,0.09842525
316916,Wood Creek,MT,47.45,-112.81,1816.6,20170106,4.1,22.46,12.02,,,,,15.9842606,0.0
316917,Wood Creek,MT,47.45,-112.81,1816.6,20170107,0.32,22.64,9.14,,,,,15.9842606,0.09842525
316918,Wood Creek,MT,47.45,-112.81,1816.6,20170108,1.22,35.96,22.1,,,,,17.0078832,0.29921276
316919,Wood Creek,MT,47.45,-112.81,1816.6,20170109,21.74,36.32,29.48,,,,,20.000010800000002,0.09842525
316920,Wood Creek,MT,47.45,-112.81,1816.6,20170110,-9.58,24.62,9.68,,,,,22.992138399999998,0.09842525
316921,Wood Creek,MT,47.45,-112.81,1816.6,20170111,-11.74,9.86,-3.1,,,,,20.9842633,0.0
316922,Wood Creek,MT,47.45,-112.81,1816.6,20170112,-7.6,20.12,8.24,,,,,20.9842633,0.09842525
316923,Wood Creek,MT,47.45,-112.81,1816.6,20170113,10.76,26.42,17.42,,,,,20.000010800000002,0.0
316924,Wood Creek,MT,47.45,-112.81,1816.6,20170114,11.3,32.18,21.02,,,,,19.0157583,0.0
316925,Wood Creek,MT,47.45,-112.81,1816.6,20170115,14.9,35.78,23.18,,,,,19.0157583,0.0
316926,Wood Creek,MT,47.45,-112.81,1816.6,20170116,15.26,36.32,26.6,,,,,17.9921357,0.09842525
316927,Wood Creek,MT,47.45,-112.81,1816.6,20170117,34.7,45.14,39.56,,,,,17.0078832,0.0
316928,Wood Creek,MT,47.45,-112.81,1816.6,20170118,34.7,44.42,40.82,,,,,17.0078832,0.0
316929,Wood Creek,MT,47.45,-112.81,1816.6,20170119,30.02,40.46,35.96,,,,,17.0078832,0.0
316930,Wood Creek,MT,47.45,-112.81,1816.6,20170120,15.08,36.14,27.5,,,,,17.0078832,0.0
316931,Wood Creek,MT,47.45,-112.81,1816.6,20170121,11.66,35.06,23.0,,,,,17.0078832,0.0
316932,Wood Creek,MT,47.45,-112.81,1816.6,20170122,19.22,35.6,25.52,,,,,17.0078832,0.0
316933,Wood Creek,MT,47.45,-112.81,1816.6,20170123,5.0,23.36,17.24,,,,,17.9921357,0.0
316934,Wood Creek,MT,47.45,-112.81,1816.6,20170124,1.22,24.98,12.56,,,,,17.9921357,0.0
316935,Wood Creek,MT,47.45,-112.81,1816.6,20170125,12.74,26.24,18.68,,,,,17.9921357,0.0
316936,Wood Creek,MT,47.45,-112.81,1816.6,20170126,14.9,27.5,20.12,,,,,17.9921357,0.0
316937,Wood Creek,MT,47.45,-112.81,1816.6,20170127,17.78,32.54,25.16,,,,,17.9921357,0.09842525
316938,Wood Creek,MT,47.45,-112.81,1816.6,20170128,28.4,41.9,33.98,,,,,17.9921357,0.0
316939,Wood Creek,MT,47.45,-112.81,1816.6,20170129,31.82,45.68,39.38,,,,,17.0078832,0.0
316940,Wood Creek,MT,47.45,-112.81,1816.6,20170130,27.14,39.02,33.44,,,,,15.9842606,0.0
316941,Wood Creek,MT,47.45,-112.81,1816.6,20170131,7.34,26.96,14.18,,,,,20.9842633,0.20078751
316942,Wood Creek,MT,47.45,-112.81,1816.6,20170201,-5.08,10.22,4.46,,,,,20.000010800000002,0.0
316943,Wood Creek,MT,47.45,-112.81,1816.6,20170202,-7.78,11.66,2.48,,,,,20.000010800000002,0.0
316944,Wood Creek,MT,47.45,-112.81,1816.6,20170203,-7.6,35.42,13.82,,,,,22.007885899999998,0.20078751
316945,Wood Creek,MT,47.45,-112.81,1816.6,20170204,4.28,32.18,16.7,,,,,25.984266,0.59842552
316946,Wood Creek,MT,47.45,-112.81,1816.6,20170205,-1.3,34.7,21.92,,,,,27.9921411,0.29921276
316947,Wood Creek,MT,47.45,-112.81,1816.6,20170206,-5.08,20.3,5.54,,,,,34.0157664,0.79921303
316948,Wood Creek,MT,47.45,-112.81,1816.6,20170207,-6.52,7.88,-1.48,,,,,32.9921438,0.0
316949,Wood Creek,MT,47.45,-112.81,1816.6,20170208,-4.36,33.98,20.84,,,,,32.0078913,0.20078751
316950,Wood Creek,MT,47.45,-112.81,1816.6,20170209,33.8,40.28,36.86,,,,,27.9921411,1.40157556
316951,Wood Creek,MT,47.45,-112.81,1816.6,20170210,26.42,35.24,31.64,,,,,25.984266,0.09842525
316952,Wood Creek,MT,47.45,-112.81,1816.6,20170211,21.2,30.02,24.8,,,,,27.0078886,0.0
316953,Wood Creek,MT,47.45,-112.81,1816.6,20170212,21.2,39.92,30.2,,,,,27.0078886,0.0
316954,Wood Creek,MT,47.45,-112.81,1816.6,20170213,24.26,45.68,32.9,,,,,25.984266,0.0
316955,Wood Creek,MT,47.45,-112.81,1816.6,20170214,20.66,51.44,34.88,,,,,25.984266,0.0
316956,Wood Creek,MT,47.45,-112.81,1816.6,20170215,40.28,53.6,45.68,,,,,25.0000135,0.0
316957,Wood Creek,MT,47.45,-112.81,1816.6,20170216,34.16,47.3,42.08,,,,,22.007885899999998,0.0
316958,Wood Creek,MT,47.45,-112.81,1816.6,20170217,27.5,40.82,34.16,,,,,22.007885899999998,0.0
316959,Wood Creek,MT,47.45,-112.81,1816.6,20170218,27.68,46.4,36.32,,,,,20.9842633,0.0
316960,Wood Creek,MT,47.45,-112.81,1816.6,20170219,28.4,42.62,36.14,,,,,20.9842633,0.0
316961,Wood Creek,MT,47.45,-112.81,1816.6,20170220,28.22,38.12,32.9,,,,,25.0000135,0.20078751
316962,Wood Creek,MT,47.45,-112.81,1816.6,20170221,27.86,39.2,32.9,,,,,27.9921411,0.40157502
316963,Wood Creek,MT,47.45,-112.81,1816.6,20170222,22.46,33.44,27.32,,,,,27.0078886,0.0
316964,Wood Creek,MT,47.45,-112.81,1816.6,20170223,8.78,23.9,19.58,,,,,27.0078886,0.0
316965,Wood Creek,MT,47.45,-112.81,1816.6,20170224,6.26,25.7,15.44,,,,,27.0078886,0.0
316966,Wood Creek,MT,47.45,-112.81,1816.6,20170225,7.34,23.18,17.06,,,,,27.9921411,0.09842525
316967,Wood Creek,MT,47.45,-112.81,1816.6,20170226,6.44,21.38,14.18,,,,,27.9921411,0.0
316968,Wood Creek,MT,47.45,-112.81,1816.6,20170227,-0.58,27.14,14.54,,,,,30.0000162,0.20078751
316969,Wood Creek,MT,47.45,-112.81,1816.6,20170228,14.72,25.16,19.58,,,,,30.984268699999998,0.09842525
316970,Wood Creek,MT,47.45,-112.81,1816.6,20170301,16.7,28.76,24.26,,,,,29.015763699999997,0.09842525
316971,Wood Creek,MT,47.45,-112.81,1816.6,20170302,24.98,35.06,30.38,,,,,29.015763699999997,0.0
316972,Wood Creek,MT,47.45,-112.81,1816.6,20170303,29.12,42.44,35.78,,,,,27.9921411,0.0
316973,Wood Creek,MT,47.45,-112.81,1816.6,20170304,32.18,43.34,35.24,,,,,29.015763699999997,0.09842525
316974,Wood Creek,MT,47.45,-112.81,1816.6,20170305,17.96,34.7,27.14,,,,,32.9921438,0.29921276
316975,Wood Creek,MT,47.45,-112.81,1816.6,20170306,14.36,28.76,20.48,,,,,34.0157664,0.09842525
316976,Wood Creek,MT,47.45,-112.81,1816.6,20170307,17.06,29.66,21.74,,,,,32.9921438,0.20078751
316977,Wood Creek,MT,47.45,-112.81,1816.6,20170308,14.9,29.84,26.42,,,,,37.007894,0.40157502
316978,Wood Creek,MT,47.45,-112.81,1816.6,20170309,3.74,15.08,8.24,,,,,40.000021600000004,0.20078751
316979,Wood Creek,MT,47.45,-112.81,1816.6,20170310,8.78,38.66,28.94,,,,,37.992146500000004,0.50000027
316980,Wood Creek,MT,47.45,-112.81,1816.6,20170311,29.12,42.8,35.42,,,,,37.007894,0.0
316981,Wood Creek,MT,47.45,-112.81,1816.6,20170312,31.64,41.72,34.7,,,,,37.007894,0.09842525
316982,Wood Creek,MT,47.45,-112.81,1816.6,20170313,32.54,48.02,39.74,,,,,35.0000189,0.0
316983,Wood Creek,MT,47.45,-112.81,1816.6,20170314,35.06,46.04,41.0,,,,,32.9921438,0.09842525
316984,Wood Creek,MT,47.45,-112.81,1816.6,20170315,38.66,50.18,43.52,,,,,30.0000162,0.09842525
316985,Wood Creek,MT,47.45,-112.81,1816.6,20170316,28.58,42.08,36.14,,,,,29.015763699999997,0.0
316986,Wood Creek,MT,47.45,-112.81,1816.6,20170317,20.3,46.76,36.5,,,,,27.9921411,0.0
316987,Wood Creek,MT,47.45,-112.81,1816.6,20170318,33.44,53.24,42.8,,,,,27.0078886,0.59842552
316988,Wood Creek,MT,47.45,-112.81,1816.6,20170319,27.86,46.4,35.78,,,,,27.0078886,0.0
316989,Wood Creek,MT,47.45,-112.81,1816.6,20170320,22.46,39.74,30.2,,,,,27.0078886,0.0
316990,Wood Creek,MT,47.45,-112.81,1816.6,20170321,21.92,48.02,34.88,,,,,25.984266,0.20078751
316991,Wood Creek,MT,47.45,-112.81,1816.6,20170322,33.26,48.92,39.92,,,,,25.984266,0.0
316992,Wood Creek,MT,47.45,-112.81,1816.6,20170323,28.58,44.78,35.96,,,,,25.984266,0.0
316993,Wood Creek,MT,47.45,-112.81,1816.6,20170324,25.52,51.08,37.22,,,,,25.984266,0.0
316994,Wood Creek,MT,47.45,-112.81,1816.6,20170325,31.1,46.22,35.6,,,,,25.0000135,0.09842525
316995,Wood Creek,MT,47.45,-112.81,1816.6,20170326,29.66,45.32,36.32,,,,,25.0000135,0.0
316996,Wood Creek,MT,47.45,-112.81,1816.6,20170327,30.74,43.34,36.14,,,,,25.0000135,0.0
316997,Wood Creek,MT,47.45,-112.81,1816.6,20170328,30.92,42.08,35.06,,,,,25.0000135,0.0
316998,Wood Creek,MT,47.45,-112.81,1816.6,20170329,34.7,45.32,38.66,,,,,25.0000135,0.0
316999,Wood Creek,MT,47.45,-112.81,1816.6,20170330,32.72,50.54,39.74,,,,,25.0000135,0.0
317000,Wood Creek,MT,47.45,-112.81,1816.6,20170331,31.82,49.46,36.32,,,,,25.0000135,0.20078751
317001,Wood Creek,MT,47.45,-112.81,1816.6,20170401,31.28,52.16,41.0,,,,,24.015760999999998,0.0
317002,Wood Creek,MT,47.45,-112.81,1816.6,20170402,26.78,41.72,33.62,,,,,25.0000135,0.0
317003,Wood Creek,MT,47.45,-112.81,1816.6,20170403,15.8,34.16,26.06,,,,,29.015763699999997,0.29921276
317004,Wood Creek,MT,47.45,-112.81,1816.6,20170404,12.92,43.88,28.22,,,,,27.0078886,0.09842525
317005,Wood Creek,MT,47.45,-112.81,1816.6,20170405,31.1,50.9,39.92,,,,,25.0000135,0.0
317006,Wood Creek,MT,47.45,-112.81,1816.6,20170406,33.98,56.84,43.34,,,,,24.015760999999998,0.09842525
317007,Wood Creek,MT,47.45,-112.81,1816.6,20170407,30.02,49.82,39.38,,,,,24.015760999999998,0.09842525
317008,Wood Creek,MT,47.45,-112.81,1816.6,20170408,28.94,49.1,35.96,,,,,32.9921438,0.90157529
317009,Wood Creek,MT,47.45,-112.81,1816.6,20170409,19.58,39.2,29.66,,,,,32.0078913,0.09842525
317010,Wood Creek,MT,47.45,-112.81,1816.6,20170410,16.88,39.2,27.86,,,,,30.984268699999998,0.09842525
317011,Wood Creek,MT,47.45,-112.81,1816.6,20170411,22.82,48.02,33.62,,,,,30.0000162,0.0
317012,Wood Creek,MT,47.45,-112.81,1816.6,20170412,31.28,44.06,36.86,,,,,27.9921411,0.09842525
317013,Wood Creek,MT,47.45,-112.81,1816.6,20170413,32.36,54.14,38.12,,,,,27.0078886,0.09842525
317014,Wood Creek,MT,47.45,-112.81,1816.6,20170414,30.38,42.98,34.7,,,,,27.0078886,0.0
317015,Wood Creek,MT,47.45,-112.81,1816.6,20170415,27.86,40.64,32.36,,,,,27.0078886,0.0
317016,Wood Creek,MT,47.45,-112.81,1816.6,20170416,21.56,51.08,35.24,,,,,27.0078886,0.0
317017,Wood Creek,MT,47.45,-112.81,1816.6,20170417,30.2,46.22,36.86,,,,,25.984266,0.0
317018,Wood Creek,MT,47.45,-112.81,1816.6,20170418,33.62,52.16,41.72,,,,,25.0000135,0.0
317019,Wood Creek,MT,47.45,-112.81,1816.6,20170419,29.66,54.14,39.92,,,,,25.0000135,0.0
317020,Wood Creek,MT,47.45,-112.81,1816.6,20170420,26.06,55.22,37.76,,,,,25.0000135,0.0
317021,Wood Creek,MT,47.45,-112.81,1816.6,20170421,29.66,41.36,35.78,,,,,25.0000135,0.0
317022,Wood Creek,MT,47.45,-112.81,1816.6,20170422,26.78,55.58,39.92,,,,,22.992138399999998,0.0
317023,Wood Creek,MT,47.45,-112.81,1816.6,20170423,31.28,51.44,38.48,,,,,22.992138399999998,0.0
317024,Wood Creek,MT,47.45,-112.81,1816.6,20170424,30.2,46.58,37.4,,,,,22.007885899999998,0.0
317025,Wood Creek,MT,47.45,-112.81,1816.6,20170425,29.12,51.26,36.86,,,,,22.007885899999998,0.0
317026,Wood Creek,MT,47.45,-112.81,1816.6,20170426,28.76,46.58,36.86,,,,,22.007885899999998,0.0
317027,Wood Creek,MT,47.45,-112.81,1816.6,20170427,28.94,39.38,33.98,,,,,22.007885899999998,0.09842525
317028,Wood Creek,MT,47.45,-112.81,1816.6,20170428,26.6,43.88,34.52,,,,,20.9842633,0.0
317029,Wood Creek,MT,47.45,-112.81,1816.6,20170429,28.4,50.9,38.84,,,,,20.000010800000002,0.0
317030,Wood Creek,MT,47.45,-112.81,1816.6,20170430,33.62,50.0,39.56,,,,,19.0157583,0.0
317031,Wood Creek,MT,47.45,-112.81,1816.6,20170501,32.36,49.64,38.84,,,,,19.0157583,0.0
317032,Wood Creek,MT,47.45,-112.81,1816.6,20170502,29.84,44.42,37.04,,,,,17.9921357,0.0
317033,Wood Creek,MT,47.45,-112.81,1816.6,20170503,27.68,60.8,44.42,,,,,15.9842606,0.0
317034,Wood Creek,MT,47.45,-112.81,1816.6,20170504,36.32,71.78,51.62,,,,,14.015755599999999,0.0
317035,Wood Creek,MT,47.45,-112.81,1816.6,20170505,37.22,74.12,53.42,,,,,12.007880499999999,0.09842525
317036,Wood Creek,MT,47.45,-112.81,1816.6,20170506,41.72,64.94,51.62,,,,,9.0157529,0.0
317037,Wood Creek,MT,47.45,-112.81,1816.6,20170507,32.18,44.78,39.74,,,,,7.9921303,0.20078751
317038,Wood Creek,MT,47.45,-112.81,1816.6,20170508,29.48,59.54,41.0,,,,,7.007877799999999,0.0
317039,Wood Creek,MT,47.45,-112.81,1816.6,20170509,32.36,59.0,44.6,,,,,5.984255200000001,0.0
317040,Wood Creek,MT,47.45,-112.81,1816.6,20170510,31.64,68.72,48.92,,,,,4.0157502,0.0
317041,Wood Creek,MT,47.45,-112.81,1816.6,20170511,34.88,71.6,51.44,,,,,0.9842525,0.0
317042,Wood Creek,MT,47.45,-112.81,1816.6,20170512,35.06,66.38,47.12,,,,,0.0,0.20078751
317043,Wood Creek,MT,47.45,-112.81,1816.6,20170513,32.72,45.68,36.86,,,,,0.0,0.0
317044,Wood Creek,MT,47.45,-112.81,1816.6,20170514,29.48,45.5,36.5,,,,,0.0,0.0
317045,Wood Creek,MT,47.45,-112.81,1816.6,20170515,26.24,51.44,38.3,,,,,0.0,0.0
317046,Wood Creek,MT,47.45,-112.81,1816.6,20170516,29.48,49.46,40.1,,,,,0.0,0.09842525
317047,Wood Creek,MT,47.45,-112.81,1816.6,20170517,34.34,35.78,34.7,,,,,5.984255200000001,2.09842633
317048,Wood Creek,MT,47.45,-112.81,1816.6,20170518,32.9,49.46,38.3,,,,,2.9921276000000003,0.0
317049,Wood Creek,MT,47.45,-112.81,1816.6,20170519,30.74,58.64,41.0,,,,,2.0078751,0.0
317050,Wood Creek,MT,47.45,-112.81,1816.6,20170520,33.44,55.4,43.16,,,,,0.0,0.0
317051,Wood Creek,MT,47.45,-112.81,1816.6,20170521,31.28,63.86,46.04,,,,,0.0,0.0
317052,Wood Creek,MT,47.45,-112.81,1816.6,20170522,37.58,61.52,49.28,,,,,0.0,0.0
317053,Wood Creek,MT,47.45,-112.81,1816.6,20170523,36.86,73.76,56.84,,,,,0.0,0.0
317054,Wood Creek,MT,47.45,-112.81,1816.6,20170524,38.12,58.64,46.76,,,,,0.0,0.0
317055,Wood Creek,MT,47.45,-112.81,1816.6,20170525,36.14,49.64,42.44,,,,,0.0,0.0
317056,Wood Creek,MT,47.45,-112.81,1816.6,20170526,33.98,58.28,45.5,,,,,0.0,0.0
317057,Wood Creek,MT,47.45,-112.81,1816.6,20170527,34.7,68.72,50.72,,,,,0.0,0.0
317058,Wood Creek,MT,47.45,-112.81,1816.6,20170528,38.3,65.84,50.18,,,,,0.0,0.0
317059,Wood Creek,MT,47.45,-112.81,1816.6,20170529,37.04,68.54,51.26,,,,,0.0,0.09842525
317060,Wood Creek,MT,47.45,-112.81,1816.6,20170530,39.2,71.06,54.86,,,,,0.0,0.0
317061,Wood Creek,MT,47.45,-112.81,1816.6,20170531,41.54,78.44,59.54,,,,,0.0,0.0
317062,Wood Creek,MT,47.45,-112.81,1816.6,20170601,46.04,68.9,53.78,,,,,0.0,0.29921276
317063,Wood Creek,MT,47.45,-112.81,1816.6,20170602,43.34,62.96,52.52,,,,,0.0,0.0
317064,Wood Creek,MT,47.45,-112.81,1816.6,20170603,35.06,74.84,56.3,,,,,0.0,0.0
317065,Wood Creek,MT,47.45,-112.81,1816.6,20170604,45.68,76.1,57.02,,,,,0.0,0.50000027
317066,Wood Creek,MT,47.45,-112.81,1816.6,20170605,42.98,58.28,48.56,,,,,0.0,0.0
317067,Wood Creek,MT,47.45,-112.81,1816.6,20170606,41.54,62.78,52.34,,,,,0.0,0.0
317068,Wood Creek,MT,47.45,-112.81,1816.6,20170607,42.08,73.94,59.36,,,,,0.0,0.0
317069,Wood Creek,MT,47.45,-112.81,1816.6,20170608,47.84,77.9,59.36,,,,,0.0,0.0
317070,Wood Creek,MT,47.45,-112.81,1816.6,20170609,41.0,57.92,49.82,,,,,0.0,0.09842525
317071,Wood Creek,MT,47.45,-112.81,1816.6,20170610,37.94,51.98,43.88,,,,,0.0,0.09842525
317072,Wood Creek,MT,47.45,-112.81,1816.6,20170611,32.72,65.12,48.02,,,,,0.0,0.0
317073,Wood Creek,MT,47.45,-112.81,1816.6,20170612,36.32,66.74,52.52,,,,,0.9842525,0.70078778
317074,Wood Creek,MT,47.45,-112.81,1816.6,20170613,41.54,49.46,45.68,,,,,0.0,2.50000135
317075,Wood Creek,MT,47.45,-112.81,1816.6,20170614,40.82,58.64,49.1,,,,,0.0,0.0
317076,Wood Creek,MT,47.45,-112.81,1816.6,20170615,44.24,56.84,49.46,,,,,0.0,0.0
317077,Wood Creek,MT,47.45,-112.81,1816.6,20170616,41.18,57.02,48.92,,,,,0.0,0.09842525
317078,Wood Creek,MT,47.45,-112.81,1816.6,20170617,39.74,59.54,48.56,,,,,0.0,0.0
317079,Wood Creek,MT,47.45,-112.81,1816.6,20170618,45.86,58.46,49.82,,,,,0.0,0.0
317080,Wood Creek,MT,47.45,-112.81,1816.6,20170619,50.18,74.66,65.12,,,,,0.0,0.09842525
317081,Wood Creek,MT,47.45,-112.81,1816.6,20170620,49.46,74.12,62.96,,,,,0.0,0.0
317082,Wood Creek,MT,47.45,-112.81,1816.6,20170621,48.2,66.56,57.2,,,,,0.0,0.0
317083,Wood Creek,MT,47.45,-112.81,1816.6,20170622,37.4,62.96,48.56,,,,,0.0,0.0
317084,Wood Creek,MT,47.45,-112.81,1816.6,20170623,33.62,62.42,48.2,,,,,0.0,0.0
317085,Wood Creek,MT,47.45,-112.81,1816.6,20170624,36.32,66.92,51.62,,,,,0.0,0.0
317086,Wood Creek,MT,47.45,-112.81,1816.6,20170625,38.12,75.92,57.56,,,,,0.0,0.0
317087,Wood Creek,MT,47.45,-112.81,1816.6,20170626,44.24,82.94,64.94,,,,,0.0,0.0
317088,Wood Creek,MT,47.45,-112.81,1816.6,20170627,54.14,72.86,61.52,,,,,0.0,0.0
317089,Wood Creek,MT,47.45,-112.81,1816.6,20170628,47.3,66.92,55.76,,,,,0.0,0.0
317090,Wood Creek,MT,47.45,-112.81,1816.6,20170629,40.64,60.08,48.38,,,,,0.0,0.0
317091,Wood Creek,MT,47.45,-112.81,1816.6,20170630,38.48,74.12,55.04,,,,,0.0,0.0
317092,Wood Creek,MT,47.45,-112.81,1816.6,20170701,44.06,79.16,61.16,,,,,0.0,0.0
317093,Wood Creek,MT,47.45,-112.81,1816.6,20170702,48.02,80.96,63.5,,,,,0.0,0.0
317094,Wood Creek,MT,47.45,-112.81,1816.6,20170703,50.36,79.7,65.48,,,,,0.0,0.0
317095,Wood Creek,MT,47.45,-112.81,1816.6,20170704,45.32,79.88,63.5,,,,,0.0,0.0
317096,Wood Creek,MT,47.45,-112.81,1816.6,20170705,50.9,86.9,68.72,,,,,0.0,0.0
317097,Wood Creek,MT,47.45,-112.81,1816.6,20170706,49.82,84.56,68.0,,,,,0.0,0.0
317098,Wood Creek,MT,47.45,-112.81,1816.6,20170707,50.36,84.56,67.1,,,,,0.0,0.0
317099,Wood Creek,MT,47.45,-112.81,1816.6,20170708,52.34,87.62,68.54,,,,,0.0,0.0
317100,Wood Creek,MT,47.45,-112.81,1816.6,20170709,51.62,86.18,68.36,,,,,0.0,0.0
317101,Wood Creek,MT,47.45,-112.81,1816.6,20170710,56.48,79.16,65.48,,,,,0.0,0.0
317102,Wood Creek,MT,47.45,-112.81,1816.6,20170711,46.58,72.86,58.82,,,,,0.0,0.0
317103,Wood Creek,MT,47.45,-112.81,1816.6,20170712,45.32,79.52,61.7,,,,,0.0,0.0
317104,Wood Creek,MT,47.45,-112.81,1816.6,20170713,46.58,85.64,66.74,,,,,0.0,0.0
317105,Wood Creek,MT,47.45,-112.81,1816.6,20170714,50.9,84.38,66.56,,,,,0.0,0.0
317106,Wood Creek,MT,47.45,-112.81,1816.6,20170715,51.08,87.62,64.58,,,,,0.0,0.29921276
317107,Wood Creek,MT,47.45,-112.81,1816.6,20170716,49.64,74.12,60.26,,,,,0.0,0.0
317108,Wood Creek,MT,47.45,-112.81,1816.6,20170717,40.46,74.48,57.38,,,,,0.0,0.0
317109,Wood Creek,MT,47.45,-112.81,1816.6,20170718,40.28,79.16,60.62,,,,,0.0,0.0
317110,Wood Creek,MT,47.45,-112.81,1816.6,20170719,53.06,82.58,66.92,,,,,0.0,0.0
317111,Wood Creek,MT,47.45,-112.81,1816.6,20170720,47.66,79.52,64.4,,,,,0.0,0.0
317112,Wood Creek,MT,47.45,-112.81,1816.6,20170721,52.7,73.58,61.88,,,,,0.0,0.0
317113,Wood Creek,MT,47.45,-112.81,1816.6,20170722,46.04,79.34,62.78,,,,,0.0,0.0
317114,Wood Creek,MT,47.45,-112.81,1816.6,20170723,48.38,85.1,67.28,,,,,0.0,0.0
317115,Wood Creek,MT,47.45,-112.81,1816.6,20170724,46.22,79.34,65.3,,,,,0.0,0.0
317116,Wood Creek,MT,47.45,-112.81,1816.6,20170725,44.96,77.0,60.26,,,,,0.0,0.0
317117,Wood Creek,MT,47.45,-112.81,1816.6,20170726,44.6,84.56,63.68,,,,,0.0,0.0
317118,Wood Creek,MT,47.45,-112.81,1816.6,20170727,54.32,81.14,65.3,,,,,0.0,0.0
317119,Wood Creek,MT,47.45,-112.81,1816.6,20170728,51.08,80.24,65.3,,,,,0.0,0.0
317120,Wood Creek,MT,47.45,-112.81,1816.6,20170729,50.54,84.92,65.84,,,,,0.0,0.0
317121,Wood Creek,MT,47.45,-112.81,1816.6,20170730,50.36,86.0,67.1,,,,,0.0,0.0
317122,Wood Creek,MT,47.45,-112.81,1816.6,20170731,47.84,83.3,65.12,,,,,0.0,0.0
317123,Wood Creek,MT,47.45,-112.81,1816.6,20170801,48.74,75.74,60.8,,,,,0.0,0.0
317124,Wood Creek,MT,47.45,-112.81,1816.6,20170802,48.2,53.42,50.9,,,,,0.0,0.0
317125,Wood Creek,MT,47.45,-112.81,1816.6,20170803,42.98,77.54,58.82,,,,,0.0,0.0
317126,Wood Creek,MT,47.45,-112.81,1816.6,20170804,45.68,70.34,56.66,,,,,0.0,0.0
317127,Wood Creek,MT,47.45,-112.81,1816.6,20170805,41.54,56.12,50.0,,,,,0.0,0.09842525
317128,Wood Creek,MT,47.45,-112.81,1816.6,20170806,38.12,71.78,53.96,,,,,0.0,0.0
317129,Wood Creek,MT,47.45,-112.81,1816.6,20170807,41.18,76.82,59.0,,,,,0.0,0.0
317130,Wood Creek,MT,47.45,-112.81,1816.6,20170808,47.3,68.18,56.48,,,,,0.0,0.0
317131,Wood Creek,MT,47.45,-112.81,1816.6,20170809,43.52,75.02,57.92,,,,,0.0,0.0
317132,Wood Creek,MT,47.45,-112.81,1816.6,20170810,41.18,75.74,55.04,,,,,0.0,0.09842525
317133,Wood Creek,MT,47.45,-112.81,1816.6,20170811,40.64,69.8,55.76,,,,,0.0,0.0
317134,Wood Creek,MT,47.45,-112.81,1816.6,20170812,45.5,75.38,55.94,,,,,0.0,0.09842525
317135,Wood Creek,MT,47.45,-112.81,1816.6,20170813,49.1,70.34,56.48,,,,,0.0,0.0
317136,Wood Creek,MT,47.45,-112.81,1816.6,20170814,43.7,67.64,54.5,,,,,0.0,0.0
317137,Wood Creek,MT,47.45,-112.81,1816.6,20170815,39.74,73.58,54.32,,,,,0.0,0.0
317138,Wood Creek,MT,47.45,-112.81,1816.6,20170816,39.92,73.76,56.84,,,,,0.0,0.09842525
317139,Wood Creek,MT,47.45,-112.81,1816.6,20170817,46.58,75.92,59.9,,,,,0.0,0.0
317140,Wood Creek,MT,47.45,-112.81,1816.6,20170818,45.5,78.8,62.06,,,,,0.0,0.0
317141,Wood Creek,MT,47.45,-112.81,1816.6,20170819,45.86,71.24,59.72,,,,,0.0,0.0
317142,Wood Creek,MT,47.45,-112.81,1816.6,20170820,42.08,70.7,55.4,,,,,0.0,0.0
317143,Wood Creek,MT,47.45,-112.81,1816.6,20170821,42.62,75.02,56.66,,,,,0.0,0.0
317144,Wood Creek,MT,47.45,-112.81,1816.6,20170822,42.62,81.86,60.26,,,,,0.0,0.0
317145,Wood Creek,MT,47.45,-112.81,1816.6,20170823,47.48,81.5,64.04,,,,,0.0,0.0
317146,Wood Creek,MT,47.45,-112.81,1816.6,20170824,55.76,72.32,62.6,,,,,0.0,0.0
317147,Wood Creek,MT,47.45,-112.81,1816.6,20170825,47.66,75.56,59.72,,,,,0.0,0.0
317148,Wood Creek,MT,47.45,-112.81,1816.6,20170826,43.7,78.62,58.46,,,,,0.0,0.0
317149,Wood Creek,MT,47.45,-112.81,1816.6,20170827,42.98,81.32,60.8,,,,,0.0,0.0
317150,Wood Creek,MT,47.45,-112.81,1816.6,20170828,46.76,84.56,63.5,,,,,0.0,0.0
317151,Wood Creek,MT,47.45,-112.81,1816.6,20170829,50.54,82.76,64.4,,,,,0.0,0.0
317152,Wood Creek,MT,47.45,-112.81,1816.6,20170830,50.36,82.58,62.06,,,,,0.0,0.0
317153,Wood Creek,MT,47.45,-112.81,1816.6,20170831,50.9,74.84,62.24,,,,,0.0,0.0
317154,Wood Creek,MT,47.45,-112.81,1816.6,20170901,46.4,77.36,62.42,,,,,0.0,0.0
317155,Wood Creek,MT,47.45,-112.81,1816.6,20170902,48.74,80.78,65.48,,,,,0.0,0.0
317156,Wood Creek,MT,47.45,-112.81,1816.6,20170903,50.0,81.5,65.66,,,,,0.0,0.0
317157,Wood Creek,MT,47.45,-112.81,1816.6,20170904,41.18,63.86,51.26,,,,,0.0,0.0
317158,Wood Creek,MT,47.45,-112.81,1816.6,20170905,35.6,74.48,53.6,,,,,0.0,0.0
317159,Wood Creek,MT,47.45,-112.81,1816.6,20170906,42.8,77.72,58.28,,,,,0.0,0.0
317160,Wood Creek,MT,47.45,-112.81,1816.6,20170907,44.06,81.14,60.8,,,,,0.0,0.0
317161,Wood Creek,MT,47.45,-112.81,1816.6,20170908,45.86,80.06,62.6,,,,,0.0,0.0
317162,Wood Creek,MT,47.45,-112.81,1816.6,20170909,53.06,76.46,64.58,,,,,0.0,0.0
317163,Wood Creek,MT,47.45,-112.81,1816.6,20170910,50.54,67.64,60.08,,,,,0.0,0.0
317164,Wood Creek,MT,47.45,-112.81,1816.6,20170911,45.86,79.16,62.42,,,,,0.0,0.0
317165,Wood Creek,MT,47.45,-112.81,1816.6,20170912,52.52,75.92,63.5,,,,,0.0,0.0
317166,Wood Creek,MT,47.45,-112.81,1816.6,20170913,39.74,69.08,55.22,,,,,0.0,0.0
317167,Wood Creek,MT,47.45,-112.81,1816.6,20170914,33.26,39.74,35.42,,,,,0.0,0.59842552
317168,Wood Creek,MT,47.45,-112.81,1816.6,20170915,32.0,35.78,33.8,,,,,5.984255200000001,0.90157529
317169,Wood Creek,MT,47.45,-112.81,1816.6,20170916,32.36,44.42,36.14,,,,,4.0157502,0.09842525
317170,Wood Creek,MT,47.45,-112.81,1816.6,20170917,32.36,56.84,41.0,,,,,2.0078751,0.0
317171,Wood Creek,MT,47.45,-112.81,1816.6,20170918,34.88,53.42,43.16,,,,,0.9842525,0.20078751
317172,Wood Creek,MT,47.45,-112.81,1816.6,20170919,33.62,46.04,37.76,,,,,0.0,0.20078751
317173,Wood Creek,MT,47.45,-112.81,1816.6,20170920,34.34,44.06,37.76,,,,,0.0,0.0
317174,Wood Creek,MT,47.45,-112.81,1816.6,20170921,31.64,46.4,37.94,,,,,0.9842525,0.09842525
317175,Rocker Peak,MT,46.36,-112.26,2438.4,20170101,-12.46,15.26,1.76,,,,,22.992138399999998,0.09842525
317176,Rocker Peak,MT,46.36,-112.26,2438.4,20170102,-16.06,-3.46,-10.3,,,,,22.007885899999998,0.0
317177,Rocker Peak,MT,46.36,-112.26,2438.4,20170103,-17.86,10.4,-0.04,,,,,22.007885899999998,0.0
317178,Rocker Peak,MT,46.36,-112.26,2438.4,20170104,-9.76,2.3,-4.36,,,,,22.007885899999998,0.0
317179,Rocker Peak,MT,46.36,-112.26,2438.4,20170105,-8.32,11.12,0.86,,,,,22.007885899999998,0.0
317180,Rocker Peak,MT,46.36,-112.26,2438.4,20170106,2.3,21.02,10.94,,,,,20.9842633,0.09842525
317181,Rocker Peak,MT,46.36,-112.26,2438.4,20170107,6.44,23.72,15.8,,,,,22.992138399999998,0.20078751
317182,Rocker Peak,MT,46.36,-112.26,2438.4,20170108,18.14,30.38,25.16,,,,,25.0000135,0.20078751
317183,Rocker Peak,MT,46.36,-112.26,2438.4,20170109,12.38,32.0,24.44,,,,,27.0078886,0.09842525
317184,Rocker Peak,MT,46.36,-112.26,2438.4,20170110,10.22,19.58,15.98,,,,,27.9921411,0.09842525
317185,Rocker Peak,MT,46.36,-112.26,2438.4,20170111,4.1,19.04,11.66,,,,,27.0078886,0.0
317186,Rocker Peak,MT,46.36,-112.26,2438.4,20170112,8.6,19.76,12.56,,,,,27.0078886,0.0
317187,Rocker Peak,MT,46.36,-112.26,2438.4,20170113,6.98,26.24,14.54,,,,,25.984266,0.09842525
317188,Rocker Peak,MT,46.36,-112.26,2438.4,20170114,12.56,28.04,20.48,,,,,25.984266,0.09842525
317189,Rocker Peak,MT,46.36,-112.26,2438.4,20170115,17.96,30.92,23.18,,,,,25.0000135,0.0
317190,Rocker Peak,MT,46.36,-112.26,2438.4,20170116,17.78,31.64,25.16,,,,,25.0000135,0.09842525
317191,Rocker Peak,MT,46.36,-112.26,2438.4,20170117,25.16,43.88,34.7,,,,,24.015760999999998,0.0
317192,Rocker Peak,MT,46.36,-112.26,2438.4,20170118,27.86,40.82,34.34,,,,,24.015760999999998,0.0
317193,Rocker Peak,MT,46.36,-112.26,2438.4,20170119,22.82,32.72,28.22,,,,,24.015760999999998,0.0
317194,Rocker Peak,MT,46.36,-112.26,2438.4,20170120,8.96,28.04,20.66,,,,,24.015760999999998,0.0
317195,Rocker Peak,MT,46.36,-112.26,2438.4,20170121,8.6,31.28,19.58,,,,,24.015760999999998,0.0
317196,Rocker Peak,MT,46.36,-112.26,2438.4,20170122,13.64,28.04,20.66,,,,,24.015760999999998,0.0
317197,Rocker Peak,MT,46.36,-112.26,2438.4,20170123,9.5,21.2,14.0,,,,,24.015760999999998,0.0
317198,Rocker Peak,MT,46.36,-112.26,2438.4,20170124,7.34,19.94,11.12,,,,,24.015760999999998,0.0
317199,Rocker Peak,MT,46.36,-112.26,2438.4,20170125,11.84,16.52,13.28,,,,,27.9921411,0.20078751
317200,Rocker Peak,MT,46.36,-112.26,2438.4,20170126,9.68,15.8,12.2,,,,,27.9921411,0.0
317201,Rocker Peak,MT,46.36,-112.26,2438.4,20170127,10.76,25.34,17.06,,,,,27.0078886,0.0
317202,Rocker Peak,MT,46.36,-112.26,2438.4,20170128,21.02,32.18,26.96,,,,,25.984266,0.0
317203,Rocker Peak,MT,46.36,-112.26,2438.4,20170129,28.76,42.98,34.52,,,,,25.0000135,0.0
317204,Rocker Peak,MT,46.36,-112.26,2438.4,20170130,19.4,36.68,27.14,,,,,25.0000135,0.0
317205,Rocker Peak,MT,46.36,-112.26,2438.4,20170131,0.14,21.74,11.3,,,,,30.0000162,0.29921276
317206,Rocker Peak,MT,46.36,-112.26,2438.4,20170201,-7.78,2.3,-3.1,,,,,30.0000162,0.0
317207,Rocker Peak,MT,46.36,-112.26,2438.4,20170202,-11.38,7.7,-2.02,,,,,27.9921411,0.0
317208,Rocker Peak,MT,46.36,-112.26,2438.4,20170203,-2.02,29.84,22.82,,,,,27.9921411,0.0
317209,Rocker Peak,MT,46.36,-112.26,2438.4,20170204,25.88,32.36,28.22,,,,,30.984268699999998,0.29921276
317210,Rocker Peak,MT,46.36,-112.26,2438.4,20170205,26.96,34.16,29.66,,,,,30.984268699999998,0.0
317211,Rocker Peak,MT,46.36,-112.26,2438.4,20170206,13.82,34.7,25.52,,,,,32.9921438,0.09842525
317212,Rocker Peak,MT,46.36,-112.26,2438.4,20170207,7.16,19.04,14.72,,,,,32.9921438,0.09842525
317213,Rocker Peak,MT,46.36,-112.26,2438.4,20170208,14.36,31.1,22.82,,,,,32.9921438,0.29921276
317214,Rocker Peak,MT,46.36,-112.26,2438.4,20170209,30.92,38.66,35.6,,,,,32.0078913,0.20078751
317215,Rocker Peak,MT,46.36,-112.26,2438.4,20170210,18.86,32.72,27.5,,,,,39.0157691,0.40157502
317216,Rocker Peak,MT,46.36,-112.26,2438.4,20170211,12.74,20.48,16.34,,,,,37.007894,0.0
317217,Rocker Peak,MT,46.36,-112.26,2438.4,20170212,10.22,31.28,22.1,,,,,35.9842714,0.20078751
317218,Rocker Peak,MT,46.36,-112.26,2438.4,20170213,24.62,38.12,29.12,,,,,35.0000189,0.0
317219,Rocker Peak,MT,46.36,-112.26,2438.4,20170214,23.0,48.2,35.42,,,,,34.0157664,0.09842525
317220,Rocker Peak,MT,46.36,-112.26,2438.4,20170215,33.8,50.0,40.64,,,,,32.9921438,0.0
317221,Rocker Peak,MT,46.36,-112.26,2438.4,20170216,26.78,42.98,34.88,,,,,34.0157664,0.09842525
317222,Rocker Peak,MT,46.36,-112.26,2438.4,20170217,24.8,36.14,28.58,,,,,34.0157664,0.0
317223,Rocker Peak,MT,46.36,-112.26,2438.4,20170218,27.86,39.74,31.82,,,,,32.9921438,0.0
317224,Rocker Peak,MT,46.36,-112.26,2438.4,20170219,23.36,38.84,29.3,,,,,32.9921438,0.0
317225,Rocker Peak,MT,46.36,-112.26,2438.4,20170220,22.46,33.98,28.76,,,,,32.9921438,0.09842525
317226,Rocker Peak,MT,46.36,-112.26,2438.4,20170221,22.82,35.24,29.84,,,,,34.0157664,0.0
317227,Rocker Peak,MT,46.36,-112.26,2438.4,20170222,14.54,27.5,20.66,,,,,34.0157664,0.0
317228,Rocker Peak,MT,46.36,-112.26,2438.4,20170223,11.66,18.32,14.72,,,,,34.0157664,0.0
317229,Rocker Peak,MT,46.36,-112.26,2438.4,20170224,4.82,17.6,11.66,,,,,35.0000189,0.0
317230,Rocker Peak,MT,46.36,-112.26,2438.4,20170225,5.0,14.72,9.32,,,,,35.0000189,0.0
317231,Rocker Peak,MT,46.36,-112.26,2438.4,20170226,10.04,19.04,13.28,,,,,39.0157691,0.20078751
317232,Rocker Peak,MT,46.36,-112.26,2438.4,20170227,4.1,19.4,12.38,,,,,39.0157691,0.09842525
317233,Rocker Peak,MT,46.36,-112.26,2438.4,20170228,6.98,20.48,11.12,,,,,40.9842741,0.20078751
317234,Rocker Peak,MT,46.36,-112.26,2438.4,20170301,7.52,26.78,18.14,,,,,39.0157691,0.20078751
317235,Rocker Peak,MT,46.36,-112.26,2438.4,20170302,17.78,32.9,24.62,,,,,37.992146500000004,0.09842525
317236,Rocker Peak,MT,46.36,-112.26,2438.4,20170303,21.92,39.74,30.56,,,,,37.007894,0.0
317237,Rocker Peak,MT,46.36,-112.26,2438.4,20170304,24.8,33.08,28.58,,,,,37.992146500000004,0.09842525
317238,Rocker Peak,MT,46.36,-112.26,2438.4,20170305,12.38,30.56,23.0,,,,,39.0157691,0.0
317239,Rocker Peak,MT,46.36,-112.26,2438.4,20170306,9.32,21.92,14.0,,,,,37.992146500000004,0.0
317240,Rocker Peak,MT,46.36,-112.26,2438.4,20170307,7.88,24.98,17.06,,,,,39.0157691,0.09842525
317241,Rocker Peak,MT,46.36,-112.26,2438.4,20170308,19.4,30.56,26.06,,,,,45.00002429999999,0.70078778
317242,Rocker Peak,MT,46.36,-112.26,2438.4,20170309,18.5,33.08,27.68,,,,,45.00002429999999,0.29921276
317243,Rocker Peak,MT,46.36,-112.26,2438.4,20170310,22.82,40.64,32.72,,,,,44.015771799999996,0.09842525
317244,Rocker Peak,MT,46.36,-112.26,2438.4,20170311,17.78,42.62,30.38,,,,,42.9921492,0.09842525
317245,Rocker Peak,MT,46.36,-112.26,2438.4,20170312,23.72,34.88,28.4,,,,,42.0078967,0.0
317246,Rocker Peak,MT,46.36,-112.26,2438.4,20170313,27.32,43.34,34.34,,,,,40.9842741,0.09842525
317247,Rocker Peak,MT,46.36,-112.26,2438.4,20170314,32.9,45.86,38.66,,,,,39.0157691,0.0
317248,Rocker Peak,MT,46.36,-112.26,2438.4,20170315,34.7,49.46,41.72,,,,,37.007894,0.0
317249,Rocker Peak,MT,46.36,-112.26,2438.4,20170316,17.6,39.02,29.3,,,,,40.000021600000004,0.09842525
317250,Rocker Peak,MT,46.36,-112.26,2438.4,20170317,17.78,42.62,33.08,,,,,37.992146500000004,0.09842525
317251,Rocker Peak,MT,46.36,-112.26,2438.4,20170318,33.26,53.06,42.98,,,,,37.007894,0.0
317252,Rocker Peak,MT,46.36,-112.26,2438.4,20170319,24.08,42.8,33.26,,,,,35.9842714,0.09842525
317253,Rocker Peak,MT,46.36,-112.26,2438.4,20170320,23.9,34.16,27.86,,,,,37.992146500000004,0.09842525
317254,Rocker Peak,MT,46.36,-112.26,2438.4,20170321,27.14,46.4,36.14,,,,,35.9842714,0.0
317255,Rocker Peak,MT,46.36,-112.26,2438.4,20170322,29.3,43.88,35.06,,,,,35.9842714,0.0
317256,Rocker Peak,MT,46.36,-112.26,2438.4,20170323,24.8,41.36,30.02,,,,,35.9842714,0.0
317257,Rocker Peak,MT,46.36,-112.26,2438.4,20170324,27.32,45.32,35.24,,,,,35.9842714,0.0
317258,Rocker Peak,MT,46.36,-112.26,2438.4,20170325,24.08,38.84,29.66,,,,,37.007894,0.09842525
317259,Rocker Peak,MT,46.36,-112.26,2438.4,20170326,20.3,42.44,30.92,,,,,37.007894,0.0
317260,Rocker Peak,MT,46.36,-112.26,2438.4,20170327,23.36,37.76,29.3,,,,,37.007894,0.0
317261,Rocker Peak,MT,46.36,-112.26,2438.4,20170328,19.58,38.12,28.4,,,,,37.007894,0.0
317262,Rocker Peak,MT,46.36,-112.26,2438.4,20170329,27.68,40.46,31.82,,,,,37.992146500000004,0.09842525
317263,Rocker Peak,MT,46.36,-112.26,2438.4,20170330,28.22,41.18,32.9,,,,,39.0157691,0.09842525
317264,Rocker Peak,MT,46.36,-112.26,2438.4,20170331,25.88,41.18,29.84,,,,,39.0157691,0.09842525
317265,Rocker Peak,MT,46.36,-112.26,2438.4,20170401,25.34,50.36,36.14,,,,,37.007894,0.0
317266,Rocker Peak,MT,46.36,-112.26,2438.4,20170402,19.04,41.18,28.94,,,,,37.992146500000004,0.09842525
317267,Rocker Peak,MT,46.36,-112.26,2438.4,20170403,16.34,29.66,20.84,,,,,37.992146500000004,0.0
317268,Rocker Peak,MT,46.36,-112.26,2438.4,20170404,14.54,40.1,26.6,,,,,37.992146500000004,0.0
317269,Rocker Peak,MT,46.36,-112.26,2438.4,20170405,26.42,42.62,34.34,,,,,37.007894,0.09842525
317270,Rocker Peak,MT,46.36,-112.26,2438.4,20170406,33.44,50.9,40.64,,,,,35.9842714,0.0
317271,Rocker Peak,MT,46.36,-112.26,2438.4,20170407,28.58,46.22,35.24,,,,,37.007894,0.09842525
317272,Rocker Peak,MT,46.36,-112.26,2438.4,20170408,22.1,39.92,30.38,,,,,40.000021600000004,0.09842525
317273,Rocker Peak,MT,46.36,-112.26,2438.4,20170409,11.3,30.2,21.2,,,,,42.0078967,0.20078751
317274,Rocker Peak,MT,46.36,-112.26,2438.4,20170410,12.02,36.32,24.26,,,,,42.0078967,0.20078751
317275,Rocker Peak,MT,46.36,-112.26,2438.4,20170411,14.18,41.54,29.12,,,,,42.0078967,0.20078751
317276,Rocker Peak,MT,46.36,-112.26,2438.4,20170412,29.3,44.6,36.14,,,,,40.000021600000004,0.0
317277,Rocker Peak,MT,46.36,-112.26,2438.4,20170413,26.78,52.16,35.06,,,,,44.015771799999996,0.20078751
317278,Rocker Peak,MT,46.36,-112.26,2438.4,20170414,20.66,37.22,27.32,,,,,45.00002429999999,0.20078751
317279,Rocker Peak,MT,46.36,-112.26,2438.4,20170415,15.26,31.28,22.82,,,,,44.015771799999996,0.09842525
317280,Rocker Peak,MT,46.36,-112.26,2438.4,20170416,15.8,45.14,30.56,,,,,42.9921492,0.09842525
317281,Rocker Peak,MT,46.36,-112.26,2438.4,20170417,26.96,41.18,32.9,,,,,42.9921492,0.09842525
317282,Rocker Peak,MT,46.36,-112.26,2438.4,20170418,28.22,46.94,35.6,,,,,44.015771799999996,0.09842525
317283,Rocker Peak,MT,46.36,-112.26,2438.4,20170419,26.42,44.96,33.44,,,,,42.0078967,0.09842525
317284,Rocker Peak,MT,46.36,-112.26,2438.4,20170420,26.06,45.32,33.08,,,,,45.984276799999996,0.40157502
317285,Rocker Peak,MT,46.36,-112.26,2438.4,20170421,23.0,32.72,27.68,,,,,45.984276799999996,0.0
317286,Rocker Peak,MT,46.36,-112.26,2438.4,20170422,19.58,45.86,34.52,,,,,44.015771799999996,0.0
317287,Rocker Peak,MT,46.36,-112.26,2438.4,20170423,28.58,45.14,34.7,,,,,44.015771799999996,0.09842525
317288,Rocker Peak,MT,46.36,-112.26,2438.4,20170424,25.34,41.54,32.54,,,,,45.984276799999996,0.09842525
317289,Rocker Peak,MT,46.36,-112.26,2438.4,20170425,27.5,42.62,32.36,,,,,45.00002429999999,0.09842525
317290,Rocker Peak,MT,46.36,-112.26,2438.4,20170426,26.24,39.92,31.28,,,,,47.0078994,0.09842525
317291,Rocker Peak,MT,46.36,-112.26,2438.4,20170427,23.0,35.06,27.14,,,,,49.0157745,0.20078751
317292,Rocker Peak,MT,46.36,-112.26,2438.4,20170428,21.92,38.66,28.04,,,,,47.992151899999996,0.09842525
317293,Rocker Peak,MT,46.36,-112.26,2438.4,20170429,21.74,47.66,32.9,,,,,47.0078994,0.09842525
317294,Rocker Peak,MT,46.36,-112.26,2438.4,20170430,27.86,46.4,33.98,,,,,47.0078994,0.0
317295,Rocker Peak,MT,46.36,-112.26,2438.4,20170501,26.24,44.24,32.0,,,,,47.0078994,0.09842525
317296,Rocker Peak,MT,46.36,-112.26,2438.4,20170502,26.24,36.68,29.48,,,,,47.0078994,0.09842525
317297,Rocker Peak,MT,46.36,-112.26,2438.4,20170503,24.8,53.96,40.64,,,,,45.00002429999999,0.09842525
317298,Rocker Peak,MT,46.36,-112.26,2438.4,20170504,38.3,67.82,51.08,,,,,42.9921492,0.0
317299,Rocker Peak,MT,46.36,-112.26,2438.4,20170505,36.5,67.82,52.52,,,,,40.000021600000004,0.09842525
317300,Rocker Peak,MT,46.36,-112.26,2438.4,20170506,38.66,64.22,47.3,,,,,37.992146500000004,0.09842525
317301,Rocker Peak,MT,46.36,-112.26,2438.4,20170507,27.68,45.5,35.96,,,,,37.992146500000004,0.0
317302,Rocker Peak,MT,46.36,-112.26,2438.4,20170508,25.52,53.42,37.4,,,,,37.007894,0.09842525
317303,Rocker Peak,MT,46.36,-112.26,2438.4,20170509,30.92,54.5,41.72,,,,,35.9842714,0.0
317304,Rocker Peak,MT,46.36,-112.26,2438.4,20170510,31.64,64.58,45.5,,,,,35.0000189,0.0
317305,Rocker Peak,MT,46.36,-112.26,2438.4,20170511,38.84,64.76,49.1,,,,,32.0078913,0.0
317306,Rocker Peak,MT,46.36,-112.26,2438.4,20170512,28.58,61.7,43.52,,,,,34.0157664,0.0
317307,Rocker Peak,MT,46.36,-112.26,2438.4,20170513,21.92,31.46,27.14,,,,,34.0157664,0.09842525
317308,Rocker Peak,MT,46.36,-112.26,2438.4,20170514,20.48,39.2,29.66,,,,,32.9921438,0.09842525
317309,Rocker Peak,MT,46.36,-112.26,2438.4,20170515,25.52,42.98,33.08,,,,,32.0078913,0.09842525
317310,Rocker Peak,MT,46.36,-112.26,2438.4,20170516,26.42,41.36,33.8,,,,,35.9842714,0.29921276
317311,Rocker Peak,MT,46.36,-112.26,2438.4,20170517,25.34,32.9,30.02,,,,,45.984276799999996,1.70078832
317312,Rocker Peak,MT,46.36,-112.26,2438.4,20170518,28.76,42.44,33.98,,,,,44.015771799999996,0.59842552
317313,Rocker Peak,MT,46.36,-112.26,2438.4,20170519,26.78,48.2,36.86,,,,,42.0078967,0.09842525
317314,Rocker Peak,MT,46.36,-112.26,2438.4,20170520,32.36,50.54,39.56,,,,,40.000021600000004,0.09842525
317315,Rocker Peak,MT,46.36,-112.26,2438.4,20170521,30.74,55.4,41.9,,,,,37.992146500000004,0.0
317316,Rocker Peak,MT,46.36,-112.26,2438.4,20170522,37.22,59.36,45.5,,,,,35.9842714,0.09842525
317317,Rocker Peak,MT,46.36,-112.26,2438.4,20170523,37.04,66.74,51.98,,,,,32.9921438,0.0
317318,Rocker Peak,MT,46.36,-112.26,2438.4,20170524,29.3,51.08,42.98,,,,,32.0078913,0.0
317319,Rocker Peak,MT,46.36,-112.26,2438.4,20170525,28.58,44.96,33.98,,,,,32.9921438,0.0
317320,Rocker Peak,MT,46.36,-112.26,2438.4,20170526,30.56,50.54,38.66,,,,,32.0078913,0.0
317321,Rocker Peak,MT,46.36,-112.26,2438.4,20170527,35.24,56.3,45.14,,,,,30.0000162,0.0
317322,Rocker Peak,MT,46.36,-112.26,2438.4,20170528,38.48,60.62,46.58,,,,,27.9921411,0.09842525
317323,Rocker Peak,MT,46.36,-112.26,2438.4,20170529,36.5,60.08,47.12,,,,,27.0078886,0.0
317324,Rocker Peak,MT,46.36,-112.26,2438.4,20170530,38.66,64.4,49.46,,,,,24.015760999999998,0.09842525
317325,Rocker Peak,MT,46.36,-112.26,2438.4,20170531,37.94,66.38,51.8,,,,,22.007885899999998,0.0
317326,Rocker Peak,MT,46.36,-112.26,2438.4,20170601,41.54,60.98,48.38,,,,,20.000010800000002,0.09842525
317327,Rocker Peak,MT,46.36,-112.26,2438.4,20170602,38.3,57.92,46.58,,,,,15.9842606,0.09842525
317328,Rocker Peak,MT,46.36,-112.26,2438.4,20170603,35.6,67.64,52.52,,,,,12.992133,0.50000027
317329,Rocker Peak,MT,46.36,-112.26,2438.4,20170604,37.76,68.18,52.88,,,,,10.000005400000001,0.0
317330,Rocker Peak,MT,46.36,-112.26,2438.4,20170605,36.5,55.22,43.34,,,,,5.984255200000001,0.09842525
317331,Rocker Peak,MT,46.36,-112.26,2438.4,20170606,36.68,60.8,49.64,,,,,0.9842525,0.0
317332,Rocker Peak,MT,46.36,-112.26,2438.4,20170607,40.1,68.9,55.04,,,,,0.0,0.09842525
317333,Rocker Peak,MT,46.36,-112.26,2438.4,20170608,45.5,68.36,56.48,,,,,0.0,0.0
317334,Rocker Peak,MT,46.36,-112.26,2438.4,20170609,32.72,54.14,42.62,,,,,0.0,0.0
317335,Rocker Peak,MT,46.36,-112.26,2438.4,20170610,28.94,48.02,36.14,,,,,0.0,0.0
317336,Rocker Peak,MT,46.36,-112.26,2438.4,20170611,27.86,53.42,41.72,,,,,0.0,0.79921303
317337,Rocker Peak,MT,46.36,-112.26,2438.4,20170612,38.48,60.08,45.86,,,,,0.0,1.20078805
317338,Rocker Peak,MT,46.36,-112.26,2438.4,20170613,34.52,40.28,36.5,,,,,0.0,0.59842552
317339,Rocker Peak,MT,46.36,-112.26,2438.4,20170614,33.62,52.52,41.9,,,,,0.0,0.09842525
317340,Rocker Peak,MT,46.36,-112.26,2438.4,20170615,33.62,51.62,43.52,,,,,0.0,0.0
317341,Rocker Peak,MT,46.36,-112.26,2438.4,20170616,37.22,53.24,43.88,,,,,0.0,0.0
317342,Rocker Peak,MT,46.36,-112.26,2438.4,20170617,34.52,51.26,42.08,,,,,0.0,0.0
317343,Rocker Peak,MT,46.36,-112.26,2438.4,20170618,36.5,51.44,43.52,,,,,0.0,0.0
317344,Rocker Peak,MT,46.36,-112.26,2438.4,20170619,39.56,69.26,54.68,,,,,0.0,0.0
317345,Rocker Peak,MT,46.36,-112.26,2438.4,20170620,48.38,71.96,59.18,,,,,0.0,0.0
317346,Rocker Peak,MT,46.36,-112.26,2438.4,20170621,40.82,63.32,51.62,,,,,0.0,0.0
317347,Rocker Peak,MT,46.36,-112.26,2438.4,20170622,33.08,53.78,43.34,,,,,0.0,0.0
317348,Rocker Peak,MT,46.36,-112.26,2438.4,20170623,32.72,59.36,45.86,,,,,0.0,0.0
317349,Rocker Peak,MT,46.36,-112.26,2438.4,20170624,36.86,61.88,49.46,,,,,0.0,0.0
317350,Rocker Peak,MT,46.36,-112.26,2438.4,20170625,39.2,68.72,53.42,,,,,0.0,0.0
317351,Rocker Peak,MT,46.36,-112.26,2438.4,20170626,44.78,75.56,60.8,,,,,0.0,0.0
317352,Rocker Peak,MT,46.36,-112.26,2438.4,20170627,43.34,60.62,51.26,,,,,0.0,0.0
317353,Rocker Peak,MT,46.36,-112.26,2438.4,20170628,41.36,59.72,49.46,,,,,0.0,0.0
317354,Rocker Peak,MT,46.36,-112.26,2438.4,20170629,37.58,54.68,44.6,,,,,0.0,0.0
317355,Rocker Peak,MT,46.36,-112.26,2438.4,20170630,38.3,65.84,52.16,,,,,0.0,0.0
317356,Rocker Peak,MT,46.36,-112.26,2438.4,20170701,46.4,72.14,58.46,,,,,0.0,0.0
317357,Rocker Peak,MT,46.36,-112.26,2438.4,20170702,49.28,70.7,56.66,,,,,0.0,0.0
317358,Rocker Peak,MT,46.36,-112.26,2438.4,20170703,50.54,72.14,61.16,,,,,0.0,0.09842525
317359,Rocker Peak,MT,46.36,-112.26,2438.4,20170704,44.42,75.02,60.08,,,,,0.0,0.09842525
317360,Rocker Peak,MT,46.36,-112.26,2438.4,20170705,50.54,80.96,62.6,,,,,0.0,0.09842525
317361,Rocker Peak,MT,46.36,-112.26,2438.4,20170706,50.36,75.38,62.96,,,,,0.0,0.0
317362,Rocker Peak,MT,46.36,-112.26,2438.4,20170707,53.6,74.48,62.24,,,,,0.0,0.0
317363,Rocker Peak,MT,46.36,-112.26,2438.4,20170708,54.86,80.42,66.38,,,,,0.0,0.0
317364,Rocker Peak,MT,46.36,-112.26,2438.4,20170709,48.92,75.38,61.52,,,,,0.0,0.0
317365,Rocker Peak,MT,46.36,-112.26,2438.4,20170710,45.5,65.84,55.58,,,,,0.0,0.40157502
317366,Rocker Peak,MT,46.36,-112.26,2438.4,20170711,43.52,66.02,53.42,,,,,0.0,0.0
317367,Rocker Peak,MT,46.36,-112.26,2438.4,20170712,42.08,72.32,56.84,,,,,0.0,0.0
317368,Rocker Peak,MT,46.36,-112.26,2438.4,20170713,50.0,78.26,63.68,,,,,0.0,0.0
317369,Rocker Peak,MT,46.36,-112.26,2438.4,20170714,52.16,77.9,64.4,,,,,0.0,0.0
317370,Rocker Peak,MT,46.36,-112.26,2438.4,20170715,47.84,78.98,61.7,,,,,0.0,0.20078751
317371,Rocker Peak,MT,46.36,-112.26,2438.4,20170716,46.76,71.96,59.18,,,,,0.0,0.0
317372,Rocker Peak,MT,46.36,-112.26,2438.4,20170717,41.9,68.9,55.04,,,,,0.0,0.0
317373,Rocker Peak,MT,46.36,-112.26,2438.4,20170718,45.14,72.5,58.64,,,,,0.0,0.0
317374,Rocker Peak,MT,46.36,-112.26,2438.4,20170719,46.94,74.48,60.8,,,,,0.0,0.0
317375,Rocker Peak,MT,46.36,-112.26,2438.4,20170720,48.92,76.1,62.06,,,,,0.0,0.0
317376,Rocker Peak,MT,46.36,-112.26,2438.4,20170721,44.42,69.08,56.12,,,,,0.0,0.0
317377,Rocker Peak,MT,46.36,-112.26,2438.4,20170722,45.14,70.16,57.74,,,,,0.0,0.0
317378,Rocker Peak,MT,46.36,-112.26,2438.4,20170723,50.36,78.08,63.5,,,,,0.0,0.0
317379,Rocker Peak,MT,46.36,-112.26,2438.4,20170724,50.0,74.84,60.98,,,,,0.0,0.0
317380,Rocker Peak,MT,46.36,-112.26,2438.4,20170725,45.14,70.16,57.38,,,,,0.0,0.0
317381,Rocker Peak,MT,46.36,-112.26,2438.4,20170726,48.92,69.44,57.02,,,,,0.0,0.0
317382,Rocker Peak,MT,46.36,-112.26,2438.4,20170727,50.0,71.06,59.72,,,,,0.0,0.0
317383,Rocker Peak,MT,46.36,-112.26,2438.4,20170728,49.46,73.04,59.72,,,,,0.0,0.0
317384,Rocker Peak,MT,46.36,-112.26,2438.4,20170729,49.46,74.48,61.16,,,,,0.0,0.0
317385,Rocker Peak,MT,46.36,-112.26,2438.4,20170730,53.78,76.82,63.68,,,,,0.0,0.0
317386,Rocker Peak,MT,46.36,-112.26,2438.4,20170731,49.64,76.46,62.42,,,,,0.0,0.20078751
317387,Rocker Peak,MT,46.36,-112.26,2438.4,20170801,50.0,74.66,60.62,,,,,0.0,0.0
317388,Rocker Peak,MT,46.36,-112.26,2438.4,20170802,42.8,63.68,50.54,,,,,0.0,0.0
317389,Rocker Peak,MT,46.36,-112.26,2438.4,20170803,40.1,70.88,55.04,,,,,0.0,0.0
317390,Rocker Peak,MT,46.36,-112.26,2438.4,20170804,43.7,72.86,57.02,,,,,0.0,0.0
317391,Rocker Peak,MT,46.36,-112.26,2438.4,20170805,42.08,58.28,47.3,,,,,0.0,0.0
317392,Rocker Peak,MT,46.36,-112.26,2438.4,20170806,40.28,63.32,50.9,,,,,0.0,0.0
317393,Rocker Peak,MT,46.36,-112.26,2438.4,20170807,43.16,67.28,54.86,,,,,0.0,0.0
317394,Rocker Peak,MT,46.36,-112.26,2438.4,20170808,46.76,65.48,54.32,,,,,0.0,0.09842525
317395,Rocker Peak,MT,46.36,-112.26,2438.4,20170809,42.26,63.86,49.1,,,,,0.0,0.09842525
317396,Rocker Peak,MT,46.36,-112.26,2438.4,20170810,41.9,67.82,53.78,,,,,0.0,0.0
317397,Rocker Peak,MT,46.36,-112.26,2438.4,20170811,44.6,68.72,56.12,,,,,0.0,0.0
317398,Rocker Peak,MT,46.36,-112.26,2438.4,20170812,44.24,71.6,56.84,,,,,0.0,0.0
317399,Rocker Peak,MT,46.36,-112.26,2438.4,20170813,42.44,65.12,52.16,,,,,0.0,0.0
317400,Rocker Peak,MT,46.36,-112.26,2438.4,20170814,40.46,60.62,48.92,,,,,0.0,0.0
317401,Rocker Peak,MT,46.36,-112.26,2438.4,20170815,39.38,65.66,51.8,,,,,0.0,0.0
317402,Rocker Peak,MT,46.36,-112.26,2438.4,20170816,42.44,68.54,54.68,,,,,0.0,0.0
317403,Rocker Peak,MT,46.36,-112.26,2438.4,20170817,45.68,66.02,55.04,,,,,0.0,0.0
317404,Rocker Peak,MT,46.36,-112.26,2438.4,20170818,42.8,72.14,57.2,,,,,0.0,0.0
317405,Rocker Peak,MT,46.36,-112.26,2438.4,20170819,42.8,68.0,54.32,,,,,0.0,0.0
317406,Rocker Peak,MT,46.36,-112.26,2438.4,20170820,39.92,61.52,50.9,,,,,0.0,0.0
317407,Rocker Peak,MT,46.36,-112.26,2438.4,20170821,39.56,66.74,52.34,,,,,0.0,0.0
317408,Rocker Peak,MT,46.36,-112.26,2438.4,20170822,44.96,74.66,59.18,,,,,0.0,0.0
317409,Rocker Peak,MT,46.36,-112.26,2438.4,20170823,51.44,73.4,61.16,,,,,0.0,0.0
317410,Rocker Peak,MT,46.36,-112.26,2438.4,20170824,46.76,66.38,56.12,,,,,0.0,0.0
317411,Rocker Peak,MT,46.36,-112.26,2438.4,20170825,45.32,69.8,55.94,,,,,0.0,0.0
317412,Rocker Peak,MT,46.36,-112.26,2438.4,20170826,43.34,70.7,55.76,,,,,0.0,0.0
317413,Rocker Peak,MT,46.36,-112.26,2438.4,20170827,47.48,76.82,60.98,,,,,0.0,0.0
317414,Rocker Peak,MT,46.36,-112.26,2438.4,20170828,51.62,77.18,63.14,,,,,0.0,0.0
317415,Rocker Peak,MT,46.36,-112.26,2438.4,20170829,55.22,74.48,63.32,,,,,0.0,0.0
317416,Rocker Peak,MT,46.36,-112.26,2438.4,20170830,50.54,77.54,61.52,,,,,0.0,0.0
317417,Rocker Peak,MT,46.36,-112.26,2438.4,20170831,48.38,71.96,58.64,,,,,0.0,0.0
317418,Rocker Peak,MT,46.36,-112.26,2438.4,20170901,45.32,70.7,56.3,,,,,0.0,0.0
317419,Rocker Peak,MT,46.36,-112.26,2438.4,20170902,48.2,78.26,61.52,,,,,0.0,0.0
317420,Rocker Peak,MT,46.36,-112.26,2438.4,20170903,48.74,81.32,65.3,,,,,0.0,0.0
317421,Rocker Peak,MT,46.36,-112.26,2438.4,20170904,42.62,57.02,48.2,,,,,0.0,0.0
317422,Rocker Peak,MT,46.36,-112.26,2438.4,20170905,34.34,67.82,50.9,,,,,0.0,0.0
317423,Rocker Peak,MT,46.36,-112.26,2438.4,20170906,48.74,72.86,59.0,,,,,0.0,0.0
317424,Rocker Peak,MT,46.36,-112.26,2438.4,20170907,50.54,72.32,59.72,,,,,0.0,0.0
317425,Rocker Peak,MT,46.36,-112.26,2438.4,20170908,49.1,73.76,60.26,,,,,0.0,0.0
317426,Rocker Peak,MT,46.36,-112.26,2438.4,20170909,48.74,71.78,58.46,,,,,0.0,0.0
317427,Rocker Peak,MT,46.36,-112.26,2438.4,20170910,46.76,66.2,54.86,,,,,0.0,0.0
317428,Rocker Peak,MT,46.36,-112.26,2438.4,20170911,46.22,73.04,57.2,,,,,0.0,0.0
317429,Rocker Peak,MT,46.36,-112.26,2438.4,20170912,47.12,73.4,59.72,,,,,0.0,0.29921276
317430,Rocker Peak,MT,46.36,-112.26,2438.4,20170913,39.92,67.1,54.32,,,,,0.0,0.09842525
317431,Rocker Peak,MT,46.36,-112.26,2438.4,20170914,27.86,40.64,33.44,,,,,0.0,0.0
317432,Rocker Peak,MT,46.36,-112.26,2438.4,20170915,26.24,27.86,26.96,,,,,10.000005400000001,0.90157529
317433,Rocker Peak,MT,46.36,-112.26,2438.4,20170916,26.42,36.32,30.74,,,,,10.000005400000001,0.59842552
317434,Rocker Peak,MT,46.36,-112.26,2438.4,20170917,29.48,48.02,36.5,,,,,7.9921303,0.20078751
317435,Rocker Peak,MT,46.36,-112.26,2438.4,20170918,30.56,45.68,38.3,,,,,5.984255200000001,0.0
317436,Rocker Peak,MT,46.36,-112.26,2438.4,20170919,27.68,41.9,31.46,,,,,5.984255200000001,0.09842525
317437,Rocker Peak,MT,46.36,-112.26,2438.4,20170920,25.52,36.5,30.02,,,,,7.007877799999999,0.09842525
317438,Rocker Peak,MT,46.36,-112.26,2438.4,20170921,24.62,35.42,30.56,,,,,10.000005400000001,
317439,Frohner Meadow,MT,46.44,-112.19,1975.1,20170101,-5.62,14.72,4.46,,,,,19.0157583,0.20078751
317440,Frohner Meadow,MT,46.44,-112.19,1975.1,20170102,-17.86,2.66,-8.14,,,,,19.0157583,0.0
317441,Frohner Meadow,MT,46.44,-112.19,1975.1,20170103,-19.48,7.16,-4.72,,,,,19.0157583,0.0
317442,Frohner Meadow,MT,46.44,-112.19,1975.1,20170104,-14.98,6.44,-1.84,,,,,17.9921357,0.0
317443,Frohner Meadow,MT,46.44,-112.19,1975.1,20170105,-13.72,16.16,7.16,,,,,17.9921357,0.09842525
317444,Frohner Meadow,MT,46.44,-112.19,1975.1,20170106,6.8,27.5,15.26,,,,,17.9921357,0.0
317445,Frohner Meadow,MT,46.44,-112.19,1975.1,20170107,2.48,25.88,16.7,,,,,19.0157583,0.09842525
317446,Frohner Meadow,MT,46.44,-112.19,1975.1,20170108,17.78,36.68,30.02,,,,,20.000010800000002,0.0
317447,Frohner Meadow,MT,46.44,-112.19,1975.1,20170109,11.12,39.92,30.38,,,,,20.9842633,0.0
317448,Frohner Meadow,MT,46.44,-112.19,1975.1,20170110,-5.62,27.14,14.18,,,,,22.992138399999998,0.20078751
317449,Frohner Meadow,MT,46.44,-112.19,1975.1,20170111,-5.98,16.34,4.46,,,,,22.007885899999998,0.09842525
317450,Frohner Meadow,MT,46.44,-112.19,1975.1,20170112,12.02,26.6,17.24,,,,,20.9842633,0.09842525
317451,Frohner Meadow,MT,46.44,-112.19,1975.1,20170113,3.92,31.82,16.52,,,,,20.9842633,0.0
317452,Frohner Meadow,MT,46.44,-112.19,1975.1,20170114,9.5,35.06,26.24,,,,,22.007885899999998,0.0
317453,Frohner Meadow,MT,46.44,-112.19,1975.1,20170115,15.44,37.22,28.22,,,,,20.9842633,0.0
317454,Frohner Meadow,MT,46.44,-112.19,1975.1,20170116,24.62,39.38,31.28,,,,,20.000010800000002,0.0
317455,Frohner Meadow,MT,46.44,-112.19,1975.1,20170117,22.64,51.26,38.12,,,,,20.000010800000002,0.0
317456,Frohner Meadow,MT,46.44,-112.19,1975.1,20170118,29.48,49.1,40.64,,,,,20.000010800000002,0.0
317457,Frohner Meadow,MT,46.44,-112.19,1975.1,20170119,29.3,41.54,34.7,,,,,19.0157583,0.0
317458,Frohner Meadow,MT,46.44,-112.19,1975.1,20170120,15.8,37.22,26.24,,,,,20.000010800000002,0.0
317459,Frohner Meadow,MT,46.44,-112.19,1975.1,20170121,16.34,33.8,24.62,,,,,20.000010800000002,0.0
317460,Frohner Meadow,MT,46.44,-112.19,1975.1,20170122,16.34,35.96,25.88,,,,,20.000010800000002,0.0
317461,Frohner Meadow,MT,46.44,-112.19,1975.1,20170123,14.36,23.36,17.42,,,,,19.0157583,0.0
317462,Frohner Meadow,MT,46.44,-112.19,1975.1,20170124,3.74,26.24,15.44,,,,,19.0157583,0.0
317463,Frohner Meadow,MT,46.44,-112.19,1975.1,20170125,17.24,24.62,19.76,,,,,17.9921357,0.0
317464,Frohner Meadow,MT,46.44,-112.19,1975.1,20170126,13.46,24.08,19.04,,,,,20.000010800000002,0.09842525
317465,Frohner Meadow,MT,46.44,-112.19,1975.1,20170127,16.7,30.74,23.54,,,,,20.9842633,0.09842525
317466,Frohner Meadow,MT,46.44,-112.19,1975.1,20170128,26.96,38.48,33.62,,,,,19.0157583,0.0
317467,Frohner Meadow,MT,46.44,-112.19,1975.1,20170129,32.72,49.64,41.18,,,,,20.000010800000002,0.0
317468,Frohner Meadow,MT,46.44,-112.19,1975.1,20170130,24.98,42.98,33.08,,,,,19.0157583,0.0
317469,Frohner Meadow,MT,46.44,-112.19,1975.1,20170131,5.9,27.86,15.8,,,,,25.984266,0.50000027
317470,Frohner Meadow,MT,46.44,-112.19,1975.1,20170201,-3.28,8.78,3.56,,,,,25.984266,0.0
317471,Frohner Meadow,MT,46.44,-112.19,1975.1,20170202,-10.48,11.12,0.14,,,,,24.015760999999998,0.0
317472,Frohner Meadow,MT,46.44,-112.19,1975.1,20170203,-9.22,39.74,24.08,,,,,22.992138399999998,0.0
317473,Frohner Meadow,MT,46.44,-112.19,1975.1,20170204,25.34,41.54,34.34,,,,,25.984266,0.29921276
317474,Frohner Meadow,MT,46.44,-112.19,1975.1,20170205,29.3,42.44,35.96,,,,,25.0000135,0.0
317475,Frohner Meadow,MT,46.44,-112.19,1975.1,20170206,19.22,41.9,30.92,,,,,27.9921411,0.20078751
317476,Frohner Meadow,MT,46.44,-112.19,1975.1,20170207,7.7,27.32,18.5,,,,,27.9921411,0.0
317477,Frohner Meadow,MT,46.44,-112.19,1975.1,20170208,18.14,36.5,29.12,,,,,27.0078886,0.0
317478,Frohner Meadow,MT,46.44,-112.19,1975.1,20170209,35.78,47.3,42.08,,,,,24.015760999999998,0.0
317479,Frohner Meadow,MT,46.44,-112.19,1975.1,20170210,26.24,39.74,32.72,,,,,30.0000162,0.50000027
317480,Frohner Meadow,MT,46.44,-112.19,1975.1,20170211,13.64,27.86,23.18,,,,,29.015763699999997,0.09842525
317481,Frohner Meadow,MT,46.44,-112.19,1975.1,20170212,12.38,38.66,29.12,,,,,27.9921411,0.0
317482,Frohner Meadow,MT,46.44,-112.19,1975.1,20170213,32.36,43.52,35.96,,,,,27.0078886,0.0
317483,Frohner Meadow,MT,46.44,-112.19,1975.1,20170214,27.86,51.62,37.58,,,,,25.984266,0.0
317484,Frohner Meadow,MT,46.44,-112.19,1975.1,20170215,28.58,57.74,44.96,,,,,25.984266,0.0
317485,Frohner Meadow,MT,46.44,-112.19,1975.1,20170216,32.9,52.16,42.08,,,,,25.0000135,0.0
317486,Frohner Meadow,MT,46.44,-112.19,1975.1,20170217,30.02,46.22,34.88,,,,,24.015760999999998,0.0
317487,Frohner Meadow,MT,46.44,-112.19,1975.1,20170218,33.44,47.84,38.48,,,,,24.015760999999998,0.0
317488,Frohner Meadow,MT,46.44,-112.19,1975.1,20170219,29.3,44.42,35.24,,,,,24.015760999999998,0.0
317489,Frohner Meadow,MT,46.44,-112.19,1975.1,20170220,27.68,43.34,35.42,,,,,24.015760999999998,0.0
317490,Frohner Meadow,MT,46.44,-112.19,1975.1,20170221,28.94,45.86,36.32,,,,,25.0000135,0.09842525
317491,Frohner Meadow,MT,46.44,-112.19,1975.1,20170222,22.46,34.7,27.5,,,,,25.984266,0.09842525
317492,Frohner Meadow,MT,46.44,-112.19,1975.1,20170223,17.42,26.42,20.84,,,,,27.0078886,0.09842525
317493,Frohner Meadow,MT,46.44,-112.19,1975.1,20170224,12.38,27.14,18.14,,,,,27.9921411,0.09842525
317494,Frohner Meadow,MT,46.44,-112.19,1975.1,20170225,7.52,24.44,16.88,,,,,27.9921411,0.0
317495,Frohner Meadow,MT,46.44,-112.19,1975.1,20170226,9.86,27.5,17.78,,,,,27.9921411,0.09842525
317496,Frohner Meadow,MT,46.44,-112.19,1975.1,20170227,0.32,29.48,14.9,,,,,30.984268699999998,0.29921276
317497,Frohner Meadow,MT,46.44,-112.19,1975.1,20170228,14.72,24.08,17.96,,,,,32.0078913,0.09842525
317498,Frohner Meadow,MT,46.44,-112.19,1975.1,20170301,13.1,34.7,25.34,,,,,30.984268699999998,0.09842525
317499,Frohner Meadow,MT,46.44,-112.19,1975.1,20170302,22.64,43.16,31.64,,,,,30.0000162,0.09842525
317500,Frohner Meadow,MT,46.44,-112.19,1975.1,20170303,31.82,47.84,37.76,,,,,29.015763699999997,0.0
317501,Frohner Meadow,MT,46.44,-112.19,1975.1,20170304,27.5,46.22,35.78,,,,,29.015763699999997,0.0
317502,Frohner Meadow,MT,46.44,-112.19,1975.1,20170305,19.22,38.66,28.58,,,,,29.015763699999997,0.0
317503,Frohner Meadow,MT,46.44,-112.19,1975.1,20170306,16.52,31.82,21.02,,,,,29.015763699999997,0.0
317504,Frohner Meadow,MT,46.44,-112.19,1975.1,20170307,15.98,33.8,24.44,,,,,29.015763699999997,0.09842525
317505,Frohner Meadow,MT,46.44,-112.19,1975.1,20170308,24.44,39.2,31.64,,,,,32.9921438,0.20078751
317506,Frohner Meadow,MT,46.44,-112.19,1975.1,20170309,18.14,37.58,24.62,,,,,35.9842714,0.29921276
317507,Frohner Meadow,MT,46.44,-112.19,1975.1,20170310,32.54,48.56,39.56,,,,,30.984268699999998,0.20078751
317508,Frohner Meadow,MT,46.44,-112.19,1975.1,20170311,22.1,50.54,37.4,,,,,30.984268699999998,0.0
317509,Frohner Meadow,MT,46.44,-112.19,1975.1,20170312,29.66,41.0,34.88,,,,,30.984268699999998,0.0
317510,Frohner Meadow,MT,46.44,-112.19,1975.1,20170313,32.54,51.44,40.28,,,,,30.0000162,0.0
317511,Frohner Meadow,MT,46.44,-112.19,1975.1,20170314,35.42,55.58,44.96,,,,,27.0078886,0.0
317512,Frohner Meadow,MT,46.44,-112.19,1975.1,20170315,36.5,58.64,47.48,,,,,25.984266,0.0
317513,Frohner Meadow,MT,46.44,-112.19,1975.1,20170316,24.62,45.32,36.14,,,,,25.984266,0.09842525
317514,Frohner Meadow,MT,46.44,-112.19,1975.1,20170317,20.3,53.24,38.84,,,,,25.0000135,0.0
317515,Frohner Meadow,MT,46.44,-112.19,1975.1,20170318,36.86,62.6,49.64,,,,,24.015760999999998,0.0
317516,Frohner Meadow,MT,46.44,-112.19,1975.1,20170319,27.32,50.36,38.84,,,,,22.992138399999998,0.0
317517,Frohner Meadow,MT,46.44,-112.19,1975.1,20170320,23.9,37.4,29.84,,,,,22.007885899999998,0.09842525
317518,Frohner Meadow,MT,46.44,-112.19,1975.1,20170321,28.94,49.64,37.04,,,,,22.007885899999998,0.0
317519,Frohner Meadow,MT,46.44,-112.19,1975.1,20170322,32.0,50.54,40.82,,,,,20.9842633,0.0
317520,Frohner Meadow,MT,46.44,-112.19,1975.1,20170323,23.0,44.96,35.24,,,,,20.000010800000002,0.0
317521,Frohner Meadow,MT,46.44,-112.19,1975.1,20170324,21.38,55.04,39.02,,,,,19.0157583,0.0
317522,Frohner Meadow,MT,46.44,-112.19,1975.1,20170325,30.2,47.48,36.14,,,,,19.0157583,0.0
317523,Frohner Meadow,MT,46.44,-112.19,1975.1,20170326,25.16,50.72,37.22,,,,,17.9921357,0.0
317524,Frohner Meadow,MT,46.44,-112.19,1975.1,20170327,30.38,45.86,35.6,,,,,19.0157583,0.09842525
317525,Frohner Meadow,MT,46.44,-112.19,1975.1,20170328,28.58,44.96,35.24,,,,,17.9921357,0.0
317526,Frohner Meadow,MT,46.44,-112.19,1975.1,20170329,32.72,51.26,38.12,,,,,17.0078832,0.0
317527,Frohner Meadow,MT,46.44,-112.19,1975.1,20170330,33.26,50.36,39.2,,,,,15.9842606,0.0
317528,Frohner Meadow,MT,46.44,-112.19,1975.1,20170331,28.76,44.24,34.34,,,,,17.0078832,0.0
317529,Frohner Meadow,MT,46.44,-112.19,1975.1,20170401,29.12,56.84,42.26,,,,,15.9842606,0.09842525
317530,Frohner Meadow,MT,46.44,-112.19,1975.1,20170402,25.34,47.48,35.6,,,,,15.0000081,0.0
317531,Frohner Meadow,MT,46.44,-112.19,1975.1,20170403,19.58,38.84,26.78,,,,,14.015755599999999,0.09842525
317532,Frohner Meadow,MT,46.44,-112.19,1975.1,20170404,21.2,45.68,31.1,,,,,15.0000081,0.09842525
317533,Frohner Meadow,MT,46.44,-112.19,1975.1,20170405,27.14,49.82,39.38,,,,,14.015755599999999,0.0
317534,Frohner Meadow,MT,46.44,-112.19,1975.1,20170406,31.46,60.08,45.14,,,,,12.992133,0.0
317535,Frohner Meadow,MT,46.44,-112.19,1975.1,20170407,31.28,54.68,41.0,,,,,12.007880499999999,0.0
317536,Frohner Meadow,MT,46.44,-112.19,1975.1,20170408,27.68,49.46,35.96,,,,,12.992133,0.09842525
317537,Frohner Meadow,MT,46.44,-112.19,1975.1,20170409,15.44,39.74,27.5,,,,,14.015755599999999,0.29921276
317538,Frohner Meadow,MT,46.44,-112.19,1975.1,20170410,15.44,45.86,30.92,,,,,12.992133,0.09842525
317539,Frohner Meadow,MT,46.44,-112.19,1975.1,20170411,20.3,49.46,35.24,,,,,12.007880499999999,0.09842525
317540,Frohner Meadow,MT,46.44,-112.19,1975.1,20170412,30.74,51.08,39.74,,,,,12.007880499999999,0.0
317541,Frohner Meadow,MT,46.44,-112.19,1975.1,20170413,31.28,60.26,40.1,,,,,12.992133,0.09842525
317542,Frohner Meadow,MT,46.44,-112.19,1975.1,20170414,27.32,44.06,33.44,,,,,12.007880499999999,0.0
317543,Frohner Meadow,MT,46.44,-112.19,1975.1,20170415,20.66,39.38,30.38,,,,,12.007880499999999,0.09842525
317544,Frohner Meadow,MT,46.44,-112.19,1975.1,20170416,17.78,50.72,35.06,,,,,10.000005400000001,0.09842525
317545,Frohner Meadow,MT,46.44,-112.19,1975.1,20170417,30.56,50.54,38.3,,,,,9.0157529,0.0
317546,Frohner Meadow,MT,46.44,-112.19,1975.1,20170418,30.38,53.96,40.1,,,,,7.9921303,0.0
317547,Frohner Meadow,MT,46.44,-112.19,1975.1,20170419,28.4,50.72,38.12,,,,,7.9921303,0.20078751
317548,Frohner Meadow,MT,46.44,-112.19,1975.1,20170420,28.22,52.88,38.12,,,,,7.9921303,0.09842525
317549,Frohner Meadow,MT,46.44,-112.19,1975.1,20170421,31.1,38.66,33.44,,,,,9.0157529,0.29921276
317550,Frohner Meadow,MT,46.44,-112.19,1975.1,20170422,26.24,55.04,40.82,,,,,7.007877799999999,0.0
317551,Frohner Meadow,MT,46.44,-112.19,1975.1,20170423,32.0,47.3,40.1,,,,,5.984255200000001,0.0
317552,Frohner Meadow,MT,46.44,-112.19,1975.1,20170424,30.92,46.22,37.94,,,,,5.984255200000001,0.0
317553,Frohner Meadow,MT,46.44,-112.19,1975.1,20170425,30.02,47.66,37.94,,,,,2.9921276000000003,0.0
317554,Frohner Meadow,MT,46.44,-112.19,1975.1,20170426,31.46,45.86,36.5,,,,,2.0078751,0.0
317555,Frohner Meadow,MT,46.44,-112.19,1975.1,20170427,29.12,42.08,33.62,,,,,2.0078751,0.20078751
317556,Frohner Meadow,MT,46.44,-112.19,1975.1,20170428,28.22,43.16,33.62,,,,,2.0078751,0.20078751
317557,Frohner Meadow,MT,46.44,-112.19,1975.1,20170429,31.28,50.54,39.2,,,,,0.0,0.20078751
317558,Frohner Meadow,MT,46.44,-112.19,1975.1,20170430,33.8,52.88,40.28,,,,,0.0,0.0
317559,Frohner Meadow,MT,46.44,-112.19,1975.1,20170501,32.36,47.66,37.94,,,,,0.0,0.0
317560,Frohner Meadow,MT,46.44,-112.19,1975.1,20170502,30.38,44.96,36.32,,,,,0.0,0.0
317561,Frohner Meadow,MT,46.44,-112.19,1975.1,20170503,30.74,59.18,46.58,,,,,0.0,0.20078751
317562,Frohner Meadow,MT,46.44,-112.19,1975.1,20170504,39.02,72.68,55.76,,,,,0.0,0.20078751
317563,Frohner Meadow,MT,46.44,-112.19,1975.1,20170505,41.54,75.92,60.44,,,,,0.0,1.00000054
317564,Frohner Meadow,MT,46.44,-112.19,1975.1,20170506,44.96,70.52,54.5,,,,,0.0,0.0
317565,Frohner Meadow,MT,46.44,-112.19,1975.1,20170507,32.54,50.18,41.18,,,,,0.0,0.09842525
317566,Frohner Meadow,MT,46.44,-112.19,1975.1,20170508,31.64,56.12,41.9,,,,,0.0,0.0
317567,Frohner Meadow,MT,46.44,-112.19,1975.1,20170509,32.54,61.52,45.86,,,,,0.0,0.0
317568,Frohner Meadow,MT,46.44,-112.19,1975.1,20170510,32.72,67.82,50.18,,,,,0.0,0.0
317569,Frohner Meadow,MT,46.44,-112.19,1975.1,20170511,37.58,71.06,54.68,,,,,0.0,0.0
317570,Frohner Meadow,MT,46.44,-112.19,1975.1,20170512,32.9,70.88,51.08,,,,,0.0,0.0
317571,Frohner Meadow,MT,46.44,-112.19,1975.1,20170513,28.4,36.5,33.08,,,,,0.0,0.0
317572,Frohner Meadow,MT,46.44,-112.19,1975.1,20170514,24.08,46.94,35.96,,,,,0.0,0.0
317573,Frohner Meadow,MT,46.44,-112.19,1975.1,20170515,29.84,48.56,38.84,,,,,0.0,0.0
317574,Frohner Meadow,MT,46.44,-112.19,1975.1,20170516,28.4,51.08,38.66,,,,,0.0,0.0
317575,Frohner Meadow,MT,46.44,-112.19,1975.1,20170517,30.38,36.14,33.98,,,,,5.0000027000000005,1.50000081
317576,Frohner Meadow,MT,46.44,-112.19,1975.1,20170518,31.82,53.78,38.3,,,,,2.9921276000000003,0.09842525
317577,Frohner Meadow,MT,46.44,-112.19,1975.1,20170519,28.94,57.2,43.7,,,,,0.0,0.09842525
317578,Frohner Meadow,MT,46.44,-112.19,1975.1,20170520,34.34,55.04,45.14,,,,,0.0,0.40157502
317579,Frohner Meadow,MT,46.44,-112.19,1975.1,20170521,33.08,61.88,47.48,,,,,0.0,0.29921276
317580,Frohner Meadow,MT,46.44,-112.19,1975.1,20170522,38.3,62.6,50.54,,,,,0.0,0.0
317581,Frohner Meadow,MT,46.44,-112.19,1975.1,20170523,36.5,73.22,57.2,,,,,0.0,0.0
317582,Frohner Meadow,MT,46.44,-112.19,1975.1,20170524,35.78,57.02,49.46,,,,,0.0,0.0
317583,Frohner Meadow,MT,46.44,-112.19,1975.1,20170525,31.64,49.28,39.02,,,,,0.0,0.0
317584,Frohner Meadow,MT,46.44,-112.19,1975.1,20170526,31.28,57.92,42.44,,,,,0.0,0.29921276
317585,Frohner Meadow,MT,46.44,-112.19,1975.1,20170527,40.82,63.68,51.8,,,,,0.0,0.0
317586,Frohner Meadow,MT,46.44,-112.19,1975.1,20170528,40.46,65.48,52.34,,,,,0.0,0.0
317587,Frohner Meadow,MT,46.44,-112.19,1975.1,20170529,37.58,67.28,52.16,,,,,0.0,0.0
317588,Frohner Meadow,MT,46.44,-112.19,1975.1,20170530,39.92,70.34,56.48,,,,,0.0,0.0
317589,Frohner Meadow,MT,46.44,-112.19,1975.1,20170531,45.5,76.46,60.44,,,,,0.0,0.0
317590,Frohner Meadow,MT,46.44,-112.19,1975.1,20170601,46.04,67.1,54.68,,,,,0.0,0.0
317591,Frohner Meadow,MT,46.44,-112.19,1975.1,20170602,44.42,65.84,53.78,,,,,0.0,0.0
317592,Frohner Meadow,MT,46.44,-112.19,1975.1,20170603,37.94,75.56,58.64,,,,,0.0,0.0
317593,Frohner Meadow,MT,46.44,-112.19,1975.1,20170604,42.44,77.72,60.26,,,,,0.0,0.0
317594,Frohner Meadow,MT,46.44,-112.19,1975.1,20170605,38.48,61.52,48.02,,,,,0.0,0.0
317595,Frohner Meadow,MT,46.44,-112.19,1975.1,20170606,36.14,66.02,52.7,,,,,0.0,0.09842525
317596,Frohner Meadow,MT,46.44,-112.19,1975.1,20170607,43.16,74.84,59.0,,,,,0.0,0.09842525
317597,Frohner Meadow,MT,46.44,-112.19,1975.1,20170608,48.02,77.18,62.6,,,,,0.0,0.0
317598,Frohner Meadow,MT,46.44,-112.19,1975.1,20170609,33.44,58.64,47.66,,,,,0.0,0.0
317599,Frohner Meadow,MT,46.44,-112.19,1975.1,20170610,33.08,54.5,41.54,,,,,0.0,0.09842525
317600,Frohner Meadow,MT,46.44,-112.19,1975.1,20170611,30.02,60.26,46.04,,,,,0.0,0.0
317601,Frohner Meadow,MT,46.44,-112.19,1975.1,20170612,35.96,65.3,48.56,,,,,0.0,0.29921276
317602,Frohner Meadow,MT,46.44,-112.19,1975.1,20170613,38.66,49.1,42.08,,,,,0.0,0.70078778
317603,Frohner Meadow,MT,46.44,-112.19,1975.1,20170614,39.02,60.08,48.2,,,,,0.0,0.50000027
317604,Frohner Meadow,MT,46.44,-112.19,1975.1,20170615,38.84,57.2,49.46,,,,,0.0,0.0
317605,Frohner Meadow,MT,46.44,-112.19,1975.1,20170616,43.16,59.9,49.82,,,,,0.0,0.0
317606,Frohner Meadow,MT,46.44,-112.19,1975.1,20170617,39.2,59.72,48.92,,,,,0.0,0.0
317607,Frohner Meadow,MT,46.44,-112.19,1975.1,20170618,42.26,60.44,50.72,,,,,0.0,0.0
317608,Frohner Meadow,MT,46.44,-112.19,1975.1,20170619,44.42,74.66,59.54,,,,,0.0,0.09842525
317609,Frohner Meadow,MT,46.44,-112.19,1975.1,20170620,49.82,78.98,63.14,,,,,0.0,0.0
317610,Frohner Meadow,MT,46.44,-112.19,1975.1,20170621,41.36,69.8,57.02,,,,,0.0,0.0
317611,Frohner Meadow,MT,46.44,-112.19,1975.1,20170622,33.62,61.7,47.12,,,,,0.0,0.0
317612,Frohner Meadow,MT,46.44,-112.19,1975.1,20170623,32.54,65.3,48.56,,,,,0.0,0.0
317613,Frohner Meadow,MT,46.44,-112.19,1975.1,20170624,35.78,67.46,52.16,,,,,0.0,0.0
317614,Frohner Meadow,MT,46.44,-112.19,1975.1,20170625,38.3,74.3,57.38,,,,,0.0,0.0
317615,Frohner Meadow,MT,46.44,-112.19,1975.1,20170626,53.24,83.84,69.62,,,,,0.0,0.0
317616,Frohner Meadow,MT,46.44,-112.19,1975.1,20170627,49.64,68.9,58.1,,,,,0.0,0.0
317617,Frohner Meadow,MT,46.44,-112.19,1975.1,20170628,43.7,68.18,55.58,,,,,0.0,0.0
317618,Frohner Meadow,MT,46.44,-112.19,1975.1,20170629,38.84,59.18,47.3,,,,,0.0,0.0
317619,Frohner Meadow,MT,46.44,-112.19,1975.1,20170630,38.12,72.14,56.48,,,,,0.0,0.0
317620,Frohner Meadow,MT,46.44,-112.19,1975.1,20170701,44.96,78.26,62.42,,,,,0.0,0.0
317621,Frohner Meadow,MT,46.44,-112.19,1975.1,20170702,48.2,75.74,59.54,,,,,0.0,0.0
317622,Frohner Meadow,MT,46.44,-112.19,1975.1,20170703,47.3,79.52,65.12,,,,,0.0,0.0
317623,Frohner Meadow,MT,46.44,-112.19,1975.1,20170704,43.7,82.4,65.12,,,,,0.0,0.0
317624,Frohner Meadow,MT,46.44,-112.19,1975.1,20170705,49.1,84.2,66.02,,,,,0.0,0.09842525
317625,Frohner Meadow,MT,46.44,-112.19,1975.1,20170706,52.88,82.4,69.08,,,,,0.0,0.0
317626,Frohner Meadow,MT,46.44,-112.19,1975.1,20170707,51.8,80.78,66.38,,,,,0.0,0.0
317627,Frohner Meadow,MT,46.44,-112.19,1975.1,20170708,54.68,87.26,71.96,,,,,0.0,0.0
317628,Frohner Meadow,MT,46.44,-112.19,1975.1,20170709,52.16,83.84,66.2,,,,,0.0,0.0
317629,Frohner Meadow,MT,46.44,-112.19,1975.1,20170710,48.2,72.86,61.34,,,,,0.0,0.0
317630,Frohner Meadow,MT,46.44,-112.19,1975.1,20170711,45.14,71.96,57.74,,,,,0.0,0.09842525
317631,Frohner Meadow,MT,46.44,-112.19,1975.1,20170712,42.26,76.64,59.36,,,,,0.0,0.0
317632,Frohner Meadow,MT,46.44,-112.19,1975.1,20170713,47.48,85.1,69.08,,,,,0.0,0.0
317633,Frohner Meadow,MT,46.44,-112.19,1975.1,20170714,58.28,84.2,71.06,,,,,0.0,0.0
317634,Frohner Meadow,MT,46.44,-112.19,1975.1,20170715,51.08,88.16,65.3,,,,,0.0,0.09842525
317635,Frohner Meadow,MT,46.44,-112.19,1975.1,20170716,47.66,77.36,63.86,,,,,0.0,0.0
317636,Frohner Meadow,MT,46.44,-112.19,1975.1,20170717,44.96,75.02,60.08,,,,,0.0,0.0
317637,Frohner Meadow,MT,46.44,-112.19,1975.1,20170718,40.46,78.62,61.16,,,,,0.0,0.0
317638,Frohner Meadow,MT,46.44,-112.19,1975.1,20170719,44.78,78.98,62.96,,,,,0.0,0.0
317639,Frohner Meadow,MT,46.44,-112.19,1975.1,20170720,46.76,82.94,66.02,,,,,0.0,0.0
317640,Frohner Meadow,MT,46.44,-112.19,1975.1,20170721,49.46,75.02,62.06,,,,,0.0,0.0
317641,Frohner Meadow,MT,46.44,-112.19,1975.1,20170722,44.42,76.28,63.14,,,,,0.0,0.0
317642,Frohner Meadow,MT,46.44,-112.19,1975.1,20170723,48.92,84.02,68.0,,,,,0.0,0.0
317643,Frohner Meadow,MT,46.44,-112.19,1975.1,20170724,49.64,81.68,65.66,,,,,0.0,0.0
317644,Frohner Meadow,MT,46.44,-112.19,1975.1,20170725,42.44,76.46,59.54,,,,,0.0,0.0
317645,Frohner Meadow,MT,46.44,-112.19,1975.1,20170726,44.96,78.26,62.6,,,,,0.0,0.0
317646,Frohner Meadow,MT,46.44,-112.19,1975.1,20170727,54.32,78.98,67.1,,,,,0.0,0.0
317647,Frohner Meadow,MT,46.44,-112.19,1975.1,20170728,51.44,81.68,65.3,,,,,0.0,0.0
317648,Frohner Meadow,MT,46.44,-112.19,1975.1,20170729,48.56,81.86,65.3,,,,,0.0,0.0
317649,Frohner Meadow,MT,46.44,-112.19,1975.1,20170730,50.9,84.56,68.54,,,,,0.0,0.0
317650,Frohner Meadow,MT,46.44,-112.19,1975.1,20170731,49.46,84.02,67.46,,,,,0.0,0.0
317651,Frohner Meadow,MT,46.44,-112.19,1975.1,20170801,48.56,78.8,63.14,,,,,0.0,0.0
317652,Frohner Meadow,MT,46.44,-112.19,1975.1,20170802,42.8,64.76,52.7,,,,,0.0,0.0
317653,Frohner Meadow,MT,46.44,-112.19,1975.1,20170803,40.82,75.02,57.38,,,,,0.0,0.0
317654,Frohner Meadow,MT,46.44,-112.19,1975.1,20170804,48.02,77.36,60.08,,,,,0.0,0.0
317655,Frohner Meadow,MT,46.44,-112.19,1975.1,20170805,41.18,59.54,50.0,,,,,0.0,0.0
317656,Frohner Meadow,MT,46.44,-112.19,1975.1,20170806,37.76,68.9,52.7,,,,,0.0,0.0
317657,Frohner Meadow,MT,46.44,-112.19,1975.1,20170807,40.1,74.84,57.2,,,,,0.0,0.0
317658,Frohner Meadow,MT,46.44,-112.19,1975.1,20170808,45.68,71.78,58.64,,,,,0.0,0.0
317659,Frohner Meadow,MT,46.44,-112.19,1975.1,20170809,42.44,71.42,54.86,,,,,0.0,0.0
317660,Frohner Meadow,MT,46.44,-112.19,1975.1,20170810,42.26,76.1,59.18,,,,,0.0,0.0
317661,Frohner Meadow,MT,46.44,-112.19,1975.1,20170811,44.42,76.82,59.72,,,,,0.0,0.0
317662,Frohner Meadow,MT,46.44,-112.19,1975.1,20170812,43.7,75.56,59.9,,,,,0.0,0.0
317663,Frohner Meadow,MT,46.44,-112.19,1975.1,20170813,46.22,73.4,58.1,,,,,0.0,0.0
317664,Frohner Meadow,MT,46.44,-112.19,1975.1,20170814,42.26,65.84,54.68,,,,,0.0,0.0
317665,Frohner Meadow,MT,46.44,-112.19,1975.1,20170815,39.56,72.86,55.76,,,,,0.0,0.0
317666,Frohner Meadow,MT,46.44,-112.19,1975.1,20170816,39.56,75.02,59.0,,,,,0.0,0.0
317667,Frohner Meadow,MT,46.44,-112.19,1975.1,20170817,46.76,72.86,60.08,,,,,0.0,0.0
317668,Frohner Meadow,MT,46.44,-112.19,1975.1,20170818,43.16,78.98,62.06,,,,,0.0,0.0
317669,Frohner Meadow,MT,46.44,-112.19,1975.1,20170819,43.52,73.94,59.72,,,,,0.0,0.0
317670,Frohner Meadow,MT,46.44,-112.19,1975.1,20170820,41.54,69.08,56.48,,,,,0.0,0.0
317671,Frohner Meadow,MT,46.44,-112.19,1975.1,20170821,42.44,73.4,56.48,,,,,0.0,0.0
317672,Frohner Meadow,MT,46.44,-112.19,1975.1,20170822,43.16,79.88,61.7,,,,,0.0,0.0
317673,Frohner Meadow,MT,46.44,-112.19,1975.1,20170823,46.22,82.4,65.3,,,,,0.0,0.0
317674,Frohner Meadow,MT,46.44,-112.19,1975.1,20170824,51.44,74.3,62.42,,,,,0.0,0.0
317675,Frohner Meadow,MT,46.44,-112.19,1975.1,20170825,45.32,75.38,60.26,,,,,0.0,0.0
317676,Frohner Meadow,MT,46.44,-112.19,1975.1,20170826,45.68,77.18,60.98,,,,,0.0,0.0
317677,Frohner Meadow,MT,46.44,-112.19,1975.1,20170827,45.5,82.76,63.86,,,,,0.0,0.0
317678,Frohner Meadow,MT,46.44,-112.19,1975.1,20170828,47.66,83.84,66.02,,,,,0.0,0.0
317679,Frohner Meadow,MT,46.44,-112.19,1975.1,20170829,53.24,80.42,65.84,,,,,0.0,0.0
317680,Frohner Meadow,MT,46.44,-112.19,1975.1,20170830,52.7,82.04,66.92,,,,,0.0,0.0
317681,Frohner Meadow,MT,46.44,-112.19,1975.1,20170831,50.36,78.44,63.5,,,,,0.0,0.0
317682,Frohner Meadow,MT,46.44,-112.19,1975.1,20170901,50.0,75.56,61.16,,,,,0.0,0.0
317683,Frohner Meadow,MT,46.44,-112.19,1975.1,20170902,49.64,84.2,66.92,,,,,0.0,0.0
317684,Frohner Meadow,MT,46.44,-112.19,1975.1,20170903,51.26,87.08,69.44,,,,,0.0,0.0
317685,Frohner Meadow,MT,46.44,-112.19,1975.1,20170904,38.84,62.78,49.28,,,,,0.0,0.0
317686,Frohner Meadow,MT,46.44,-112.19,1975.1,20170905,36.14,72.14,53.6,,,,,0.0,0.0
317687,Frohner Meadow,MT,46.44,-112.19,1975.1,20170906,44.6,77.72,59.0,,,,,0.0,0.0
317688,Frohner Meadow,MT,46.44,-112.19,1975.1,20170907,45.86,78.08,60.62,,,,,0.0,0.0
317689,Frohner Meadow,MT,46.44,-112.19,1975.1,20170908,48.56,80.96,64.58,,,,,0.0,0.0
317690,Frohner Meadow,MT,46.44,-112.19,1975.1,20170909,53.6,80.42,64.58,,,,,0.0,0.0
317691,Frohner Meadow,MT,46.44,-112.19,1975.1,20170910,49.1,73.94,60.08,,,,,0.0,0.0
317692,Frohner Meadow,MT,46.44,-112.19,1975.1,20170911,50.36,79.34,62.24,,,,,0.0,0.0
317693,Frohner Meadow,MT,46.44,-112.19,1975.1,20170912,45.14,79.88,63.32,,,,,0.0,0.0
317694,Frohner Meadow,MT,46.44,-112.19,1975.1,20170913,42.62,73.04,59.54,,,,,0.0,0.0
317695,Frohner Meadow,MT,46.44,-112.19,1975.1,20170914,31.82,42.62,36.14,,,,,0.0,0.50000027
317696,Frohner Meadow,MT,46.44,-112.19,1975.1,20170915,30.74,34.16,31.82,,,,,9.0157529,1.59842606
317697,Frohner Meadow,MT,46.44,-112.19,1975.1,20170916,30.74,48.02,35.6,,,,,10.000005400000001,0.29921276
317698,Frohner Meadow,MT,46.44,-112.19,1975.1,20170917,29.84,57.2,41.54,,,,,5.0000027000000005,0.0
317699,Frohner Meadow,MT,46.44,-112.19,1975.1,20170918,33.44,53.78,41.54,,,,,2.9921276000000003,0.0
317700,Frohner Meadow,MT,46.44,-112.19,1975.1,20170919,31.82,48.74,37.94,,,,,2.0078751,0.0
317701,Frohner Meadow,MT,46.44,-112.19,1975.1,20170920,31.82,45.14,36.32,,,,,2.9921276000000003,0.20078751
317702,Frohner Meadow,MT,46.44,-112.19,1975.1,20170921,29.48,43.16,35.96,,,,,,0.20078751
317703,Nevada Ridge,MT,46.84,-112.51,2139.7,20170101,-8.86,16.88,4.28,,,,,30.0000162,0.0
317704,Nevada Ridge,MT,46.84,-112.51,2139.7,20170102,-11.74,-2.56,-8.14,,,,,27.9921411,0.0
317705,Nevada Ridge,MT,46.84,-112.51,2139.7,20170103,-10.3,9.5,-0.22,,,,,27.9921411,0.09842525
317706,Nevada Ridge,MT,46.84,-112.51,2139.7,20170104,-8.14,5.54,-2.56,,,,,27.0078886,0.0
317707,Nevada Ridge,MT,46.84,-112.51,2139.7,20170105,-6.88,8.42,1.94,,,,,27.0078886,0.09842525
317708,Nevada Ridge,MT,46.84,-112.51,2139.7,20170106,4.82,17.24,11.66,,,,,27.0078886,0.0
317709,Nevada Ridge,MT,46.84,-112.51,2139.7,20170107,10.04,23.36,16.34,,,,,27.9921411,0.29921276
317710,Nevada Ridge,MT,46.84,-112.51,2139.7,20170108,19.76,32.9,25.7,,,,,30.984268699999998,0.29921276
317711,Nevada Ridge,MT,46.84,-112.51,2139.7,20170109,17.42,33.26,26.78,,,,,35.0000189,0.20078751
317712,Nevada Ridge,MT,46.84,-112.51,2139.7,20170110,-10.48,21.02,11.66,,,,,37.007894,0.20078751
317713,Nevada Ridge,MT,46.84,-112.51,2139.7,20170111,-11.2,11.84,3.56,,,,,35.0000189,0.0
317714,Nevada Ridge,MT,46.84,-112.51,2139.7,20170112,7.16,16.88,12.56,,,,,34.0157664,0.0
317715,Nevada Ridge,MT,46.84,-112.51,2139.7,20170113,10.94,20.84,15.62,,,,,32.9921438,0.0
317716,Nevada Ridge,MT,46.84,-112.51,2139.7,20170114,14.72,26.06,20.12,,,,,32.0078913,0.09842525
317717,Nevada Ridge,MT,46.84,-112.51,2139.7,20170115,19.22,29.48,22.82,,,,,30.984268699999998,0.0
317718,Nevada Ridge,MT,46.84,-112.51,2139.7,20170116,17.42,29.12,23.0,,,,,30.984268699999998,0.0
317719,Nevada Ridge,MT,46.84,-112.51,2139.7,20170117,28.4,39.74,32.9,,,,,30.0000162,0.09842525
317720,Nevada Ridge,MT,46.84,-112.51,2139.7,20170118,31.46,41.72,36.32,,,,,30.0000162,0.0
317721,Nevada Ridge,MT,46.84,-112.51,2139.7,20170119,26.42,35.78,31.1,,,,,30.0000162,0.0
317722,Nevada Ridge,MT,46.84,-112.51,2139.7,20170120,19.04,32.9,24.62,,,,,30.0000162,0.0
317723,Nevada Ridge,MT,46.84,-112.51,2139.7,20170121,17.78,28.94,23.36,,,,,29.015763699999997,0.0
317724,Nevada Ridge,MT,46.84,-112.51,2139.7,20170122,18.32,32.72,23.18,,,,,30.0000162,0.0
317725,Nevada Ridge,MT,46.84,-112.51,2139.7,20170123,11.3,21.38,17.24,,,,,29.015763699999997,0.0
317726,Nevada Ridge,MT,46.84,-112.51,2139.7,20170124,8.24,21.02,14.36,,,,,29.015763699999997,0.0
317727,Nevada Ridge,MT,46.84,-112.51,2139.7,20170125,14.0,19.4,16.16,,,,,30.0000162,0.09842525
317728,Nevada Ridge,MT,46.84,-112.51,2139.7,20170126,14.0,20.3,16.16,,,,,30.0000162,0.0
317729,Nevada Ridge,MT,46.84,-112.51,2139.7,20170127,15.62,23.0,18.5,,,,,30.0000162,0.0
317730,Nevada Ridge,MT,46.84,-112.51,2139.7,20170128,20.3,32.0,26.24,,,,,30.0000162,0.09842525
317731,Nevada Ridge,MT,46.84,-112.51,2139.7,20170129,30.2,42.08,35.6,,,,,29.015763699999997,0.0
317732,Nevada Ridge,MT,46.84,-112.51,2139.7,20170130,23.18,33.62,28.94,,,,,29.015763699999997,0.0
317733,Nevada Ridge,MT,46.84,-112.51,2139.7,20170131,3.2,23.18,12.2,,,,,32.9921438,0.20078751
317734,Nevada Ridge,MT,46.84,-112.51,2139.7,20170201,-3.64,5.9,1.58,,,,,32.0078913,0.0
317735,Nevada Ridge,MT,46.84,-112.51,2139.7,20170202,-1.84,8.06,1.58,,,,,32.0078913,0.0
317736,Nevada Ridge,MT,46.84,-112.51,2139.7,20170203,1.76,30.92,21.92,,,,,32.9921438,0.40157502
317737,Nevada Ridge,MT,46.84,-112.51,2139.7,20170204,24.8,32.36,30.02,,,,,37.992146500000004,0.59842552
317738,Nevada Ridge,MT,46.84,-112.51,2139.7,20170205,28.94,33.44,30.74,,,,,39.0157691,0.09842525
317739,Nevada Ridge,MT,46.84,-112.51,2139.7,20170206,15.08,33.98,25.88,,,,,40.9842741,0.29921276
317740,Nevada Ridge,MT,46.84,-112.51,2139.7,20170207,12.56,22.28,17.24,,,,,40.9842741,0.0
317741,Nevada Ridge,MT,46.84,-112.51,2139.7,20170208,16.88,31.64,23.9,,,,,42.9921492,0.40157502
317742,Nevada Ridge,MT,46.84,-112.51,2139.7,20170209,31.64,38.3,35.78,,,,,42.9921492,0.50000027
317743,Nevada Ridge,MT,46.84,-112.51,2139.7,20170210,22.64,32.9,28.76,,,,,45.00002429999999,0.20078751
317744,Nevada Ridge,MT,46.84,-112.51,2139.7,20170211,15.8,24.44,19.58,,,,,44.015771799999996,0.0
317745,Nevada Ridge,MT,46.84,-112.51,2139.7,20170212,15.8,30.74,23.18,,,,,42.9921492,0.09842525
317746,Nevada Ridge,MT,46.84,-112.51,2139.7,20170213,24.08,39.38,30.56,,,,,42.0078967,0.0
317747,Nevada Ridge,MT,46.84,-112.51,2139.7,20170214,28.4,47.48,36.32,,,,,42.0078967,0.09842525
317748,Nevada Ridge,MT,46.84,-112.51,2139.7,20170215,35.24,49.1,41.72,,,,,40.9842741,0.0
317749,Nevada Ridge,MT,46.84,-112.51,2139.7,20170216,30.38,43.88,38.84,,,,,40.9842741,0.09842525
317750,Nevada Ridge,MT,46.84,-112.51,2139.7,20170217,28.04,36.68,30.92,,,,,40.9842741,0.0
317751,Nevada Ridge,MT,46.84,-112.51,2139.7,20170218,28.58,43.34,34.7,,,,,40.9842741,0.09842525
317752,Nevada Ridge,MT,46.84,-112.51,2139.7,20170219,24.44,37.76,31.64,,,,,40.9842741,0.0
317753,Nevada Ridge,MT,46.84,-112.51,2139.7,20170220,23.9,37.04,30.02,,,,,42.0078967,0.20078751
317754,Nevada Ridge,MT,46.84,-112.51,2139.7,20170221,25.34,35.78,30.92,,,,,44.015771799999996,0.20078751
317755,Nevada Ridge,MT,46.84,-112.51,2139.7,20170222,19.4,28.4,23.9,,,,,44.015771799999996,0.0
317756,Nevada Ridge,MT,46.84,-112.51,2139.7,20170223,13.82,25.34,17.6,,,,,42.9921492,0.0
317757,Nevada Ridge,MT,46.84,-112.51,2139.7,20170224,8.06,22.82,14.54,,,,,42.9921492,0.0
317758,Nevada Ridge,MT,46.84,-112.51,2139.7,20170225,9.5,17.24,12.92,,,,,42.9921492,0.0
317759,Nevada Ridge,MT,46.84,-112.51,2139.7,20170226,6.62,23.18,14.18,,,,,50.000027,0.40157502
317760,Nevada Ridge,MT,46.84,-112.51,2139.7,20170227,5.54,25.34,15.08,,,,,49.0157745,0.09842525
317761,Nevada Ridge,MT,46.84,-112.51,2139.7,20170228,11.3,22.64,14.9,,,,,49.0157745,0.09842525
317762,Nevada Ridge,MT,46.84,-112.51,2139.7,20170301,13.1,27.14,21.02,,,,,50.000027,0.20078751
317763,Nevada Ridge,MT,46.84,-112.51,2139.7,20170302,22.64,36.14,28.04,,,,,47.992151899999996,0.09842525
317764,Nevada Ridge,MT,46.84,-112.51,2139.7,20170303,26.96,41.54,32.9,,,,,47.0078994,0.0
317765,Nevada Ridge,MT,46.84,-112.51,2139.7,20170304,27.86,36.32,31.82,,,,,47.992151899999996,0.09842525
317766,Nevada Ridge,MT,46.84,-112.51,2139.7,20170305,15.98,33.8,25.52,,,,,47.992151899999996,0.0
317767,Nevada Ridge,MT,46.84,-112.51,2139.7,20170306,14.0,25.88,17.6,,,,,47.992151899999996,0.0
317768,Nevada Ridge,MT,46.84,-112.51,2139.7,20170307,12.56,25.88,19.58,,,,,50.000027,0.40157502
317769,Nevada Ridge,MT,46.84,-112.51,2139.7,20170308,20.84,28.58,26.06,,,,,57.992157299999995,0.59842552
317770,Nevada Ridge,MT,46.84,-112.51,2139.7,20170309,19.22,34.16,25.16,,,,,60.98428489999999,0.59842552
317771,Nevada Ridge,MT,46.84,-112.51,2139.7,20170310,30.74,39.92,34.52,,,,,57.992157299999995,0.20078751
317772,Nevada Ridge,MT,46.84,-112.51,2139.7,20170311,28.22,46.22,34.88,,,,,57.0079048,0.09842525
317773,Nevada Ridge,MT,46.84,-112.51,2139.7,20170312,29.12,35.6,31.1,,,,,55.9842822,0.0
317774,Nevada Ridge,MT,46.84,-112.51,2139.7,20170313,29.66,43.88,35.24,,,,,54.0157772,0.09842525
317775,Nevada Ridge,MT,46.84,-112.51,2139.7,20170314,34.16,47.12,39.38,,,,,52.9921546,0.09842525
317776,Nevada Ridge,MT,46.84,-112.51,2139.7,20170315,36.86,49.82,41.72,,,,,52.0079021,0.0
317777,Nevada Ridge,MT,46.84,-112.51,2139.7,20170316,25.88,36.86,31.64,,,,,50.9842795,0.0
317778,Nevada Ridge,MT,46.84,-112.51,2139.7,20170317,23.9,48.02,36.32,,,,,49.0157745,0.09842525
317779,Nevada Ridge,MT,46.84,-112.51,2139.7,20170318,31.82,57.02,42.98,,,,,49.0157745,0.20078751
317780,Nevada Ridge,MT,46.84,-112.51,2139.7,20170319,27.86,41.54,32.9,,,,,49.0157745,0.0
317781,Nevada Ridge,MT,46.84,-112.51,2139.7,20170320,23.0,35.42,28.4,,,,,47.992151899999996,0.0
317782,Nevada Ridge,MT,46.84,-112.51,2139.7,20170321,22.64,48.2,34.34,,,,,47.992151899999996,0.0
317783,Nevada Ridge,MT,46.84,-112.51,2139.7,20170322,30.74,47.48,36.86,,,,,47.992151899999996,0.0
317784,Nevada Ridge,MT,46.84,-112.51,2139.7,20170323,26.96,38.84,31.64,,,,,47.992151899999996,0.0
317785,Nevada Ridge,MT,46.84,-112.51,2139.7,20170324,26.78,54.14,37.4,,,,,47.0078994,0.09842525
317786,Nevada Ridge,MT,46.84,-112.51,2139.7,20170325,26.78,42.08,31.64,,,,,47.992151899999996,0.09842525
317787,Nevada Ridge,MT,46.84,-112.51,2139.7,20170326,25.52,46.94,33.62,,,,,47.0078994,0.0
317788,Nevada Ridge,MT,46.84,-112.51,2139.7,20170327,26.42,37.94,31.28,,,,,47.992151899999996,0.09842525
317789,Nevada Ridge,MT,46.84,-112.51,2139.7,20170328,24.98,40.82,30.74,,,,,47.992151899999996,0.0
317790,Nevada Ridge,MT,46.84,-112.51,2139.7,20170329,29.84,40.64,34.52,,,,,47.992151899999996,0.09842525
317791,Nevada Ridge,MT,46.84,-112.51,2139.7,20170330,31.28,46.04,36.5,,,,,47.0078994,0.0
317792,Nevada Ridge,MT,46.84,-112.51,2139.7,20170331,29.84,45.86,34.34,,,,,47.0078994,0.0
317793,Nevada Ridge,MT,46.84,-112.51,2139.7,20170401,31.1,50.72,37.94,,,,,45.984276799999996,0.0
317794,Nevada Ridge,MT,46.84,-112.51,2139.7,20170402,22.82,44.24,32.18,,,,,45.00002429999999,0.0
317795,Nevada Ridge,MT,46.84,-112.51,2139.7,20170403,19.76,37.58,24.44,,,,,45.00002429999999,0.0
317796,Nevada Ridge,MT,46.84,-112.51,2139.7,20170404,18.5,41.9,29.3,,,,,45.00002429999999,0.0
317797,Nevada Ridge,MT,46.84,-112.51,2139.7,20170405,30.38,43.52,36.68,,,,,42.9921492,0.09842525
317798,Nevada Ridge,MT,46.84,-112.51,2139.7,20170406,35.06,54.68,42.8,,,,,42.9921492,0.20078751
317799,Nevada Ridge,MT,46.84,-112.51,2139.7,20170407,29.12,49.28,38.3,,,,,42.0078967,0.0
317800,Nevada Ridge,MT,46.84,-112.51,2139.7,20170408,25.7,50.0,33.8,,,,,50.9842795,0.50000027
317801,Nevada Ridge,MT,46.84,-112.51,2139.7,20170409,21.02,30.56,25.52,,,,,50.9842795,0.09842525
317802,Nevada Ridge,MT,46.84,-112.51,2139.7,20170410,20.3,40.46,26.96,,,,,50.000027,0.09842525
317803,Nevada Ridge,MT,46.84,-112.51,2139.7,20170411,21.74,45.14,31.82,,,,,47.0078994,0.09842525
317804,Nevada Ridge,MT,46.84,-112.51,2139.7,20170412,30.56,43.52,36.32,,,,,45.984276799999996,0.09842525
317805,Nevada Ridge,MT,46.84,-112.51,2139.7,20170413,29.84,49.1,36.5,,,,,45.984276799999996,0.09842525
317806,Nevada Ridge,MT,46.84,-112.51,2139.7,20170414,24.8,37.22,29.48,,,,,45.00002429999999,0.0
317807,Nevada Ridge,MT,46.84,-112.51,2139.7,20170415,22.82,38.48,27.86,,,,,45.00002429999999,0.09842525
317808,Nevada Ridge,MT,46.84,-112.51,2139.7,20170416,23.36,48.56,34.34,,,,,44.015771799999996,0.0
317809,Nevada Ridge,MT,46.84,-112.51,2139.7,20170417,31.28,41.36,35.06,,,,,44.015771799999996,0.0
317810,Nevada Ridge,MT,46.84,-112.51,2139.7,20170418,31.46,53.24,38.66,,,,,44.015771799999996,0.0
317811,Nevada Ridge,MT,46.84,-112.51,2139.7,20170419,29.48,48.56,36.68,,,,,42.9921492,0.0
317812,Nevada Ridge,MT,46.84,-112.51,2139.7,20170420,29.48,50.72,36.68,,,,,45.00002429999999,0.20078751
317813,Nevada Ridge,MT,46.84,-112.51,2139.7,20170421,28.94,38.12,31.28,,,,,45.00002429999999,0.20078751
317814,Nevada Ridge,MT,46.84,-112.51,2139.7,20170422,26.78,51.62,38.66,,,,,42.0078967,0.0
317815,Nevada Ridge,MT,46.84,-112.51,2139.7,20170423,32.36,42.8,37.22,,,,,42.9921492,0.09842525
317816,Nevada Ridge,MT,46.84,-112.51,2139.7,20170424,30.02,42.62,35.6,,,,,42.9921492,0.09842525
317817,Nevada Ridge,MT,46.84,-112.51,2139.7,20170425,30.56,45.68,34.34,,,,,42.9921492,0.09842525
317818,Nevada Ridge,MT,46.84,-112.51,2139.7,20170426,29.12,41.36,33.62,,,,,45.00002429999999,0.29921276
317819,Nevada Ridge,MT,46.84,-112.51,2139.7,20170427,26.06,36.86,29.66,,,,,45.00002429999999,0.0
317820,Nevada Ridge,MT,46.84,-112.51,2139.7,20170428,24.44,40.82,31.64,,,,,44.015771799999996,0.09842525
317821,Nevada Ridge,MT,46.84,-112.51,2139.7,20170429,26.96,48.02,36.14,,,,,42.9921492,0.0
317822,Nevada Ridge,MT,46.84,-112.51,2139.7,20170430,30.02,45.86,35.42,,,,,42.9921492,0.0
317823,Nevada Ridge,MT,46.84,-112.51,2139.7,20170501,29.66,44.6,34.34,,,,,44.015771799999996,0.09842525
317824,Nevada Ridge,MT,46.84,-112.51,2139.7,20170502,29.12,38.84,32.18,,,,,44.015771799999996,0.0
317825,Nevada Ridge,MT,46.84,-112.51,2139.7,20170503,29.3,55.58,42.08,,,,,42.0078967,0.09842525
317826,Nevada Ridge,MT,46.84,-112.51,2139.7,20170504,40.46,69.44,53.96,,,,,39.0157691,0.0
317827,Nevada Ridge,MT,46.84,-112.51,2139.7,20170505,48.74,72.14,57.2,,,,,37.007894,0.0
317828,Nevada Ridge,MT,46.84,-112.51,2139.7,20170506,41.9,66.56,49.46,,,,,35.0000189,0.20078751
317829,Nevada Ridge,MT,46.84,-112.51,2139.7,20170507,29.48,42.62,36.32,,,,,35.0000189,0.0
317830,Nevada Ridge,MT,46.84,-112.51,2139.7,20170508,29.12,55.22,40.82,,,,,32.9921438,0.09842525
317831,Nevada Ridge,MT,46.84,-112.51,2139.7,20170509,37.58,58.46,46.04,,,,,32.0078913,0.0
317832,Nevada Ridge,MT,46.84,-112.51,2139.7,20170510,39.56,65.84,51.62,,,,,30.0000162,0.0
317833,Nevada Ridge,MT,46.84,-112.51,2139.7,20170511,47.84,71.06,55.4,,,,,27.0078886,0.0
317834,Nevada Ridge,MT,46.84,-112.51,2139.7,20170512,29.84,63.14,45.68,,,,,27.9921411,0.09842525
317835,Nevada Ridge,MT,46.84,-112.51,2139.7,20170513,27.5,35.24,30.74,,,,,27.9921411,0.0
317836,Nevada Ridge,MT,46.84,-112.51,2139.7,20170514,27.32,43.7,33.08,,,,,27.0078886,0.09842525
317837,Nevada Ridge,MT,46.84,-112.51,2139.7,20170515,29.84,50.54,37.76,,,,,25.984266,0.0
317838,Nevada Ridge,MT,46.84,-112.51,2139.7,20170516,32.36,49.46,37.94,,,,,29.015763699999997,0.59842552
317839,Nevada Ridge,MT,46.84,-112.51,2139.7,20170517,30.2,33.98,32.72,,,,,39.0157691,1.20078805
317840,Nevada Ridge,MT,46.84,-112.51,2139.7,20170518,32.54,46.58,36.32,,,,,35.0000189,0.20078751
317841,Nevada Ridge,MT,46.84,-112.51,2139.7,20170519,33.08,54.86,40.82,,,,,34.0157664,0.09842525
317842,Nevada Ridge,MT,46.84,-112.51,2139.7,20170520,37.58,52.88,43.16,,,,,30.984268699999998,0.09842525
317843,Nevada Ridge,MT,46.84,-112.51,2139.7,20170521,37.58,59.54,46.4,,,,,27.9921411,0.0
317844,Nevada Ridge,MT,46.84,-112.51,2139.7,20170522,41.54,62.78,50.0,,,,,22.992138399999998,0.0
317845,Nevada Ridge,MT,46.84,-112.51,2139.7,20170523,45.68,69.26,56.66,,,,,22.007885899999998,0.0
317846,Nevada Ridge,MT,46.84,-112.51,2139.7,20170524,33.44,54.32,43.7,,,,,15.9842606,0.0
317847,Nevada Ridge,MT,46.84,-112.51,2139.7,20170525,31.28,51.62,38.12,,,,,17.9921357,0.0
317848,Nevada Ridge,MT,46.84,-112.51,2139.7,20170526,33.62,53.24,41.54,,,,,15.9842606,0.09842525
317849,Nevada Ridge,MT,46.84,-112.51,2139.7,20170527,38.66,60.44,48.38,,,,,19.0157583,0.09842525
317850,Nevada Ridge,MT,46.84,-112.51,2139.7,20170528,43.7,61.52,50.36,,,,,17.9921357,0.0
317851,Nevada Ridge,MT,46.84,-112.51,2139.7,20170529,43.7,67.64,53.42,,,,,12.992133,0.0
317852,Nevada Ridge,MT,46.84,-112.51,2139.7,20170530,48.2,67.82,56.48,,,,,10.9842579,0.0
317853,Nevada Ridge,MT,46.84,-112.51,2139.7,20170531,48.38,74.3,58.46,,,,,10.000005400000001,0.0
317854,Nevada Ridge,MT,46.84,-112.51,2139.7,20170601,43.16,61.16,50.0,,,,,9.0157529,0.09842525
317855,Nevada Ridge,MT,46.84,-112.51,2139.7,20170602,41.0,59.54,49.46,,,,,2.9921276000000003,0.0
317856,Nevada Ridge,MT,46.84,-112.51,2139.7,20170603,44.6,70.52,57.38,,,,,0.9842525,0.09842525
317857,Nevada Ridge,MT,46.84,-112.51,2139.7,20170604,40.82,76.1,58.64,,,,,0.0,0.09842525
317858,Nevada Ridge,MT,46.84,-112.51,2139.7,20170605,39.74,58.28,46.4,,,,,0.0,0.0
317859,Nevada Ridge,MT,46.84,-112.51,2139.7,20170606,40.64,63.86,52.16,,,,,0.0,0.0
317860,Nevada Ridge,MT,46.84,-112.51,2139.7,20170607,48.2,75.38,60.08,,,,,0.0,0.0
317861,Nevada Ridge,MT,46.84,-112.51,2139.7,20170608,46.58,73.76,59.18,,,,,0.0,0.0
317862,Nevada Ridge,MT,46.84,-112.51,2139.7,20170609,36.32,54.5,44.78,,,,,0.0,0.0
317863,Nevada Ridge,MT,46.84,-112.51,2139.7,20170610,33.08,50.72,38.48,,,,,0.0,0.0
317864,Nevada Ridge,MT,46.84,-112.51,2139.7,20170611,31.1,60.44,45.5,,,,,0.0,0.09842525
317865,Nevada Ridge,MT,46.84,-112.51,2139.7,20170612,43.52,63.14,50.18,,,,,0.0,0.29921276
317866,Nevada Ridge,MT,46.84,-112.51,2139.7,20170613,37.22,44.78,40.28,,,,,0.0,0.70078778
317867,Nevada Ridge,MT,46.84,-112.51,2139.7,20170614,35.6,56.3,44.78,,,,,0.0,0.0
317868,Nevada Ridge,MT,46.84,-112.51,2139.7,20170615,41.18,52.88,46.58,,,,,0.0,0.0
317869,Nevada Ridge,MT,46.84,-112.51,2139.7,20170616,38.84,54.14,45.86,,,,,0.0,0.09842525
317870,Nevada Ridge,MT,46.84,-112.51,2139.7,20170617,37.04,53.96,44.96,,,,,0.0,0.09842525
317871,Nevada Ridge,MT,46.84,-112.51,2139.7,20170618,39.38,50.72,44.06,,,,,0.0,0.09842525
317872,Nevada Ridge,MT,46.84,-112.51,2139.7,20170619,44.78,70.7,57.74,,,,,0.0,0.0
317873,Nevada Ridge,MT,46.84,-112.51,2139.7,20170620,53.6,70.34,61.52,,,,,0.0,0.0
317874,Nevada Ridge,MT,46.84,-112.51,2139.7,20170621,43.52,64.76,54.14,,,,,0.0,0.0
317875,Nevada Ridge,MT,46.84,-112.51,2139.7,20170622,39.02,59.72,46.76,,,,,0.0,0.0
317876,Nevada Ridge,MT,46.84,-112.51,2139.7,20170623,39.02,62.96,49.28,,,,,0.0,0.0
317877,Nevada Ridge,MT,46.84,-112.51,2139.7,20170624,41.9,67.1,52.7,,,,,0.0,0.09842525
317878,Nevada Ridge,MT,46.84,-112.51,2139.7,20170625,46.04,74.48,59.54,,,,,0.0,0.0
317879,Nevada Ridge,MT,46.84,-112.51,2139.7,20170626,50.0,80.78,66.56,,,,,0.0,0.0
317880,Nevada Ridge,MT,46.84,-112.51,2139.7,20170627,48.2,65.66,55.04,,,,,0.0,0.09842525
317881,Nevada Ridge,MT,46.84,-112.51,2139.7,20170628,44.24,63.14,53.24,,,,,0.0,0.0
317882,Nevada Ridge,MT,46.84,-112.51,2139.7,20170629,41.72,58.28,46.94,,,,,0.0,0.0
317883,Nevada Ridge,MT,46.84,-112.51,2139.7,20170630,45.86,67.82,56.3,,,,,0.0,0.09842525
317884,Nevada Ridge,MT,46.84,-112.51,2139.7,20170701,53.06,74.48,62.6,,,,,0.0,0.0
317885,Nevada Ridge,MT,46.84,-112.51,2139.7,20170702,56.66,77.54,64.58,,,,,0.0,0.0
317886,Nevada Ridge,MT,46.84,-112.51,2139.7,20170703,54.32,75.2,64.58,,,,,0.0,0.0
317887,Nevada Ridge,MT,46.84,-112.51,2139.7,20170704,51.62,77.72,63.86,,,,,0.0,0.0
317888,Nevada Ridge,MT,46.84,-112.51,2139.7,20170705,59.36,83.84,69.62,,,,,0.0,0.0
317889,Nevada Ridge,MT,46.84,-112.51,2139.7,20170706,60.08,83.3,69.8,,,,,0.0,0.0
317890,Nevada Ridge,MT,46.84,-112.51,2139.7,20170707,60.8,82.22,70.34,,,,,0.0,0.0
317891,Nevada Ridge,MT,46.84,-112.51,2139.7,20170708,62.6,85.28,72.14,,,,,0.0,0.0
317892,Nevada Ridge,MT,46.84,-112.51,2139.7,20170709,59.54,83.66,68.72,,,,,0.0,0.0
317893,Nevada Ridge,MT,46.84,-112.51,2139.7,20170710,50.72,69.26,58.82,,,,,0.0,0.40157502
317894,Nevada Ridge,MT,46.84,-112.51,2139.7,20170711,47.48,67.64,56.84,,,,,0.0,0.0
317895,Nevada Ridge,MT,46.84,-112.51,2139.7,20170712,46.76,75.38,60.62,,,,,0.0,0.0
317896,Nevada Ridge,MT,46.84,-112.51,2139.7,20170713,59.0,82.94,69.62,,,,,0.0,0.0
317897,Nevada Ridge,MT,46.84,-112.51,2139.7,20170714,58.46,85.28,69.26,,,,,0.0,0.0
317898,Nevada Ridge,MT,46.84,-112.51,2139.7,20170715,51.62,83.12,65.66,,,,,0.0,0.09842525
317899,Nevada Ridge,MT,46.84,-112.51,2139.7,20170716,51.98,71.06,60.98,,,,,0.0,0.0
317900,Nevada Ridge,MT,46.84,-112.51,2139.7,20170717,46.4,68.9,57.38,,,,,0.0,0.0
317901,Nevada Ridge,MT,46.84,-112.51,2139.7,20170718,50.0,75.38,61.88,,,,,0.0,0.0
317902,Nevada Ridge,MT,46.84,-112.51,2139.7,20170719,53.24,77.18,64.58,,,,,0.0,0.0
317903,Nevada Ridge,MT,46.84,-112.51,2139.7,20170720,53.96,79.16,65.12,,,,,0.0,0.0
317904,Nevada Ridge,MT,46.84,-112.51,2139.7,20170721,50.18,71.06,58.82,,,,,0.0,0.0
317905,Nevada Ridge,MT,46.84,-112.51,2139.7,20170722,50.18,73.04,60.98,,,,,0.0,0.0
317906,Nevada Ridge,MT,46.84,-112.51,2139.7,20170723,56.66,80.42,67.46,,,,,0.0,0.0
317907,Nevada Ridge,MT,46.84,-112.51,2139.7,20170724,53.42,77.9,65.3,,,,,0.0,0.0
317908,Nevada Ridge,MT,46.84,-112.51,2139.7,20170725,43.88,76.82,60.08,,,,,0.0,0.0
317909,Nevada Ridge,MT,46.84,-112.51,2139.7,20170726,54.86,78.26,64.76,,,,,0.0,0.0
317910,Nevada Ridge,MT,46.84,-112.51,2139.7,20170727,59.18,74.84,64.94,,,,,0.0,0.0
317911,Nevada Ridge,MT,46.84,-112.51,2139.7,20170728,54.32,77.36,64.04,,,,,0.0,0.0
317912,Nevada Ridge,MT,46.84,-112.51,2139.7,20170729,58.46,80.42,67.1,,,,,0.0,0.0
317913,Nevada Ridge,MT,46.84,-112.51,2139.7,20170730,59.54,80.42,68.54,,,,,0.0,0.0
317914,Nevada Ridge,MT,46.84,-112.51,2139.7,20170731,56.12,79.7,66.56,,,,,0.0,0.0
317915,Nevada Ridge,MT,46.84,-112.51,2139.7,20170801,51.08,78.26,64.4,,,,,0.0,0.0
317916,Nevada Ridge,MT,46.84,-112.51,2139.7,20170802,45.32,63.5,51.44,,,,,0.0,0.0
317917,Nevada Ridge,MT,46.84,-112.51,2139.7,20170803,45.32,73.94,59.36,,,,,0.0,0.0
317918,Nevada Ridge,MT,46.84,-112.51,2139.7,20170804,46.4,74.12,60.08,,,,,0.0,0.0
317919,Nevada Ridge,MT,46.84,-112.51,2139.7,20170805,44.96,58.1,48.74,,,,,0.0,0.0
317920,Nevada Ridge,MT,46.84,-112.51,2139.7,20170806,43.88,68.18,54.14,,,,,0.0,0.0
317921,Nevada Ridge,MT,46.84,-112.51,2139.7,20170807,50.36,73.94,60.26,,,,,0.0,0.0
317922,Nevada Ridge,MT,46.84,-112.51,2139.7,20170808,48.92,68.72,57.02,,,,,0.0,0.0
317923,Nevada Ridge,MT,46.84,-112.51,2139.7,20170809,46.22,,56.66,,,,,0.0,0.0
317924,Nevada Ridge,MT,46.84,-112.51,2139.7,20170810,49.28,73.4,59.9,,,,,0.0,0.09842525
317925,Nevada Ridge,MT,46.84,-112.51,2139.7,20170811,53.42,75.38,61.7,,,,,0.0,0.0
317926,Nevada Ridge,MT,46.84,-112.51,2139.7,20170812,51.44,76.64,62.78,,,,,0.0,0.0
317927,Nevada Ridge,MT,46.84,-112.51,2139.7,20170813,46.58,69.8,55.58,,,,,0.0,0.0
317928,Nevada Ridge,MT,46.84,-112.51,2139.7,20170814,44.78,63.5,51.62,,,,,0.0,0.0
317929,Nevada Ridge,MT,46.84,-112.51,2139.7,20170815,44.6,68.36,55.04,,,,,0.0,0.0
317930,Nevada Ridge,MT,46.84,-112.51,2139.7,20170816,49.1,70.52,58.28,,,,,0.0,0.0
317931,Nevada Ridge,MT,46.84,-112.51,2139.7,20170817,50.72,70.7,58.82,,,,,0.0,0.0
317932,Nevada Ridge,MT,46.84,-112.51,2139.7,20170818,50.54,73.76,60.8,,,,,0.0,0.0
317933,Nevada Ridge,MT,46.84,-112.51,2139.7,20170819,46.94,67.82,57.02,,,,,0.0,0.0
317934,Nevada Ridge,MT,46.84,-112.51,2139.7,20170820,44.78,65.84,54.14,,,,,0.0,0.0
317935,Nevada Ridge,MT,46.84,-112.51,2139.7,20170821,48.92,69.98,56.84,,,,,0.0,0.0
317936,Nevada Ridge,MT,46.84,-112.51,2139.7,20170822,53.78,77.18,63.68,,,,,0.0,0.0
317937,Nevada Ridge,MT,46.84,-112.51,2139.7,20170823,59.36,77.18,66.38,,,,,0.0,0.0
317938,Nevada Ridge,MT,46.84,-112.51,2139.7,20170824,50.72,69.08,60.08,,,,,0.0,0.0
317939,Nevada Ridge,MT,46.84,-112.51,2139.7,20170825,50.0,70.7,58.28,,,,,0.0,0.0
317940,Nevada Ridge,MT,46.84,-112.51,2139.7,20170826,48.92,73.22,59.54,,,,,0.0,0.0
317941,Nevada Ridge,MT,46.84,-112.51,2139.7,20170827,55.58,78.8,65.66,,,,,0.0,0.0
317942,Nevada Ridge,MT,46.84,-112.51,2139.7,20170828,56.66,79.34,66.74,,,,,0.0,0.0
317943,Nevada Ridge,MT,46.84,-112.51,2139.7,20170829,62.6,78.8,68.36,,,,,0.0,0.0
317944,Nevada Ridge,MT,46.84,-112.51,2139.7,20170830,57.74,81.68,65.66,,,,,0.0,0.0
317945,Nevada Ridge,MT,46.84,-112.51,2139.7,20170831,51.44,74.12,61.7,,,,,0.0,0.0
317946,Nevada Ridge,MT,46.84,-112.51,2139.7,20170901,49.1,71.6,59.72,,,,,0.0,0.0
317947,Nevada Ridge,MT,46.84,-112.51,2139.7,20170902,56.66,78.98,66.74,,,,,0.0,0.0
317948,Nevada Ridge,MT,46.84,-112.51,2139.7,20170903,50.18,82.22,68.54,,,,,0.0,0.0
317949,Nevada Ridge,MT,46.84,-112.51,2139.7,20170904,40.82,59.54,49.28,,,,,0.0,0.0
317950,Nevada Ridge,MT,46.84,-112.51,2139.7,20170905,43.16,72.68,56.48,,,,,0.0,0.0
317951,Nevada Ridge,MT,46.84,-112.51,2139.7,20170906,56.48,75.38,63.5,,,,,0.0,0.0
317952,Nevada Ridge,MT,46.84,-112.51,2139.7,20170907,58.46,78.08,66.02,,,,,0.0,0.0
317953,Nevada Ridge,MT,46.84,-112.51,2139.7,20170908,59.72,73.76,65.12,,,,,0.0,0.0
317954,Nevada Ridge,MT,46.84,-112.51,2139.7,20170909,55.58,76.28,63.32,,,,,0.0,0.0
317955,Nevada Ridge,MT,46.84,-112.51,2139.7,20170910,50.18,68.54,56.84,,,,,0.0,0.0
317956,Nevada Ridge,MT,46.84,-112.51,2139.7,20170911,47.3,75.74,60.8,,,,,0.0,0.0
317957,Nevada Ridge,MT,46.84,-112.51,2139.7,20170912,57.38,76.82,64.58,,,,,0.0,0.0
317958,Nevada Ridge,MT,46.84,-112.51,2139.7,20170913,40.82,68.72,55.4,,,,,0.0,0.0
317959,Nevada Ridge,MT,46.84,-112.51,2139.7,20170914,30.92,41.0,34.52,,,,,0.0,0.70078778
317960,Nevada Ridge,MT,46.84,-112.51,2139.7,20170915,29.66,32.0,30.56,,,,,10.000005400000001,1.2992133
317961,Nevada Ridge,MT,46.84,-112.51,2139.7,20170916,29.66,43.34,33.62,,,,,7.9921303,0.40157502
317962,Nevada Ridge,MT,46.84,-112.51,2139.7,20170917,31.82,51.62,41.18,,,,,4.0157502,0.09842525
317963,Nevada Ridge,MT,46.84,-112.51,2139.7,20170918,32.54,47.84,39.92,,,,,2.0078751,0.0
317964,Nevada Ridge,MT,46.84,-112.51,2139.7,20170919,30.38,42.08,33.08,,,,,2.9921276000000003,0.09842525
317965,Nevada Ridge,MT,46.84,-112.51,2139.7,20170920,30.02,36.68,32.72,,,,,4.0157502,0.20078751
317966,Nevada Ridge,MT,46.84,-112.51,2139.7,20170921,28.4,39.92,33.26,,,,,4.0157502,0.0
317967,Basin Creek,MT,45.8,-112.52,2188.5,20170101,-6.16,20.12,8.24,,,,,12.992133,0.0
317968,Basin Creek,MT,45.8,-112.52,2188.5,20170102,-11.92,2.3,-3.82,,,,,12.992133,0.0
317969,Basin Creek,MT,45.8,-112.52,2188.5,20170103,-12.82,14.9,1.22,,,,,12.992133,0.0
317970,Basin Creek,MT,45.8,-112.52,2188.5,20170104,-8.14,2.3,-2.92,,,,,12.992133,0.0
317971,Basin Creek,MT,45.8,-112.52,2188.5,20170105,-7.78,8.42,-0.04,,,,,12.007880499999999,0.0
317972,Basin Creek,MT,45.8,-112.52,2188.5,20170106,5.0,23.72,13.64,,,,,12.007880499999999,0.0
317973,Basin Creek,MT,45.8,-112.52,2188.5,20170107,8.24,24.26,17.06,,,,,12.007880499999999,0.20078751
317974,Basin Creek,MT,45.8,-112.52,2188.5,20170108,23.36,35.42,30.92,,,,,14.015755599999999,0.20078751
317975,Basin Creek,MT,45.8,-112.52,2188.5,20170109,14.72,36.14,29.12,,,,,14.015755599999999,0.0
317976,Basin Creek,MT,45.8,-112.52,2188.5,20170110,12.2,28.22,21.56,,,,,14.015755599999999,0.0
317977,Basin Creek,MT,45.8,-112.52,2188.5,20170111,5.36,18.14,11.48,,,,,14.015755599999999,0.0
317978,Basin Creek,MT,45.8,-112.52,2188.5,20170112,8.42,22.46,14.54,,,,,14.015755599999999,0.0
317979,Basin Creek,MT,45.8,-112.52,2188.5,20170113,6.8,26.96,14.72,,,,,14.015755599999999,0.0
317980,Basin Creek,MT,45.8,-112.52,2188.5,20170114,10.76,31.46,19.76,,,,,14.015755599999999,0.0
317981,Basin Creek,MT,45.8,-112.52,2188.5,20170115,15.98,33.8,21.56,,,,,14.015755599999999,0.0
317982,Basin Creek,MT,45.8,-112.52,2188.5,20170116,14.0,33.26,22.82,,,,,14.015755599999999,0.0
317983,Basin Creek,MT,45.8,-112.52,2188.5,20170117,23.18,41.9,32.18,,,,,12.992133,0.0
317984,Basin Creek,MT,45.8,-112.52,2188.5,20170118,29.48,39.38,34.16,,,,,12.992133,0.0
317985,Basin Creek,MT,45.8,-112.52,2188.5,20170119,25.16,34.88,30.2,,,,,12.992133,0.0
317986,Basin Creek,MT,45.8,-112.52,2188.5,20170120,14.72,27.68,21.92,,,,,12.992133,0.0
317987,Basin Creek,MT,45.8,-112.52,2188.5,20170121,15.26,31.46,23.72,,,,,12.992133,0.09842525
317988,Basin Creek,MT,45.8,-112.52,2188.5,20170122,15.98,29.66,22.82,,,,,14.015755599999999,0.09842525
317989,Basin Creek,MT,45.8,-112.52,2188.5,20170123,13.1,26.6,18.32,,,,,12.992133,0.0
317990,Basin Creek,MT,45.8,-112.52,2188.5,20170124,6.44,21.02,13.64,,,,,12.992133,0.0
317991,Basin Creek,MT,45.8,-112.52,2188.5,20170125,13.1,23.0,16.7,,,,,12.992133,0.0
317992,Basin Creek,MT,45.8,-112.52,2188.5,20170126,8.24,22.64,15.44,,,,,14.015755599999999,0.09842525
317993,Basin Creek,MT,45.8,-112.52,2188.5,20170127,7.34,32.54,18.32,,,,,14.015755599999999,0.0
317994,Basin Creek,MT,45.8,-112.52,2188.5,20170128,21.38,39.92,30.92,,,,,14.015755599999999,0.0
317995,Basin Creek,MT,45.8,-112.52,2188.5,20170129,29.3,45.5,36.32,,,,,14.015755599999999,0.0
317996,Basin Creek,MT,45.8,-112.52,2188.5,20170130,27.86,39.74,33.08,,,,,14.015755599999999,0.09842525
317997,Basin Creek,MT,45.8,-112.52,2188.5,20170131,7.34,29.48,21.2,,,,,20.000010800000002,0.20078751
317998,Basin Creek,MT,45.8,-112.52,2188.5,20170201,-0.4,10.76,4.28,,,,,19.0157583,0.0
317999,Basin Creek,MT,45.8,-112.52,2188.5,20170202,-4.9,9.32,1.4,,,,,17.9921357,0.09842525
318000,Basin Creek,MT,45.8,-112.52,2188.5,20170203,0.68,34.34,25.52,,,,,17.0078832,0.29921276
318001,Basin Creek,MT,45.8,-112.52,2188.5,20170204,28.4,37.4,32.0,,,,,17.9921357,0.09842525
318002,Basin Creek,MT,45.8,-112.52,2188.5,20170205,28.58,38.3,32.9,,,,,17.0078832,0.0
318003,Basin Creek,MT,45.8,-112.52,2188.5,20170206,17.96,39.38,30.38,,,,,17.9921357,0.09842525
318004,Basin Creek,MT,45.8,-112.52,2188.5,20170207,16.7,27.86,21.56,,,,,20.9842633,0.09842525
318005,Basin Creek,MT,45.8,-112.52,2188.5,20170208,21.2,35.78,28.94,,,,,20.000010800000002,0.0
318006,Basin Creek,MT,45.8,-112.52,2188.5,20170209,35.78,44.96,39.92,,,,,17.0078832,0.0
318007,Basin Creek,MT,45.8,-112.52,2188.5,20170210,25.88,40.28,34.7,,,,,17.0078832,0.0
318008,Basin Creek,MT,45.8,-112.52,2188.5,20170211,14.36,29.66,21.92,,,,,17.0078832,0.0
318009,Basin Creek,MT,45.8,-112.52,2188.5,20170212,12.38,37.76,25.7,,,,,17.0078832,0.0
318010,Basin Creek,MT,45.8,-112.52,2188.5,20170213,21.02,41.0,28.94,,,,,17.0078832,0.0
318011,Basin Creek,MT,45.8,-112.52,2188.5,20170214,24.44,48.56,33.26,,,,,17.0078832,0.0
318012,Basin Creek,MT,45.8,-112.52,2188.5,20170215,31.1,51.62,39.56,,,,,17.0078832,0.0
318013,Basin Creek,MT,45.8,-112.52,2188.5,20170216,32.18,43.16,37.76,,,,,17.0078832,0.0
318014,Basin Creek,MT,45.8,-112.52,2188.5,20170217,29.84,38.84,33.44,,,,,17.0078832,0.0
318015,Basin Creek,MT,45.8,-112.52,2188.5,20170218,31.28,41.54,35.96,,,,,17.0078832,0.0
318016,Basin Creek,MT,45.8,-112.52,2188.5,20170219,25.16,38.12,32.9,,,,,17.0078832,0.0
318017,Basin Creek,MT,45.8,-112.52,2188.5,20170220,24.44,39.2,32.36,,,,,17.9921357,0.09842525
318018,Basin Creek,MT,45.8,-112.52,2188.5,20170221,27.68,39.92,34.34,,,,,17.9921357,0.0
318019,Basin Creek,MT,45.8,-112.52,2188.5,20170222,22.28,31.46,25.88,,,,,20.9842633,0.20078751
318020,Basin Creek,MT,45.8,-112.52,2188.5,20170223,16.52,27.14,21.38,,,,,24.015760999999998,0.09842525
318021,Basin Creek,MT,45.8,-112.52,2188.5,20170224,10.58,24.98,16.88,,,,,24.015760999999998,0.0
318022,Basin Creek,MT,45.8,-112.52,2188.5,20170225,4.64,21.38,13.28,,,,,22.007885899999998,0.0
318023,Basin Creek,MT,45.8,-112.52,2188.5,20170226,11.12,23.18,17.6,,,,,22.992138399999998,0.09842525
318024,Basin Creek,MT,45.8,-112.52,2188.5,20170227,8.24,26.24,15.62,,,,,22.007885899999998,0.0
318025,Basin Creek,MT,45.8,-112.52,2188.5,20170228,6.08,25.16,15.62,,,,,22.007885899999998,0.0
318026,Basin Creek,MT,45.8,-112.52,2188.5,20170301,14.18,34.16,24.26,,,,,20.9842633,0.09842525
318027,Basin Creek,MT,45.8,-112.52,2188.5,20170302,17.6,38.48,28.4,,,,,20.9842633,0.0
318028,Basin Creek,MT,45.8,-112.52,2188.5,20170303,22.64,41.36,32.9,,,,,20.9842633,0.09842525
318029,Basin Creek,MT,45.8,-112.52,2188.5,20170304,29.66,39.2,34.34,,,,,20.000010800000002,0.0
318030,Basin Creek,MT,45.8,-112.52,2188.5,20170305,17.78,38.66,29.84,,,,,19.0157583,0.0
318031,Basin Creek,MT,45.8,-112.52,2188.5,20170306,13.64,27.32,19.04,,,,,20.9842633,0.09842525
318032,Basin Creek,MT,45.8,-112.52,2188.5,20170307,10.22,30.38,22.64,,,,,20.9842633,0.0
318033,Basin Creek,MT,45.8,-112.52,2188.5,20170308,28.04,41.72,34.52,,,,,22.007885899999998,0.0
318034,Basin Creek,MT,45.8,-112.52,2188.5,20170309,25.16,42.62,35.24,,,,,22.007885899999998,0.0
318035,Basin Creek,MT,45.8,-112.52,2188.5,20170310,29.66,46.94,38.84,,,,,20.000010800000002,0.0
318036,Basin Creek,MT,45.8,-112.52,2188.5,20170311,27.5,45.32,36.32,,,,,20.000010800000002,0.0
318037,Basin Creek,MT,45.8,-112.52,2188.5,20170312,28.4,42.26,33.44,,,,,20.000010800000002,0.0
318038,Basin Creek,MT,45.8,-112.52,2188.5,20170313,31.28,50.18,40.82,,,,,20.000010800000002,0.0
318039,Basin Creek,MT,45.8,-112.52,2188.5,20170314,37.04,54.32,43.88,,,,,19.0157583,0.0
318040,Basin Creek,MT,45.8,-112.52,2188.5,20170315,35.24,57.38,44.78,,,,,17.9921357,0.0
318041,Basin Creek,MT,45.8,-112.52,2188.5,20170316,27.5,43.88,36.5,,,,,19.0157583,0.09842525
318042,Basin Creek,MT,45.8,-112.52,2188.5,20170317,25.34,48.56,38.12,,,,,17.0078832,0.0
318043,Basin Creek,MT,45.8,-112.52,2188.5,20170318,38.48,55.04,46.22,,,,,17.0078832,0.0
318044,Basin Creek,MT,45.8,-112.52,2188.5,20170319,34.7,43.52,37.4,,,,,15.9842606,0.09842525
318045,Basin Creek,MT,45.8,-112.52,2188.5,20170320,29.66,37.58,33.08,,,,,17.9921357,0.09842525
318046,Basin Creek,MT,45.8,-112.52,2188.5,20170321,29.3,51.44,39.92,,,,,17.0078832,0.0
318047,Basin Creek,MT,45.8,-112.52,2188.5,20170322,32.18,47.3,38.12,,,,,15.9842606,0.0
318048,Basin Creek,MT,45.8,-112.52,2188.5,20170323,27.68,44.06,34.16,,,,,15.9842606,0.0
318049,Basin Creek,MT,45.8,-112.52,2188.5,20170324,25.88,46.94,37.58,,,,,15.9842606,0.0
318050,Basin Creek,MT,45.8,-112.52,2188.5,20170325,27.5,43.34,35.06,,,,,15.9842606,0.0
318051,Basin Creek,MT,45.8,-112.52,2188.5,20170326,24.98,44.6,34.34,,,,,15.9842606,0.0
318052,Basin Creek,MT,45.8,-112.52,2188.5,20170327,27.14,44.06,34.16,,,,,15.9842606,0.0
318053,Basin Creek,MT,45.8,-112.52,2188.5,20170328,23.0,43.34,32.36,,,,,15.9842606,0.0
318054,Basin Creek,MT,45.8,-112.52,2188.5,20170329,30.74,47.48,37.76,,,,,15.9842606,0.0
318055,Basin Creek,MT,45.8,-112.52,2188.5,20170330,30.74,42.26,35.24,,,,,19.0157583,0.09842525
318056,Basin Creek,MT,45.8,-112.52,2188.5,20170331,29.3,39.92,33.62,,,,,17.9921357,0.0
318057,Basin Creek,MT,45.8,-112.52,2188.5,20170401,27.32,51.44,38.84,,,,,17.9921357,0.0
318058,Basin Creek,MT,45.8,-112.52,2188.5,20170402,22.28,45.5,34.7,,,,,17.9921357,0.0
318059,Basin Creek,MT,45.8,-112.52,2188.5,20170403,18.32,34.7,24.8,,,,,17.9921357,0.0
318060,Basin Creek,MT,45.8,-112.52,2188.5,20170404,17.78,41.18,29.48,,,,,17.9921357,0.0
318061,Basin Creek,MT,45.8,-112.52,2188.5,20170405,26.6,46.22,37.58,,,,,17.0078832,0.09842525
318062,Basin Creek,MT,45.8,-112.52,2188.5,20170406,37.22,54.32,44.78,,,,,15.9842606,0.20078751
318063,Basin Creek,MT,45.8,-112.52,2188.5,20170407,31.46,47.48,40.1,,,,,15.9842606,0.0
318064,Basin Creek,MT,45.8,-112.52,2188.5,20170408,26.42,47.12,33.98,,,,,20.9842633,0.20078751
318065,Basin Creek,MT,45.8,-112.52,2188.5,20170409,19.58,35.78,27.32,,,,,20.000010800000002,0.0
318066,Basin Creek,MT,45.8,-112.52,2188.5,20170410,19.76,38.84,27.86,,,,,19.0157583,0.0
318067,Basin Creek,MT,45.8,-112.52,2188.5,20170411,19.22,45.14,33.08,,,,,19.0157583,0.0
318068,Basin Creek,MT,45.8,-112.52,2188.5,20170412,32.9,52.52,43.16,,,,,17.0078832,0.0
318069,Basin Creek,MT,45.8,-112.52,2188.5,20170413,32.0,59.0,42.08,,,,,22.992138399999998,0.29921276
318070,Basin Creek,MT,45.8,-112.52,2188.5,20170414,24.08,44.24,31.28,,,,,27.9921411,0.50000027
318071,Basin Creek,MT,45.8,-112.52,2188.5,20170415,20.12,38.48,27.68,,,,,25.984266,0.09842525
318072,Basin Creek,MT,45.8,-112.52,2188.5,20170416,20.12,46.94,33.62,,,,,24.015760999999998,0.0
318073,Basin Creek,MT,45.8,-112.52,2188.5,20170417,32.18,47.12,38.3,,,,,22.992138399999998,0.0
318074,Basin Creek,MT,45.8,-112.52,2188.5,20170418,32.36,52.52,39.56,,,,,20.9842633,0.0
318075,Basin Creek,MT,45.8,-112.52,2188.5,20170419,26.96,51.62,37.94,,,,,20.9842633,0.0
318076,Basin Creek,MT,45.8,-112.52,2188.5,20170420,29.84,50.36,36.14,,,,,24.015760999999998,0.29921276
318077,Basin Creek,MT,45.8,-112.52,2188.5,20170421,27.14,41.18,33.08,,,,,20.9842633,0.0
318078,Basin Creek,MT,45.8,-112.52,2188.5,20170422,26.24,51.08,39.2,,,,,20.9842633,0.0
318079,Basin Creek,MT,45.8,-112.52,2188.5,20170423,34.16,51.08,39.92,,,,,20.000010800000002,0.09842525
318080,Basin Creek,MT,45.8,-112.52,2188.5,20170424,29.84,44.96,36.32,,,,,27.9921411,0.70078778
318081,Basin Creek,MT,45.8,-112.52,2188.5,20170425,32.0,50.0,36.32,,,,,25.984266,0.29921276
318082,Basin Creek,MT,45.8,-112.52,2188.5,20170426,29.84,47.66,36.14,,,,,25.0000135,0.20078751
318083,Basin Creek,MT,45.8,-112.52,2188.5,20170427,25.52,37.58,30.92,,,,,25.984266,0.09842525
318084,Basin Creek,MT,45.8,-112.52,2188.5,20170428,21.92,44.78,32.54,,,,,24.015760999999998,0.0
318085,Basin Creek,MT,45.8,-112.52,2188.5,20170429,26.96,51.08,37.94,,,,,24.015760999999998,0.09842525
318086,Basin Creek,MT,45.8,-112.52,2188.5,20170430,33.8,50.54,40.28,,,,,22.992138399999998,0.0
318087,Basin Creek,MT,45.8,-112.52,2188.5,20170501,28.76,48.56,37.58,,,,,22.007885899999998,0.0
318088,Basin Creek,MT,45.8,-112.52,2188.5,20170502,28.58,47.84,37.22,,,,,22.007885899999998,0.09842525
318089,Basin Creek,MT,45.8,-112.52,2188.5,20170503,26.96,61.16,43.7,,,,,20.000010800000002,0.0
318090,Basin Creek,MT,45.8,-112.52,2188.5,20170504,38.3,70.52,53.06,,,,,17.9921357,0.0
318091,Basin Creek,MT,45.8,-112.52,2188.5,20170505,41.54,71.24,55.58,,,,,15.0000081,0.0
318092,Basin Creek,MT,45.8,-112.52,2188.5,20170506,41.9,65.12,51.44,,,,,12.992133,0.29921276
318093,Basin Creek,MT,45.8,-112.52,2188.5,20170507,31.82,46.94,39.74,,,,,12.992133,0.20078751
318094,Basin Creek,MT,45.8,-112.52,2188.5,20170508,27.86,56.3,40.64,,,,,12.007880499999999,0.09842525
318095,Basin Creek,MT,45.8,-112.52,2188.5,20170509,33.98,60.08,46.22,,,,,9.0157529,0.0
318096,Basin Creek,MT,45.8,-112.52,2188.5,20170510,36.14,66.92,51.08,,,,,5.0000027000000005,0.0
318097,Basin Creek,MT,45.8,-112.52,2188.5,20170511,41.54,68.18,51.44,,,,,2.9921276000000003,0.09842525
318098,Basin Creek,MT,45.8,-112.52,2188.5,20170512,31.82,67.46,48.38,,,,,0.9842525,0.09842525
318099,Basin Creek,MT,45.8,-112.52,2188.5,20170513,24.08,39.2,32.0,,,,,9.0157529,0.59842552
318100,Basin Creek,MT,45.8,-112.52,2188.5,20170514,21.2,47.3,33.8,,,,,4.0157502,0.20078751
318101,Basin Creek,MT,45.8,-112.52,2188.5,20170515,30.2,47.48,36.32,,,,,4.0157502,0.0
318102,Basin Creek,MT,45.8,-112.52,2188.5,20170516,29.48,47.48,37.58,,,,,4.0157502,0.50000027
318103,Basin Creek,MT,45.8,-112.52,2188.5,20170517,28.94,35.24,32.18,,,,,17.9921357,1.2992133
318104,Basin Creek,MT,45.8,-112.52,2188.5,20170518,31.28,44.06,35.96,,,,,15.0000081,0.20078751
318105,Basin Creek,MT,45.8,-112.52,2188.5,20170519,29.66,57.56,40.46,,,,,12.007880499999999,0.0
318106,Basin Creek,MT,45.8,-112.52,2188.5,20170520,34.52,56.3,42.62,,,,,9.0157529,0.09842525
318107,Basin Creek,MT,45.8,-112.52,2188.5,20170521,33.26,59.36,44.96,,,,,7.007877799999999,0.0
318108,Basin Creek,MT,45.8,-112.52,2188.5,20170522,37.76,62.96,49.46,,,,,2.9921276000000003,0.0
318109,Basin Creek,MT,45.8,-112.52,2188.5,20170523,38.84,72.68,54.5,,,,,0.9842525,0.0
318110,Basin Creek,MT,45.8,-112.52,2188.5,20170524,31.28,56.84,48.2,,,,,0.0,0.0
318111,Basin Creek,MT,45.8,-112.52,2188.5,20170525,33.26,48.92,39.56,,,,,0.0,0.0
318112,Basin Creek,MT,45.8,-112.52,2188.5,20170526,32.9,56.12,43.16,,,,,0.0,0.0
318113,Basin Creek,MT,45.8,-112.52,2188.5,20170527,36.5,60.98,47.84,,,,,0.0,0.0
318114,Basin Creek,MT,45.8,-112.52,2188.5,20170528,39.38,65.12,50.72,,,,,0.0,0.0
318115,Basin Creek,MT,45.8,-112.52,2188.5,20170529,40.28,64.4,51.62,,,,,0.0,0.0
318116,Basin Creek,MT,45.8,-112.52,2188.5,20170530,42.26,70.52,54.32,,,,,0.0,0.0
318117,Basin Creek,MT,45.8,-112.52,2188.5,20170531,41.72,73.94,56.3,,,,,0.0,0.0
318118,Basin Creek,MT,45.8,-112.52,2188.5,20170601,42.98,65.48,51.98,,,,,0.0,0.09842525
318119,Basin Creek,MT,45.8,-112.52,2188.5,20170602,39.2,65.12,51.44,,,,,0.0,0.0
318120,Basin Creek,MT,45.8,-112.52,2188.5,20170603,42.08,73.22,56.66,,,,,0.0,0.40157502
318121,Basin Creek,MT,45.8,-112.52,2188.5,20170604,42.62,75.38,56.66,,,,,0.0,0.09842525
318122,Basin Creek,MT,45.8,-112.52,2188.5,20170605,38.12,61.88,49.46,,,,,0.0,0.09842525
318123,Basin Creek,MT,45.8,-112.52,2188.5,20170606,43.34,68.9,55.22,,,,,0.0,0.0
318124,Basin Creek,MT,45.8,-112.52,2188.5,20170607,46.04,77.72,61.34,,,,,0.0,0.0
318125,Basin Creek,MT,45.8,-112.52,2188.5,20170608,48.02,75.56,61.16,,,,,0.0,0.20078751
318126,Basin Creek,MT,45.8,-112.52,2188.5,20170609,36.68,58.82,47.84,,,,,0.0,0.0
318127,Basin Creek,MT,45.8,-112.52,2188.5,20170610,30.56,52.34,40.28,,,,,0.0,0.0
318128,Basin Creek,MT,45.8,-112.52,2188.5,20170611,29.48,61.7,45.86,,,,,0.0,0.20078751
318129,Basin Creek,MT,45.8,-112.52,2188.5,20170612,36.14,58.64,46.58,,,,,0.0,1.00000054
318130,Basin Creek,MT,45.8,-112.52,2188.5,20170613,35.06,43.16,38.3,,,,,0.0,0.90157529
318131,Basin Creek,MT,45.8,-112.52,2188.5,20170614,33.8,60.08,46.94,,,,,0.0,0.29921276
318132,Basin Creek,MT,45.8,-112.52,2188.5,20170615,38.12,57.56,49.64,,,,,0.0,0.0
318133,Basin Creek,MT,45.8,-112.52,2188.5,20170616,42.44,56.48,48.92,,,,,0.0,0.0
318134,Basin Creek,MT,45.8,-112.52,2188.5,20170617,38.84,61.16,48.56,,,,,0.0,0.09842525
318135,Basin Creek,MT,45.8,-112.52,2188.5,20170618,43.7,62.42,51.08,,,,,0.0,0.0
318136,Basin Creek,MT,45.8,-112.52,2188.5,20170619,42.08,75.56,59.0,,,,,0.0,0.09842525
318137,Basin Creek,MT,45.8,-112.52,2188.5,20170620,53.24,79.88,65.3,,,,,0.0,0.09842525
318138,Basin Creek,MT,45.8,-112.52,2188.5,20170621,44.24,70.34,58.64,,,,,0.0,0.0
318139,Basin Creek,MT,45.8,-112.52,2188.5,20170622,37.94,61.52,48.74,,,,,0.0,0.0
318140,Basin Creek,MT,45.8,-112.52,2188.5,20170623,35.78,65.3,51.62,,,,,0.0,0.0
318141,Basin Creek,MT,45.8,-112.52,2188.5,20170624,42.62,69.08,55.94,,,,,0.0,0.0
318142,Basin Creek,MT,45.8,-112.52,2188.5,20170625,44.6,75.92,60.44,,,,,0.0,0.0
318143,Basin Creek,MT,45.8,-112.52,2188.5,20170626,50.18,82.22,64.58,,,,,0.0,0.20078751
318144,Basin Creek,MT,45.8,-112.52,2188.5,20170627,44.06,65.12,51.26,,,,,0.0,0.09842525
318145,Basin Creek,MT,45.8,-112.52,2188.5,20170628,42.44,62.6,51.08,,,,,0.0,0.0
318146,Basin Creek,MT,45.8,-112.52,2188.5,20170629,40.28,61.34,50.0,,,,,0.0,0.0
318147,Basin Creek,MT,45.8,-112.52,2188.5,20170630,40.46,71.6,55.94,,,,,0.0,0.0
318148,Basin Creek,MT,45.8,-112.52,2188.5,20170701,48.2,76.64,61.88,,,,,0.0,0.0
318149,Basin Creek,MT,45.8,-112.52,2188.5,20170702,48.74,76.28,60.62,,,,,0.0,0.0
318150,Basin Creek,MT,45.8,-112.52,2188.5,20170703,50.9,78.8,64.4,,,,,0.0,0.0
318151,Basin Creek,MT,45.8,-112.52,2188.5,20170704,49.1,78.8,63.68,,,,,0.0,0.0
318152,Basin Creek,MT,45.8,-112.52,2188.5,20170705,53.6,84.02,65.84,,,,,0.0,0.0
318153,Basin Creek,MT,45.8,-112.52,2188.5,20170706,51.26,84.2,67.64,,,,,0.0,0.0
318154,Basin Creek,MT,45.8,-112.52,2188.5,20170707,54.68,81.32,68.0,,,,,0.0,0.0
318155,Basin Creek,MT,45.8,-112.52,2188.5,20170708,58.28,85.64,69.08,,,,,0.0,0.09842525
318156,Basin Creek,MT,45.8,-112.52,2188.5,20170709,53.06,78.62,64.58,,,,,0.0,0.0
318157,Basin Creek,MT,45.8,-112.52,2188.5,20170710,50.18,73.76,59.36,,,,,0.0,0.0
318158,Basin Creek,MT,45.8,-112.52,2188.5,20170711,49.28,71.06,59.9,,,,,0.0,0.0
318159,Basin Creek,MT,45.8,-112.52,2188.5,20170712,50.18,76.82,62.78,,,,,0.0,0.0
318160,Basin Creek,MT,45.8,-112.52,2188.5,20170713,52.16,82.58,66.92,,,,,0.0,0.20078751
318161,Basin Creek,MT,45.8,-112.52,2188.5,20170714,52.52,84.02,63.32,,,,,0.0,0.0
318162,Basin Creek,MT,45.8,-112.52,2188.5,20170715,52.7,82.04,63.14,,,,,0.0,0.0
318163,Basin Creek,MT,45.8,-112.52,2188.5,20170716,49.1,79.7,63.32,,,,,0.0,0.0
318164,Basin Creek,MT,45.8,-112.52,2188.5,20170717,46.04,75.02,58.82,,,,,0.0,0.0
318165,Basin Creek,MT,45.8,-112.52,2188.5,20170718,47.48,78.8,62.42,,,,,0.0,0.0
318166,Basin Creek,MT,45.8,-112.52,2188.5,20170719,49.1,81.14,64.4,,,,,0.0,0.0
318167,Basin Creek,MT,45.8,-112.52,2188.5,20170720,51.8,81.68,65.48,,,,,0.0,0.0
318168,Basin Creek,MT,45.8,-112.52,2188.5,20170721,46.58,75.56,60.62,,,,,0.0,0.0
318169,Basin Creek,MT,45.8,-112.52,2188.5,20170722,47.12,77.54,61.88,,,,,0.0,0.0
318170,Basin Creek,MT,45.8,-112.52,2188.5,20170723,51.62,85.1,66.92,,,,,0.0,0.0
318171,Basin Creek,MT,45.8,-112.52,2188.5,20170724,55.04,78.8,66.02,,,,,0.0,0.0
318172,Basin Creek,MT,45.8,-112.52,2188.5,20170725,52.16,73.04,61.88,,,,,0.0,0.0
318173,Basin Creek,MT,45.8,-112.52,2188.5,20170726,50.9,77.54,62.42,,,,,0.0,0.0
318174,Basin Creek,MT,45.8,-112.52,2188.5,20170727,50.0,73.76,60.08,,,,,0.0,0.0
318175,Basin Creek,MT,45.8,-112.52,2188.5,20170728,49.64,78.62,61.16,,,,,0.0,0.0
318176,Basin Creek,MT,45.8,-112.52,2188.5,20170729,50.0,78.98,63.86,,,,,0.0,0.0
318177,Basin Creek,MT,45.8,-112.52,2188.5,20170730,54.68,82.4,66.2,,,,,0.0,0.0
318178,Basin Creek,MT,45.8,-112.52,2188.5,20170731,53.06,82.4,66.02,,,,,0.0,0.0
318179,Basin Creek,MT,45.8,-112.52,2188.5,20170801,52.16,80.78,64.76,,,,,0.0,0.0
318180,Basin Creek,MT,45.8,-112.52,2188.5,20170802,49.28,69.8,58.64,,,,,0.0,0.09842525
318181,Basin Creek,MT,45.8,-112.52,2188.5,20170803,46.58,76.1,61.16,,,,,0.0,0.09842525
318182,Basin Creek,MT,45.8,-112.52,2188.5,20170804,51.26,79.7,64.22,,,,,0.0,0.0
318183,Basin Creek,MT,45.8,-112.52,2188.5,20170805,45.86,68.72,56.12,,,,,0.0,0.09842525
318184,Basin Creek,MT,45.8,-112.52,2188.5,20170806,42.44,69.08,55.76,,,,,0.0,0.0
318185,Basin Creek,MT,45.8,-112.52,2188.5,20170807,46.22,72.68,60.26,,,,,0.0,0.09842525
318186,Basin Creek,MT,45.8,-112.52,2188.5,20170808,50.36,73.58,61.34,,,,,0.0,0.0
318187,Basin Creek,MT,45.8,-112.52,2188.5,20170809,46.76,70.52,55.22,,,,,0.0,0.0
318188,Basin Creek,MT,45.8,-112.52,2188.5,20170810,45.86,71.24,58.28,,,,,0.0,0.0
318189,Basin Creek,MT,45.8,-112.52,2188.5,20170811,48.56,73.58,59.72,,,,,0.0,0.09842525
318190,Basin Creek,MT,45.8,-112.52,2188.5,20170812,48.02,73.94,60.62,,,,,0.0,0.0
318191,Basin Creek,MT,45.8,-112.52,2188.5,20170813,45.32,69.44,55.04,,,,,0.0,0.0
318192,Basin Creek,MT,45.8,-112.52,2188.5,20170814,45.68,66.56,52.7,,,,,0.0,0.0
318193,Basin Creek,MT,45.8,-112.52,2188.5,20170815,41.36,71.96,55.22,,,,,0.0,0.0
318194,Basin Creek,MT,45.8,-112.52,2188.5,20170816,45.86,73.76,57.74,,,,,0.0,0.0
318195,Basin Creek,MT,45.8,-112.52,2188.5,20170817,47.12,72.14,57.92,,,,,0.0,0.0
318196,Basin Creek,MT,45.8,-112.52,2188.5,20170818,46.76,77.0,60.8,,,,,0.0,0.0
318197,Basin Creek,MT,45.8,-112.52,2188.5,20170819,46.58,74.66,59.54,,,,,0.0,0.0
318198,Basin Creek,MT,45.8,-112.52,2188.5,20170820,41.9,68.72,55.04,,,,,0.0,0.0
318199,Basin Creek,MT,45.8,-112.52,2188.5,20170821,44.24,70.7,55.94,,,,,0.0,0.0
318200,Basin Creek,MT,45.8,-112.52,2188.5,20170822,48.74,78.8,62.06,,,,,0.0,0.0
318201,Basin Creek,MT,45.8,-112.52,2188.5,20170823,52.7,78.44,63.86,,,,,0.0,0.0
318202,Basin Creek,MT,45.8,-112.52,2188.5,20170824,45.86,71.6,58.46,,,,,0.0,0.0
318203,Basin Creek,MT,45.8,-112.52,2188.5,20170825,44.78,73.22,57.38,,,,,0.0,0.0
318204,Basin Creek,MT,45.8,-112.52,2188.5,20170826,47.84,75.02,59.9,,,,,0.0,0.0
318205,Basin Creek,MT,45.8,-112.52,2188.5,20170827,50.18,80.24,63.68,,,,,0.0,0.0
318206,Basin Creek,MT,45.8,-112.52,2188.5,20170828,51.44,79.7,65.12,,,,,0.0,0.0
318207,Basin Creek,MT,45.8,-112.52,2188.5,20170829,56.3,78.62,67.1,,,,,0.0,0.0
318208,Basin Creek,MT,45.8,-112.52,2188.5,20170830,54.86,78.98,64.4,,,,,0.0,0.0
318209,Basin Creek,MT,45.8,-112.52,2188.5,20170831,48.56,74.84,61.16,,,,,0.0,0.0
318210,Basin Creek,MT,45.8,-112.52,2188.5,20170901,45.32,73.76,58.46,,,,,0.0,0.0
318211,Basin Creek,MT,45.8,-112.52,2188.5,20170902,52.34,79.16,64.04,,,,,0.0,0.0
318212,Basin Creek,MT,45.8,-112.52,2188.5,20170903,55.76,82.22,67.64,,,,,0.0,0.0
318213,Basin Creek,MT,45.8,-112.52,2188.5,20170904,48.74,62.96,55.22,,,,,0.0,0.0
318214,Basin Creek,MT,45.8,-112.52,2188.5,20170905,42.98,72.32,56.84,,,,,0.0,0.0
318215,Basin Creek,MT,45.8,-112.52,2188.5,20170906,50.18,75.02,61.52,,,,,0.0,0.0
318216,Basin Creek,MT,45.8,-112.52,2188.5,20170907,52.34,76.1,63.14,,,,,0.0,0.0
318217,Basin Creek,MT,45.8,-112.52,2188.5,20170908,53.06,76.1,63.14,,,,,0.0,0.0
318218,Basin Creek,MT,45.8,-112.52,2188.5,20170909,51.62,74.84,61.7,,,,,0.0,0.0
318219,Basin Creek,MT,45.8,-112.52,2188.5,20170910,49.28,71.78,59.54,,,,,0.0,0.0
318220,Basin Creek,MT,45.8,-112.52,2188.5,20170911,46.76,74.66,59.54,,,,,0.0,0.0
318221,Basin Creek,MT,45.8,-112.52,2188.5,20170912,51.26,75.92,62.6,,,,,0.0,0.0
318222,Basin Creek,MT,45.8,-112.52,2188.5,20170913,48.56,65.48,56.84,,,,,0.0,0.0
318223,Basin Creek,MT,45.8,-112.52,2188.5,20170914,32.72,49.82,41.36,,,,,0.9842525,0.09842525
318224,Basin Creek,MT,45.8,-112.52,2188.5,20170915,30.2,34.7,31.82,,,,,12.992133,0.90157529
318225,Basin Creek,MT,45.8,-112.52,2188.5,20170916,30.02,45.5,34.52,,,,,10.000005400000001,0.79921303
318226,Basin Creek,MT,45.8,-112.52,2188.5,20170917,31.64,48.92,38.48,,,,,7.9921303,0.0
318227,Basin Creek,MT,45.8,-112.52,2188.5,20170918,34.52,48.2,38.84,,,,,5.984255200000001,0.09842525
318228,Basin Creek,MT,45.8,-112.52,2188.5,20170919,29.84,43.16,34.7,,,,,5.0000027000000005,0.20078751
318229,Basin Creek,MT,45.8,-112.52,2188.5,20170920,28.4,43.7,34.34,,,,,4.0157502,0.0
318230,Basin Creek,MT,45.8,-112.52,2188.5,20170921,29.66,40.28,33.98,,,,,5.0000027000000005,0.20078751
318231,Mule Creek,MT,45.41,-112.96,2529.8,20170101,-4.36,22.1,10.4,,,,,27.9921411,0.0
318232,Mule Creek,MT,45.41,-112.96,2529.8,20170102,-14.26,0.14,-5.62,,,,,27.9921411,0.09842525
318233,Mule Creek,MT,45.41,-112.96,2529.8,20170103,-11.56,12.74,1.76,,,,,27.0078886,0.0
318234,Mule Creek,MT,45.41,-112.96,2529.8,20170104,-4.36,3.2,-1.12,,,,,27.0078886,0.0
318235,Mule Creek,MT,45.41,-112.96,2529.8,20170105,-13.9,11.48,0.14,,,,,27.0078886,0.0
318236,Mule Creek,MT,45.41,-112.96,2529.8,20170106,6.62,18.86,12.56,,,,,25.984266,0.09842525
318237,Mule Creek,MT,45.41,-112.96,2529.8,20170107,3.56,23.36,12.92,,,,,25.984266,0.20078751
318238,Mule Creek,MT,45.41,-112.96,2529.8,20170108,23.0,32.9,26.78,,,,,29.015763699999997,0.29921276
318239,Mule Creek,MT,45.41,-112.96,2529.8,20170109,15.44,31.82,24.8,,,,,32.0078913,0.29921276
318240,Mule Creek,MT,45.41,-112.96,2529.8,20170110,14.9,20.3,18.14,,,,,34.0157664,0.20078751
318241,Mule Creek,MT,45.41,-112.96,2529.8,20170111,16.34,25.7,21.02,,,,,37.992146500000004,0.29921276
318242,Mule Creek,MT,45.41,-112.96,2529.8,20170112,2.66,17.42,10.94,,,,,35.9842714,0.0
318243,Mule Creek,MT,45.41,-112.96,2529.8,20170113,3.56,24.8,12.02,,,,,34.0157664,0.0
318244,Mule Creek,MT,45.41,-112.96,2529.8,20170114,8.42,27.68,15.8,,,,,32.9921438,0.09842525
318245,Mule Creek,MT,45.41,-112.96,2529.8,20170115,12.74,31.28,19.76,,,,,32.0078913,0.0
318246,Mule Creek,MT,45.41,-112.96,2529.8,20170116,12.74,34.7,24.26,,,,,32.0078913,0.0
318247,Mule Creek,MT,45.41,-112.96,2529.8,20170117,23.36,41.72,32.54,,,,,30.984268699999998,0.0
318248,Mule Creek,MT,45.41,-112.96,2529.8,20170118,24.8,38.48,33.26,,,,,30.984268699999998,0.0
318249,Mule Creek,MT,45.41,-112.96,2529.8,20170119,21.2,30.2,26.96,,,,,30.984268699999998,0.09842525
318250,Mule Creek,MT,45.41,-112.96,2529.8,20170120,10.94,22.82,18.68,,,,,30.984268699999998,0.0
318251,Mule Creek,MT,45.41,-112.96,2529.8,20170121,15.62,27.14,19.76,,,,,30.984268699999998,0.0
318252,Mule Creek,MT,45.41,-112.96,2529.8,20170122,10.58,22.64,18.14,,,,,32.0078913,0.09842525
318253,Mule Creek,MT,45.41,-112.96,2529.8,20170123,5.18,23.0,14.9,,,,,32.0078913,0.0
318254,Mule Creek,MT,45.41,-112.96,2529.8,20170124,6.44,18.14,12.2,,,,,30.984268699999998,0.0
318255,Mule Creek,MT,45.41,-112.96,2529.8,20170125,8.24,16.7,11.84,,,,,32.0078913,0.09842525
318256,Mule Creek,MT,45.41,-112.96,2529.8,20170126,3.38,15.8,10.4,,,,,32.0078913,0.0
318257,Mule Creek,MT,45.41,-112.96,2529.8,20170127,4.1,32.9,24.44,,,,,30.984268699999998,0.0
318258,Mule Creek,MT,45.41,-112.96,2529.8,20170128,26.42,36.32,31.46,,,,,30.984268699999998,0.0
318259,Mule Creek,MT,45.41,-112.96,2529.8,20170129,28.76,40.64,33.44,,,,,30.984268699999998,0.0
318260,Mule Creek,MT,45.41,-112.96,2529.8,20170130,25.16,34.7,29.48,,,,,30.984268699999998,0.0
318261,Mule Creek,MT,45.41,-112.96,2529.8,20170131,10.4,28.4,23.72,,,,,37.992146500000004,0.40157502
318262,Mule Creek,MT,45.41,-112.96,2529.8,20170201,-0.4,10.22,4.64,,,,,35.9842714,0.0
318263,Mule Creek,MT,45.41,-112.96,2529.8,20170202,-2.38,10.76,1.58,,,,,37.007894,0.09842525
318264,Mule Creek,MT,45.41,-112.96,2529.8,20170203,7.34,30.38,23.54,,,,,35.0000189,0.20078751
318265,Mule Creek,MT,45.41,-112.96,2529.8,20170204,26.24,30.56,27.86,,,,,40.000021600000004,0.50000027
318266,Mule Creek,MT,45.41,-112.96,2529.8,20170205,26.96,32.9,28.94,,,,,39.0157691,0.09842525
318267,Mule Creek,MT,45.41,-112.96,2529.8,20170206,17.6,30.56,26.24,,,,,40.9842741,0.29921276
318268,Mule Creek,MT,45.41,-112.96,2529.8,20170207,12.56,23.9,18.86,,,,,44.015771799999996,0.40157502
318269,Mule Creek,MT,45.41,-112.96,2529.8,20170208,19.04,32.9,25.7,,,,,49.0157745,0.59842552
318270,Mule Creek,MT,45.41,-112.96,2529.8,20170209,32.54,36.68,35.06,,,,,47.0078994,0.29921276
318271,Mule Creek,MT,45.41,-112.96,2529.8,20170210,22.82,33.98,28.58,,,,,47.992151899999996,0.20078751
318272,Mule Creek,MT,45.41,-112.96,2529.8,20170211,9.14,22.82,16.88,,,,,47.0078994,0.0
318273,Mule Creek,MT,45.41,-112.96,2529.8,20170212,12.02,34.34,23.54,,,,,45.984276799999996,0.09842525
318274,Mule Creek,MT,45.41,-112.96,2529.8,20170213,18.14,40.46,26.96,,,,,45.00002429999999,0.0
318275,Mule Creek,MT,45.41,-112.96,2529.8,20170214,20.12,45.68,31.28,,,,,44.015771799999996,0.0
318276,Mule Creek,MT,45.41,-112.96,2529.8,20170215,32.9,47.12,39.02,,,,,42.9921492,0.0
318277,Mule Creek,MT,45.41,-112.96,2529.8,20170216,26.78,39.74,34.34,,,,,42.9921492,0.09842525
318278,Mule Creek,MT,45.41,-112.96,2529.8,20170217,24.62,34.88,28.58,,,,,42.9921492,0.09842525
318279,Mule Creek,MT,45.41,-112.96,2529.8,20170218,27.5,35.78,30.38,,,,,42.9921492,0.09842525
318280,Mule Creek,MT,45.41,-112.96,2529.8,20170219,22.82,33.62,27.86,,,,,45.984276799999996,0.29921276
318281,Mule Creek,MT,45.41,-112.96,2529.8,20170220,23.18,32.36,28.04,,,,,47.992151899999996,0.40157502
318282,Mule Creek,MT,45.41,-112.96,2529.8,20170221,21.92,31.28,27.68,,,,,47.0078994,0.20078751
318283,Mule Creek,MT,45.41,-112.96,2529.8,20170222,17.6,32.54,21.92,,,,,52.0079021,0.20078751
318284,Mule Creek,MT,45.41,-112.96,2529.8,20170223,6.98,19.58,16.16,,,,,52.9921546,0.20078751
318285,Mule Creek,MT,45.41,-112.96,2529.8,20170224,2.3,19.4,10.4,,,,,55.9842822,0.29921276
318286,Mule Creek,MT,45.41,-112.96,2529.8,20170225,5.36,13.46,9.68,,,,,52.9921546,0.09842525
318287,Mule Creek,MT,45.41,-112.96,2529.8,20170226,9.32,16.34,12.2,,,,,52.9921546,0.20078751
318288,Mule Creek,MT,45.41,-112.96,2529.8,20170227,5.0,24.62,12.74,,,,,52.0079021,0.09842525
318289,Mule Creek,MT,45.41,-112.96,2529.8,20170228,7.88,19.4,12.02,,,,,52.0079021,0.0
318290,Mule Creek,MT,45.41,-112.96,2529.8,20170301,12.02,25.7,19.22,,,,,50.9842795,0.09842525
318291,Mule Creek,MT,45.41,-112.96,2529.8,20170302,17.78,31.46,24.44,,,,,50.000027,0.0
318292,Mule Creek,MT,45.41,-112.96,2529.8,20170303,22.46,39.92,28.94,,,,,49.0157745,0.09842525
318293,Mule Creek,MT,45.41,-112.96,2529.8,20170304,25.16,35.24,29.48,,,,,47.992151899999996,0.0
318294,Mule Creek,MT,45.41,-112.96,2529.8,20170305,13.82,27.68,23.36,,,,,50.9842795,0.09842525
318295,Mule Creek,MT,45.41,-112.96,2529.8,20170306,10.76,21.2,14.0,,,,,50.9842795,0.09842525
318296,Mule Creek,MT,45.41,-112.96,2529.8,20170307,9.14,24.44,17.6,,,,,50.9842795,0.20078751
318297,Mule Creek,MT,45.41,-112.96,2529.8,20170308,24.44,32.36,28.94,,,,,50.9842795,0.20078751
318298,Mule Creek,MT,45.41,-112.96,2529.8,20170309,29.84,36.5,32.9,,,,,55.0000297,0.59842552
318299,Mule Creek,MT,45.41,-112.96,2529.8,20170310,28.04,40.1,33.98,,,,,54.0157772,0.20078751
318300,Mule Creek,MT,45.41,-112.96,2529.8,20170311,21.74,40.1,32.0,,,,,54.0157772,0.09842525
318301,Mule Creek,MT,45.41,-112.96,2529.8,20170312,24.98,37.04,29.84,,,,,52.9921546,0.0
318302,Mule Creek,MT,45.41,-112.96,2529.8,20170313,30.74,46.04,37.04,,,,,52.9921546,0.09842525
318303,Mule Creek,MT,45.41,-112.96,2529.8,20170314,34.34,49.28,40.28,,,,,50.9842795,0.0
318304,Mule Creek,MT,45.41,-112.96,2529.8,20170315,38.66,51.08,42.8,,,,,50.000027,0.0
318305,Mule Creek,MT,45.41,-112.96,2529.8,20170316,24.62,39.2,31.64,,,,,52.9921546,0.40157502
318306,Mule Creek,MT,45.41,-112.96,2529.8,20170317,19.4,45.68,34.34,,,,,50.9842795,0.0
318307,Mule Creek,MT,45.41,-112.96,2529.8,20170318,37.76,53.42,42.8,,,,,50.000027,0.0
318308,Mule Creek,MT,45.41,-112.96,2529.8,20170319,31.28,40.82,35.96,,,,,50.000027,0.29921276
318309,Mule Creek,MT,45.41,-112.96,2529.8,20170320,31.28,40.1,34.34,,,,,50.000027,0.20078751
318310,Mule Creek,MT,45.41,-112.96,2529.8,20170321,29.84,48.2,38.12,,,,,50.000027,0.20078751
318311,Mule Creek,MT,45.41,-112.96,2529.8,20170322,28.58,42.44,34.16,,,,,50.000027,0.0
318312,Mule Creek,MT,45.41,-112.96,2529.8,20170323,23.72,42.44,31.28,,,,,50.000027,0.0
318313,Mule Creek,MT,45.41,-112.96,2529.8,20170324,22.82,45.14,33.26,,,,,52.0079021,0.20078751
318314,Mule Creek,MT,45.41,-112.96,2529.8,20170325,24.8,41.0,30.74,,,,,50.9842795,0.0
318315,Mule Creek,MT,45.41,-112.96,2529.8,20170326,19.76,40.28,29.3,,,,,52.0079021,0.20078751
318316,Mule Creek,MT,45.41,-112.96,2529.8,20170327,21.56,41.36,30.38,,,,,50.9842795,0.0
318317,Mule Creek,MT,45.41,-112.96,2529.8,20170328,17.78,42.44,28.94,,,,,50.9842795,0.0
318318,Mule Creek,MT,45.41,-112.96,2529.8,20170329,25.34,41.54,33.44,,,,,54.0157772,0.40157502
318319,Mule Creek,MT,45.41,-112.96,2529.8,20170330,28.4,37.58,32.72,,,,,54.0157772,0.09842525
318320,Mule Creek,MT,45.41,-112.96,2529.8,20170331,22.82,38.12,30.92,,,,,54.0157772,0.0
318321,Mule Creek,MT,45.41,-112.96,2529.8,20170401,21.02,49.28,34.7,,,,,52.9921546,0.09842525
318322,Mule Creek,MT,45.41,-112.96,2529.8,20170402,19.04,41.0,29.66,,,,,52.9921546,0.0
318323,Mule Creek,MT,45.41,-112.96,2529.8,20170403,9.68,31.64,19.22,,,,,52.0079021,0.0
318324,Mule Creek,MT,45.41,-112.96,2529.8,20170404,5.9,39.02,23.72,,,,,52.0079021,0.0
318325,Mule Creek,MT,45.41,-112.96,2529.8,20170405,26.24,42.98,33.44,,,,,50.9842795,0.09842525
318326,Mule Creek,MT,45.41,-112.96,2529.8,20170406,29.12,50.0,39.02,,,,,50.9842795,0.0
318327,Mule Creek,MT,45.41,-112.96,2529.8,20170407,27.32,40.46,34.16,,,,,52.9921546,0.40157502
318328,Mule Creek,MT,45.41,-112.96,2529.8,20170408,21.2,38.3,28.94,,,,,55.9842822,0.40157502
318329,Mule Creek,MT,45.41,-112.96,2529.8,20170409,14.36,33.62,22.28,,,,,55.9842822,0.0
318330,Mule Creek,MT,45.41,-112.96,2529.8,20170410,14.0,35.06,23.72,,,,,55.9842822,0.20078751
318331,Mule Creek,MT,45.41,-112.96,2529.8,20170411,12.56,39.38,27.86,,,,,57.992157299999995,0.20078751
318332,Mule Creek,MT,45.41,-112.96,2529.8,20170412,28.4,49.46,36.68,,,,,55.0000297,0.0
318333,Mule Creek,MT,45.41,-112.96,2529.8,20170413,28.58,51.08,36.32,,,,,55.9842822,0.20078751
318334,Mule Creek,MT,45.41,-112.96,2529.8,20170414,18.14,34.16,26.42,,,,,59.0157799,0.20078751
318335,Mule Creek,MT,45.41,-112.96,2529.8,20170415,16.52,33.98,23.72,,,,,57.992157299999995,0.09842525
318336,Mule Creek,MT,45.41,-112.96,2529.8,20170416,17.6,46.76,32.18,,,,,55.0000297,0.0
318337,Mule Creek,MT,45.41,-112.96,2529.8,20170417,29.66,43.52,34.88,,,,,55.0000297,0.20078751
318338,Mule Creek,MT,45.41,-112.96,2529.8,20170418,28.76,45.86,35.96,,,,,55.0000297,0.0
318339,Mule Creek,MT,45.41,-112.96,2529.8,20170419,22.46,46.94,32.72,,,,,54.0157772,0.0
318340,Mule Creek,MT,45.41,-112.96,2529.8,20170420,25.16,38.84,30.56,,,,,59.0157799,0.40157502
318341,Mule Creek,MT,45.41,-112.96,2529.8,20170421,20.48,39.92,29.3,,,,,55.9842822,0.0
318342,Mule Creek,MT,45.41,-112.96,2529.8,20170422,18.86,49.82,34.34,,,,,55.0000297,0.09842525
318343,Mule Creek,MT,45.41,-112.96,2529.8,20170423,30.2,44.78,34.7,,,,,55.0000297,0.09842525
318344,Mule Creek,MT,45.41,-112.96,2529.8,20170424,26.24,39.74,32.18,,,,,59.0157799,0.40157502
318345,Mule Creek,MT,45.41,-112.96,2529.8,20170425,26.78,43.16,31.64,,,,,59.0157799,0.20078751
318346,Mule Creek,MT,45.41,-112.96,2529.8,20170426,26.6,38.12,31.28,,,,,62.007907499999995,0.29921276
318347,Mule Creek,MT,45.41,-112.96,2529.8,20170427,18.32,36.86,26.6,,,,,60.0000324,0.09842525
318348,Mule Creek,MT,45.41,-112.96,2529.8,20170428,14.9,42.44,26.96,,,,,59.0157799,0.0
318349,Mule Creek,MT,45.41,-112.96,2529.8,20170429,16.7,46.22,32.0,,,,,57.992157299999995,0.0
318350,Mule Creek,MT,45.41,-112.96,2529.8,20170430,29.66,46.04,35.06,,,,,57.992157299999995,0.09842525
318351,Mule Creek,MT,45.41,-112.96,2529.8,20170501,27.5,46.58,34.7,,,,,57.0079048,0.0
318352,Mule Creek,MT,45.41,-112.96,2529.8,20170502,26.42,46.94,34.52,,,,,55.9842822,0.09842525
318353,Mule Creek,MT,45.41,-112.96,2529.8,20170503,23.18,58.28,41.36,,,,,54.0157772,0.0
318354,Mule Creek,MT,45.41,-112.96,2529.8,20170504,33.98,68.0,48.2,,,,,52.0079021,0.0
318355,Mule Creek,MT,45.41,-112.96,2529.8,20170505,37.94,66.38,50.18,,,,,50.000027,0.0
318356,Mule Creek,MT,45.41,-112.96,2529.8,20170506,36.86,60.26,46.04,,,,,47.992151899999996,0.20078751
318357,Mule Creek,MT,45.41,-112.96,2529.8,20170507,31.28,51.44,40.1,,,,,47.0078994,0.0
318358,Mule Creek,MT,45.41,-112.96,2529.8,20170508,27.86,53.24,37.58,,,,,45.984276799999996,0.0
318359,Mule Creek,MT,45.41,-112.96,2529.8,20170509,30.2,60.08,40.64,,,,,45.984276799999996,0.0
318360,Mule Creek,MT,45.41,-112.96,2529.8,20170510,30.92,63.68,44.96,,,,,44.015771799999996,0.09842525
318361,Mule Creek,MT,45.41,-112.96,2529.8,20170511,34.88,65.12,47.84,,,,,42.0078967,0.0
318362,Mule Creek,MT,45.41,-112.96,2529.8,20170512,29.48,59.54,43.52,,,,,40.9842741,0.09842525
318363,Mule Creek,MT,45.41,-112.96,2529.8,20170513,22.64,35.24,29.12,,,,,45.984276799999996,0.40157502
318364,Mule Creek,MT,45.41,-112.96,2529.8,20170514,19.94,42.44,31.28,,,,,42.0078967,0.09842525
318365,Mule Creek,MT,45.41,-112.96,2529.8,20170515,27.14,44.06,34.34,,,,,42.0078967,0.0
318366,Mule Creek,MT,45.41,-112.96,2529.8,20170516,26.78,41.54,34.16,,,,,45.984276799999996,0.59842552
318367,Mule Creek,MT,45.41,-112.96,2529.8,20170517,24.8,35.24,30.2,,,,,52.0079021,0.70078778
318368,Mule Creek,MT,45.41,-112.96,2529.8,20170518,30.02,42.98,33.8,,,,,50.000027,0.0
318369,Mule Creek,MT,45.41,-112.96,2529.8,20170519,30.92,45.86,36.32,,,,,47.992151899999996,0.0
318370,Mule Creek,MT,45.41,-112.96,2529.8,20170520,30.02,53.6,39.02,,,,,45.984276799999996,0.0
318371,Mule Creek,MT,45.41,-112.96,2529.8,20170521,29.84,54.5,40.82,,,,,44.015771799999996,0.0
318372,Mule Creek,MT,45.41,-112.96,2529.8,20170522,33.08,62.06,44.6,,,,,42.9921492,0.0
318373,Mule Creek,MT,45.41,-112.96,2529.8,20170523,34.52,67.1,49.1,,,,,40.000021600000004,0.0
318374,Mule Creek,MT,45.41,-112.96,2529.8,20170524,30.02,54.86,44.24,,,,,37.992146500000004,0.0
318375,Mule Creek,MT,45.41,-112.96,2529.8,20170525,29.3,43.7,35.6,,,,,37.992146500000004,0.0
318376,Mule Creek,MT,45.41,-112.96,2529.8,20170526,29.66,51.08,38.84,,,,,37.007894,0.0
318377,Mule Creek,MT,45.41,-112.96,2529.8,20170527,35.06,58.28,43.52,,,,,35.0000189,0.0
318378,Mule Creek,MT,45.41,-112.96,2529.8,20170528,33.8,61.16,44.42,,,,,34.0157664,0.0
318379,Mule Creek,MT,45.41,-112.96,2529.8,20170529,34.34,62.24,44.42,,,,,32.0078913,0.09842525
318380,Mule Creek,MT,45.41,-112.96,2529.8,20170530,37.22,66.02,49.28,,,,,30.0000162,0.0
318381,Mule Creek,MT,45.41,-112.96,2529.8,20170531,37.76,70.52,50.54,,,,,27.9921411,0.0
318382,Mule Creek,MT,45.41,-112.96,2529.8,20170601,38.66,61.52,47.48,,,,,27.0078886,0.0
318383,Mule Creek,MT,45.41,-112.96,2529.8,20170602,37.22,60.8,46.04,,,,,27.9921411,0.0
318384,Mule Creek,MT,45.41,-112.96,2529.8,20170603,35.78,67.1,49.82,,,,,22.007885899999998,0.0
318385,Mule Creek,MT,45.41,-112.96,2529.8,20170604,37.58,70.7,51.98,,,,,20.000010800000002,0.40157502
318386,Mule Creek,MT,45.41,-112.96,2529.8,20170605,36.14,59.54,45.32,,,,,17.0078832,0.0
318387,Mule Creek,MT,45.41,-112.96,2529.8,20170606,35.06,63.86,48.92,,,,,15.9842606,0.0
318388,Mule Creek,MT,45.41,-112.96,2529.8,20170607,40.82,70.88,51.98,,,,,12.992133,0.09842525
318389,Mule Creek,MT,45.41,-112.96,2529.8,20170608,41.72,70.7,54.5,,,,,9.0157529,0.0
318390,Mule Creek,MT,45.41,-112.96,2529.8,20170609,36.32,54.14,45.32,,,,,7.9921303,0.0
318391,Mule Creek,MT,45.41,-112.96,2529.8,20170610,29.3,44.96,35.6,,,,,7.9921303,0.20078751
318392,Mule Creek,MT,45.41,-112.96,2529.8,20170611,25.52,55.4,41.54,,,,,5.0000027000000005,0.0
318393,Mule Creek,MT,45.41,-112.96,2529.8,20170612,33.98,53.24,42.26,,,,,2.9921276000000003,0.50000027
318394,Mule Creek,MT,45.41,-112.96,2529.8,20170613,32.72,38.12,35.42,,,,,5.0000027000000005,0.29921276
318395,Mule Creek,MT,45.41,-112.96,2529.8,20170614,32.72,53.06,42.08,,,,,2.0078751,0.09842525
318396,Mule Creek,MT,45.41,-112.96,2529.8,20170615,36.14,51.44,44.78,,,,,0.0,0.0
318397,Mule Creek,MT,45.41,-112.96,2529.8,20170616,37.76,51.08,42.98,,,,,0.0,0.29921276
318398,Mule Creek,MT,45.41,-112.96,2529.8,20170617,35.06,54.86,43.16,,,,,0.0,0.0
318399,Mule Creek,MT,45.41,-112.96,2529.8,20170618,41.9,52.34,45.5,,,,,0.0,0.0
318400,Mule Creek,MT,45.41,-112.96,2529.8,20170619,38.66,69.8,54.5,,,,,0.0,0.0
318401,Mule Creek,MT,45.41,-112.96,2529.8,20170620,49.46,74.3,61.7,,,,,0.0,0.0
318402,Mule Creek,MT,45.41,-112.96,2529.8,20170621,43.88,66.38,55.4,,,,,0.0,0.0
318403,Mule Creek,MT,45.41,-112.96,2529.8,20170622,33.8,57.2,45.32,,,,,0.0,0.0
318404,Mule Creek,MT,45.41,-112.96,2529.8,20170623,31.1,62.06,45.68,,,,,0.0,0.0
318405,Mule Creek,MT,45.41,-112.96,2529.8,20170624,34.88,62.6,48.74,,,,,0.0,0.0
318406,Mule Creek,MT,45.41,-112.96,2529.8,20170625,38.48,69.98,53.96,,,,,0.0,0.0
318407,Mule Creek,MT,45.41,-112.96,2529.8,20170626,46.4,75.92,59.54,,,,,0.0,0.09842525
318408,Mule Creek,MT,45.41,-112.96,2529.8,20170627,42.62,61.34,47.66,,,,,0.0,0.59842552
318409,Mule Creek,MT,45.41,-112.96,2529.8,20170628,38.3,57.2,46.22,,,,,0.0,0.0
318410,Mule Creek,MT,45.41,-112.96,2529.8,20170629,36.68,55.04,44.24,,,,,0.0,0.0
318411,Mule Creek,MT,45.41,-112.96,2529.8,20170630,35.96,67.82,50.9,,,,,0.0,0.0
318412,Mule Creek,MT,45.41,-112.96,2529.8,20170701,42.98,71.96,56.84,,,,,0.0,0.0
318413,Mule Creek,MT,45.41,-112.96,2529.8,20170702,46.4,71.96,56.66,,,,,0.0,0.0
318414,Mule Creek,MT,45.41,-112.96,2529.8,20170703,46.76,72.14,60.08,,,,,0.0,0.0
318415,Mule Creek,MT,45.41,-112.96,2529.8,20170704,46.04,71.78,59.18,,,,,0.0,0.0
318416,Mule Creek,MT,45.41,-112.96,2529.8,20170705,49.82,80.42,62.24,,,,,0.0,0.0
318417,Mule Creek,MT,45.41,-112.96,2529.8,20170706,48.38,78.8,62.96,,,,,0.0,0.0
318418,Mule Creek,MT,45.41,-112.96,2529.8,20170707,49.82,78.62,62.6,,,,,0.0,0.0
318419,Mule Creek,MT,45.41,-112.96,2529.8,20170708,51.98,80.78,64.58,,,,,0.0,0.0
318420,Mule Creek,MT,45.41,-112.96,2529.8,20170709,48.02,75.38,58.64,,,,,0.0,0.09842525
318421,Mule Creek,MT,45.41,-112.96,2529.8,20170710,45.86,70.7,57.56,,,,,0.0,0.0
318422,Mule Creek,MT,45.41,-112.96,2529.8,20170711,45.14,68.36,55.76,,,,,0.0,0.0
318423,Mule Creek,MT,45.41,-112.96,2529.8,20170712,42.44,72.5,56.84,,,,,0.0,0.0
318424,Mule Creek,MT,45.41,-112.96,2529.8,20170713,46.4,79.16,62.42,,,,,0.0,0.0
318425,Mule Creek,MT,45.41,-112.96,2529.8,20170714,49.64,77.9,62.6,,,,,0.0,0.0
318426,Mule Creek,MT,45.41,-112.96,2529.8,20170715,49.46,78.8,59.54,,,,,0.0,0.20078751
318427,Mule Creek,MT,45.41,-112.96,2529.8,20170716,48.02,73.76,59.0,,,,,0.0,0.0
318428,Mule Creek,MT,45.41,-112.96,2529.8,20170717,45.32,70.7,56.84,,,,,0.0,0.0
318429,Mule Creek,MT,45.41,-112.96,2529.8,20170718,42.8,73.76,57.74,,,,,0.0,0.0
318430,Mule Creek,MT,45.41,-112.96,2529.8,20170719,44.24,76.28,59.36,,,,,0.0,0.0
318431,Mule Creek,MT,45.41,-112.96,2529.8,20170720,50.0,75.56,62.42,,,,,0.0,0.0
318432,Mule Creek,MT,45.41,-112.96,2529.8,20170721,46.94,69.98,58.28,,,,,0.0,0.0
318433,Mule Creek,MT,45.41,-112.96,2529.8,20170722,43.7,74.3,57.56,,,,,0.0,0.0
318434,Mule Creek,MT,45.41,-112.96,2529.8,20170723,46.4,77.72,61.7,,,,,0.0,0.0
318435,Mule Creek,MT,45.41,-112.96,2529.8,20170724,48.2,74.3,60.44,,,,,0.0,0.09842525
318436,Mule Creek,MT,45.41,-112.96,2529.8,20170725,46.58,67.28,54.32,,,,,0.0,0.0
318437,Mule Creek,MT,45.41,-112.96,2529.8,20170726,44.06,70.16,55.04,,,,,0.0,0.0
318438,Mule Creek,MT,45.41,-112.96,2529.8,20170727,44.6,66.2,54.14,,,,,0.0,0.0
318439,Mule Creek,MT,45.41,-112.96,2529.8,20170728,46.04,71.6,57.38,,,,,0.0,0.0
318440,Mule Creek,MT,45.41,-112.96,2529.8,20170729,45.86,74.3,58.1,,,,,0.0,0.0
318441,Mule Creek,MT,45.41,-112.96,2529.8,20170730,48.56,77.18,61.34,,,,,0.0,0.0
318442,Mule Creek,MT,45.41,-112.96,2529.8,20170731,49.82,77.72,61.88,,,,,0.0,0.0
318443,Mule Creek,MT,45.41,-112.96,2529.8,20170801,48.02,75.56,60.8,,,,,0.0,0.0
318444,Mule Creek,MT,45.41,-112.96,2529.8,20170802,43.7,70.16,55.76,,,,,0.0,0.0
318445,Mule Creek,MT,45.41,-112.96,2529.8,20170803,42.26,73.04,56.12,,,,,0.0,0.0
318446,Mule Creek,MT,45.41,-112.96,2529.8,20170804,50.0,75.38,61.7,,,,,0.0,0.0
318447,Mule Creek,MT,45.41,-112.96,2529.8,20170805,42.44,66.2,53.6,,,,,0.0,0.0
318448,Mule Creek,MT,45.41,-112.96,2529.8,20170806,39.2,64.04,49.46,,,,,0.0,0.0
318449,Mule Creek,MT,45.41,-112.96,2529.8,20170807,39.2,66.74,52.88,,,,,0.0,0.0
318450,Mule Creek,MT,45.41,-112.96,2529.8,20170808,42.62,67.28,53.06,,,,,0.0,0.09842525
318451,Mule Creek,MT,45.41,-112.96,2529.8,20170809,39.92,65.3,49.46,,,,,0.0,0.09842525
318452,Mule Creek,MT,45.41,-112.96,2529.8,20170810,40.46,65.84,52.88,,,,,0.0,0.0
318453,Mule Creek,MT,45.41,-112.96,2529.8,20170811,43.88,71.42,55.22,,,,,0.0,0.0
318454,Mule Creek,MT,45.41,-112.96,2529.8,20170812,44.24,69.62,55.4,,,,,0.0,0.0
318455,Mule Creek,MT,45.41,-112.96,2529.8,20170813,46.04,63.68,51.26,,,,,0.0,0.09842525
318456,Mule Creek,MT,45.41,-112.96,2529.8,20170814,43.88,61.7,50.0,,,,,0.0,0.0
318457,Mule Creek,MT,45.41,-112.96,2529.8,20170815,37.94,66.2,50.9,,,,,0.0,0.0
318458,Mule Creek,MT,45.41,-112.96,2529.8,20170816,40.82,68.72,53.96,,,,,0.0,0.0
318459,Mule Creek,MT,45.41,-112.96,2529.8,20170817,44.96,67.82,55.58,,,,,0.0,0.0
318460,Mule Creek,MT,45.41,-112.96,2529.8,20170818,44.78,73.04,57.56,,,,,0.0,0.0
318461,Mule Creek,MT,45.41,-112.96,2529.8,20170819,44.96,68.72,56.84,,,,,0.0,0.0
318462,Mule Creek,MT,45.41,-112.96,2529.8,20170820,38.12,67.64,52.7,,,,,0.0,0.0
318463,Mule Creek,MT,45.41,-112.96,2529.8,20170821,39.74,68.0,51.62,,,,,0.0,0.0
318464,Mule Creek,MT,45.41,-112.96,2529.8,20170822,44.42,75.02,58.64,,,,,0.0,0.0
318465,Mule Creek,MT,45.41,-112.96,2529.8,20170823,48.2,73.04,58.46,,,,,0.0,0.0
318466,Mule Creek,MT,45.41,-112.96,2529.8,20170824,44.96,69.44,55.22,,,,,0.0,0.0
318467,Mule Creek,MT,45.41,-112.96,2529.8,20170825,41.72,70.16,56.12,,,,,0.0,0.09842525
318468,Mule Creek,MT,45.41,-112.96,2529.8,20170826,46.4,71.42,56.84,,,,,0.0,0.0
318469,Mule Creek,MT,45.41,-112.96,2529.8,20170827,46.04,77.18,59.72,,,,,0.0,0.0
318470,Mule Creek,MT,45.41,-112.96,2529.8,20170828,47.84,78.26,61.88,,,,,0.0,0.0
318471,Mule Creek,MT,45.41,-112.96,2529.8,20170829,50.9,76.1,61.88,,,,,0.0,0.0
318472,Mule Creek,MT,45.41,-112.96,2529.8,20170830,48.74,72.68,59.54,,,,,0.0,0.0
318473,Mule Creek,MT,45.41,-112.96,2529.8,20170831,50.0,71.6,59.54,,,,,0.0,0.0
318474,Mule Creek,MT,45.41,-112.96,2529.8,20170901,41.54,73.22,56.84,,,,,0.0,0.0
318475,Mule Creek,MT,45.41,-112.96,2529.8,20170902,45.86,76.82,60.98,,,,,0.0,0.0
318476,Mule Creek,MT,45.41,-112.96,2529.8,20170903,53.78,81.32,65.12,,,,,0.0,0.0
318477,Mule Creek,MT,45.41,-112.96,2529.8,20170904,41.0,65.3,54.32,,,,,0.0,0.0
318478,Mule Creek,MT,45.41,-112.96,2529.8,20170905,38.3,68.9,52.34,,,,,0.0,0.0
318479,Mule Creek,MT,45.41,-112.96,2529.8,20170906,48.2,73.4,58.28,,,,,0.0,0.0
318480,Mule Creek,MT,45.41,-112.96,2529.8,20170907,47.12,72.14,57.2,,,,,0.0,0.0
318481,Mule Creek,MT,45.41,-112.96,2529.8,20170908,47.84,73.58,58.1,,,,,0.0,0.0
318482,Mule Creek,MT,45.41,-112.96,2529.8,20170909,47.12,69.08,56.84,,,,,0.0,0.0
318483,Mule Creek,MT,45.41,-112.96,2529.8,20170910,47.84,67.82,56.3,,,,,0.0,0.0
318484,Mule Creek,MT,45.41,-112.96,2529.8,20170911,41.54,74.12,56.48,,,,,0.0,0.0
318485,Mule Creek,MT,45.41,-112.96,2529.8,20170912,46.58,72.14,58.64,,,,,0.0,0.0
318486,Mule Creek,MT,45.41,-112.96,2529.8,20170913,43.16,60.44,53.06,,,,,0.0,0.09842525
318487,Mule Creek,MT,45.41,-112.96,2529.8,20170914,34.16,49.28,42.08,,,,,0.0,0.50000027
318488,Mule Creek,MT,45.41,-112.96,2529.8,20170915,27.68,34.16,30.74,,,,,9.0157529,1.00000054
318489,Mule Creek,MT,45.41,-112.96,2529.8,20170916,26.24,37.22,30.38,,,,,7.007877799999999,0.09842525
318490,Mule Creek,MT,45.41,-112.96,2529.8,20170917,29.48,44.24,35.42,,,,,5.984255200000001,0.0
318491,Mule Creek,MT,45.41,-112.96,2529.8,20170918,31.28,41.18,36.32,,,,,4.0157502,0.59842552
318492,Mule Creek,MT,45.41,-112.96,2529.8,20170919,28.58,37.94,30.92,,,,,5.984255200000001,0.29921276
318493,Mule Creek,MT,45.41,-112.96,2529.8,20170920,26.96,35.06,30.92,,,,,7.9921303,0.29921276
318494,Mule Creek,MT,45.41,-112.96,2529.8,20170921,25.7,34.7,29.66,,,,,,0.09842525
318495,Divide,MT,44.79,-112.06,2377.4,20170101,-6.16,16.34,7.7,,,,,17.9921357,0.0
318496,Divide,MT,44.79,-112.06,2377.4,20170102,-9.94,3.74,-4.72,,,,,17.9921357,0.0
318497,Divide,MT,44.79,-112.06,2377.4,20170103,-5.98,13.64,2.66,,,,,17.9921357,0.09842525
318498,Divide,MT,44.79,-112.06,2377.4,20170104,-6.7,8.24,0.68,,,,,17.9921357,0.0
318499,Divide,MT,44.79,-112.06,2377.4,20170105,-11.2,5.18,-2.92,,,,,17.9921357,0.0
318500,Divide,MT,44.79,-112.06,2377.4,20170106,-7.78,4.64,-1.48,,,,,17.9921357,0.0
318501,Divide,MT,44.79,-112.06,2377.4,20170107,-3.82,18.5,9.86,,,,,17.0078832,0.40157502
318502,Divide,MT,44.79,-112.06,2377.4,20170108,14.36,30.38,22.82,,,,,17.9921357,0.40157502
318503,Divide,MT,44.79,-112.06,2377.4,20170109,15.44,31.64,26.42,,,,,19.0157583,0.09842525
318504,Divide,MT,44.79,-112.06,2377.4,20170110,16.7,28.22,22.28,,,,,19.0157583,0.0
318505,Divide,MT,44.79,-112.06,2377.4,20170111,14.9,26.42,21.92,,,,,22.007885899999998,0.09842525
318506,Divide,MT,44.79,-112.06,2377.4,20170112,4.1,21.56,12.56,,,,,22.007885899999998,0.0
318507,Divide,MT,44.79,-112.06,2377.4,20170113,3.2,26.6,11.48,,,,,,
318508,Divide,MT,44.79,-112.06,2377.4,20170114,7.52,25.7,13.82,,,,,20.000010800000002,0.0
318509,Divide,MT,44.79,-112.06,2377.4,20170115,9.86,31.82,17.96,,,,,19.0157583,0.09842525
318510,Divide,MT,44.79,-112.06,2377.4,20170116,10.94,29.66,18.32,,,,,19.0157583,0.0
318511,Divide,MT,44.79,-112.06,2377.4,20170117,14.0,28.58,18.86,,,,,17.0078832,0.09842525
318512,Divide,MT,44.79,-112.06,2377.4,20170118,15.98,31.28,23.9,,,,,19.0157583,0.20078751
318513,Divide,MT,44.79,-112.06,2377.4,20170119,21.92,27.86,24.62,,,,,19.0157583,0.0
318514,Divide,MT,44.79,-112.06,2377.4,20170120,20.3,26.42,22.46,,,,,19.0157583,0.0
318515,Divide,MT,44.79,-112.06,2377.4,20170121,13.46,30.38,22.28,,,,,20.000010800000002,0.0
318516,Divide,MT,44.79,-112.06,2377.4,20170122,15.8,24.8,21.2,,,,,20.000010800000002,0.0
318517,Divide,MT,44.79,-112.06,2377.4,20170123,15.26,26.42,20.12,,,,,22.007885899999998,0.09842525
318518,Divide,MT,44.79,-112.06,2377.4,20170124,3.92,17.06,13.1,,,,,22.992138399999998,0.09842525
318519,Divide,MT,44.79,-112.06,2377.4,20170125,6.98,22.1,12.56,,,,,22.007885899999998,0.0
318520,Divide,MT,44.79,-112.06,2377.4,20170126,3.02,20.48,10.4,,,,,20.9842633,0.0
318521,Divide,MT,44.79,-112.06,2377.4,20170127,3.02,19.94,7.52,,,,,20.9842633,0.0
318522,Divide,MT,44.79,-112.06,2377.4,20170128,1.58,31.64,15.44,,,,,22.007885899999998,0.09842525
318523,Divide,MT,44.79,-112.06,2377.4,20170129,12.92,35.06,21.38,,,,,22.007885899999998,0.0
318524,Divide,MT,44.79,-112.06,2377.4,20170130,12.2,28.58,18.86,,,,,22.007885899999998,0.09842525
318525,Divide,MT,44.79,-112.06,2377.4,20170131,15.62,31.28,22.1,,,,,20.9842633,0.0
318526,Divide,MT,44.79,-112.06,2377.4,20170201,1.76,15.62,7.7,,,,,22.007885899999998,0.09842525
318527,Divide,MT,44.79,-112.06,2377.4,20170202,-3.1,9.68,2.66,,,,,20.000010800000002,0.0
318528,Divide,MT,44.79,-112.06,2377.4,20170203,9.32,30.56,23.9,,,,,22.992138399999998,0.09842525
318529,Divide,MT,44.79,-112.06,2377.4,20170204,23.54,35.78,28.76,,,,,22.992138399999998,0.09842525
318530,Divide,MT,44.79,-112.06,2377.4,20170205,26.42,31.28,28.58,,,,,22.992138399999998,0.0
318531,Divide,MT,44.79,-112.06,2377.4,20170206,21.92,30.56,28.04,,,,,24.015760999999998,0.09842525
318532,Divide,MT,44.79,-112.06,2377.4,20170207,15.62,28.58,23.54,,,,,25.984266,0.09842525
318533,Divide,MT,44.79,-112.06,2377.4,20170208,22.46,34.88,28.04,,,,,25.984266,0.09842525
318534,Divide,MT,44.79,-112.06,2377.4,20170209,28.58,36.5,34.52,,,,,25.984266,0.0
318535,Divide,MT,44.79,-112.06,2377.4,20170210,20.48,37.94,31.64,,,,,20.9842633,0.0
318536,Divide,MT,44.79,-112.06,2377.4,20170211,8.06,28.04,19.22,,,,,25.0000135,0.0
318537,Divide,MT,44.79,-112.06,2377.4,20170212,7.52,32.72,20.48,,,,,24.015760999999998,0.0
318538,Divide,MT,44.79,-112.06,2377.4,20170213,17.78,37.58,27.68,,,,,24.015760999999998,0.09842525
318539,Divide,MT,44.79,-112.06,2377.4,20170214,21.74,45.5,31.28,,,,,24.015760999999998,0.09842525
318540,Divide,MT,44.79,-112.06,2377.4,20170215,24.26,37.58,30.92,,,,,24.015760999999998,0.0
318541,Divide,MT,44.79,-112.06,2377.4,20170216,25.16,36.32,30.74,,,,,25.0000135,0.09842525
318542,Divide,MT,44.79,-112.06,2377.4,20170217,17.96,33.08,27.32,,,,,24.015760999999998,0.0
318543,Divide,MT,44.79,-112.06,2377.4,20170218,29.66,35.6,32.0,,,,,25.0000135,0.20078751
318544,Divide,MT,44.79,-112.06,2377.4,20170219,18.68,34.34,28.76,,,,,27.9921411,0.29921276
318545,Divide,MT,44.79,-112.06,2377.4,20170220,17.6,32.18,29.12,,,,,29.015763699999997,0.40157502
318546,Divide,MT,44.79,-112.06,2377.4,20170221,18.5,37.76,30.02,,,,,29.015763699999997,0.0
318547,Divide,MT,44.79,-112.06,2377.4,20170222,14.54,33.62,21.02,,,,,29.015763699999997,0.0
318548,Divide,MT,44.79,-112.06,2377.4,20170223,14.18,25.52,19.4,,,,,30.0000162,0.09842525
318549,Divide,MT,44.79,-112.06,2377.4,20170224,5.54,22.28,13.64,,,,,30.0000162,0.0
318550,Divide,MT,44.79,-112.06,2377.4,20170225,0.86,21.38,11.12,,,,,30.0000162,0.0
318551,Divide,MT,44.79,-112.06,2377.4,20170226,2.48,17.78,11.48,,,,,30.984268699999998,0.09842525
318552,Divide,MT,44.79,-112.06,2377.4,20170227,1.04,27.14,11.48,,,,,29.015763699999997,0.20078751
318553,Divide,MT,44.79,-112.06,2377.4,20170228,5.18,23.36,12.74,,,,,30.0000162,0.09842525
318554,Divide,MT,44.79,-112.06,2377.4,20170301,10.94,24.8,16.52,,,,,30.984268699999998,0.09842525
318555,Divide,MT,44.79,-112.06,2377.4,20170302,11.48,30.02,21.02,,,,,30.0000162,0.09842525
318556,Divide,MT,44.79,-112.06,2377.4,20170303,16.52,35.78,26.06,,,,,30.0000162,0.09842525
318557,Divide,MT,44.79,-112.06,2377.4,20170304,21.92,34.34,28.94,,,,,30.0000162,0.0
318558,Divide,MT,44.79,-112.06,2377.4,20170305,18.14,34.7,26.96,,,,,30.984268699999998,0.09842525
318559,Divide,MT,44.79,-112.06,2377.4,20170306,12.74,27.5,17.42,,,,,32.0078913,0.09842525
318560,Divide,MT,44.79,-112.06,2377.4,20170307,10.4,27.14,20.12,,,,,32.0078913,0.09842525
318561,Divide,MT,44.79,-112.06,2377.4,20170308,21.92,39.74,30.74,,,,,30.984268699999998,0.0
318562,Divide,MT,44.79,-112.06,2377.4,20170309,27.14,45.86,35.78,,,,,30.0000162,0.0
318563,Divide,MT,44.79,-112.06,2377.4,20170310,29.84,49.46,38.12,,,,,29.015763699999997,0.0
318564,Divide,MT,44.79,-112.06,2377.4,20170311,23.54,42.62,32.9,,,,,29.015763699999997,0.0
318565,Divide,MT,44.79,-112.06,2377.4,20170312,26.06,39.02,31.46,,,,,30.0000162,0.09842525
318566,Divide,MT,44.79,-112.06,2377.4,20170313,28.22,45.14,36.68,,,,,29.015763699999997,0.0
318567,Divide,MT,44.79,-112.06,2377.4,20170314,34.16,51.62,41.0,,,,,29.015763699999997,0.0
318568,Divide,MT,44.79,-112.06,2377.4,20170315,34.16,49.28,41.54,,,,,27.9921411,0.0
318569,Divide,MT,44.79,-112.06,2377.4,20170316,28.4,50.0,37.04,,,,,27.9921411,0.0
318570,Divide,MT,44.79,-112.06,2377.4,20170317,26.42,48.74,38.66,,,,,27.9921411,0.0
318571,Divide,MT,44.79,-112.06,2377.4,20170318,35.42,53.6,43.7,,,,,27.0078886,0.09842525
318572,Divide,MT,44.79,-112.06,2377.4,20170319,32.72,43.34,37.94,,,,,25.984266,0.0
318573,Divide,MT,44.79,-112.06,2377.4,20170320,31.28,46.22,36.5,,,,,25.0000135,0.0
318574,Divide,MT,44.79,-112.06,2377.4,20170321,31.28,53.24,41.36,,,,,24.015760999999998,0.0
318575,Divide,MT,44.79,-112.06,2377.4,20170322,29.66,44.96,36.86,,,,,22.992138399999998,0.0
318576,Divide,MT,44.79,-112.06,2377.4,20170323,26.24,44.42,33.98,,,,,22.992138399999998,0.0
318577,Divide,MT,44.79,-112.06,2377.4,20170324,23.54,41.9,33.62,,,,,20.000010800000002,0.0
318578,Divide,MT,44.79,-112.06,2377.4,20170325,28.04,42.08,34.52,,,,,20.9842633,0.09842525
318579,Divide,MT,44.79,-112.06,2377.4,20170326,23.54,39.74,31.64,,,,,22.992138399999998,0.09842525
318580,Divide,MT,44.79,-112.06,2377.4,20170327,28.4,45.14,34.7,,,,,25.0000135,0.09842525
318581,Divide,MT,44.79,-112.06,2377.4,20170328,23.0,41.18,31.46,,,,,25.0000135,0.0
318582,Divide,MT,44.79,-112.06,2377.4,20170329,24.8,40.1,32.54,,,,,25.984266,0.20078751
318583,Divide,MT,44.79,-112.06,2377.4,20170330,32.36,42.44,36.32,,,,,25.984266,0.40157502
318584,Divide,MT,44.79,-112.06,2377.4,20170331,30.02,41.0,34.88,,,,,25.984266,0.09842525
318585,Divide,MT,44.79,-112.06,2377.4,20170401,24.26,49.1,37.94,,,,,27.0078886,0.09842525
318586,Divide,MT,44.79,-112.06,2377.4,20170402,21.38,46.22,33.8,,,,,25.984266,0.0
318587,Divide,MT,44.79,-112.06,2377.4,20170403,13.1,37.22,23.36,,,,,29.015763699999997,0.09842525
318588,Divide,MT,44.79,-112.06,2377.4,20170404,14.54,38.84,26.78,,,,,27.0078886,0.09842525
318589,Divide,MT,44.79,-112.06,2377.4,20170405,25.34,46.4,34.34,,,,,25.984266,0.09842525
318590,Divide,MT,44.79,-112.06,2377.4,20170406,29.66,50.54,41.36,,,,,25.0000135,0.09842525
318591,Divide,MT,44.79,-112.06,2377.4,20170407,33.26,44.24,38.12,,,,,25.0000135,0.0
318592,Divide,MT,44.79,-112.06,2377.4,20170408,25.52,39.38,32.0,,,,,27.9921411,0.20078751
318593,Divide,MT,44.79,-112.06,2377.4,20170409,15.62,37.94,26.06,,,,,27.9921411,0.0
318594,Divide,MT,44.79,-112.06,2377.4,20170410,15.8,35.24,26.24,,,,,27.0078886,0.20078751
318595,Divide,MT,44.79,-112.06,2377.4,20170411,15.8,44.6,31.64,,,,,29.015763699999997,0.29921276
318596,Divide,MT,44.79,-112.06,2377.4,20170412,29.48,48.92,39.74,,,,,27.0078886,0.09842525
318597,Divide,MT,44.79,-112.06,2377.4,20170413,30.74,53.42,42.8,,,,,27.9921411,0.09842525
318598,Divide,MT,44.79,-112.06,2377.4,20170414,21.02,42.44,30.74,,,,,30.0000162,0.29921276
318599,Divide,MT,44.79,-112.06,2377.4,20170415,15.08,39.56,28.4,,,,,29.015763699999997,0.29921276
318600,Divide,MT,44.79,-112.06,2377.4,20170416,18.5,50.36,35.96,,,,,27.9921411,0.0
318601,Divide,MT,44.79,-112.06,2377.4,20170417,31.46,44.96,37.94,,,,,27.9921411,0.09842525
318602,Divide,MT,44.79,-112.06,2377.4,20170418,31.82,41.54,36.32,,,,,27.9921411,0.0
318603,Divide,MT,44.79,-112.06,2377.4,20170419,28.94,48.56,36.86,,,,,27.9921411,0.0
318604,Divide,MT,44.79,-112.06,2377.4,20170420,28.58,45.14,34.34,,,,,27.0078886,0.0
318605,Divide,MT,44.79,-112.06,2377.4,20170421,24.98,43.16,32.72,,,,,27.9921411,0.0
318606,Divide,MT,44.79,-112.06,2377.4,20170422,21.02,46.4,36.32,,,,,27.0078886,0.20078751
318607,Divide,MT,44.79,-112.06,2377.4,20170423,30.38,42.26,35.6,,,,,27.9921411,0.0
318608,Divide,MT,44.79,-112.06,2377.4,20170424,30.2,40.46,34.52,,,,,32.9921438,0.50000027
318609,Divide,MT,44.79,-112.06,2377.4,20170425,29.48,47.3,35.24,,,,,30.984268699999998,0.20078751
318610,Divide,MT,44.79,-112.06,2377.4,20170426,27.14,45.14,34.34,,,,,30.0000162,0.09842525
318611,Divide,MT,44.79,-112.06,2377.4,20170427,26.24,42.26,30.74,,,,,32.9921438,0.40157502
318612,Divide,MT,44.79,-112.06,2377.4,20170428,23.54,37.58,30.02,,,,,32.9921438,0.09842525
318613,Divide,MT,44.79,-112.06,2377.4,20170429,20.84,48.56,34.7,,,,,32.0078913,0.09842525
318614,Divide,MT,44.79,-112.06,2377.4,20170430,29.48,49.64,38.12,,,,,30.0000162,0.0
318615,Divide,MT,44.79,-112.06,2377.4,20170501,29.48,49.64,38.48,,,,,30.0000162,0.09842525
318616,Divide,MT,44.79,-112.06,2377.4,20170502,30.56,50.54,39.2,,,,,29.015763699999997,0.0
318617,Divide,MT,44.79,-112.06,2377.4,20170503,25.52,58.28,42.62,,,,,27.0078886,0.0
318618,Divide,MT,44.79,-112.06,2377.4,20170504,36.14,65.66,50.36,,,,,27.0078886,0.0
318619,Divide,MT,44.79,-112.06,2377.4,20170505,40.1,66.38,52.88,,,,,22.992138399999998,0.0
318620,Divide,MT,44.79,-112.06,2377.4,20170506,41.54,65.12,50.72,,,,,20.9842633,0.0
318621,Divide,MT,44.79,-112.06,2377.4,20170507,37.04,59.18,43.52,,,,,20.000010800000002,0.0
318622,Divide,MT,44.79,-112.06,2377.4,20170508,33.62,51.26,40.82,,,,,17.9921357,0.0
318623,Divide,MT,44.79,-112.06,2377.4,20170509,35.06,57.2,44.06,,,,,15.9842606,0.0
318624,Divide,MT,44.79,-112.06,2377.4,20170510,33.98,63.32,49.28,,,,,12.992133,0.09842525
318625,Divide,MT,44.79,-112.06,2377.4,20170511,38.84,65.66,52.52,,,,,10.000005400000001,0.0
318626,Divide,MT,44.79,-112.06,2377.4,20170512,32.54,63.5,50.18,,,,,5.0000027000000005,0.0
318627,Divide,MT,44.79,-112.06,2377.4,20170513,25.16,36.14,32.18,,,,,9.0157529,0.29921276
318628,Divide,MT,44.79,-112.06,2377.4,20170514,21.2,47.84,34.52,,,,,7.007877799999999,0.09842525
318629,Divide,MT,44.79,-112.06,2377.4,20170515,31.28,47.84,37.94,,,,,7.007877799999999,0.0
318630,Divide,MT,44.79,-112.06,2377.4,20170516,29.84,49.46,37.76,,,,,4.0157502,0.0
318631,Divide,MT,44.79,-112.06,2377.4,20170517,27.14,34.34,30.38,,,,,9.0157529,0.29921276
318632,Divide,MT,44.79,-112.06,2377.4,20170518,26.78,41.36,33.8,,,,,7.9921303,0.09842525
318633,Divide,MT,44.79,-112.06,2377.4,20170519,25.88,53.42,38.12,,,,,5.0000027000000005,0.20078751
318634,Divide,MT,44.79,-112.06,2377.4,20170520,32.0,54.68,40.1,,,,,2.9921276000000003,0.09842525
318635,Divide,MT,44.79,-112.06,2377.4,20170521,33.62,53.96,43.34,,,,,0.0,0.09842525
318636,Divide,MT,44.79,-112.06,2377.4,20170522,35.6,58.64,46.94,,,,,0.0,0.20078751
318637,Divide,MT,44.79,-112.06,2377.4,20170523,36.5,67.46,52.16,,,,,0.0,0.09842525
318638,Divide,MT,44.79,-112.06,2377.4,20170524,33.26,68.0,50.36,,,,,0.0,0.0
318639,Divide,MT,44.79,-112.06,2377.4,20170525,28.76,46.04,38.3,,,,,0.0,0.40157502
318640,Divide,MT,44.79,-112.06,2377.4,20170526,33.98,48.74,40.1,,,,,0.0,0.0
318641,Divide,MT,44.79,-112.06,2377.4,20170527,32.9,59.18,44.96,,,,,0.0,0.09842525
318642,Divide,MT,44.79,-112.06,2377.4,20170528,35.96,63.5,49.82,,,,,0.0,0.29921276
318643,Divide,MT,44.79,-112.06,2377.4,20170529,37.58,62.96,50.36,,,,,0.0,0.09842525
318644,Divide,MT,44.79,-112.06,2377.4,20170530,41.0,69.26,53.6,,,,,0.0,0.09842525
318645,Divide,MT,44.79,-112.06,2377.4,20170531,41.36,74.12,57.38,,,,,0.0,0.09842525
318646,Divide,MT,44.79,-112.06,2377.4,20170601,43.34,65.12,53.78,,,,,0.0,0.0
318647,Divide,MT,44.79,-112.06,2377.4,20170602,40.1,66.02,52.16,,,,,0.0,0.0
318648,Divide,MT,44.79,-112.06,2377.4,20170603,41.0,69.26,55.94,,,,,0.0,0.0
318649,Divide,MT,44.79,-112.06,2377.4,20170604,45.68,74.84,60.08,,,,,0.0,0.20078751
318650,Divide,MT,44.79,-112.06,2377.4,20170605,39.74,59.9,50.0,,,,,0.0,0.0
318651,Divide,MT,44.79,-112.06,2377.4,20170606,38.48,69.8,54.86,,,,,0.0,0.0
318652,Divide,MT,44.79,-112.06,2377.4,20170607,45.86,76.82,60.62,,,,,0.0,0.0
318653,Divide,MT,44.79,-112.06,2377.4,20170608,47.84,71.6,60.44,,,,,0.0,0.0
318654,Divide,MT,44.79,-112.06,2377.4,20170609,38.48,49.28,43.7,,,,,0.0,0.09842525
318655,Divide,MT,44.79,-112.06,2377.4,20170610,34.16,49.46,42.08,,,,,0.0,0.0
318656,Divide,MT,44.79,-112.06,2377.4,20170611,30.38,55.04,44.6,,,,,0.0,0.09842525
318657,Divide,MT,44.79,-112.06,2377.4,20170612,33.8,62.6,42.62,,,,,2.0078751,1.09842579
318658,Divide,MT,44.79,-112.06,2377.4,20170613,32.36,44.24,37.76,,,,,0.0,0.59842552
318659,Divide,MT,44.79,-112.06,2377.4,20170614,33.8,57.02,45.86,,,,,0.0,0.09842525
318660,Divide,MT,44.79,-112.06,2377.4,20170615,39.2,59.72,50.72,,,,,0.0,0.0
318661,Divide,MT,44.79,-112.06,2377.4,20170616,42.98,59.0,48.92,,,,,0.0,0.20078751
318662,Divide,MT,44.79,-112.06,2377.4,20170617,38.3,58.82,47.48,,,,,0.0,0.0
318663,Divide,MT,44.79,-112.06,2377.4,20170618,39.74,61.7,50.0,,,,,0.0,0.0
318664,Divide,MT,44.79,-112.06,2377.4,20170619,40.82,72.68,56.84,,,,,0.0,0.0
318665,Divide,MT,44.79,-112.06,2377.4,20170620,49.82,77.18,62.06,,,,,0.0,0.09842525
318666,Divide,MT,44.79,-112.06,2377.4,20170621,45.68,75.02,61.52,,,,,0.0,0.0
318667,Divide,MT,44.79,-112.06,2377.4,20170622,41.18,63.14,51.44,,,,,0.0,0.0
318668,Divide,MT,44.79,-112.06,2377.4,20170623,33.08,62.96,48.38,,,,,0.0,0.0
318669,Divide,MT,44.79,-112.06,2377.4,20170624,39.02,67.1,53.06,,,,,0.0,0.0
318670,Divide,MT,44.79,-112.06,2377.4,20170625,41.54,71.24,57.2,,,,,0.0,0.0
318671,Divide,MT,44.79,-112.06,2377.4,20170626,48.02,77.36,61.34,,,,,0.0,0.09842525
318672,Divide,MT,44.79,-112.06,2377.4,20170627,40.64,66.2,51.62,,,,,0.0,0.20078751
318673,Divide,MT,44.79,-112.06,2377.4,20170628,37.58,62.6,49.82,,,,,0.0,0.09842525
318674,Divide,MT,44.79,-112.06,2377.4,20170629,37.22,50.9,43.34,,,,,0.0,0.20078751
318675,Divide,MT,44.79,-112.06,2377.4,20170630,36.5,69.8,52.7,,,,,0.0,0.09842525
318676,Divide,MT,44.79,-112.06,2377.4,20170701,44.24,72.32,58.64,,,,,0.0,0.0
318677,Divide,MT,44.79,-112.06,2377.4,20170702,47.84,74.84,58.46,,,,,0.0,0.09842525
318678,Divide,MT,44.79,-112.06,2377.4,20170703,47.66,77.9,61.88,,,,,0.0,0.0
318679,Divide,MT,44.79,-112.06,2377.4,20170704,49.28,75.2,62.96,,,,,0.0,0.0
318680,Divide,MT,44.79,-112.06,2377.4,20170705,52.52,82.4,62.42,,,,,0.0,0.0
318681,Divide,MT,44.79,-112.06,2377.4,20170706,51.62,80.78,65.84,,,,,0.0,0.0
318682,Divide,MT,44.79,-112.06,2377.4,20170707,51.98,81.32,62.78,,,,,0.0,0.20078751
318683,Divide,MT,44.79,-112.06,2377.4,20170708,50.36,81.5,64.58,,,,,0.0,0.09842525
318684,Divide,MT,44.79,-112.06,2377.4,20170709,51.62,75.56,61.7,,,,,0.0,0.0
318685,Divide,MT,44.79,-112.06,2377.4,20170710,48.2,75.92,61.88,,,,,0.0,0.0
318686,Divide,MT,44.79,-112.06,2377.4,20170711,47.48,74.48,60.98,,,,,0.0,0.0
318687,Divide,MT,44.79,-112.06,2377.4,20170712,47.12,75.38,60.98,,,,,0.0,0.0
318688,Divide,MT,44.79,-112.06,2377.4,20170713,50.0,80.42,65.48,,,,,0.0,0.0
318689,Divide,MT,44.79,-112.06,2377.4,20170714,52.16,79.7,65.84,,,,,0.0,0.0
318690,Divide,MT,44.79,-112.06,2377.4,20170715,53.24,81.68,65.66,,,,,0.0,0.0
318691,Divide,MT,44.79,-112.06,2377.4,20170716,48.74,77.18,59.9,,,,,0.0,0.0
318692,Divide,MT,44.79,-112.06,2377.4,20170717,46.4,75.2,58.1,,,,,0.0,0.0
318693,Divide,MT,44.79,-112.06,2377.4,20170718,46.04,75.38,61.34,,,,,0.0,0.0
318694,Divide,MT,44.79,-112.06,2377.4,20170719,48.56,78.44,63.68,,,,,0.0,0.0
318695,Divide,MT,44.79,-112.06,2377.4,20170720,50.9,77.0,63.5,,,,,0.0,0.0
318696,Divide,MT,44.79,-112.06,2377.4,20170721,47.48,75.2,60.44,,,,,0.0,0.0
318697,Divide,MT,44.79,-112.06,2377.4,20170722,46.94,74.66,60.98,,,,,0.0,0.0
318698,Divide,MT,44.79,-112.06,2377.4,20170723,48.92,78.44,64.4,,,,,0.0,0.0
318699,Divide,MT,44.79,-112.06,2377.4,20170724,51.62,78.08,61.34,,,,,0.0,0.0
318700,Divide,MT,44.79,-112.06,2377.4,20170725,50.9,67.82,57.74,,,,,0.0,0.0
318701,Divide,MT,44.79,-112.06,2377.4,20170726,46.4,70.7,55.58,,,,,0.0,0.0
318702,Divide,MT,44.79,-112.06,2377.4,20170727,44.96,69.26,55.22,,,,,0.0,0.0
318703,Divide,MT,44.79,-112.06,2377.4,20170728,44.42,74.12,55.58,,,,,0.0,0.0
318704,Divide,MT,44.79,-112.06,2377.4,20170729,46.4,76.1,60.26,,,,,0.0,0.0
318705,Divide,MT,44.79,-112.06,2377.4,20170730,49.82,78.98,62.6,,,,,0.0,0.0
318706,Divide,MT,44.79,-112.06,2377.4,20170731,50.54,80.06,63.86,,,,,0.0,0.0
318707,Divide,MT,44.79,-112.06,2377.4,20170801,50.9,79.88,64.58,,,,,0.0,0.0
318708,Divide,MT,44.79,-112.06,2377.4,20170802,47.48,75.38,60.62,,,,,0.0,0.0
318709,Divide,MT,44.79,-112.06,2377.4,20170803,43.88,76.1,59.36,,,,,0.0,0.0
318710,Divide,MT,44.79,-112.06,2377.4,20170804,49.46,77.18,63.86,,,,,0.0,0.0
318711,Divide,MT,44.79,-112.06,2377.4,20170805,44.96,71.78,58.1,,,,,0.0,0.0
318712,Divide,MT,44.79,-112.06,2377.4,20170806,41.18,65.48,53.78,,,,,0.0,0.0
318713,Divide,MT,44.79,-112.06,2377.4,20170807,42.44,72.68,57.74,,,,,0.0,0.20078751
318714,Divide,MT,44.79,-112.06,2377.4,20170808,47.48,67.46,55.58,,,,,0.0,0.0
318715,Divide,MT,44.79,-112.06,2377.4,20170809,43.52,69.44,52.52,,,,,0.0,0.0
318716,Divide,MT,44.79,-112.06,2377.4,20170810,41.54,69.98,55.4,,,,,0.0,0.0
318717,Divide,MT,44.79,-112.06,2377.4,20170811,45.86,73.58,56.48,,,,,0.0,0.29921276
318718,Divide,MT,44.79,-112.06,2377.4,20170812,45.32,73.04,58.1,,,,,0.0,0.0
318719,Divide,MT,44.79,-112.06,2377.4,20170813,48.74,70.34,56.12,,,,,0.0,0.0
318720,Divide,MT,44.79,-112.06,2377.4,20170814,41.72,62.24,51.26,,,,,0.0,0.0
318721,Divide,MT,44.79,-112.06,2377.4,20170815,39.56,68.18,52.16,,,,,0.0,0.0
318722,Divide,MT,44.79,-112.06,2377.4,20170816,42.08,71.42,53.42,,,,,0.0,0.09842525
318723,Divide,MT,44.79,-112.06,2377.4,20170817,44.78,69.8,56.66,,,,,0.0,0.0
318724,Divide,MT,44.79,-112.06,2377.4,20170818,45.14,73.94,58.82,,,,,0.0,0.09842525
318725,Divide,MT,44.79,-112.06,2377.4,20170819,46.94,72.68,58.64,,,,,0.0,0.0
318726,Divide,MT,44.79,-112.06,2377.4,20170820,42.44,71.06,56.66,,,,,0.0,0.0
318727,Divide,MT,44.79,-112.06,2377.4,20170821,43.34,69.62,55.76,,,,,0.0,0.0
318728,Divide,MT,44.79,-112.06,2377.4,20170822,45.14,76.82,60.8,,,,,0.0,0.0
318729,Divide,MT,44.79,-112.06,2377.4,20170823,48.74,73.22,58.82,,,,,0.0,0.0
318730,Divide,MT,44.79,-112.06,2377.4,20170824,46.04,69.62,54.86,,,,,0.0,0.0
318731,Divide,MT,44.79,-112.06,2377.4,20170825,43.16,71.42,54.86,,,,,0.0,0.0
318732,Divide,MT,44.79,-112.06,2377.4,20170826,45.86,73.58,59.36,,,,,0.0,0.0
318733,Divide,MT,44.79,-112.06,2377.4,20170827,47.84,78.44,62.24,,,,,0.0,0.0
318734,Divide,MT,44.79,-112.06,2377.4,20170828,50.72,77.36,62.24,,,,,0.0,0.0
318735,Divide,MT,44.79,-112.06,2377.4,20170829,51.8,78.98,62.42,,,,,0.0,0.0
318736,Divide,MT,44.79,-112.06,2377.4,20170830,53.24,74.12,62.06,,,,,0.0,0.0
318737,Divide,MT,44.79,-112.06,2377.4,20170831,49.46,71.24,59.9,,,,,0.0,0.0
318738,Divide,MT,44.79,-112.06,2377.4,20170901,45.32,72.68,58.64,,,,,0.0,0.0
318739,Divide,MT,44.79,-112.06,2377.4,20170902,48.02,80.24,63.86,,,,,0.0,0.0
318740,Divide,MT,44.79,-112.06,2377.4,20170903,52.16,83.12,66.02,,,,,0.0,0.0
318741,Divide,MT,44.79,-112.06,2377.4,20170904,44.96,74.84,60.08,,,,,0.0,0.0
318742,Divide,MT,44.79,-112.06,2377.4,20170905,39.2,72.5,56.12,,,,,0.0,0.09842525
318743,Divide,MT,44.79,-112.06,2377.4,20170906,46.58,75.38,60.26,,,,,0.0,0.09842525
318744,Divide,MT,44.79,-112.06,2377.4,20170907,49.1,75.02,60.62,,,,,0.0,0.0
318745,Divide,MT,44.79,-112.06,2377.4,20170908,48.74,74.66,60.44,,,,,0.0,0.09842525
318746,Divide,MT,44.79,-112.06,2377.4,20170909,47.66,72.14,58.82,,,,,0.0,0.0
318747,Divide,MT,44.79,-112.06,2377.4,20170910,49.1,73.76,58.28,,,,,0.0,0.0
318748,Divide,MT,44.79,-112.06,2377.4,20170911,46.04,75.56,60.62,,,,,0.0,0.0
318749,Divide,MT,44.79,-112.06,2377.4,20170912,49.1,76.28,61.52,,,,,0.0,0.0
318750,Divide,MT,44.79,-112.06,2377.4,20170913,45.14,70.34,55.04,,,,,0.0,0.0
318751,Divide,MT,44.79,-112.06,2377.4,20170914,35.78,64.4,46.04,,,,,0.0,0.0
318752,Divide,MT,44.79,-112.06,2377.4,20170915,29.3,35.78,32.9,,,,,0.9842525,0.50000027
318753,Divide,MT,44.79,-112.06,2377.4,20170916,27.86,40.82,33.44,,,,,0.9842525,0.09842525
318754,Divide,MT,44.79,-112.06,2377.4,20170917,30.2,49.82,39.74,,,,,0.0,0.0
318755,Divide,MT,44.79,-112.06,2377.4,20170918,34.52,48.02,41.54,,,,,2.9921276000000003,0.50000027
318756,Divide,MT,44.79,-112.06,2377.4,20170919,28.22,45.68,34.34,,,,,2.0078751,0.29921276
318757,Divide,MT,44.79,-112.06,2377.4,20170920,24.62,43.16,34.52,,,,,2.0078751,0.29921276
318758,Divide,MT,44.79,-112.06,2377.4,20170921,31.64,37.04,33.98,,,,,,0.0
324831,Badger Pass,MT,48.13,-113.02,2103.1,20170101,-5.44,15.8,2.3,,,,,52.0079021,0.40157502
324832,Badger Pass,MT,48.13,-113.02,2103.1,20170102,-15.7,-0.22,-6.52,,,,,50.000027,0.0
324833,Badger Pass,MT,48.13,-113.02,2103.1,20170103,-16.42,3.2,-6.52,,,,,47.992151899999996,0.0
324834,Badger Pass,MT,48.13,-113.02,2103.1,20170104,-6.16,8.24,2.48,,,,,45.984276799999996,0.0
324835,Badger Pass,MT,48.13,-113.02,2103.1,20170105,-3.46,12.02,4.1,,,,,45.00002429999999,0.0
324836,Badger Pass,MT,48.13,-113.02,2103.1,20170106,4.46,17.42,8.96,,,,,44.015771799999996,0.0
324837,Badger Pass,MT,48.13,-113.02,2103.1,20170107,7.16,30.74,15.26,,,,,42.9921492,0.20078751
324838,Badger Pass,MT,48.13,-113.02,2103.1,20170108,13.64,29.66,21.56,,,,,44.015771799999996,0.20078751
324839,Badger Pass,MT,48.13,-113.02,2103.1,20170109,18.32,30.92,25.7,,,,,59.0157799,1.00000054
324840,Badger Pass,MT,48.13,-113.02,2103.1,20170110,-12.46,19.22,6.26,,,,,60.98428489999999,0.20078751
324841,Badger Pass,MT,48.13,-113.02,2103.1,20170111,-12.64,15.98,0.68,,,,,57.0079048,0.0
324842,Badger Pass,MT,48.13,-113.02,2103.1,20170112,-2.56,17.24,7.7,,,,,54.0157772,0.29921276
324843,Badger Pass,MT,48.13,-113.02,2103.1,20170113,9.32,23.72,14.36,,,,,52.9921546,0.20078751
324844,Badger Pass,MT,48.13,-113.02,2103.1,20170114,11.66,24.98,16.52,,,,,50.9842795,0.0
324845,Badger Pass,MT,48.13,-113.02,2103.1,20170115,15.08,26.6,19.4,,,,,50.000027,0.0
324846,Badger Pass,MT,48.13,-113.02,2103.1,20170116,14.72,29.12,21.74,,,,,49.0157745,0.09842525
324847,Badger Pass,MT,48.13,-113.02,2103.1,20170117,25.7,37.58,32.9,,,,,47.992151899999996,0.20078751
324848,Badger Pass,MT,48.13,-113.02,2103.1,20170118,33.44,38.12,35.96,,,,,47.0078994,0.0
324849,Badger Pass,MT,48.13,-113.02,2103.1,20170119,25.88,34.16,30.38,,,,,47.0078994,0.0
324850,Badger Pass,MT,48.13,-113.02,2103.1,20170120,18.32,34.34,24.26,,,,,47.0078994,0.0
324851,Badger Pass,MT,48.13,-113.02,2103.1,20170121,15.98,32.9,23.18,,,,,45.984276799999996,0.0
324852,Badger Pass,MT,48.13,-113.02,2103.1,20170122,15.98,35.06,23.18,,,,,45.984276799999996,0.0
324853,Badger Pass,MT,48.13,-113.02,2103.1,20170123,6.08,20.84,14.0,,,,,45.984276799999996,0.0
324854,Badger Pass,MT,48.13,-113.02,2103.1,20170124,6.62,22.46,14.54,,,,,45.984276799999996,0.0
324855,Badger Pass,MT,48.13,-113.02,2103.1,20170125,11.66,22.1,16.7,,,,,47.0078994,0.0
324856,Badger Pass,MT,48.13,-113.02,2103.1,20170126,12.56,20.3,17.06,,,,,47.0078994,0.0
324857,Badger Pass,MT,48.13,-113.02,2103.1,20170127,16.88,23.9,19.22,,,,,45.984276799999996,0.0
324858,Badger Pass,MT,48.13,-113.02,2103.1,20170128,19.4,31.28,25.16,,,,,45.984276799999996,0.09842525
324859,Badger Pass,MT,48.13,-113.02,2103.1,20170129,26.96,40.28,32.36,,,,,45.00002429999999,0.0
324860,Badger Pass,MT,48.13,-113.02,2103.1,20170130,17.78,29.3,25.88,,,,,45.984276799999996,0.09842525
324861,Badger Pass,MT,48.13,-113.02,2103.1,20170131,2.12,17.78,9.14,,,,,47.0078994,0.09842525
324862,Badger Pass,MT,48.13,-113.02,2103.1,20170201,-2.74,10.94,3.02,,,,,47.0078994,0.0
324863,Badger Pass,MT,48.13,-113.02,2103.1,20170202,-3.46,14.9,2.48,,,,,47.0078994,0.0
324864,Badger Pass,MT,48.13,-113.02,2103.1,20170203,-0.76,31.46,14.36,,,,,52.9921546,0.79921303
324865,Badger Pass,MT,48.13,-113.02,2103.1,20170204,0.68,28.58,18.14,,,,,62.007907499999995,1.20078805
324866,Badger Pass,MT,48.13,-113.02,2103.1,20170205,-4.18,31.1,19.04,,,,,74.015788,1.20078805
324867,Badger Pass,MT,48.13,-113.02,2103.1,20170206,-8.68,23.54,8.78,,,,,82.0079183,1.00000054
324868,Badger Pass,MT,48.13,-113.02,2103.1,20170207,8.42,24.26,14.9,,,,,80.00004320000001,0.0
324869,Badger Pass,MT,48.13,-113.02,2103.1,20170208,11.66,28.58,19.04,,,,,77.00791559999999,0.29921276
324870,Badger Pass,MT,48.13,-113.02,2103.1,20170209,28.58,36.14,33.62,,,,,82.9921708,1.79921357
324871,Badger Pass,MT,48.13,-113.02,2103.1,20170210,22.46,33.26,27.86,,,,,77.9921681,0.0
324872,Badger Pass,MT,48.13,-113.02,2103.1,20170211,18.14,24.44,20.48,,,,,77.9921681,0.20078751
324873,Badger Pass,MT,48.13,-113.02,2103.1,20170212,17.42,34.16,22.82,,,,,75.0000405,0.09842525
324874,Badger Pass,MT,48.13,-113.02,2103.1,20170213,21.02,42.08,28.76,,,,,72.9921654,0.0
324875,Badger Pass,MT,48.13,-113.02,2103.1,20170214,24.08,48.74,34.16,,,,,72.00791290000001,0.09842525
324876,Badger Pass,MT,48.13,-113.02,2103.1,20170215,33.26,47.48,38.84,,,,,70.0000378,0.0
324877,Badger Pass,MT,48.13,-113.02,2103.1,20170216,30.74,41.36,36.86,,,,,70.0000378,0.09842525
324878,Badger Pass,MT,48.13,-113.02,2103.1,20170217,22.46,33.26,28.22,,,,,70.0000378,0.09842525
324879,Badger Pass,MT,48.13,-113.02,2103.1,20170218,24.44,42.08,33.26,,,,,69.0157853,0.0
324880,Badger Pass,MT,48.13,-113.02,2103.1,20170219,23.0,38.66,30.02,,,,,70.0000378,0.0
324881,Badger Pass,MT,48.13,-113.02,2103.1,20170220,20.66,34.7,28.22,,,,,72.00791290000001,0.29921276
324882,Badger Pass,MT,48.13,-113.02,2103.1,20170221,25.34,35.06,29.48,,,,,75.0000405,0.40157502
324883,Badger Pass,MT,48.13,-113.02,2103.1,20170222,13.64,32.9,23.36,,,,,75.0000405,0.0
324884,Badger Pass,MT,48.13,-113.02,2103.1,20170223,13.1,25.16,17.42,,,,,72.9921654,0.0
324885,Badger Pass,MT,48.13,-113.02,2103.1,20170224,6.98,26.24,13.82,,,,,72.9921654,0.0
324886,Badger Pass,MT,48.13,-113.02,2103.1,20170225,10.04,19.04,13.28,,,,,77.9921681,0.40157502
324887,Badger Pass,MT,48.13,-113.02,2103.1,20170226,1.22,15.26,9.14,,,,,77.00791559999999,0.0
324888,Badger Pass,MT,48.13,-113.02,2103.1,20170227,0.32,21.2,12.02,,,,,77.9921681,0.20078751
324889,Badger Pass,MT,48.13,-113.02,2103.1,20170228,10.4,24.62,15.08,,,,,82.0079183,0.29921276
324890,Badger Pass,MT,48.13,-113.02,2103.1,20170301,10.76,25.88,20.3,,,,,87.007921,0.59842552
324891,Badger Pass,MT,48.13,-113.02,2103.1,20170302,22.82,30.56,25.52,,,,,87.007921,0.50000027
324892,Badger Pass,MT,48.13,-113.02,2103.1,20170303,25.52,38.84,29.3,,,,,82.9921708,0.0
324893,Badger Pass,MT,48.13,-113.02,2103.1,20170304,24.62,38.66,30.38,,,,,85.9842984,0.50000027
324894,Badger Pass,MT,48.13,-113.02,2103.1,20170305,13.64,33.62,23.54,,,,,87.007921,0.20078751
324895,Badger Pass,MT,48.13,-113.02,2103.1,20170306,10.58,24.44,16.34,,,,,92.9921762,0.50000027
324896,Badger Pass,MT,48.13,-113.02,2103.1,20170307,13.64,27.86,17.6,,,,,92.9921762,0.59842552
324897,Badger Pass,MT,48.13,-113.02,2103.1,20170308,18.68,28.4,22.64,,,,,102.9921816,1.00000054
324898,Badger Pass,MT,48.13,-113.02,2103.1,20170309,9.5,28.22,18.32,,,,,102.9921816,0.29921276
324899,Badger Pass,MT,48.13,-113.02,2103.1,20170310,15.8,34.34,30.92,,,,,102.9921816,1.20078805
324900,Badger Pass,MT,48.13,-113.02,2103.1,20170311,28.94,46.94,33.98,,,,,102.0079291,0.59842552
324901,Badger Pass,MT,48.13,-113.02,2103.1,20170312,28.04,35.96,30.38,,,,,100.98430649999999,0.50000027
324902,Badger Pass,MT,48.13,-113.02,2103.1,20170313,28.58,41.54,32.9,,,,,97.0079264,0.20078751
324903,Badger Pass,MT,48.13,-113.02,2103.1,20170314,32.72,39.74,36.32,,,,,94.0157988,0.09842525
324904,Badger Pass,MT,48.13,-113.02,2103.1,20170315,34.7,42.98,37.94,,,,,90.00004859999999,0.09842525
324905,Badger Pass,MT,48.13,-113.02,2103.1,20170316,21.38,35.06,29.66,,,,,90.00004859999999,0.40157502
324906,Badger Pass,MT,48.13,-113.02,2103.1,20170317,17.24,47.3,32.36,,,,,87.99217349999999,0.0
324907,Badger Pass,MT,48.13,-113.02,2103.1,20170318,30.38,43.88,37.76,,,,,85.9842984,0.40157502
324908,Badger Pass,MT,48.13,-113.02,2103.1,20170319,23.72,39.2,30.38,,,,,85.0000459,0.29921276
324909,Badger Pass,MT,48.13,-113.02,2103.1,20170320,19.94,35.78,26.42,,,,,84.0157934,0.0
324910,Badger Pass,MT,48.13,-113.02,2103.1,20170321,21.38,54.14,35.24,,,,,82.0079183,0.0
324911,Badger Pass,MT,48.13,-113.02,2103.1,20170322,31.46,43.7,35.06,,,,,82.0079183,0.0
324912,Badger Pass,MT,48.13,-113.02,2103.1,20170323,22.1,38.66,30.2,,,,,82.9921708,0.09842525
324913,Badger Pass,MT,48.13,-113.02,2103.1,20170324,22.1,48.92,33.8,,,,,82.9921708,0.0
324914,Badger Pass,MT,48.13,-113.02,2103.1,20170325,25.88,41.36,30.38,,,,,85.0000459,0.29921276
324915,Badger Pass,MT,48.13,-113.02,2103.1,20170326,23.54,44.24,31.46,,,,,82.0079183,0.20078751
324916,Badger Pass,MT,48.13,-113.02,2103.1,20170327,27.14,45.68,32.36,,,,,82.0079183,0.0
324917,Badger Pass,MT,48.13,-113.02,2103.1,20170328,27.14,35.06,29.48,,,,,82.0079183,0.0
324918,Badger Pass,MT,48.13,-113.02,2103.1,20170329,28.04,39.38,33.8,,,,,82.0079183,0.09842525
324919,Badger Pass,MT,48.13,-113.02,2103.1,20170330,30.74,46.04,35.96,,,,,80.9842957,0.0
324920,Badger Pass,MT,48.13,-113.02,2103.1,20170331,29.12,47.84,35.6,,,,,80.9842957,0.29921276
324921,Badger Pass,MT,48.13,-113.02,2103.1,20170401,30.74,47.84,35.96,,,,,80.00004320000001,0.0
324922,Badger Pass,MT,48.13,-113.02,2103.1,20170402,23.9,41.9,30.74,,,,,80.9842957,0.09842525
324923,Badger Pass,MT,48.13,-113.02,2103.1,20170403,14.54,29.66,23.0,,,,,85.0000459,0.09842525
324924,Badger Pass,MT,48.13,-113.02,2103.1,20170404,15.08,41.36,28.22,,,,,80.9842957,0.09842525
324925,Badger Pass,MT,48.13,-113.02,2103.1,20170405,27.14,46.76,36.32,,,,,80.00004320000001,0.0
324926,Badger Pass,MT,48.13,-113.02,2103.1,20170406,33.98,56.12,41.0,,,,,79.0157907,0.09842525
324927,Badger Pass,MT,48.13,-113.02,2103.1,20170407,29.48,49.28,35.96,,,,,80.00004320000001,0.29921276
324928,Badger Pass,MT,48.13,-113.02,2103.1,20170408,26.78,48.2,34.52,,,,,82.0079183,0.20078751
324929,Badger Pass,MT,48.13,-113.02,2103.1,20170409,17.78,32.54,26.42,,,,,84.0157934,0.20078751
324930,Badger Pass,MT,48.13,-113.02,2103.1,20170410,16.7,43.88,26.96,,,,,84.0157934,0.20078751
324931,Badger Pass,MT,48.13,-113.02,2103.1,20170411,23.18,44.42,32.18,,,,,80.9842957,0.29921276
324932,Badger Pass,MT,48.13,-113.02,2103.1,20170412,29.66,42.08,34.88,,,,,82.0079183,0.09842525
324933,Badger Pass,MT,48.13,-113.02,2103.1,20170413,29.12,43.16,35.24,,,,,82.0079183,0.0
324934,Badger Pass,MT,48.13,-113.02,2103.1,20170414,25.16,39.02,29.66,,,,,80.9842957,0.09842525
324935,Badger Pass,MT,48.13,-113.02,2103.1,20170415,22.82,35.96,26.96,,,,,82.9921708,0.09842525
324936,Badger Pass,MT,48.13,-113.02,2103.1,20170416,20.66,46.22,33.26,,,,,80.9842957,0.29921276
324937,Badger Pass,MT,48.13,-113.02,2103.1,20170417,29.66,39.2,33.98,,,,,82.0079183,0.20078751
324938,Badger Pass,MT,48.13,-113.02,2103.1,20170418,30.56,48.38,36.68,,,,,82.0079183,0.0
324939,Badger Pass,MT,48.13,-113.02,2103.1,20170419,29.3,47.84,36.14,,,,,80.00004320000001,0.09842525
324940,Badger Pass,MT,48.13,-113.02,2103.1,20170420,30.2,53.78,38.3,,,,,80.00004320000001,0.09842525
324941,Badger Pass,MT,48.13,-113.02,2103.1,20170421,24.98,36.86,31.28,,,,,82.9921708,0.20078751
324942,Badger Pass,MT,48.13,-113.02,2103.1,20170422,23.54,53.06,38.66,,,,,80.00004320000001,0.20078751
324943,Badger Pass,MT,48.13,-113.02,2103.1,20170423,31.1,48.56,37.58,,,,,79.0157907,0.09842525
324944,Badger Pass,MT,48.13,-113.02,2103.1,20170424,29.3,46.94,35.06,,,,,79.0157907,0.0
324945,Badger Pass,MT,48.13,-113.02,2103.1,20170425,29.12,47.84,34.16,,,,,80.9842957,0.09842525
324946,Badger Pass,MT,48.13,-113.02,2103.1,20170426,29.84,42.26,33.44,,,,,80.00004320000001,0.0
324947,Badger Pass,MT,48.13,-113.02,2103.1,20170427,27.68,37.4,30.92,,,,,82.0079183,0.29921276
324948,Badger Pass,MT,48.13,-113.02,2103.1,20170428,27.32,43.16,32.18,,,,,82.9921708,0.29921276
324949,Badger Pass,MT,48.13,-113.02,2103.1,20170429,29.3,44.96,35.24,,,,,80.9842957,0.20078751
324950,Badger Pass,MT,48.13,-113.02,2103.1,20170430,30.02,42.8,33.62,,,,,82.9921708,0.09842525
324951,Badger Pass,MT,48.13,-113.02,2103.1,20170501,27.86,46.76,34.7,,,,,82.9921708,0.20078751
324952,Badger Pass,MT,48.13,-113.02,2103.1,20170502,28.4,41.72,32.9,,,,,82.0079183,0.09842525
324953,Badger Pass,MT,48.13,-113.02,2103.1,20170503,27.86,52.7,39.74,,,,,80.00004320000001,0.09842525
324954,Badger Pass,MT,48.13,-113.02,2103.1,20170504,39.56,65.12,51.08,,,,,77.00791559999999,0.09842525
324955,Badger Pass,MT,48.13,-113.02,2103.1,20170505,41.36,69.44,53.24,,,,,74.015788,0.0
324956,Badger Pass,MT,48.13,-113.02,2103.1,20170506,39.92,65.12,48.74,,,,,72.00791290000001,0.0
324957,Badger Pass,MT,48.13,-113.02,2103.1,20170507,30.56,40.1,35.78,,,,,72.00791290000001,0.20078751
324958,Badger Pass,MT,48.13,-113.02,2103.1,20170508,28.94,53.24,39.92,,,,,70.0000378,0.09842525
324959,Badger Pass,MT,48.13,-113.02,2103.1,20170509,33.62,54.68,43.52,,,,,69.0157853,0.0
324960,Badger Pass,MT,48.13,-113.02,2103.1,20170510,36.14,63.5,48.92,,,,,65.9842876,0.09842525
324961,Badger Pass,MT,48.13,-113.02,2103.1,20170511,40.28,68.9,52.52,,,,,64.0157826,0.0
324962,Badger Pass,MT,48.13,-113.02,2103.1,20170512,31.1,62.42,43.16,,,,,62.007907499999995,0.09842525
324963,Badger Pass,MT,48.13,-113.02,2103.1,20170513,27.86,40.1,31.64,,,,,62.007907499999995,0.0
324964,Badger Pass,MT,48.13,-113.02,2103.1,20170514,27.32,43.7,32.9,,,,,62.007907499999995,0.09842525
324965,Badger Pass,MT,48.13,-113.02,2103.1,20170515,26.24,48.02,35.78,,,,,60.98428489999999,0.0
324966,Badger Pass,MT,48.13,-113.02,2103.1,20170516,30.92,46.94,37.4,,,,,60.98428489999999,0.09842525
324967,Badger Pass,MT,48.13,-113.02,2103.1,20170517,31.64,34.52,32.9,,,,,82.0079183,2.79921411
324968,Badger Pass,MT,48.13,-113.02,2103.1,20170518,31.46,55.04,38.84,,,,,75.0000405,0.50000027
324969,Badger Pass,MT,48.13,-113.02,2103.1,20170519,33.26,57.74,42.98,,,,,69.0157853,0.0
324970,Badger Pass,MT,48.13,-113.02,2103.1,20170520,35.6,54.32,43.34,,,,,65.9842876,0.0
324971,Badger Pass,MT,48.13,-113.02,2103.1,20170521,34.7,61.88,47.3,,,,,64.0157826,0.09842525
324972,Badger Pass,MT,48.13,-113.02,2103.1,20170522,38.84,65.3,50.54,,,,,60.98428489999999,0.09842525
324973,Badger Pass,MT,48.13,-113.02,2103.1,20170523,41.54,67.28,54.32,,,,,57.992157299999995,0.0
324974,Badger Pass,MT,48.13,-113.02,2103.1,20170524,31.28,51.98,39.74,,,,,60.0000324,0.20078751
324975,Badger Pass,MT,48.13,-113.02,2103.1,20170525,31.28,45.5,36.86,,,,,60.0000324,0.09842525
324976,Badger Pass,MT,48.13,-113.02,2103.1,20170526,30.38,57.92,43.16,,,,,57.0079048,0.09842525
324977,Badger Pass,MT,48.13,-113.02,2103.1,20170527,36.5,62.78,49.46,,,,,54.0157772,0.20078751
324978,Badger Pass,MT,48.13,-113.02,2103.1,20170528,41.36,62.42,49.82,,,,,52.9921546,0.0
324979,Badger Pass,MT,48.13,-113.02,2103.1,20170529,41.0,66.92,51.26,,,,,50.000027,0.0
324980,Badger Pass,MT,48.13,-113.02,2103.1,20170530,41.0,66.56,54.14,,,,,47.0078994,0.0
324981,Badger Pass,MT,48.13,-113.02,2103.1,20170531,43.88,73.4,56.3,,,,,45.00002429999999,0.09842525
324982,Badger Pass,MT,48.13,-113.02,2103.1,20170601,41.54,61.34,48.38,,,,,42.9921492,0.09842525
324983,Badger Pass,MT,48.13,-113.02,2103.1,20170602,40.1,54.86,45.86,,,,,37.992146500000004,0.0
324984,Badger Pass,MT,48.13,-113.02,2103.1,20170603,37.94,67.1,53.78,,,,,35.0000189,0.09842525
324985,Badger Pass,MT,48.13,-113.02,2103.1,20170604,41.54,68.0,53.42,,,,,30.984268699999998,0.79921303
324986,Badger Pass,MT,48.13,-113.02,2103.1,20170605,38.12,54.5,44.24,,,,,30.984268699999998,0.29921276
324987,Badger Pass,MT,48.13,-113.02,2103.1,20170606,39.2,62.78,50.72,,,,,27.9921411,0.20078751
324988,Badger Pass,MT,48.13,-113.02,2103.1,20170607,44.6,68.72,57.2,,,,,25.984266,0.09842525
324989,Badger Pass,MT,48.13,-113.02,2103.1,20170608,42.98,70.34,55.4,,,,,24.015760999999998,0.09842525
324990,Badger Pass,MT,48.13,-113.02,2103.1,20170609,35.96,49.64,42.8,,,,,22.007885899999998,0.0
324991,Badger Pass,MT,48.13,-113.02,2103.1,20170610,34.34,48.56,39.38,,,,,19.0157583,0.0
324992,Badger Pass,MT,48.13,-113.02,2103.1,20170611,33.98,56.66,44.96,,,,,15.9842606,0.09842525
324993,Badger Pass,MT,48.13,-113.02,2103.1,20170612,41.0,63.32,52.52,,,,,14.015755599999999,0.20078751
324994,Badger Pass,MT,48.13,-113.02,2103.1,20170613,38.3,48.02,43.16,,,,,10.000005400000001,2.00000108
324995,Badger Pass,MT,48.13,-113.02,2103.1,20170614,37.04,51.08,42.8,,,,,7.9921303,0.29921276
324996,Badger Pass,MT,48.13,-113.02,2103.1,20170615,37.4,54.14,44.06,,,,,5.984255200000001,0.20078751
324997,Badger Pass,MT,48.13,-113.02,2103.1,20170616,38.12,47.66,42.44,,,,,2.9921276000000003,0.20078751
324998,Badger Pass,MT,48.13,-113.02,2103.1,20170617,36.68,48.56,41.9,,,,,0.9842525,0.50000027
324999,Badger Pass,MT,48.13,-113.02,2103.1,20170618,40.64,47.3,44.06,,,,,0.0,0.09842525
325000,Badger Pass,MT,48.13,-113.02,2103.1,20170619,45.32,65.3,54.86,,,,,0.0,0.70078778
325001,Badger Pass,MT,48.13,-113.02,2103.1,20170620,50.0,67.1,57.02,,,,,0.0,0.0
325002,Badger Pass,MT,48.13,-113.02,2103.1,20170621,45.14,60.26,52.34,,,,,0.0,0.0
325003,Badger Pass,MT,48.13,-113.02,2103.1,20170622,37.76,54.86,45.5,,,,,0.0,0.20078751
325004,Badger Pass,MT,48.13,-113.02,2103.1,20170623,35.96,57.02,45.5,,,,,0.0,0.0
325005,Badger Pass,MT,48.13,-113.02,2103.1,20170624,38.3,63.32,49.1,,,,,0.0,0.0
325006,Badger Pass,MT,48.13,-113.02,2103.1,20170625,41.72,70.34,56.84,,,,,0.0,0.0
325007,Badger Pass,MT,48.13,-113.02,2103.1,20170626,50.36,77.54,62.78,,,,,0.0,0.09842525
325008,Badger Pass,MT,48.13,-113.02,2103.1,20170627,48.2,65.48,55.94,,,,,0.0,0.0
325009,Badger Pass,MT,48.13,-113.02,2103.1,20170628,43.52,62.24,51.62,,,,,0.0,0.0
325010,Badger Pass,MT,48.13,-113.02,2103.1,20170629,42.08,57.92,48.02,,,,,0.0,0.0
325011,Badger Pass,MT,48.13,-113.02,2103.1,20170630,42.44,68.54,55.94,,,,,0.0,0.0
325012,Badger Pass,MT,48.13,-113.02,2103.1,20170701,50.0,72.32,60.8,,,,,0.0,0.0
325013,Badger Pass,MT,48.13,-113.02,2103.1,20170702,50.0,73.76,62.06,,,,,0.0,0.0
325014,Badger Pass,MT,48.13,-113.02,2103.1,20170703,51.08,70.88,60.62,,,,,0.0,0.0
325015,Badger Pass,MT,48.13,-113.02,2103.1,20170704,45.14,74.12,60.62,,,,,0.0,0.0
325016,Badger Pass,MT,48.13,-113.02,2103.1,20170705,52.88,80.6,66.2,,,,,0.0,0.09842525
325017,Badger Pass,MT,48.13,-113.02,2103.1,20170706,54.86,79.16,67.64,,,,,0.0,0.0
325018,Badger Pass,MT,48.13,-113.02,2103.1,20170707,55.76,82.76,68.18,,,,,0.0,0.0
325019,Badger Pass,MT,48.13,-113.02,2103.1,20170708,56.48,81.86,67.82,,,,,0.0,0.0
325020,Badger Pass,MT,48.13,-113.02,2103.1,20170709,55.04,80.6,67.46,,,,,0.0,0.0
325021,Badger Pass,MT,48.13,-113.02,2103.1,20170710,48.2,72.68,60.62,,,,,0.0,0.0
325022,Badger Pass,MT,48.13,-113.02,2103.1,20170711,46.04,67.28,53.6,,,,,0.0,0.0
325023,Badger Pass,MT,48.13,-113.02,2103.1,20170712,44.96,73.76,59.0,,,,,0.0,0.0
325024,Badger Pass,MT,48.13,-113.02,2103.1,20170713,53.6,79.52,66.2,,,,,0.0,0.0
325025,Badger Pass,MT,48.13,-113.02,2103.1,20170714,52.52,81.5,66.2,,,,,0.0,0.0
325026,Badger Pass,MT,48.13,-113.02,2103.1,20170715,55.04,83.3,67.1,,,,,0.0,0.0
325027,Badger Pass,MT,48.13,-113.02,2103.1,20170716,45.32,66.74,57.92,,,,,0.0,0.0
325028,Badger Pass,MT,48.13,-113.02,2103.1,20170717,42.44,66.38,53.78,,,,,0.0,0.0
325029,Badger Pass,MT,48.13,-113.02,2103.1,20170718,43.7,71.78,58.1,,,,,0.0,0.0
325030,Badger Pass,MT,48.13,-113.02,2103.1,20170719,48.02,74.66,60.98,,,,,0.0,0.0
325031,Badger Pass,MT,48.13,-113.02,2103.1,20170720,51.44,75.56,62.42,,,,,0.0,0.0
325032,Badger Pass,MT,48.13,-113.02,2103.1,20170721,44.78,66.74,55.4,,,,,0.0,0.0
325033,Badger Pass,MT,48.13,-113.02,2103.1,20170722,45.5,71.78,58.82,,,,,0.0,0.0
325034,Badger Pass,MT,48.13,-113.02,2103.1,20170723,52.16,78.26,65.12,,,,,0.0,0.0
325035,Badger Pass,MT,48.13,-113.02,2103.1,20170724,45.14,73.76,61.34,,,,,0.0,0.0
325036,Badger Pass,MT,48.13,-113.02,2103.1,20170725,41.54,73.4,57.02,,,,,0.0,0.0
325037,Badger Pass,MT,48.13,-113.02,2103.1,20170726,48.92,77.72,62.96,,,,,0.0,0.0
325038,Badger Pass,MT,48.13,-113.02,2103.1,20170727,54.14,75.92,63.68,,,,,0.0,0.0
325039,Badger Pass,MT,48.13,-113.02,2103.1,20170728,52.88,76.1,63.68,,,,,0.0,0.0
325040,Badger Pass,MT,48.13,-113.02,2103.1,20170729,55.22,77.9,65.66,,,,,0.0,0.0
325041,Badger Pass,MT,48.13,-113.02,2103.1,20170730,56.12,79.7,66.2,,,,,0.0,0.0
325042,Badger Pass,MT,48.13,-113.02,2103.1,20170731,51.08,79.7,64.58,,,,,0.0,0.0
325043,Badger Pass,MT,48.13,-113.02,2103.1,20170801,47.66,71.42,58.28,,,,,0.0,0.0
325044,Badger Pass,MT,48.13,-113.02,2103.1,20170802,43.52,48.56,46.58,,,,,0.0,0.0
325045,Badger Pass,MT,48.13,-113.02,2103.1,20170803,42.26,72.5,56.84,,,,,0.0,0.20078751
325046,Badger Pass,MT,48.13,-113.02,2103.1,20170804,47.84,64.04,53.96,,,,,0.0,0.0
325047,Badger Pass,MT,48.13,-113.02,2103.1,20170805,41.18,53.24,47.12,,,,,0.0,0.0
325048,Badger Pass,MT,48.13,-113.02,2103.1,20170806,41.0,68.54,53.78,,,,,0.0,0.0
325049,Badger Pass,MT,48.13,-113.02,2103.1,20170807,47.3,72.68,59.18,,,,,0.0,0.0
325050,Badger Pass,MT,48.13,-113.02,2103.1,20170808,46.4,57.74,51.62,,,,,0.0,0.0
325051,Badger Pass,MT,48.13,-113.02,2103.1,20170809,42.62,71.24,56.48,,,,,0.0,0.0
325052,Badger Pass,MT,48.13,-113.02,2103.1,20170810,45.14,67.82,55.94,,,,,0.0,0.0
325053,Badger Pass,MT,48.13,-113.02,2103.1,20170811,44.6,66.38,55.4,,,,,0.0,0.09842525
325054,Badger Pass,MT,48.13,-113.02,2103.1,20170812,48.56,75.02,60.08,,,,,0.0,0.0
325055,Badger Pass,MT,48.13,-113.02,2103.1,20170813,46.58,66.2,54.32,,,,,0.0,0.0
325056,Badger Pass,MT,48.13,-113.02,2103.1,20170814,43.16,61.52,50.9,,,,,0.0,0.0
325057,Badger Pass,MT,48.13,-113.02,2103.1,20170815,40.64,66.74,52.7,,,,,0.0,0.0
325058,Badger Pass,MT,48.13,-113.02,2103.1,20170816,45.68,68.36,56.48,,,,,0.0,0.09842525
325059,Badger Pass,MT,48.13,-113.02,2103.1,20170817,47.3,70.52,57.56,,,,,0.0,0.0
325060,Badger Pass,MT,48.13,-113.02,2103.1,20170818,47.84,71.24,59.18,,,,,0.0,0.09842525
325061,Badger Pass,MT,48.13,-113.02,2103.1,20170819,44.96,64.4,54.5,,,,,0.0,0.0
325062,Badger Pass,MT,48.13,-113.02,2103.1,20170820,43.34,61.7,51.8,,,,,0.0,0.09842525
325063,Badger Pass,MT,48.13,-113.02,2103.1,20170821,43.7,68.18,54.86,,,,,0.0,0.0
325064,Badger Pass,MT,48.13,-113.02,2103.1,20170822,48.2,77.36,61.7,,,,,0.0,0.0
325065,Badger Pass,MT,48.13,-113.02,2103.1,20170823,52.88,76.46,64.22,,,,,0.0,0.0
325066,Badger Pass,MT,48.13,-113.02,2103.1,20170824,50.0,64.94,56.84,,,,,0.0,0.0
325067,Badger Pass,MT,48.13,-113.02,2103.1,20170825,43.34,68.72,55.76,,,,,0.0,0.0
325068,Badger Pass,MT,48.13,-113.02,2103.1,20170826,44.78,71.6,57.02,,,,,0.0,0.09842525
325069,Badger Pass,MT,48.13,-113.02,2103.1,20170827,50.9,78.44,63.14,,,,,0.0,0.0
325070,Badger Pass,MT,48.13,-113.02,2103.1,20170828,54.86,81.14,65.48,,,,,0.0,0.0
325071,Badger Pass,MT,48.13,-113.02,2103.1,20170829,56.84,81.14,66.92,,,,,0.0,0.0
325072,Badger Pass,MT,48.13,-113.02,2103.1,20170830,56.3,78.8,65.3,,,,,0.0,0.0
325073,Badger Pass,MT,48.13,-113.02,2103.1,20170831,48.92,70.16,59.9,,,,,0.0,0.0
325074,Badger Pass,MT,48.13,-113.02,2103.1,20170901,45.32,69.08,57.74,,,,,0.0,0.0
325075,Badger Pass,MT,48.13,-113.02,2103.1,20170902,51.8,76.82,63.5,,,,,0.0,0.0
325076,Badger Pass,MT,48.13,-113.02,2103.1,20170903,42.8,77.9,62.06,,,,,0.0,0.0
325077,Badger Pass,MT,48.13,-113.02,2103.1,20170904,42.08,58.46,48.2,,,,,0.0,0.0
325078,Badger Pass,MT,48.13,-113.02,2103.1,20170905,40.46,68.18,54.5,,,,,0.0,0.0
325079,Badger Pass,MT,48.13,-113.02,2103.1,20170906,50.0,74.66,60.98,,,,,0.0,0.0
325080,Badger Pass,MT,48.13,-113.02,2103.1,20170907,52.7,77.54,64.04,,,,,0.0,0.0
325081,Badger Pass,MT,48.13,-113.02,2103.1,20170908,56.48,74.66,63.86,,,,,0.0,0.0
325082,Badger Pass,MT,48.13,-113.02,2103.1,20170909,54.14,72.86,61.7,,,,,0.0,0.0
325083,Badger Pass,MT,48.13,-113.02,2103.1,20170910,47.48,64.58,54.86,,,,,0.0,0.0
325084,Badger Pass,MT,48.13,-113.02,2103.1,20170911,45.5,72.5,58.82,,,,,0.0,0.09842525
325085,Emery Creek,MT,48.43,-113.94,1325.9,20170101,6.62,23.9,15.8,,,,,25.984266,0.0
325086,Emery Creek,MT,48.43,-113.94,1325.9,20170102,-8.32,15.26,6.26,,,,,25.984266,0.0
325087,Emery Creek,MT,48.43,-113.94,1325.9,20170103,-13.9,10.94,-1.12,,,,,25.0000135,0.0
325088,Emery Creek,MT,48.43,-113.94,1325.9,20170104,-18.94,13.46,-9.22,,,,,25.0000135,0.09842525
325089,Emery Creek,MT,48.43,-113.94,1325.9,20170105,-18.22,10.4,-2.38,,,,,24.015760999999998,0.0
325090,Emery Creek,MT,48.43,-113.94,1325.9,20170106,-5.08,21.02,6.62,,,,,24.015760999999998,0.0
325091,Emery Creek,MT,48.43,-113.94,1325.9,20170107,-10.3,19.22,4.64,,,,,22.992138399999998,0.0
325092,Emery Creek,MT,48.43,-113.94,1325.9,20170108,11.66,21.02,17.06,,,,,25.984266,0.40157502
325093,Emery Creek,MT,48.43,-113.94,1325.9,20170109,20.3,31.64,26.78,,,,,29.015763699999997,0.50000027
325094,Emery Creek,MT,48.43,-113.94,1325.9,20170110,2.48,27.14,20.84,,,,,30.0000162,0.0
325095,Emery Creek,MT,48.43,-113.94,1325.9,20170111,-13.18,14.72,-2.74,,,,,27.9921411,0.0
325096,Emery Creek,MT,48.43,-113.94,1325.9,20170112,-14.08,21.02,2.84,,,,,27.9921411,0.0
325097,Emery Creek,MT,48.43,-113.94,1325.9,20170113,-6.52,25.52,8.78,,,,,27.9921411,0.0
325098,Emery Creek,MT,48.43,-113.94,1325.9,20170114,-0.76,25.7,12.74,,,,,27.9921411,0.0
325099,Emery Creek,MT,48.43,-113.94,1325.9,20170115,-5.08,25.16,4.64,,,,,27.0078886,0.0
325100,Emery Creek,MT,48.43,-113.94,1325.9,20170116,-4.9,27.86,8.24,,,,,25.984266,0.09842525
325101,Emery Creek,MT,48.43,-113.94,1325.9,20170117,9.32,31.28,23.0,,,,,25.0000135,0.0
325102,Emery Creek,MT,48.43,-113.94,1325.9,20170118,27.68,35.96,33.62,,,,,27.0078886,0.09842525
325103,Emery Creek,MT,48.43,-113.94,1325.9,20170119,,40.82,35.6,,,,,25.984266,0.0
325104,Emery Creek,MT,48.43,-113.94,1325.9,20170120,19.04,41.36,30.74,,,,,25.984266,0.0
325105,Emery Creek,MT,48.43,-113.94,1325.9,20170121,12.74,32.72,23.9,,,,,25.984266,0.0
325106,Emery Creek,MT,48.43,-113.94,1325.9,20170122,23.72,41.0,30.38,,,,,25.984266,0.0
325107,Emery Creek,MT,48.43,-113.94,1325.9,20170123,8.24,36.68,24.8,,,,,25.984266,0.0
325108,Emery Creek,MT,48.43,-113.94,1325.9,20170124,6.8,29.48,19.4,,,,,25.984266,0.09842525
325109,Emery Creek,MT,48.43,-113.94,1325.9,20170125,21.02,33.26,24.8,,,,,25.984266,0.0
325110,Emery Creek,MT,48.43,-113.94,1325.9,20170126,16.34,29.3,24.08,,,,,25.984266,0.0
325111,Emery Creek,MT,48.43,-113.94,1325.9,20170127,24.08,29.3,26.6,,,,,25.984266,0.0
325112,Emery Creek,MT,48.43,-113.94,1325.9,20170128,19.4,37.76,28.76,,,,,25.984266,0.0
325113,Emery Creek,MT,48.43,-113.94,1325.9,20170129,14.54,46.58,29.12,,,,,25.0000135,0.0
325114,Emery Creek,MT,48.43,-113.94,1325.9,20170130,29.66,39.74,34.16,,,,,25.0000135,0.0
325115,Emery Creek,MT,48.43,-113.94,1325.9,20170131,8.6,29.66,23.0,,,,,25.0000135,0.0
325116,Emery Creek,MT,48.43,-113.94,1325.9,20170201,-4.9,26.24,10.4,,,,,25.984266,0.0
325117,Emery Creek,MT,48.43,-113.94,1325.9,20170202,-11.02,21.38,1.58,,,,,25.984266,0.0
325118,Emery Creek,MT,48.43,-113.94,1325.9,20170203,-12.64,10.94,3.02,,,,,32.0078913,0.79921303
325119,Emery Creek,MT,48.43,-113.94,1325.9,20170204,10.58,23.18,15.8,,,,,40.000021600000004,0.59842552
325120,Emery Creek,MT,48.43,-113.94,1325.9,20170205,12.38,37.58,29.3,,,,,42.0078967,0.50000027
325121,Emery Creek,MT,48.43,-113.94,1325.9,20170206,7.88,18.5,13.46,,,,,45.00002429999999,0.70078778
325122,Emery Creek,MT,48.43,-113.94,1325.9,20170207,2.84,30.38,16.16,,,,,45.00002429999999,0.0
325123,Emery Creek,MT,48.43,-113.94,1325.9,20170208,7.52,29.66,20.3,,,,,45.984276799999996,0.29921276
325124,Emery Creek,MT,48.43,-113.94,1325.9,20170209,23.9,43.16,34.34,,,,,45.984276799999996,0.59842552
325125,Emery Creek,MT,48.43,-113.94,1325.9,20170210,33.98,44.42,38.3,,,,,44.015771799999996,0.0
325126,Emery Creek,MT,48.43,-113.94,1325.9,20170211,25.34,39.38,31.28,,,,,42.9921492,0.0
325127,Emery Creek,MT,48.43,-113.94,1325.9,20170212,18.14,40.28,27.68,,,,,42.9921492,0.0
325128,Emery Creek,MT,48.43,-113.94,1325.9,20170213,16.16,45.68,27.68,,,,,42.9921492,0.09842525
325129,Emery Creek,MT,48.43,-113.94,1325.9,20170214,13.64,47.48,28.22,,,,,42.0078967,0.0
325130,Emery Creek,MT,48.43,-113.94,1325.9,20170215,19.22,49.64,33.44,,,,,40.9842741,0.0
325131,Emery Creek,MT,48.43,-113.94,1325.9,20170216,34.7,41.0,37.22,,,,,39.0157691,0.70078778
325132,Emery Creek,MT,48.43,-113.94,1325.9,20170217,27.86,46.4,35.24,,,,,39.0157691,0.29921276
325133,Emery Creek,MT,48.43,-113.94,1325.9,20170218,24.62,40.64,32.36,,,,,37.992146500000004,0.29921276
325134,Emery Creek,MT,48.43,-113.94,1325.9,20170219,32.9,40.64,35.78,,,,,35.9842714,0.29921276
325135,Emery Creek,MT,48.43,-113.94,1325.9,20170220,31.28,38.3,34.34,,,,,37.992146500000004,0.09842525
325136,Emery Creek,MT,48.43,-113.94,1325.9,20170221,32.9,39.02,34.7,,,,,37.992146500000004,0.40157502
325137,Emery Creek,MT,48.43,-113.94,1325.9,20170222,19.4,38.12,30.92,,,,,37.992146500000004,0.0
325138,Emery Creek,MT,48.43,-113.94,1325.9,20170223,12.74,39.2,25.34,,,,,37.992146500000004,0.0
325139,Emery Creek,MT,48.43,-113.94,1325.9,20170224,8.78,30.56,19.4,,,,,39.0157691,0.09842525
325140,Emery Creek,MT,48.43,-113.94,1325.9,20170225,12.92,28.76,21.38,,,,,37.007894,0.0
325141,Emery Creek,MT,48.43,-113.94,1325.9,20170226,11.84,25.88,20.66,,,,,40.000021600000004,0.20078751
325142,Emery Creek,MT,48.43,-113.94,1325.9,20170227,9.14,27.5,19.94,,,,,42.9921492,0.09842525
325143,Emery Creek,MT,48.43,-113.94,1325.9,20170228,18.5,29.48,23.0,,,,,47.0078994,0.40157502
325144,Emery Creek,MT,48.43,-113.94,1325.9,20170301,18.86,33.44,27.86,,,,,52.0079021,0.50000027
325145,Emery Creek,MT,48.43,-113.94,1325.9,20170302,29.66,38.3,33.08,,,,,55.0000297,0.29921276
325146,Emery Creek,MT,48.43,-113.94,1325.9,20170303,31.64,39.38,34.34,,,,,55.0000297,0.29921276
325147,Emery Creek,MT,48.43,-113.94,1325.9,20170304,30.92,40.82,35.06,,,,,54.0157772,0.40157502
325148,Emery Creek,MT,48.43,-113.94,1325.9,20170305,15.62,39.74,29.3,,,,,52.9921546,0.29921276
325149,Emery Creek,MT,48.43,-113.94,1325.9,20170306,11.66,29.3,22.82,,,,,54.0157772,0.20078751
325150,Emery Creek,MT,48.43,-113.94,1325.9,20170307,22.46,36.14,27.32,,,,,57.0079048,0.09842525
325151,Emery Creek,MT,48.43,-113.94,1325.9,20170308,26.24,42.08,30.74,,,,,57.0079048,0.09842525
325152,Emery Creek,MT,48.43,-113.94,1325.9,20170309,17.78,34.34,25.88,,,,,60.0000324,0.59842552
325153,Emery Creek,MT,48.43,-113.94,1325.9,20170310,17.24,39.02,29.48,,,,,57.992157299999995,0.29921276
325154,Emery Creek,MT,48.43,-113.94,1325.9,20170311,33.62,49.28,38.84,,,,,54.0157772,0.09842525
325155,Emery Creek,MT,48.43,-113.94,1325.9,20170312,33.8,43.88,36.32,,,,,52.9921546,0.29921276
325156,Emery Creek,MT,48.43,-113.94,1325.9,20170313,34.34,48.92,36.68,,,,,52.0079021,0.20078751
325157,Emery Creek,MT,48.43,-113.94,1325.9,20170314,,40.64,37.4,,,,,50.000027,0.79921303
325158,Emery Creek,MT,48.43,-113.94,1325.9,20170315,36.32,47.66,39.92,,,,,45.984276799999996,1.00000054
325159,Emery Creek,MT,48.43,-113.94,1325.9,20170316,29.12,45.32,37.4,,,,,45.984276799999996,0.0
325160,Emery Creek,MT,48.43,-113.94,1325.9,20170317,20.12,48.2,35.78,,,,,45.00002429999999,0.0
325161,Emery Creek,MT,48.43,-113.94,1325.9,20170318,36.14,45.5,40.46,,,,,44.015771799999996,0.09842525
325162,Emery Creek,MT,48.43,-113.94,1325.9,20170319,21.92,46.04,36.32,,,,,42.9921492,0.0
325163,Emery Creek,MT,48.43,-113.94,1325.9,20170320,17.78,47.3,34.34,,,,,42.0078967,0.0
325164,Emery Creek,MT,48.43,-113.94,1325.9,20170321,31.46,53.6,39.38,,,,,40.9842741,0.20078751
325165,Emery Creek,MT,48.43,-113.94,1325.9,20170322,33.8,51.26,38.84,,,,,40.9842741,0.40157502
325166,Emery Creek,MT,48.43,-113.94,1325.9,20170323,26.24,45.86,35.6,,,,,40.000021600000004,0.0
325167,Emery Creek,MT,48.43,-113.94,1325.9,20170324,22.28,46.58,34.7,,,,,40.000021600000004,0.29921276
325168,Emery Creek,MT,48.43,-113.94,1325.9,20170325,31.46,45.68,37.4,,,,,39.0157691,0.0
325169,Emery Creek,MT,48.43,-113.94,1325.9,20170326,29.3,50.18,38.3,,,,,37.992146500000004,0.0
325170,Emery Creek,MT,48.43,-113.94,1325.9,20170327,32.9,46.58,37.22,,,,,37.992146500000004,0.20078751
325171,Emery Creek,MT,48.43,-113.94,1325.9,20170328,33.98,41.72,36.14,,,,,37.007894,0.20078751
325172,Emery Creek,MT,48.43,-113.94,1325.9,20170329,34.52,40.64,36.86,,,,,37.992146500000004,0.40157502
325173,Emery Creek,MT,48.43,-113.94,1325.9,20170330,32.9,51.08,39.2,,,,,37.007894,0.09842525
325174,Emery Creek,MT,48.43,-113.94,1325.9,20170331,30.38,55.58,40.28,,,,,35.9842714,0.0
325175,Emery Creek,MT,48.43,-113.94,1325.9,20170401,27.68,50.0,38.12,,,,,35.0000189,0.09842525
325176,Emery Creek,MT,48.43,-113.94,1325.9,20170402,32.54,48.92,37.22,,,,,34.0157664,0.0
325177,Emery Creek,MT,48.43,-113.94,1325.9,20170403,23.72,41.9,32.9,,,,,35.0000189,0.20078751
325178,Emery Creek,MT,48.43,-113.94,1325.9,20170404,22.1,50.0,34.34,,,,,35.0000189,0.0
325179,Emery Creek,MT,48.43,-113.94,1325.9,20170405,27.86,51.62,38.12,,,,,32.9921438,0.0
325180,Emery Creek,MT,48.43,-113.94,1325.9,20170406,31.28,53.06,40.28,,,,,32.9921438,0.0
325181,Emery Creek,MT,48.43,-113.94,1325.9,20170407,32.18,50.36,37.22,,,,,32.9921438,0.50000027
325182,Emery Creek,MT,48.43,-113.94,1325.9,20170408,31.46,50.0,39.74,,,,,32.9921438,0.20078751
325183,Emery Creek,MT,48.43,-113.94,1325.9,20170409,24.44,42.8,34.34,,,,,35.0000189,0.29921276
325184,Emery Creek,MT,48.43,-113.94,1325.9,20170410,18.68,44.06,31.28,,,,,34.0157664,0.09842525
325185,Emery Creek,MT,48.43,-113.94,1325.9,20170411,30.2,51.62,37.04,,,,,32.9921438,0.0
325186,Emery Creek,MT,48.43,-113.94,1325.9,20170412,30.92,48.2,38.3,,,,,32.0078913,0.20078751
325187,Emery Creek,MT,48.43,-113.94,1325.9,20170413,33.8,50.0,39.38,,,,,30.984268699999998,0.29921276
325188,Emery Creek,MT,48.43,-113.94,1325.9,20170414,32.9,48.56,37.76,,,,,30.0000162,0.09842525
325189,Emery Creek,MT,48.43,-113.94,1325.9,20170415,29.12,40.64,34.16,,,,,32.0078913,0.20078751
325190,Emery Creek,MT,48.43,-113.94,1325.9,20170416,27.32,54.32,39.02,,,,,30.0000162,0.0
325191,Emery Creek,MT,48.43,-113.94,1325.9,20170417,31.28,40.1,36.14,,,,,30.984268699999998,0.29921276
325192,Emery Creek,MT,48.43,-113.94,1325.9,20170418,34.34,55.58,40.82,,,,,29.015763699999997,0.20078751
325193,Emery Creek,MT,48.43,-113.94,1325.9,20170419,29.3,54.32,40.46,,,,,27.9921411,0.0
325194,Emery Creek,MT,48.43,-113.94,1325.9,20170420,27.32,55.22,39.2,,,,,27.0078886,0.29921276
325195,Emery Creek,MT,48.43,-113.94,1325.9,20170421,31.1,51.26,38.3,,,,,25.984266,0.29921276
325196,Emery Creek,MT,48.43,-113.94,1325.9,20170422,27.86,59.0,41.0,,,,,24.015760999999998,0.0
325197,Emery Creek,MT,48.43,-113.94,1325.9,20170423,33.08,52.52,41.36,,,,,22.992138399999998,0.09842525
325198,Emery Creek,MT,48.43,-113.94,1325.9,20170424,32.18,50.18,38.84,,,,,22.992138399999998,0.29921276
325199,Emery Creek,MT,48.43,-113.94,1325.9,20170425,33.8,48.74,37.94,,,,,22.992138399999998,0.59842552
325200,Emery Creek,MT,48.43,-113.94,1325.9,20170426,34.52,43.7,37.58,,,,,22.007885899999998,0.59842552
325201,Emery Creek,MT,48.43,-113.94,1325.9,20170427,34.34,37.94,35.42,,,,,25.0000135,0.79921303
325202,Emery Creek,MT,48.43,-113.94,1325.9,20170428,34.52,50.9,37.94,,,,,24.015760999999998,0.50000027
325203,Emery Creek,MT,48.43,-113.94,1325.9,20170429,34.52,51.98,39.74,,,,,22.992138399999998,0.20078751
325204,Emery Creek,MT,48.43,-113.94,1325.9,20170430,34.7,47.12,38.66,,,,,24.015760999999998,0.40157502
325205,Emery Creek,MT,48.43,-113.94,1325.9,20170501,33.44,54.32,40.46,,,,,22.007885899999998,0.09842525
325206,Emery Creek,MT,48.43,-113.94,1325.9,20170502,31.1,47.84,38.48,,,,,20.9842633,0.0
325207,Emery Creek,MT,48.43,-113.94,1325.9,20170503,28.94,58.46,43.16,,,,,19.0157583,0.0
325208,Emery Creek,MT,48.43,-113.94,1325.9,20170504,31.64,70.88,48.56,,,,,17.0078832,0.0
325209,Emery Creek,MT,48.43,-113.94,1325.9,20170505,33.26,68.0,48.74,,,,,15.0000081,0.0
325210,Emery Creek,MT,48.43,-113.94,1325.9,20170506,37.22,65.12,49.46,,,,,12.992133,0.0
325211,Emery Creek,MT,48.43,-113.94,1325.9,20170507,31.28,45.68,39.2,,,,,12.007880499999999,0.29921276
325212,Emery Creek,MT,48.43,-113.94,1325.9,20170508,28.58,58.82,42.08,,,,,10.000005400000001,0.0
325213,Emery Creek,MT,48.43,-113.94,1325.9,20170509,30.38,62.24,45.5,,,,,7.9921303,0.0
325214,Emery Creek,MT,48.43,-113.94,1325.9,20170510,30.92,69.98,48.56,,,,,5.984255200000001,0.0
325215,Emery Creek,MT,48.43,-113.94,1325.9,20170511,33.08,75.38,53.96,,,,,2.0078751,0.0
325216,Emery Creek,MT,48.43,-113.94,1325.9,20170512,36.32,56.12,43.88,,,,,0.0,0.40157502
325217,Emery Creek,MT,48.43,-113.94,1325.9,20170513,35.24,49.28,39.56,,,,,0.0,0.0
325218,Emery Creek,MT,48.43,-113.94,1325.9,20170514,29.12,46.04,37.76,,,,,0.0,0.09842525
325219,Emery Creek,MT,48.43,-113.94,1325.9,20170515,26.78,55.04,40.28,,,,,0.0,0.0
325220,Emery Creek,MT,48.43,-113.94,1325.9,20170516,33.26,48.2,41.9,,,,,0.0,0.0
325221,Emery Creek,MT,48.43,-113.94,1325.9,20170517,36.86,50.0,43.52,,,,,0.0,0.0
325222,Emery Creek,MT,48.43,-113.94,1325.9,20170518,34.7,60.08,44.96,,,,,0.0,0.0
325223,Emery Creek,MT,48.43,-113.94,1325.9,20170519,35.24,63.5,48.56,,,,,0.0,0.0
325224,Emery Creek,MT,48.43,-113.94,1325.9,20170520,35.42,63.5,48.2,,,,,0.0,0.0
325225,Emery Creek,MT,48.43,-113.94,1325.9,20170521,32.18,69.08,50.72,,,,,0.0,0.0
325226,Emery Creek,MT,48.43,-113.94,1325.9,20170522,35.42,74.66,54.14,,,,,0.0,0.0
325227,Emery Creek,MT,48.43,-113.94,1325.9,20170523,37.4,76.1,59.54,,,,,0.0,0.0
325228,Emery Creek,MT,48.43,-113.94,1325.9,20170524,37.76,63.5,48.56,,,,,0.0,0.20078751
325229,Emery Creek,MT,48.43,-113.94,1325.9,20170525,37.76,58.1,46.4,,,,,0.0,0.0
325230,Emery Creek,MT,48.43,-113.94,1325.9,20170526,32.18,64.94,48.02,,,,,0.0,0.0
325231,Emery Creek,MT,48.43,-113.94,1325.9,20170527,33.98,71.6,53.6,,,,,0.0,0.0
325232,Emery Creek,MT,48.43,-113.94,1325.9,20170528,38.66,76.28,57.92,,,,,0.0,0.0
325233,Emery Creek,MT,48.43,-113.94,1325.9,20170529,41.36,77.18,58.64,,,,,0.0,0.0
325234,Emery Creek,MT,48.43,-113.94,1325.9,20170530,40.46,78.98,59.54,,,,,0.0,0.0
325235,Emery Creek,MT,48.43,-113.94,1325.9,20170531,43.16,79.88,62.6,,,,,0.0,0.09842525
325236,Emery Creek,MT,48.43,-113.94,1325.9,20170601,48.2,62.6,53.6,,,,,0.0,0.20078751
325237,Emery Creek,MT,48.43,-113.94,1325.9,20170602,39.74,64.04,52.52,,,,,0.0,0.0
325238,Emery Creek,MT,48.43,-113.94,1325.9,20170603,36.14,76.46,56.84,,,,,0.0,0.0
325239,Emery Creek,MT,48.43,-113.94,1325.9,20170604,45.5,72.86,58.28,,,,,0.0,0.09842525
325240,Emery Creek,MT,48.43,-113.94,1325.9,20170605,39.02,65.66,51.62,,,,,0.0,0.29921276
325241,Emery Creek,MT,48.43,-113.94,1325.9,20170606,35.78,73.76,55.94,,,,,0.0,0.0
325242,Emery Creek,MT,48.43,-113.94,1325.9,20170607,42.26,81.86,65.12,,,,,0.0,0.0
325243,Emery Creek,MT,48.43,-113.94,1325.9,20170608,49.64,80.96,61.88,,,,,0.0,0.20078751
325244,Emery Creek,MT,48.43,-113.94,1325.9,20170609,37.76,60.44,50.72,,,,,0.0,0.09842525
325245,Emery Creek,MT,48.43,-113.94,1325.9,20170610,34.7,56.48,44.96,,,,,0.0,0.09842525
325246,Emery Creek,MT,48.43,-113.94,1325.9,20170611,37.04,63.68,48.74,,,,,0.0,0.0
325247,Emery Creek,MT,48.43,-113.94,1325.9,20170612,34.7,77.54,57.74,,,,,0.0,0.0
325248,Emery Creek,MT,48.43,-113.94,1325.9,20170613,45.32,55.94,50.36,,,,,0.0,1.50000081
325249,Emery Creek,MT,48.43,-113.94,1325.9,20170614,38.48,60.44,49.82,,,,,0.0,0.0
325250,Emery Creek,MT,48.43,-113.94,1325.9,20170615,36.86,55.22,48.2,,,,,0.0,0.09842525
325251,Emery Creek,MT,48.43,-113.94,1325.9,20170616,45.32,58.46,49.1,,,,,0.0,1.70078832
325252,Emery Creek,MT,48.43,-113.94,1325.9,20170617,43.88,58.46,49.46,,,,,0.0,0.0
325253,Emery Creek,MT,48.43,-113.94,1325.9,20170618,45.32,57.74,50.0,,,,,0.0,0.0
325254,Emery Creek,MT,48.43,-113.94,1325.9,20170619,48.92,74.12,59.54,,,,,0.0,0.0
325255,Emery Creek,MT,48.43,-113.94,1325.9,20170620,50.18,73.22,61.34,,,,,0.0,0.0
325256,Emery Creek,MT,48.43,-113.94,1325.9,20170621,43.16,69.98,57.56,,,,,0.0,0.0
325257,Emery Creek,MT,48.43,-113.94,1325.9,20170622,34.34,66.92,51.26,,,,,0.0,0.0
325258,Emery Creek,MT,48.43,-113.94,1325.9,20170623,37.22,69.98,52.7,,,,,0.0,0.0
325259,Emery Creek,MT,48.43,-113.94,1325.9,20170624,38.12,74.3,57.56,,,,,0.0,0.0
325260,Emery Creek,MT,48.43,-113.94,1325.9,20170625,41.54,80.96,60.8,,,,,0.0,0.0
325261,Emery Creek,MT,48.43,-113.94,1325.9,20170626,44.24,82.58,63.5,,,,,0.0,0.20078751
325262,Emery Creek,MT,48.43,-113.94,1325.9,20170627,45.5,74.12,59.72,,,,,0.0,0.0
325263,Emery Creek,MT,48.43,-113.94,1325.9,20170628,41.72,71.78,55.22,,,,,0.0,0.0
325264,Emery Creek,MT,48.43,-113.94,1325.9,20170629,43.7,69.98,56.12,,,,,0.0,0.0
325265,Emery Creek,MT,48.43,-113.94,1325.9,20170630,41.18,76.82,59.54,,,,,0.0,0.0
325266,Emery Creek,MT,48.43,-113.94,1325.9,20170701,45.86,80.06,63.32,,,,,0.0,0.0
325267,Emery Creek,MT,48.43,-113.94,1325.9,20170702,44.78,82.76,64.04,,,,,0.0,0.0
325268,Emery Creek,MT,48.43,-113.94,1325.9,20170703,47.12,79.88,63.86,,,,,0.0,0.0
325269,Emery Creek,MT,48.43,-113.94,1325.9,20170704,42.98,80.42,61.16,,,,,0.0,0.0
325270,Emery Creek,MT,48.43,-113.94,1325.9,20170705,42.44,86.18,64.58,,,,,0.0,0.0
325271,Emery Creek,MT,48.43,-113.94,1325.9,20170706,47.12,88.16,67.82,,,,,0.0,0.0
325272,Emery Creek,MT,48.43,-113.94,1325.9,20170707,48.2,90.5,68.36,,,,,0.0,0.0
325273,Emery Creek,MT,48.43,-113.94,1325.9,20170708,48.74,89.6,68.9,,,,,0.0,0.0
325274,Emery Creek,MT,48.43,-113.94,1325.9,20170709,46.22,87.8,67.28,,,,,0.0,0.0
325275,Emery Creek,MT,48.43,-113.94,1325.9,20170710,46.4,80.06,62.96,,,,,0.0,0.0
325276,Emery Creek,MT,48.43,-113.94,1325.9,20170711,47.3,75.92,61.16,,,,,0.0,0.09842525
325277,Emery Creek,MT,48.43,-113.94,1325.9,20170712,44.06,79.88,61.88,,,,,0.0,0.0
325278,Emery Creek,MT,48.43,-113.94,1325.9,20170713,43.52,87.26,66.38,,,,,0.0,0.0
325279,Emery Creek,MT,48.43,-113.94,1325.9,20170714,46.4,88.52,66.74,,,,,0.0,0.0
325280,Emery Creek,MT,48.43,-113.94,1325.9,20170715,50.72,82.94,65.66,,,,,0.0,0.0
325281,Emery Creek,MT,48.43,-113.94,1325.9,20170716,42.44,74.12,60.26,,,,,0.0,0.0
325282,Emery Creek,MT,48.43,-113.94,1325.9,20170717,37.94,73.04,55.76,,,,,0.0,0.0
325283,Emery Creek,MT,48.43,-113.94,1325.9,20170718,38.12,78.26,58.64,,,,,0.0,0.0
325284,Emery Creek,MT,48.43,-113.94,1325.9,20170719,42.62,81.5,62.42,,,,,0.0,0.0
325285,Emery Creek,MT,48.43,-113.94,1325.9,20170720,44.24,80.78,63.14,,,,,0.0,0.0
325286,Emery Creek,MT,48.43,-113.94,1325.9,20170721,48.38,75.02,61.16,,,,,0.0,0.0
325287,Emery Creek,MT,48.43,-113.94,1325.9,20170722,42.98,79.7,61.88,,,,,0.0,0.0
325288,Emery Creek,MT,48.43,-113.94,1325.9,20170723,46.4,86.0,67.28,,,,,0.0,0.0
325289,Emery Creek,MT,48.43,-113.94,1325.9,20170724,48.38,82.04,65.3,,,,,0.0,0.0
325290,Emery Creek,MT,48.43,-113.94,1325.9,20170725,44.06,80.78,62.06,,,,,0.0,0.0
325291,Emery Creek,MT,48.43,-113.94,1325.9,20170726,43.52,84.92,65.12,,,,,0.0,0.0
325292,Emery Creek,MT,48.43,-113.94,1325.9,20170727,46.58,85.64,67.64,,,,,0.0,0.0
325293,Emery Creek,MT,48.43,-113.94,1325.9,20170728,47.3,85.28,66.38,,,,,0.0,0.0
325294,Emery Creek,MT,48.43,-113.94,1325.9,20170729,46.58,86.72,66.2,,,,,0.0,0.0
325295,Emery Creek,MT,48.43,-113.94,1325.9,20170730,46.04,87.08,66.92,,,,,0.0,0.0
325296,Emery Creek,MT,48.43,-113.94,1325.9,20170731,44.6,86.72,65.3,,,,,0.0,0.0
325297,Emery Creek,MT,48.43,-113.94,1325.9,20170801,45.32,85.64,66.74,,,,,0.0,0.0
325298,Emery Creek,MT,48.43,-113.94,1325.9,20170802,48.56,72.14,62.96,,,,,0.0,0.0
325299,Emery Creek,MT,48.43,-113.94,1325.9,20170803,42.44,81.32,61.16,,,,,0.0,0.0
325300,Emery Creek,MT,48.43,-113.94,1325.9,20170804,44.96,78.44,61.88,,,,,0.0,0.29921276
325301,Emery Creek,MT,48.43,-113.94,1325.9,20170805,46.94,68.72,59.18,,,,,0.0,0.0
325302,Emery Creek,MT,48.43,-113.94,1325.9,20170806,42.08,78.98,60.08,,,,,0.0,0.0
325303,Emery Creek,MT,48.43,-113.94,1325.9,20170807,43.7,82.04,64.76,,,,,0.0,0.0
325304,Emery Creek,MT,48.43,-113.94,1325.9,20170808,50.0,77.9,64.94,,,,,0.0,0.0
325305,Emery Creek,MT,48.43,-113.94,1325.9,20170809,44.24,82.76,62.78,,,,,0.0,0.0
325306,Emery Creek,MT,48.43,-113.94,1325.9,20170810,46.58,80.6,61.52,,,,,0.0,0.09842525
325307,Emery Creek,MT,48.43,-113.94,1325.9,20170811,43.34,79.34,63.5,,,,,0.0,0.0
325308,Emery Creek,MT,48.43,-113.94,1325.9,20170812,49.64,84.2,66.56,,,,,0.0,0.0
325309,Emery Creek,MT,48.43,-113.94,1325.9,20170813,50.54,68.72,56.48,,,,,0.0,0.09842525
325310,Emery Creek,MT,48.43,-113.94,1325.9,20170814,41.54,69.08,56.3,,,,,0.0,0.0
325311,Emery Creek,MT,48.43,-113.94,1325.9,20170815,37.22,72.68,55.22,,,,,0.0,0.0
325312,Emery Creek,MT,48.43,-113.94,1325.9,20170816,39.38,75.92,58.46,,,,,0.0,0.0
325313,Emery Creek,MT,48.43,-113.94,1325.9,20170817,46.58,79.16,61.52,,,,,0.0,0.0
325314,Emery Creek,MT,48.43,-113.94,1325.9,20170818,43.52,80.78,62.78,,,,,0.0,0.0
325315,Emery Creek,MT,48.43,-113.94,1325.9,20170819,43.52,73.94,58.1,,,,,0.0,0.0
325316,Emery Creek,MT,48.43,-113.94,1325.9,20170820,39.74,71.24,56.3,,,,,0.0,0.0
325317,Emery Creek,MT,48.43,-113.94,1325.9,20170821,40.1,75.02,57.02,,,,,0.0,0.0
325318,Emery Creek,MT,48.43,-113.94,1325.9,20170822,42.08,83.12,60.98,,,,,0.0,0.0
325319,Emery Creek,MT,48.43,-113.94,1325.9,20170823,44.06,84.2,66.74,,,,,0.0,0.09842525
325320,Emery Creek,MT,48.43,-113.94,1325.9,20170824,49.28,69.8,57.92,,,,,0.0,0.09842525
325321,Emery Creek,MT,48.43,-113.94,1325.9,20170825,39.74,74.12,56.48,,,,,0.0,0.0
325322,Emery Creek,MT,48.43,-113.94,1325.9,20170826,36.86,76.46,55.94,,,,,0.0,0.0
325323,Emery Creek,MT,48.43,-113.94,1325.9,20170827,39.02,83.3,59.9,,,,,0.0,0.0
325324,Emery Creek,MT,48.43,-113.94,1325.9,20170828,42.98,86.9,63.32,,,,,0.0,0.0
325325,Emery Creek,MT,48.43,-113.94,1325.9,20170829,46.4,88.88,65.66,,,,,0.0,0.0
325326,Emery Creek,MT,48.43,-113.94,1325.9,20170830,47.84,88.16,64.76,,,,,0.0,0.0
325327,Emery Creek,MT,48.43,-113.94,1325.9,20170831,47.66,79.34,62.42,,,,,0.0,0.0
325328,Emery Creek,MT,48.43,-113.94,1325.9,20170901,42.8,79.16,61.7,,,,,0.0,0.0
325329,Emery Creek,MT,48.43,-113.94,1325.9,20170902,45.32,84.74,64.22,,,,,0.0,0.0
325330,Emery Creek,MT,48.43,-113.94,1325.9,20170903,46.22,84.38,66.2,,,,,0.0,0.0
325331,Emery Creek,MT,48.43,-113.94,1325.9,20170904,47.12,73.94,62.78,,,,,0.0,0.0
325332,Emery Creek,MT,48.43,-113.94,1325.9,20170905,38.3,74.3,55.22,,,,,0.0,0.0
325333,Emery Creek,MT,48.43,-113.94,1325.9,20170906,40.1,75.56,56.66,,,,,0.0,0.0
325334,Emery Creek,MT,48.43,-113.94,1325.9,20170907,43.16,80.96,59.54,,,,,0.0,0.0
325335,Emery Creek,MT,48.43,-113.94,1325.9,20170908,44.78,77.36,59.0,,,,,0.0,0.0
325336,Emery Creek,MT,48.43,-113.94,1325.9,20170909,46.94,78.44,64.4,,,,,0.0,0.0
325337,Emery Creek,MT,48.43,-113.94,1325.9,20170910,44.6,71.78,60.98,,,,,0.0,0.0
325338,Emery Creek,MT,48.43,-113.94,1325.9,20170911,38.66,77.36,56.3,,,,,0.0,0.0
325339,Emery Creek,MT,48.43,-113.94,1325.9,20170912,41.9,80.6,59.0,,,,,0.0,0.0
325340,Emery Creek,MT,48.43,-113.94,1325.9,20170913,46.04,67.82,55.76,,,,,0.0,0.0
325341,Emery Creek,MT,48.43,-113.94,1325.9,20170914,43.34,47.66,46.22,,,,,0.0,0.09842525
325342,Emery Creek,MT,48.43,-113.94,1325.9,20170915,36.5,49.1,43.34,,,,,0.0,0.0
325343,Emery Creek,MT,48.43,-113.94,1325.9,20170916,28.76,57.02,41.54,,,,,0.0,0.0
325344,Emery Creek,MT,48.43,-113.94,1325.9,20170917,29.3,62.6,46.04,,,,,0.0,0.0
325345,Emery Creek,MT,48.43,-113.94,1325.9,20170918,39.38,50.72,44.06,,,,,0.0,0.90157529
325346,Emery Creek,MT,48.43,-113.94,1325.9,20170919,37.04,47.66,39.92,,,,,0.0,0.50000027
325347,Emery Creek,MT,48.43,-113.94,1325.9,20170920,34.7,44.06,38.66,,,,,0.0,0.29921276
325348,Emery Creek,MT,48.43,-113.94,1325.9,20170921,33.08,50.36,40.46,,,,,0.0,0.0
325349,Noisy Basin,MT,48.16,-113.95,1841.0,20170101,-1.48,18.32,8.06,,,,,54.0157772,0.40157502
325350,Noisy Basin,MT,48.16,-113.95,1841.0,20170102,-3.64,0.32,-1.84,,,,,54.0157772,0.0
325351,Noisy Basin,MT,48.16,-113.95,1841.0,20170103,-4.0,6.26,0.14,,,,,52.9921546,0.0
325352,Noisy Basin,MT,48.16,-113.95,1841.0,20170104,-5.26,5.0,-0.4,,,,,52.9921546,0.0
325353,Noisy Basin,MT,48.16,-113.95,1841.0,20170105,-1.12,9.14,4.46,,,,,52.0079021,0.0
325354,Noisy Basin,MT,48.16,-113.95,1841.0,20170106,5.72,14.9,9.5,,,,,50.9842795,0.0
325355,Noisy Basin,MT,48.16,-113.95,1841.0,20170107,10.04,22.46,15.98,,,,,47.992151899999996,0.09842525
325356,Noisy Basin,MT,48.16,-113.95,1841.0,20170108,16.16,31.1,24.26,,,,,50.000027,0.40157502
325357,Noisy Basin,MT,48.16,-113.95,1841.0,20170109,20.66,30.92,26.06,,,,,52.9921546,0.79921303
325358,Noisy Basin,MT,48.16,-113.95,1841.0,20170110,1.94,21.92,15.98,,,,,59.0157799,0.20078751
325359,Noisy Basin,MT,48.16,-113.95,1841.0,20170111,-0.4,7.7,3.74,,,,,57.992157299999995,0.0
325360,Noisy Basin,MT,48.16,-113.95,1841.0,20170112,3.2,15.08,11.66,,,,,52.9921546,0.0
325361,Noisy Basin,MT,48.16,-113.95,1841.0,20170113,13.64,20.66,15.98,,,,,52.9921546,0.0
325362,Noisy Basin,MT,48.16,-113.95,1841.0,20170114,14.0,21.02,16.52,,,,,52.9921546,0.0
325363,Noisy Basin,MT,48.16,-113.95,1841.0,20170115,14.54,22.28,17.6,,,,,52.0079021,0.0
325364,Noisy Basin,MT,48.16,-113.95,1841.0,20170116,14.54,26.24,20.48,,,,,50.9842795,0.0
325365,Noisy Basin,MT,48.16,-113.95,1841.0,20170117,23.9,34.52,29.66,,,,,49.0157745,0.20078751
325366,Noisy Basin,MT,48.16,-113.95,1841.0,20170118,30.74,35.24,33.44,,,,,50.9842795,0.40157502
325367,Noisy Basin,MT,48.16,-113.95,1841.0,20170119,27.5,33.98,31.28,,,,,52.0079021,0.0
325368,Noisy Basin,MT,48.16,-113.95,1841.0,20170120,24.44,31.82,26.96,,,,,50.9842795,0.0
325369,Noisy Basin,MT,48.16,-113.95,1841.0,20170121,21.38,29.48,25.16,,,,,50.000027,0.0
325370,Noisy Basin,MT,48.16,-113.95,1841.0,20170122,23.72,33.08,27.86,,,,,50.9842795,0.0
325371,Noisy Basin,MT,48.16,-113.95,1841.0,20170123,17.06,24.62,21.74,,,,,52.9921546,0.20078751
325372,Noisy Basin,MT,48.16,-113.95,1841.0,20170124,14.9,21.02,17.96,,,,,52.0079021,0.0
325373,Noisy Basin,MT,48.16,-113.95,1841.0,20170125,17.6,22.28,19.22,,,,,55.0000297,0.29921276
325374,Noisy Basin,MT,48.16,-113.95,1841.0,20170126,18.14,22.46,19.4,,,,,50.9842795,0.0
325375,Noisy Basin,MT,48.16,-113.95,1841.0,20170127,19.22,21.38,19.94,,,,,54.0157772,0.0
325376,Noisy Basin,MT,48.16,-113.95,1841.0,20170128,21.02,28.94,24.44,,,,,54.0157772,0.0
325377,Noisy Basin,MT,48.16,-113.95,1841.0,20170129,23.18,34.88,28.4,,,,,52.9921546,0.0
325378,Noisy Basin,MT,48.16,-113.95,1841.0,20170130,20.66,30.2,26.78,,,,,52.9921546,0.0
325379,Noisy Basin,MT,48.16,-113.95,1841.0,20170131,7.16,21.2,15.62,,,,,52.9921546,0.0
325380,Noisy Basin,MT,48.16,-113.95,1841.0,20170201,4.1,12.2,7.16,,,,,52.9921546,0.0
325381,Noisy Basin,MT,48.16,-113.95,1841.0,20170202,1.22,7.7,4.1,,,,,52.9921546,0.0
325382,Noisy Basin,MT,48.16,-113.95,1841.0,20170203,3.74,29.3,21.74,,,,,62.007907499999995,1.09842579
325383,Noisy Basin,MT,48.16,-113.95,1841.0,20170204,24.44,29.48,26.96,,,,,65.9842876,0.59842552
325384,Noisy Basin,MT,48.16,-113.95,1841.0,20170205,27.5,31.64,30.38,,,,,69.0157853,0.79921303
325385,Noisy Basin,MT,48.16,-113.95,1841.0,20170206,19.4,30.92,24.8,,,,,72.9921654,0.50000027
325386,Noisy Basin,MT,48.16,-113.95,1841.0,20170207,12.2,24.62,18.32,,,,,70.9842903,0.0
325387,Noisy Basin,MT,48.16,-113.95,1841.0,20170208,15.26,28.58,21.02,,,,,72.9921654,0.40157502
325388,Noisy Basin,MT,48.16,-113.95,1841.0,20170209,28.58,36.5,34.16,,,,,74.015788,0.90157529
325389,Noisy Basin,MT,48.16,-113.95,1841.0,20170210,23.0,34.34,29.48,,,,,72.00791290000001,0.0
325390,Noisy Basin,MT,48.16,-113.95,1841.0,20170211,19.94,28.76,23.18,,,,,70.9842903,0.0
325391,Noisy Basin,MT,48.16,-113.95,1841.0,20170212,16.88,27.5,21.74,,,,,70.9842903,0.0
325392,Noisy Basin,MT,48.16,-113.95,1841.0,20170213,22.82,34.88,27.86,,,,,70.0000378,0.0
325393,Noisy Basin,MT,48.16,-113.95,1841.0,20170214,27.68,39.92,33.08,,,,,69.0157853,0.0
325394,Noisy Basin,MT,48.16,-113.95,1841.0,20170215,32.72,42.62,37.4,,,,,70.0000378,0.0
325395,Noisy Basin,MT,48.16,-113.95,1841.0,20170216,31.64,38.66,36.32,,,,,74.015788,1.20078805
325396,Noisy Basin,MT,48.16,-113.95,1841.0,20170217,26.6,36.68,30.74,,,,,77.00791559999999,0.50000027
325397,Noisy Basin,MT,48.16,-113.95,1841.0,20170218,28.94,39.2,34.34,,,,,75.0000405,0.09842525
325398,Noisy Basin,MT,48.16,-113.95,1841.0,20170219,26.24,36.14,30.92,,,,,75.0000405,0.50000027
325399,Noisy Basin,MT,48.16,-113.95,1841.0,20170220,26.06,32.72,29.84,,,,,79.0157907,0.29921276
325400,Noisy Basin,MT,48.16,-113.95,1841.0,20170221,27.68,34.16,30.02,,,,,82.0079183,0.70078778
325401,Noisy Basin,MT,48.16,-113.95,1841.0,20170222,18.5,32.72,25.16,,,,,82.0079183,0.09842525
325402,Noisy Basin,MT,48.16,-113.95,1841.0,20170223,15.62,30.74,21.2,,,,,80.9842957,0.09842525
325403,Noisy Basin,MT,48.16,-113.95,1841.0,20170224,14.36,24.08,17.78,,,,,79.0157907,0.09842525
325404,Noisy Basin,MT,48.16,-113.95,1841.0,20170225,14.18,19.04,15.98,,,,,82.0079183,0.20078751
325405,Noisy Basin,MT,48.16,-113.95,1841.0,20170226,9.86,23.0,15.62,,,,,90.00004859999999,0.59842552
325406,Noisy Basin,MT,48.16,-113.95,1841.0,20170227,10.58,20.48,16.7,,,,,95.0000513,0.40157502
325407,Noisy Basin,MT,48.16,-113.95,1841.0,20170228,12.74,19.94,17.24,,,,,97.99217890000001,0.50000027
325408,Noisy Basin,MT,48.16,-113.95,1841.0,20170301,13.64,27.14,22.46,,,,,97.99217890000001,0.29921276
325409,Noisy Basin,MT,48.16,-113.95,1841.0,20170302,25.16,31.82,27.5,,,,,95.0000513,0.0
325410,Noisy Basin,MT,48.16,-113.95,1841.0,20170303,27.68,34.34,30.2,,,,,95.0000513,0.40157502
325411,Noisy Basin,MT,48.16,-113.95,1841.0,20170304,24.98,34.34,30.02,,,,,97.99217890000001,0.50000027
325412,Noisy Basin,MT,48.16,-113.95,1841.0,20170305,15.26,32.0,24.44,,,,,100.98430649999999,0.40157502
325413,Noisy Basin,MT,48.16,-113.95,1841.0,20170306,12.74,27.68,19.04,,,,,102.9921816,0.20078751
325414,Noisy Basin,MT,48.16,-113.95,1841.0,20170307,17.24,27.68,21.02,,,,,102.9921816,0.40157502
325415,Noisy Basin,MT,48.16,-113.95,1841.0,20170308,21.74,32.9,25.34,,,,,102.9921816,0.20078751
325416,Noisy Basin,MT,48.16,-113.95,1841.0,20170309,21.74,33.8,26.78,,,,,104.0158042,0.59842552
325417,Noisy Basin,MT,48.16,-113.95,1841.0,20170310,31.1,36.14,33.62,,,,,104.0158042,0.70078778
325418,Noisy Basin,MT,48.16,-113.95,1841.0,20170311,31.64,43.34,35.24,,,,,100.98430649999999,0.0
325419,Noisy Basin,MT,48.16,-113.95,1841.0,20170312,30.02,36.32,32.0,,,,,102.0079291,0.09842525
325420,Noisy Basin,MT,48.16,-113.95,1841.0,20170313,30.74,38.3,33.08,,,,,105.9843092,1.00000054
325421,Noisy Basin,MT,48.16,-113.95,1841.0,20170314,33.98,40.46,37.04,,,,,105.9843092,1.79921357
325422,Noisy Basin,MT,48.16,-113.95,1841.0,20170315,36.32,39.74,38.48,,,,,100.98430649999999,1.00000054
325423,Noisy Basin,MT,48.16,-113.95,1841.0,20170316,21.2,36.32,31.28,,,,,99.0158015,0.0
325424,Noisy Basin,MT,48.16,-113.95,1841.0,20170317,20.66,41.9,32.9,,,,,97.99217890000001,0.0
325425,Noisy Basin,MT,48.16,-113.95,1841.0,20170318,32.0,40.82,37.94,,,,,95.98430379999999,0.29921276
325426,Noisy Basin,MT,48.16,-113.95,1841.0,20170319,24.8,39.38,31.1,,,,,95.0000513,0.20078751
325427,Noisy Basin,MT,48.16,-113.95,1841.0,20170320,23.36,38.3,30.74,,,,,94.0157988,0.0
325428,Noisy Basin,MT,48.16,-113.95,1841.0,20170321,31.28,47.48,38.48,,,,,92.0079237,0.29921276
325429,Noisy Basin,MT,48.16,-113.95,1841.0,20170322,33.08,41.9,35.42,,,,,95.0000513,0.40157502
325430,Noisy Basin,MT,48.16,-113.95,1841.0,20170323,23.9,38.12,30.92,,,,,95.0000513,0.20078751
325431,Noisy Basin,MT,48.16,-113.95,1841.0,20170324,24.08,40.28,33.08,,,,,94.0157988,0.09842525
325432,Noisy Basin,MT,48.16,-113.95,1841.0,20170325,29.12,39.74,31.64,,,,,92.9921762,0.09842525
325433,Noisy Basin,MT,48.16,-113.95,1841.0,20170326,24.62,43.16,32.9,,,,,90.9843011,0.20078751
325434,Noisy Basin,MT,48.16,-113.95,1841.0,20170327,29.84,36.5,32.72,,,,,97.99217890000001,0.40157502
325435,Noisy Basin,MT,48.16,-113.95,1841.0,20170328,29.3,33.26,30.56,,,,,99.0158015,0.20078751
325436,Noisy Basin,MT,48.16,-113.95,1841.0,20170329,30.2,36.14,33.44,,,,,100.98430649999999,0.50000027
325437,Noisy Basin,MT,48.16,-113.95,1841.0,20170330,32.0,42.8,35.24,,,,,99.0158015,0.0
325438,Noisy Basin,MT,48.16,-113.95,1841.0,20170331,32.0,48.38,37.58,,,,,100.98430649999999,0.0
325439,Noisy Basin,MT,48.16,-113.95,1841.0,20170401,30.92,40.46,35.06,,,,,100.000054,0.09842525
325440,Noisy Basin,MT,48.16,-113.95,1841.0,20170402,26.42,40.46,32.54,,,,,100.98430649999999,0.09842525
325441,Noisy Basin,MT,48.16,-113.95,1841.0,20170403,21.92,34.34,27.5,,,,,102.0079291,0.20078751
325442,Noisy Basin,MT,48.16,-113.95,1841.0,20170404,24.26,40.1,30.38,,,,,100.98430649999999,0.09842525
325443,Noisy Basin,MT,48.16,-113.95,1841.0,20170405,30.56,45.86,37.58,,,,,100.000054,0.0
325444,Noisy Basin,MT,48.16,-113.95,1841.0,20170406,35.42,50.0,42.8,,,,,90.9843011,0.0
325445,Noisy Basin,MT,48.16,-113.95,1841.0,20170407,30.92,44.78,36.68,,,,,92.0079237,0.20078751
325446,Noisy Basin,MT,48.16,-113.95,1841.0,20170408,27.32,42.8,33.98,,,,,89.01579609999999,0.70078778
325447,Noisy Basin,MT,48.16,-113.95,1841.0,20170409,20.12,34.52,27.14,,,,,102.9921816,1.40157556
325448,Noisy Basin,MT,48.16,-113.95,1841.0,20170410,20.3,34.34,26.96,,,,,100.000054,0.40157502
325449,Noisy Basin,MT,48.16,-113.95,1841.0,20170411,25.34,42.44,32.54,,,,,100.000054,0.0
325450,Noisy Basin,MT,48.16,-113.95,1841.0,20170412,33.62,40.46,36.68,,,,,99.0158015,0.0
325451,Noisy Basin,MT,48.16,-113.95,1841.0,20170413,30.56,45.86,36.86,,,,,97.99217890000001,0.59842552
325452,Noisy Basin,MT,48.16,-113.95,1841.0,20170414,26.78,40.1,30.56,,,,,97.0079264,0.0
325453,Noisy Basin,MT,48.16,-113.95,1841.0,20170415,24.08,34.34,28.4,,,,,97.0079264,0.29921276
325454,Noisy Basin,MT,48.16,-113.95,1841.0,20170416,21.2,46.58,34.7,,,,,92.0079237,0.0
325455,Noisy Basin,MT,48.16,-113.95,1841.0,20170417,33.08,40.1,35.06,,,,,95.98430379999999,0.59842552
325456,Noisy Basin,MT,48.16,-113.95,1841.0,20170418,31.1,47.84,36.5,,,,,102.9921816,0.29921276
325457,Noisy Basin,MT,48.16,-113.95,1841.0,20170419,31.28,49.28,36.68,,,,,104.0158042,0.0
325458,Noisy Basin,MT,48.16,-113.95,1841.0,20170420,32.0,47.84,37.22,,,,,107.0079318,1.00000054
325459,Noisy Basin,MT,48.16,-113.95,1841.0,20170421,30.2,43.52,34.34,,,,,107.99218429999999,0.40157502
325460,Noisy Basin,MT,48.16,-113.95,1841.0,20170422,29.3,53.24,40.1,,,,,100.98430649999999,0.0
325461,Noisy Basin,MT,48.16,-113.95,1841.0,20170423,33.62,45.32,37.22,,,,,100.98430649999999,0.20078751
325462,Noisy Basin,MT,48.16,-113.95,1841.0,20170424,32.18,46.22,35.78,,,,,100.98430649999999,0.40157502
325463,Noisy Basin,MT,48.16,-113.95,1841.0,20170425,32.0,42.44,34.34,,,,,102.0079291,0.59842552
325464,Noisy Basin,MT,48.16,-113.95,1841.0,20170426,30.74,37.04,33.26,,,,,110.9843119,1.20078805
325465,Noisy Basin,MT,48.16,-113.95,1841.0,20170427,29.66,33.8,30.74,,,,,120.9843173,2.00000108
325466,Noisy Basin,MT,48.16,-113.95,1841.0,20170428,28.94,41.9,32.9,,,,,117.0079372,0.20078751
325467,Noisy Basin,MT,48.16,-113.95,1841.0,20170429,30.92,42.26,34.52,,,,,114.0158096,0.40157502
325468,Noisy Basin,MT,48.16,-113.95,1841.0,20170430,31.28,39.74,34.16,,,,,115.98431459999999,0.50000027
325469,Noisy Basin,MT,48.16,-113.95,1841.0,20170501,31.1,47.12,35.78,,,,,120.9843173,0.50000027
325470,Noisy Basin,MT,48.16,-113.95,1841.0,20170502,30.2,43.16,33.44,,,,,120.9843173,0.20078751
325471,Noisy Basin,MT,48.16,-113.95,1841.0,20170503,28.94,52.34,40.46,,,,,119.0158123,0.0
325472,Noisy Basin,MT,48.16,-113.95,1841.0,20170504,39.38,65.12,51.98,,,,,117.99218970000001,0.0
325473,Noisy Basin,MT,48.16,-113.95,1841.0,20170505,46.22,63.68,53.96,,,,,112.00793449999999,0.0
325474,Noisy Basin,MT,48.16,-113.95,1841.0,20170506,36.5,59.18,45.68,,,,,110.0000594,0.0
325475,Noisy Basin,MT,48.16,-113.95,1841.0,20170507,31.82,41.72,35.06,,,,,112.00793449999999,0.90157529
325476,Noisy Basin,MT,48.16,-113.95,1841.0,20170508,29.84,54.14,40.28,,,,,109.01580690000002,0.09842525
325477,Noisy Basin,MT,48.16,-113.95,1841.0,20170509,36.14,58.82,46.4,,,,,107.99218429999999,0.0
325478,Noisy Basin,MT,48.16,-113.95,1841.0,20170510,41.0,62.78,50.72,,,,,107.0079318,0.0
325479,Noisy Basin,MT,48.16,-113.95,1841.0,20170511,45.5,69.8,56.84,,,,,102.0079291,0.0
325480,Noisy Basin,MT,48.16,-113.95,1841.0,20170512,31.82,47.48,39.92,,,,,104.0158042,0.90157529
325481,Noisy Basin,MT,48.16,-113.95,1841.0,20170513,29.84,41.54,33.08,,,,,102.9921816,0.09842525
325482,Noisy Basin,MT,48.16,-113.95,1841.0,20170514,26.78,41.36,31.64,,,,,105.0000567,0.29921276
325483,Noisy Basin,MT,48.16,-113.95,1841.0,20170515,26.06,49.46,36.32,,,,,102.9921816,0.0
325484,Noisy Basin,MT,48.16,-113.95,1841.0,20170516,33.62,43.7,37.94,,,,,102.9921816,0.0
325485,Noisy Basin,MT,48.16,-113.95,1841.0,20170517,35.42,42.08,37.76,,,,,102.0079291,0.0
325486,Noisy Basin,MT,48.16,-113.95,1841.0,20170518,34.34,55.58,42.26,,,,,100.98430649999999,0.0
325487,Noisy Basin,MT,48.16,-113.95,1841.0,20170519,37.76,57.74,45.14,,,,,99.0158015,0.0
325488,Noisy Basin,MT,48.16,-113.95,1841.0,20170520,39.38,56.66,46.04,,,,,97.0079264,0.0
325489,Noisy Basin,MT,48.16,-113.95,1841.0,20170521,40.28,63.14,50.18,,,,,95.98430379999999,0.0
325490,Noisy Basin,MT,48.16,-113.95,1841.0,20170522,43.52,67.28,53.6,,,,,92.9921762,0.0
325491,Noisy Basin,MT,48.16,-113.95,1841.0,20170523,45.32,68.72,56.12,,,,,89.01579609999999,0.09842525
325492,Noisy Basin,MT,48.16,-113.95,1841.0,20170524,32.9,51.98,41.54,,,,,87.99217349999999,0.09842525
325493,Noisy Basin,MT,48.16,-113.95,1841.0,20170525,33.26,53.42,42.26,,,,,84.0157934,0.0
325494,Noisy Basin,MT,48.16,-113.95,1841.0,20170526,37.22,61.16,46.94,,,,,82.9921708,0.0
325495,Noisy Basin,MT,48.16,-113.95,1841.0,20170527,40.46,63.86,51.26,,,,,80.9842957,0.0
325496,Noisy Basin,MT,48.16,-113.95,1841.0,20170528,45.68,68.72,56.12,,,,,77.00791559999999,0.0
325497,Noisy Basin,MT,48.16,-113.95,1841.0,20170529,46.04,70.52,57.74,,,,,72.00791290000001,0.0
325498,Noisy Basin,MT,48.16,-113.95,1841.0,20170530,49.1,72.68,59.54,,,,,67.9921627,0.0
325499,Noisy Basin,MT,48.16,-113.95,1841.0,20170531,44.06,73.58,59.18,,,,,65.9842876,0.20078751
325500,Noisy Basin,MT,48.16,-113.95,1841.0,20170601,41.54,57.74,47.12,,,,,64.0157826,0.20078751
325501,Noisy Basin,MT,48.16,-113.95,1841.0,20170602,41.54,58.64,46.58,,,,,60.98428489999999,0.0
325502,Noisy Basin,MT,48.16,-113.95,1841.0,20170603,42.8,70.52,55.58,,,,,57.0079048,0.0
325503,Noisy Basin,MT,48.16,-113.95,1841.0,20170604,41.0,66.56,53.42,,,,,55.9842822,0.09842525
325504,Noisy Basin,MT,48.16,-113.95,1841.0,20170605,40.64,59.0,46.22,,,,,54.0157772,0.40157502
325505,Noisy Basin,MT,48.16,-113.95,1841.0,20170606,45.5,66.92,55.04,,,,,50.000027,0.0
325506,Noisy Basin,MT,48.16,-113.95,1841.0,20170607,49.28,75.56,62.78,,,,,45.00002429999999,0.0
325507,Noisy Basin,MT,48.16,-113.95,1841.0,20170608,41.72,73.22,58.28,,,,,40.9842741,0.40157502
325508,Noisy Basin,MT,48.16,-113.95,1841.0,20170609,35.42,52.88,43.34,,,,,37.992146500000004,0.09842525
325509,Noisy Basin,MT,48.16,-113.95,1841.0,20170610,35.06,46.58,39.02,,,,,35.9842714,0.09842525
325510,Noisy Basin,MT,48.16,-113.95,1841.0,20170611,34.7,58.46,44.6,,,,,34.0157664,0.0
325511,Noisy Basin,MT,48.16,-113.95,1841.0,20170612,45.5,68.9,56.84,,,,,30.0000162,0.0
325512,Noisy Basin,MT,48.16,-113.95,1841.0,20170613,39.38,52.7,43.88,,,,,27.9921411,1.90157583
325513,Noisy Basin,MT,48.16,-113.95,1841.0,20170614,37.94,55.04,43.52,,,,,27.9921411,0.09842525
325514,Noisy Basin,MT,48.16,-113.95,1841.0,20170615,39.2,47.84,43.34,,,,,24.015760999999998,0.0
325515,Noisy Basin,MT,48.16,-113.95,1841.0,20170616,40.28,45.14,43.16,,,,,20.9842633,1.2992133
325516,Noisy Basin,MT,48.16,-113.95,1841.0,20170617,39.38,55.4,44.6,,,,,22.992138399999998,0.0
325517,Noisy Basin,MT,48.16,-113.95,1841.0,20170618,40.64,46.4,43.88,,,,,17.0078832,0.0
325518,Noisy Basin,MT,48.16,-113.95,1841.0,20170619,45.14,66.38,54.86,,,,,15.0000081,0.0
325519,Noisy Basin,MT,48.16,-113.95,1841.0,20170620,49.28,66.2,57.38,,,,,12.992133,0.0
325520,Noisy Basin,MT,48.16,-113.95,1841.0,20170621,45.14,64.58,54.32,,,,,9.0157529,0.0
325521,Noisy Basin,MT,48.16,-113.95,1841.0,20170622,37.94,59.0,48.2,,,,,7.007877799999999,0.0
325522,Noisy Basin,MT,48.16,-113.95,1841.0,20170623,42.08,61.88,51.8,,,,,2.9921276000000003,0.0
325523,Noisy Basin,MT,48.16,-113.95,1841.0,20170624,45.86,67.82,55.76,,,,,0.0,0.0
325524,Noisy Basin,MT,48.16,-113.95,1841.0,20170625,48.38,71.96,60.62,,,,,0.0,0.0
325525,Noisy Basin,MT,48.16,-113.95,1841.0,20170626,50.36,76.46,64.4,,,,,0.0,0.0
325526,Noisy Basin,MT,48.16,-113.95,1841.0,20170627,47.84,67.28,55.4,,,,,0.0,0.0
325527,Noisy Basin,MT,48.16,-113.95,1841.0,20170628,44.42,64.4,52.88,,,,,0.0,0.0
325528,Noisy Basin,MT,48.16,-113.95,1841.0,20170629,44.96,62.78,51.26,,,,,0.0,0.0
325529,Noisy Basin,MT,48.16,-113.95,1841.0,20170630,46.22,68.36,57.2,,,,,0.0,0.0
325530,Noisy Basin,MT,48.16,-113.95,1841.0,20170701,52.34,72.68,61.88,,,,,0.0,0.0
325531,Noisy Basin,MT,48.16,-113.95,1841.0,20170702,53.96,74.3,64.04,,,,,0.0,0.0
325532,Noisy Basin,MT,48.16,-113.95,1841.0,20170703,51.62,74.3,62.24,,,,,0.0,0.0
325533,Noisy Basin,MT,48.16,-113.95,1841.0,20170704,49.28,73.22,61.34,,,,,0.0,0.0
325534,Noisy Basin,MT,48.16,-113.95,1841.0,20170705,54.5,77.9,66.56,,,,,0.0,0.0
325535,Noisy Basin,MT,48.16,-113.95,1841.0,20170706,59.9,80.42,69.44,,,,,0.0,0.0
325536,Noisy Basin,MT,48.16,-113.95,1841.0,20170707,61.16,84.2,70.88,,,,,0.0,0.0
325537,Noisy Basin,MT,48.16,-113.95,1841.0,20170708,58.64,81.14,69.62,,,,,0.0,0.0
325538,Noisy Basin,MT,48.16,-113.95,1841.0,20170709,56.66,79.7,68.18,,,,,0.0,0.0
325539,Noisy Basin,MT,48.16,-113.95,1841.0,20170710,51.98,71.6,61.88,,,,,0.0,0.0
325540,Noisy Basin,MT,48.16,-113.95,1841.0,20170711,48.2,68.0,57.92,,,,,0.0,0.09842525
325541,Noisy Basin,MT,48.16,-113.95,1841.0,20170712,50.36,71.96,60.8,,,,,0.0,0.0
325542,Noisy Basin,MT,48.16,-113.95,1841.0,20170713,54.14,79.7,66.38,,,,,0.0,0.0
325543,Noisy Basin,MT,48.16,-113.95,1841.0,20170714,53.96,79.7,67.46,,,,,0.0,0.0
325544,Noisy Basin,MT,48.16,-113.95,1841.0,20170715,55.76,77.18,66.74,,,,,0.0,0.0
325545,Noisy Basin,MT,48.16,-113.95,1841.0,20170716,47.12,67.64,59.0,,,,,0.0,0.0
325546,Noisy Basin,MT,48.16,-113.95,1841.0,20170717,42.98,66.74,54.14,,,,,0.0,0.0
325547,Noisy Basin,MT,48.16,-113.95,1841.0,20170718,49.1,69.44,59.9,,,,,0.0,0.0
325548,Noisy Basin,MT,48.16,-113.95,1841.0,20170719,50.54,73.76,62.24,,,,,0.0,0.0
325549,Noisy Basin,MT,48.16,-113.95,1841.0,20170720,49.1,73.94,62.24,,,,,0.0,0.0
325550,Noisy Basin,MT,48.16,-113.95,1841.0,20170721,45.86,67.1,56.3,,,,,0.0,0.0
325551,Noisy Basin,MT,48.16,-113.95,1841.0,20170722,47.66,70.34,59.54,,,,,0.0,0.0
325552,Noisy Basin,MT,48.16,-113.95,1841.0,20170723,53.6,77.36,65.12,,,,,0.0,0.0
325553,Noisy Basin,MT,48.16,-113.95,1841.0,20170724,53.78,75.92,63.68,,,,,0.0,0.0
325554,Noisy Basin,MT,48.16,-113.95,1841.0,20170725,50.0,72.5,60.98,,,,,0.0,0.0
325555,Noisy Basin,MT,48.16,-113.95,1841.0,20170726,54.14,75.38,64.94,,,,,0.0,0.0
325556,Noisy Basin,MT,48.16,-113.95,1841.0,20170727,55.94,77.18,65.3,,,,,0.0,0.0
325557,Noisy Basin,MT,48.16,-113.95,1841.0,20170728,52.7,76.28,64.76,,,,,0.0,0.0
325558,Noisy Basin,MT,48.16,-113.95,1841.0,20170729,57.2,79.16,67.28,,,,,0.0,0.0
325559,Noisy Basin,MT,48.16,-113.95,1841.0,20170730,55.58,78.62,66.56,,,,,0.0,0.0
325560,Noisy Basin,MT,48.16,-113.95,1841.0,20170731,54.68,76.82,65.3,,,,,0.0,0.0
325561,Noisy Basin,MT,48.16,-113.95,1841.0,20170801,53.6,77.0,65.48,,,,,0.0,0.0
325562,Noisy Basin,MT,48.16,-113.95,1841.0,20170802,49.1,66.2,56.3,,,,,0.0,0.09842525
325563,Noisy Basin,MT,48.16,-113.95,1841.0,20170803,47.66,73.04,60.26,,,,,0.0,0.0
325564,Noisy Basin,MT,48.16,-113.95,1841.0,20170804,51.62,75.02,61.52,,,,,0.0,0.0
325565,Noisy Basin,MT,48.16,-113.95,1841.0,20170805,49.64,61.34,54.32,,,,,0.0,0.0
325566,Noisy Basin,MT,48.16,-113.95,1841.0,20170806,48.74,71.6,59.54,,,,,0.0,0.0
325567,Noisy Basin,MT,48.16,-113.95,1841.0,20170807,59.0,73.58,66.2,,,,,0.0,0.0
325568,Noisy Basin,MT,48.16,-113.95,1841.0,20170808,54.86,69.98,61.7,,,,,0.0,0.0
325569,Noisy Basin,MT,48.16,-113.95,1841.0,20170809,50.9,74.3,62.6,,,,,0.0,0.0
325570,Noisy Basin,MT,48.16,-113.95,1841.0,20170810,56.66,74.3,63.68,,,,,0.0,0.0
325571,Noisy Basin,MT,48.16,-113.95,1841.0,20170811,54.86,71.6,62.96,,,,,0.0,0.0
325572,Noisy Basin,MT,48.16,-113.95,1841.0,20170812,56.12,75.92,64.76,,,,,0.0,0.0
325573,Noisy Basin,MT,48.16,-113.95,1841.0,20170813,48.2,61.52,53.42,,,,,0.0,0.29921276
325574,Noisy Basin,MT,48.16,-113.95,1841.0,20170814,45.5,62.06,51.08,,,,,0.0,0.0
325575,Noisy Basin,MT,48.16,-113.95,1841.0,20170815,43.16,64.76,53.06,,,,,0.0,0.0
325576,Noisy Basin,MT,48.16,-113.95,1841.0,20170816,46.58,67.46,57.2,,,,,0.0,0.0
325577,Noisy Basin,MT,48.16,-113.95,1841.0,20170817,49.64,69.8,58.82,,,,,0.0,0.0
325578,Noisy Basin,MT,48.16,-113.95,1841.0,20170818,49.1,72.68,59.54,,,,,0.0,0.0
325579,Noisy Basin,MT,48.16,-113.95,1841.0,20170819,48.38,65.84,55.22,,,,,0.0,0.0
325580,Noisy Basin,MT,48.16,-113.95,1841.0,20170820,44.6,64.22,53.42,,,,,0.0,0.0
325581,Noisy Basin,MT,48.16,-113.95,1841.0,20170821,47.48,65.84,55.76,,,,,0.0,0.0
325582,Noisy Basin,MT,48.16,-113.95,1841.0,20170822,52.88,73.76,61.88,,,,,0.0,0.0
325583,Noisy Basin,MT,48.16,-113.95,1841.0,20170823,55.4,73.94,63.68,,,,,0.0,0.09842525
325584,Noisy Basin,MT,48.16,-113.95,1841.0,20170824,50.0,63.5,55.94,,,,,0.0,0.09842525
325585,Noisy Basin,MT,48.16,-113.95,1841.0,20170825,44.78,65.3,54.86,,,,,0.0,0.0
325586,Noisy Basin,MT,48.16,-113.95,1841.0,20170826,46.22,68.0,56.12,,,,,0.0,0.0
325587,Noisy Basin,MT,48.16,-113.95,1841.0,20170827,53.24,74.66,62.42,,,,,0.0,0.0
325588,Noisy Basin,MT,48.16,-113.95,1841.0,20170828,56.48,74.3,65.3,,,,,0.0,0.0
325589,Noisy Basin,MT,48.16,-113.95,1841.0,20170829,60.98,78.8,68.72,,,,,0.0,0.0
325590,Noisy Basin,MT,48.16,-113.95,1841.0,20170830,58.64,79.52,67.64,,,,,0.0,0.0
325591,Noisy Basin,MT,48.16,-113.95,1841.0,20170831,51.26,70.52,59.9,,,,,0.0,0.0
325592,Noisy Basin,MT,48.16,-113.95,1841.0,20170901,47.84,71.06,58.64,,,,,0.0,0.0
325593,Noisy Basin,MT,48.16,-113.95,1841.0,20170902,54.68,74.66,63.5,,,,,0.0,0.0
325594,Noisy Basin,MT,48.16,-113.95,1841.0,20170903,53.24,74.3,64.76,,,,,0.0,0.0
325595,Noisy Basin,MT,48.16,-113.95,1841.0,20170904,48.56,65.12,55.04,,,,,0.0,0.0
325596,Noisy Basin,MT,48.16,-113.95,1841.0,20170905,47.12,66.56,56.84,,,,,0.0,0.0
325597,Noisy Basin,MT,48.16,-113.95,1841.0,20170906,54.14,68.9,61.88,,,,,0.0,0.0
325598,Noisy Basin,MT,48.16,-113.95,1841.0,20170907,59.0,75.02,66.92,,,,,0.0,0.0
325599,Noisy Basin,MT,48.16,-113.95,1841.0,20170908,57.2,69.62,62.96,,,,,0.0,0.0
325600,Noisy Basin,MT,48.16,-113.95,1841.0,20170909,54.14,72.14,60.98,,,,,0.0,0.0
325601,Noisy Basin,MT,48.16,-113.95,1841.0,20170910,48.2,64.94,55.04,,,,,0.0,0.0
325602,Noisy Basin,MT,48.16,-113.95,1841.0,20170911,45.68,67.46,56.12,,,,,0.0,0.0
325603,Noisy Basin,MT,48.16,-113.95,1841.0,20170912,51.98,70.16,60.08,,,,,0.0,0.0
325604,Noisy Basin,MT,48.16,-113.95,1841.0,20170913,39.38,61.52,53.42,,,,,0.0,0.0
325605,Noisy Basin,MT,48.16,-113.95,1841.0,20170914,34.16,39.38,36.68,,,,,0.0,0.0
325606,Noisy Basin,MT,48.16,-113.95,1841.0,20170915,33.26,35.06,33.98,,,,,0.0,0.0
325607,Noisy Basin,MT,48.16,-113.95,1841.0,20170916,32.72,46.4,37.94,,,,,0.0,0.09842525
325608,Noisy Basin,MT,48.16,-113.95,1841.0,20170917,34.34,51.8,43.34,,,,,0.0,0.20078751
325609,Noisy Basin,MT,48.16,-113.95,1841.0,20170918,34.7,42.44,38.3,,,,,0.0,0.79921303
325610,Noisy Basin,MT,48.16,-113.95,1841.0,20170919,33.08,35.96,34.16,,,,,0.9842525,0.79921303
325611,Noisy Basin,MT,48.16,-113.95,1841.0,20170920,32.0,36.14,33.62,,,,,5.0000027000000005,1.00000054
325612,Noisy Basin,MT,48.16,-113.95,1841.0,20170921,31.46,41.36,34.7,,,,,5.984255200000001,0.20078751
325613,Pike Creek,MT,48.3,-113.33,1807.5,20170101,-1.84,17.78,5.0,,,,,12.007880499999999,0.20078751
325614,Pike Creek,MT,48.3,-113.33,1807.5,20170102,-8.5,2.3,-3.46,,,,,10.9842579,0.09842525
325615,Pike Creek,MT,48.3,-113.33,1807.5,20170103,-7.78,4.82,-4.54,,,,,10.9842579,0.09842525
325616,Pike Creek,MT,48.3,-113.33,1807.5,20170104,-6.34,17.6,4.46,,,,,10.9842579,0.0
325617,Pike Creek,MT,48.3,-113.33,1807.5,20170105,5.36,11.12,8.24,,,,,7.007877799999999,0.0
325618,Pike Creek,MT,48.3,-113.33,1807.5,20170106,7.16,17.24,12.2,,,,,7.007877799999999,0.09842525
325619,Pike Creek,MT,48.3,-113.33,1807.5,20170107,-1.66,27.5,12.74,,,,,7.9921303,0.0
325620,Pike Creek,MT,48.3,-113.33,1807.5,20170108,-1.48,30.38,19.4,,,,,10.000005400000001,0.29921276
325621,Pike Creek,MT,48.3,-113.33,1807.5,20170109,-8.32,32.54,24.98,,,,,17.9921357,0.79921303
325622,Pike Creek,MT,48.3,-113.33,1807.5,20170110,-13.72,20.66,-3.64,,,,,24.015760999999998,0.50000027
325623,Pike Creek,MT,48.3,-113.33,1807.5,20170111,-14.62,21.92,4.46,,,,,17.9921357,0.0
325624,Pike Creek,MT,48.3,-113.33,1807.5,20170112,5.0,15.44,10.76,,,,,15.9842606,0.0
325625,Pike Creek,MT,48.3,-113.33,1807.5,20170113,12.56,21.56,15.8,,,,,14.015755599999999,0.0
325626,Pike Creek,MT,48.3,-113.33,1807.5,20170114,13.28,23.18,18.32,,,,,7.9921303,0.0
325627,Pike Creek,MT,48.3,-113.33,1807.5,20170115,18.14,26.78,22.46,,,,,7.9921303,0.0
325628,Pike Creek,MT,48.3,-113.33,1807.5,20170116,18.5,32.36,24.26,,,,,5.984255200000001,0.0
325629,Pike Creek,MT,48.3,-113.33,1807.5,20170117,28.76,40.64,35.78,,,,,4.0157502,0.09842525
325630,Pike Creek,MT,48.3,-113.33,1807.5,20170118,32.9,40.46,36.86,,,,,2.9921276000000003,0.09842525
325631,Pike Creek,MT,48.3,-113.33,1807.5,20170119,29.48,37.76,33.08,,,,,2.9921276000000003,0.0
325632,Pike Creek,MT,48.3,-113.33,1807.5,20170120,24.44,35.24,28.94,,,,,4.0157502,0.09842525
325633,Pike Creek,MT,48.3,-113.33,1807.5,20170121,23.18,36.32,27.14,,,,,2.9921276000000003,0.0
325634,Pike Creek,MT,48.3,-113.33,1807.5,20170122,19.04,41.18,26.6,,,,,2.0078751,0.0
325635,Pike Creek,MT,48.3,-113.33,1807.5,20170123,15.62,24.08,18.5,,,,,5.0000027000000005,0.0
325636,Pike Creek,MT,48.3,-113.33,1807.5,20170124,14.9,25.16,20.12,,,,,4.0157502,0.0
325637,Pike Creek,MT,48.3,-113.33,1807.5,20170125,17.6,23.0,19.58,,,,,5.0000027000000005,0.09842525
325638,Pike Creek,MT,48.3,-113.33,1807.5,20170126,17.06,21.38,19.4,,,,,4.0157502,0.0
325639,Pike Creek,MT,48.3,-113.33,1807.5,20170127,19.4,23.72,21.56,,,,,4.0157502,0.0
325640,Pike Creek,MT,48.3,-113.33,1807.5,20170128,23.18,33.44,27.68,,,,,4.0157502,0.09842525
325641,Pike Creek,MT,48.3,-113.33,1807.5,20170129,29.66,39.56,34.7,,,,,2.9921276000000003,0.0
325642,Pike Creek,MT,48.3,-113.33,1807.5,20170130,21.38,32.54,28.94,,,,,2.9921276000000003,0.0
325643,Pike Creek,MT,48.3,-113.33,1807.5,20170131,4.46,21.38,12.56,,,,,5.0000027000000005,0.0
325644,Pike Creek,MT,48.3,-113.33,1807.5,20170201,1.76,14.72,6.8,,,,,4.0157502,0.0
325645,Pike Creek,MT,48.3,-113.33,1807.5,20170202,0.86,18.14,7.52,,,,,2.9921276000000003,0.09842525
325646,Pike Creek,MT,48.3,-113.33,1807.5,20170203,3.92,31.46,13.82,,,,,9.0157529,0.40157502
325647,Pike Creek,MT,48.3,-113.33,1807.5,20170204,0.68,31.46,11.3,,,,,19.0157583,1.09842579
325648,Pike Creek,MT,48.3,-113.33,1807.5,20170205,-6.52,32.72,5.72,,,,,35.9842714,1.2992133
325649,Pike Creek,MT,48.3,-113.33,1807.5,20170206,-9.76,6.98,-6.34,,,,,44.015771799999996,0.79921303
325650,Pike Creek,MT,48.3,-113.33,1807.5,20170207,-15.52,16.16,-7.78,,,,,42.0078967,0.20078751
325651,Pike Creek,MT,48.3,-113.33,1807.5,20170208,14.9,28.04,20.12,,,,,39.0157691,0.09842525
325652,Pike Creek,MT,48.3,-113.33,1807.5,20170209,28.04,40.1,36.32,,,,,32.9921438,1.2992133
325653,Pike Creek,MT,48.3,-113.33,1807.5,20170210,26.78,37.4,32.0,,,,,30.0000162,0.09842525
325654,Pike Creek,MT,48.3,-113.33,1807.5,20170211,21.56,27.68,24.44,,,,,29.015763699999997,0.0
325655,Pike Creek,MT,48.3,-113.33,1807.5,20170212,21.2,32.54,26.42,,,,,27.9921411,0.0
325656,Pike Creek,MT,48.3,-113.33,1807.5,20170213,27.86,38.84,33.08,,,,,25.984266,0.09842525
325657,Pike Creek,MT,48.3,-113.33,1807.5,20170214,32.18,43.16,37.76,,,,,25.0000135,0.0
325658,Pike Creek,MT,48.3,-113.33,1807.5,20170215,39.2,46.4,42.26,,,,,22.007885899999998,0.09842525
325659,Pike Creek,MT,48.3,-113.33,1807.5,20170216,32.72,42.08,38.66,,,,,20.9842633,0.20078751
325660,Pike Creek,MT,48.3,-113.33,1807.5,20170217,28.4,34.7,31.82,,,,,20.000010800000002,0.20078751
325661,Pike Creek,MT,48.3,-113.33,1807.5,20170218,29.66,42.26,34.88,,,,,19.0157583,0.0
325662,Pike Creek,MT,48.3,-113.33,1807.5,20170219,28.58,37.22,32.9,,,,,20.000010800000002,0.09842525
325663,Pike Creek,MT,48.3,-113.33,1807.5,20170220,27.5,34.7,31.64,,,,,22.992138399999998,0.40157502
325664,Pike Creek,MT,48.3,-113.33,1807.5,20170221,27.86,37.4,31.46,,,,,27.9921411,0.29921276
325665,Pike Creek,MT,48.3,-113.33,1807.5,20170222,21.02,31.64,25.7,,,,,27.0078886,0.0
325666,Pike Creek,MT,48.3,-113.33,1807.5,20170223,14.36,41.18,20.12,,,,,25.984266,0.0
325667,Pike Creek,MT,48.3,-113.33,1807.5,20170224,14.9,24.26,17.96,,,,,25.0000135,0.0
325668,Pike Creek,MT,48.3,-113.33,1807.5,20170225,15.08,20.48,16.7,,,,,24.015760999999998,0.0
325669,Pike Creek,MT,48.3,-113.33,1807.5,20170226,2.48,17.6,11.66,,,,,25.984266,0.29921276
325670,Pike Creek,MT,48.3,-113.33,1807.5,20170227,2.84,23.18,14.54,,,,,25.984266,0.09842525
325671,Pike Creek,MT,48.3,-113.33,1807.5,20170228,12.74,22.82,17.06,,,,,30.984268699999998,0.70078778
325672,Pike Creek,MT,48.3,-113.33,1807.5,20170301,14.18,27.86,22.82,,,,,30.0000162,0.79921303
325673,Pike Creek,MT,48.3,-113.33,1807.5,20170302,17.42,32.18,28.04,,,,,27.9921411,0.20078751
325674,Pike Creek,MT,48.3,-113.33,1807.5,20170303,28.04,36.32,32.36,,,,,24.015760999999998,0.09842525
325675,Pike Creek,MT,48.3,-113.33,1807.5,20170304,26.6,37.22,32.0,,,,,30.984268699999998,0.50000027
325676,Pike Creek,MT,48.3,-113.33,1807.5,20170305,15.8,27.5,21.2,,,,,30.984268699999998,0.09842525
325677,Pike Creek,MT,48.3,-113.33,1807.5,20170306,16.16,24.44,19.76,,,,,32.0078913,0.09842525
325678,Pike Creek,MT,48.3,-113.33,1807.5,20170307,16.34,27.68,19.94,,,,,32.9921438,0.09842525
325679,Pike Creek,MT,48.3,-113.33,1807.5,20170308,-0.04,31.1,20.84,,,,,34.0157664,0.09842525
325680,Pike Creek,MT,48.3,-113.33,1807.5,20170309,-3.1,7.52,0.86,,,,,37.007894,0.59842552
325681,Pike Creek,MT,48.3,-113.33,1807.5,20170310,0.5,37.4,24.98,,,,,40.000021600000004,1.09842579
325682,Pike Creek,MT,48.3,-113.33,1807.5,20170311,32.0,46.94,36.14,,,,,42.9921492,0.40157502
325683,Pike Creek,MT,48.3,-113.33,1807.5,20170312,31.64,35.78,33.08,,,,,40.9842741,0.29921276
325684,Pike Creek,MT,48.3,-113.33,1807.5,20170313,31.46,40.1,35.06,,,,,37.992146500000004,0.0
325685,Pike Creek,MT,48.3,-113.33,1807.5,20170314,34.88,42.26,38.66,,,,,32.9921438,0.59842552
325686,Pike Creek,MT,48.3,-113.33,1807.5,20170315,36.32,43.88,40.28,,,,,27.9921411,0.29921276
325687,Pike Creek,MT,48.3,-113.33,1807.5,20170316,26.6,38.3,32.9,,,,,27.9921411,0.09842525
325688,Pike Creek,MT,48.3,-113.33,1807.5,20170317,24.8,49.64,34.7,,,,,27.9921411,0.20078751
325689,Pike Creek,MT,48.3,-113.33,1807.5,20170318,36.14,44.06,40.28,,,,,25.0000135,0.59842552
325690,Pike Creek,MT,48.3,-113.33,1807.5,20170319,25.52,36.14,32.54,,,,,25.0000135,0.0
325691,Pike Creek,MT,48.3,-113.33,1807.5,20170320,22.1,38.12,29.48,,,,,25.0000135,0.0
325692,Pike Creek,MT,48.3,-113.33,1807.5,20170321,21.2,53.24,35.42,,,,,25.0000135,0.09842525
325693,Pike Creek,MT,48.3,-113.33,1807.5,20170322,33.62,41.18,37.22,,,,,24.015760999999998,0.09842525
325694,Pike Creek,MT,48.3,-113.33,1807.5,20170323,28.94,37.94,32.9,,,,,24.015760999999998,0.09842525
325695,Pike Creek,MT,48.3,-113.33,1807.5,20170324,28.76,44.06,35.6,,,,,25.984266,0.20078751
325696,Pike Creek,MT,48.3,-113.33,1807.5,20170325,30.2,39.2,32.9,,,,,24.015760999999998,0.0
325697,Pike Creek,MT,48.3,-113.33,1807.5,20170326,28.58,40.46,33.98,,,,,24.015760999999998,0.09842525
325698,Pike Creek,MT,48.3,-113.33,1807.5,20170327,31.64,43.52,34.52,,,,,22.992138399999998,0.20078751
325699,Pike Creek,MT,48.3,-113.33,1807.5,20170328,30.2,35.78,32.36,,,,,22.992138399999998,0.0
325700,Pike Creek,MT,48.3,-113.33,1807.5,20170329,31.28,39.92,35.6,,,,,22.992138399999998,0.0
325701,Pike Creek,MT,48.3,-113.33,1807.5,20170330,33.8,44.42,37.4,,,,,22.007885899999998,0.09842525
325702,Pike Creek,MT,48.3,-113.33,1807.5,20170331,31.64,53.96,38.84,,,,,20.9842633,0.0
325703,Pike Creek,MT,48.3,-113.33,1807.5,20170401,34.7,43.16,37.76,,,,,20.000010800000002,0.0
325704,Pike Creek,MT,48.3,-113.33,1807.5,20170402,27.32,40.28,32.72,,,,,20.9842633,0.09842525
325705,Pike Creek,MT,48.3,-113.33,1807.5,20170403,24.08,33.8,27.68,,,,,22.007885899999998,0.09842525
325706,Pike Creek,MT,48.3,-113.33,1807.5,20170404,24.44,38.66,31.82,,,,,20.9842633,0.0
325707,Pike Creek,MT,48.3,-113.33,1807.5,20170405,33.98,46.4,39.56,,,,,20.000010800000002,0.0
325708,Pike Creek,MT,48.3,-113.33,1807.5,20170406,38.84,52.88,44.06,,,,,19.0157583,0.09842525
325709,Pike Creek,MT,48.3,-113.33,1807.5,20170407,33.08,48.38,38.84,,,,,19.0157583,0.20078751
325710,Pike Creek,MT,48.3,-113.33,1807.5,20170408,29.84,46.76,37.04,,,,,17.9921357,0.09842525
325711,Pike Creek,MT,48.3,-113.33,1807.5,20170409,25.7,33.98,29.66,,,,,20.000010800000002,0.20078751
325712,Pike Creek,MT,48.3,-113.33,1807.5,20170410,24.98,42.08,30.02,,,,,20.000010800000002,0.09842525
325713,Pike Creek,MT,48.3,-113.33,1807.5,20170411,26.78,42.98,33.98,,,,,19.0157583,0.09842525
325714,Pike Creek,MT,48.3,-113.33,1807.5,20170412,30.38,40.28,35.06,,,,,20.000010800000002,0.29921276
325715,Pike Creek,MT,48.3,-113.33,1807.5,20170413,32.0,44.96,37.22,,,,,17.9921357,0.20078751
325716,Pike Creek,MT,48.3,-113.33,1807.5,20170414,27.86,38.12,32.0,,,,,19.0157583,0.09842525
325717,Pike Creek,MT,48.3,-113.33,1807.5,20170415,26.78,31.82,29.12,,,,,19.0157583,0.20078751
325718,Pike Creek,MT,48.3,-113.33,1807.5,20170416,27.14,49.46,35.96,,,,,17.9921357,0.0
325719,Pike Creek,MT,48.3,-113.33,1807.5,20170417,29.66,38.3,35.42,,,,,19.0157583,0.20078751
325720,Pike Creek,MT,48.3,-113.33,1807.5,20170418,33.8,46.04,38.3,,,,,17.9921357,0.0
325721,Pike Creek,MT,48.3,-113.33,1807.5,20170419,32.72,47.84,39.02,,,,,17.0078832,0.0
325722,Pike Creek,MT,48.3,-113.33,1807.5,20170420,33.8,54.14,40.82,,,,,15.9842606,0.09842525
325723,Pike Creek,MT,48.3,-113.33,1807.5,20170421,31.82,40.1,34.7,,,,,17.0078832,0.20078751
325724,Pike Creek,MT,48.3,-113.33,1807.5,20170422,31.82,55.76,42.44,,,,,15.0000081,0.0
325725,Pike Creek,MT,48.3,-113.33,1807.5,20170423,33.98,47.66,39.74,,,,,14.015755599999999,0.0
325726,Pike Creek,MT,48.3,-113.33,1807.5,20170424,32.36,48.02,37.4,,,,,12.992133,0.0
325727,Pike Creek,MT,48.3,-113.33,1807.5,20170425,29.66,42.8,34.7,,,,,15.0000081,0.29921276
325728,Pike Creek,MT,48.3,-113.33,1807.5,20170426,32.0,44.06,35.06,,,,,14.015755599999999,0.20078751
325729,Pike Creek,MT,48.3,-113.33,1807.5,20170427,30.92,36.32,32.9,,,,,15.0000081,0.09842525
325730,Pike Creek,MT,48.3,-113.33,1807.5,20170428,30.74,46.76,34.34,,,,,15.0000081,0.20078751
325731,Pike Creek,MT,48.3,-113.33,1807.5,20170429,32.0,43.52,37.76,,,,,14.015755599999999,0.09842525
325732,Pike Creek,MT,48.3,-113.33,1807.5,20170430,32.9,42.44,36.32,,,,,12.992133,0.20078751
325733,Pike Creek,MT,48.3,-113.33,1807.5,20170501,32.54,45.32,37.4,,,,,12.992133,0.0
325734,Pike Creek,MT,48.3,-113.33,1807.5,20170502,30.56,42.98,35.96,,,,,12.007880499999999,0.0
325735,Pike Creek,MT,48.3,-113.33,1807.5,20170503,33.98,48.02,42.44,,,,,10.000005400000001,0.0
325736,Pike Creek,MT,48.3,-113.33,1807.5,20170504,43.34,63.86,53.78,,,,,5.984255200000001,0.0
325737,Pike Creek,MT,48.3,-113.33,1807.5,20170505,51.98,64.4,58.1,,,,,2.0078751,0.0
325738,Pike Creek,MT,48.3,-113.33,1807.5,20170506,41.72,60.44,50.9,,,,,0.0,0.0
325739,Pike Creek,MT,48.3,-113.33,1807.5,20170507,34.16,41.72,37.58,,,,,0.0,0.20078751
325740,Pike Creek,MT,48.3,-113.33,1807.5,20170508,33.44,49.82,42.08,,,,,0.0,0.0
325741,Pike Creek,MT,48.3,-113.33,1807.5,20170509,41.72,55.94,47.12,,,,,0.0,0.0
325742,Pike Creek,MT,48.3,-113.33,1807.5,20170510,41.54,60.98,52.88,,,,,0.0,0.0
325743,Pike Creek,MT,48.3,-113.33,1807.5,20170511,51.44,68.9,58.64,,,,,0.0,0.0
325744,Pike Creek,MT,48.3,-113.33,1807.5,20170512,32.9,55.76,45.32,,,,,0.9842525,0.29921276
325745,Pike Creek,MT,48.3,-113.33,1807.5,20170513,31.28,39.38,34.7,,,,,0.0,0.0
325746,Pike Creek,MT,48.3,-113.33,1807.5,20170514,31.1,39.02,34.16,,,,,0.0,0.0
325747,Pike Creek,MT,48.3,-113.33,1807.5,20170515,29.84,46.22,38.3,,,,,0.0,0.0
325748,Pike Creek,MT,48.3,-113.33,1807.5,20170516,34.16,45.86,39.56,,,,,0.0,0.29921276
325749,Pike Creek,MT,48.3,-113.33,1807.5,20170517,32.72,35.42,33.44,,,,,15.0000081,2.70078886
325750,Pike Creek,MT,48.3,-113.33,1807.5,20170518,32.9,57.2,42.8,,,,,9.0157529,0.0
325751,Pike Creek,MT,48.3,-113.33,1807.5,20170519,41.0,57.92,48.02,,,,,2.9921276000000003,0.0
325752,Pike Creek,MT,48.3,-113.33,1807.5,20170520,43.88,55.4,47.84,,,,,0.0,0.0
325753,Pike Creek,MT,48.3,-113.33,1807.5,20170521,44.78,59.36,51.98,,,,,0.0,0.0
325754,Pike Creek,MT,48.3,-113.33,1807.5,20170522,46.58,65.12,55.58,,,,,0.0,0.0
325755,Pike Creek,MT,48.3,-113.33,1807.5,20170523,51.8,66.02,58.64,,,,,0.0,0.0
325756,Pike Creek,MT,48.3,-113.33,1807.5,20170524,33.08,56.84,42.44,,,,,0.0,0.09842525
325757,Pike Creek,MT,48.3,-113.33,1807.5,20170525,33.62,47.84,39.74,,,,,0.0,0.20078751
325758,Pike Creek,MT,48.3,-113.33,1807.5,20170526,36.68,56.84,47.66,,,,,0.0,0.0
325759,Pike Creek,MT,48.3,-113.33,1807.5,20170527,46.22,62.78,54.5,,,,,0.0,0.0
325760,Pike Creek,MT,48.3,-113.33,1807.5,20170528,47.12,67.82,56.3,,,,,0.0,0.0
325761,Pike Creek,MT,48.3,-113.33,1807.5,20170529,48.2,67.64,56.84,,,,,0.0,0.0
325762,Pike Creek,MT,48.3,-113.33,1807.5,20170530,50.0,71.42,60.44,,,,,0.0,0.0
325763,Pike Creek,MT,48.3,-113.33,1807.5,20170531,48.92,75.74,62.6,,,,,0.0,0.09842525
325764,Pike Creek,MT,48.3,-113.33,1807.5,20170601,46.04,60.44,51.98,,,,,0.0,0.09842525
325765,Pike Creek,MT,48.3,-113.33,1807.5,20170602,44.24,56.66,50.18,,,,,0.0,0.0
325766,Pike Creek,MT,48.3,-113.33,1807.5,20170603,47.66,69.08,59.54,,,,,0.0,0.0
325767,Pike Creek,MT,48.3,-113.33,1807.5,20170604,46.22,71.96,57.92,,,,,0.0,0.20078751
325768,Pike Creek,MT,48.3,-113.33,1807.5,20170605,43.7,57.74,48.2,,,,,0.0,0.09842525
325769,Pike Creek,MT,48.3,-113.33,1807.5,20170606,43.88,64.04,55.04,,,,,0.0,0.0
325770,Pike Creek,MT,48.3,-113.33,1807.5,20170607,51.62,73.76,62.96,,,,,0.0,0.0
325771,Pike Creek,MT,48.3,-113.33,1807.5,20170608,47.12,73.94,60.8,,,,,0.0,0.0
325772,Pike Creek,MT,48.3,-113.33,1807.5,20170609,41.0,51.8,45.86,,,,,0.0,0.20078751
325773,Pike Creek,MT,48.3,-113.33,1807.5,20170610,37.58,46.94,41.72,,,,,0.0,0.0
325774,Pike Creek,MT,48.3,-113.33,1807.5,20170611,37.94,57.2,47.3,,,,,0.0,0.0
325775,Pike Creek,MT,48.3,-113.33,1807.5,20170612,46.04,67.1,56.84,,,,,0.0,0.0
325776,Pike Creek,MT,48.3,-113.33,1807.5,20170613,41.54,52.52,47.48,,,,,0.9842525,1.2992133
325777,Pike Creek,MT,48.3,-113.33,1807.5,20170614,41.0,52.7,45.86,,,,,0.0,0.0
325778,Pike Creek,MT,48.3,-113.33,1807.5,20170615,42.26,52.7,46.76,,,,,0.0,0.20078751
325779,Pike Creek,MT,48.3,-113.33,1807.5,20170616,40.1,49.28,45.5,,,,,0.0,0.59842552
325780,Pike Creek,MT,48.3,-113.33,1807.5,20170617,40.1,53.78,46.76,,,,,0.0,0.0
325781,Pike Creek,MT,48.3,-113.33,1807.5,20170618,43.16,51.98,47.84,,,,,0.0,0.0
325782,Pike Creek,MT,48.3,-113.33,1807.5,20170619,50.18,67.1,58.64,,,,,0.0,0.0
325783,Pike Creek,MT,48.3,-113.33,1807.5,20170620,55.22,66.38,62.06,,,,,0.0,0.0
325784,Pike Creek,MT,48.3,-113.33,1807.5,20170621,43.88,60.98,55.04,,,,,0.0,0.0
325785,Pike Creek,MT,48.3,-113.33,1807.5,20170622,41.54,57.56,48.56,,,,,0.0,0.0
325786,Pike Creek,MT,48.3,-113.33,1807.5,20170623,40.64,58.82,49.64,,,,,0.0,0.0
325787,Pike Creek,MT,48.3,-113.33,1807.5,20170624,45.86,65.3,54.68,,,,,0.0,0.0
325788,Pike Creek,MT,48.3,-113.33,1807.5,20170625,48.02,75.02,62.24,,,,,0.0,0.0
325789,Pike Creek,MT,48.3,-113.33,1807.5,20170626,53.96,77.18,67.28,,,,,0.0,0.0
325790,Pike Creek,MT,48.3,-113.33,1807.5,20170627,52.88,68.36,58.64,,,,,0.0,0.0
325791,Pike Creek,MT,48.3,-113.33,1807.5,20170628,45.68,63.5,54.32,,,,,0.0,0.0
325792,Pike Creek,MT,48.3,-113.33,1807.5,20170629,44.6,61.16,51.98,,,,,0.0,0.0
325793,Pike Creek,MT,48.3,-113.33,1807.5,20170630,51.8,68.72,60.8,,,,,0.0,0.0
325794,Pike Creek,MT,48.3,-113.33,1807.5,20170701,58.82,72.68,65.3,,,,,0.0,0.0
325795,Pike Creek,MT,48.3,-113.33,1807.5,20170702,52.16,75.02,66.02,,,,,0.0,0.0
325796,Pike Creek,MT,48.3,-113.33,1807.5,20170703,57.74,71.6,64.4,,,,,0.0,0.0
325797,Pike Creek,MT,48.3,-113.33,1807.5,20170704,53.24,73.04,64.58,,,,,0.0,0.0
325798,Pike Creek,MT,48.3,-113.33,1807.5,20170705,59.9,79.34,69.26,,,,,0.0,0.0
325799,Pike Creek,MT,48.3,-113.33,1807.5,20170706,61.52,79.7,71.24,,,,,0.0,0.0
325800,Pike Creek,MT,48.3,-113.33,1807.5,20170707,63.68,84.2,73.58,,,,,0.0,0.0
325801,Pike Creek,MT,48.3,-113.33,1807.5,20170708,65.66,81.32,73.58,,,,,0.0,0.0
325802,Pike Creek,MT,48.3,-113.33,1807.5,20170709,65.12,80.6,71.78,,,,,0.0,0.0
325803,Pike Creek,MT,48.3,-113.33,1807.5,20170710,50.72,73.58,64.4,,,,,0.0,0.0
325804,Pike Creek,MT,48.3,-113.33,1807.5,20170711,49.82,67.64,57.2,,,,,0.0,0.0
325805,Pike Creek,MT,48.3,-113.33,1807.5,20170712,48.56,73.04,63.14,,,,,0.0,0.0
325806,Pike Creek,MT,48.3,-113.33,1807.5,20170713,60.98,79.34,70.34,,,,,0.0,0.0
325807,Pike Creek,MT,48.3,-113.33,1807.5,20170714,58.28,81.68,70.16,,,,,0.0,0.0
325808,Pike Creek,MT,48.3,-113.33,1807.5,20170715,61.52,81.32,71.24,,,,,0.0,0.0
325809,Pike Creek,MT,48.3,-113.33,1807.5,20170716,52.16,66.92,61.7,,,,,0.0,0.0
325810,Pike Creek,MT,48.3,-113.33,1807.5,20170717,48.92,66.56,57.56,,,,,0.0,0.0
325811,Pike Creek,MT,48.3,-113.33,1807.5,20170718,50.9,71.42,62.24,,,,,0.0,0.0
325812,Pike Creek,MT,48.3,-113.33,1807.5,20170719,56.48,75.02,65.84,,,,,0.0,0.0
325813,Pike Creek,MT,48.3,-113.33,1807.5,20170720,56.48,73.94,66.02,,,,,0.0,0.0
325814,Pike Creek,MT,48.3,-113.33,1807.5,20170721,50.9,67.64,58.64,,,,,0.0,0.0
325815,Pike Creek,MT,48.3,-113.33,1807.5,20170722,53.42,71.78,62.96,,,,,0.0,0.0
325816,Pike Creek,MT,48.3,-113.33,1807.5,20170723,59.9,76.82,68.72,,,,,0.0,0.0
325817,Pike Creek,MT,48.3,-113.33,1807.5,20170724,44.06,74.66,59.9,,,,,0.0,0.0
325818,Pike Creek,MT,48.3,-113.33,1807.5,20170725,44.42,74.48,59.9,,,,,0.0,0.0
325819,Pike Creek,MT,48.3,-113.33,1807.5,20170726,54.86,78.26,67.82,,,,,0.0,0.0
325820,Pike Creek,MT,48.3,-113.33,1807.5,20170727,62.6,77.36,68.72,,,,,0.0,0.0
325821,Pike Creek,MT,48.3,-113.33,1807.5,20170728,60.08,77.18,68.54,,,,,0.0,0.0
325822,Pike Creek,MT,48.3,-113.33,1807.5,20170729,62.06,79.16,71.06,,,,,0.0,0.0
325823,Pike Creek,MT,48.3,-113.33,1807.5,20170730,63.5,80.06,70.52,,,,,0.0,0.0
325824,Pike Creek,MT,48.3,-113.33,1807.5,20170731,59.72,78.62,69.62,,,,,0.0,0.0
325825,Pike Creek,MT,48.3,-113.33,1807.5,20170801,48.92,75.02,60.62,,,,,0.0,0.0
325826,Pike Creek,MT,48.3,-113.33,1807.5,20170802,46.04,53.42,48.92,,,,,0.0,0.0
325827,Pike Creek,MT,48.3,-113.33,1807.5,20170803,48.02,76.64,63.14,,,,,0.0,0.0
325828,Pike Creek,MT,48.3,-113.33,1807.5,20170804,48.56,64.94,58.1,,,,,0.0,0.0
325829,Pike Creek,MT,48.3,-113.33,1807.5,20170805,47.48,60.8,51.98,,,,,0.0,0.09842525
325830,Pike Creek,MT,48.3,-113.33,1807.5,20170806,47.3,71.96,59.18,,,,,0.0,0.0
325831,Pike Creek,MT,48.3,-113.33,1807.5,20170807,53.24,75.56,63.14,,,,,0.0,0.0
325832,Pike Creek,MT,48.3,-113.33,1807.5,20170808,47.48,63.86,55.4,,,,,0.0,0.0
325833,Pike Creek,MT,48.3,-113.33,1807.5,20170809,49.82,75.92,61.16,,,,,0.0,0.09842525
325834,Pike Creek,MT,48.3,-113.33,1807.5,20170810,50.0,74.3,60.08,,,,,0.0,0.0
325835,Pike Creek,MT,48.3,-113.33,1807.5,20170811,50.72,72.68,60.44,,,,,0.0,0.0
325836,Pike Creek,MT,48.3,-113.33,1807.5,20170812,55.22,78.44,66.2,,,,,0.0,0.0
325837,Pike Creek,MT,48.3,-113.33,1807.5,20170813,49.46,66.02,57.74,,,,,0.0,0.0
325838,Pike Creek,MT,48.3,-113.33,1807.5,20170814,49.28,61.52,53.96,,,,,0.0,0.0
325839,Pike Creek,MT,48.3,-113.33,1807.5,20170815,48.74,65.84,57.2,,,,,0.0,0.0
325840,Pike Creek,MT,48.3,-113.33,1807.5,20170816,53.78,69.08,61.16,,,,,0.0,0.0
325841,Pike Creek,MT,48.3,-113.33,1807.5,20170817,55.22,70.34,62.24,,,,,0.0,0.0
325842,Pike Creek,MT,48.3,-113.33,1807.5,20170818,55.22,71.96,63.5,,,,,0.0,0.0
325843,Pike Creek,MT,48.3,-113.33,1807.5,20170819,45.14,64.76,56.66,,,,,0.0,0.0
325844,Pike Creek,MT,48.3,-113.33,1807.5,20170820,49.82,64.76,56.66,,,,,0.0,0.0
325845,Pike Creek,MT,48.3,-113.33,1807.5,20170821,50.72,69.62,60.08,,,,,0.0,0.0
325846,Pike Creek,MT,48.3,-113.33,1807.5,20170822,57.56,77.54,67.1,,,,,0.0,0.0
325847,Pike Creek,MT,48.3,-113.33,1807.5,20170823,61.88,77.54,68.72,,,,,0.0,0.0
325848,Pike Creek,MT,48.3,-113.33,1807.5,20170824,52.34,64.4,60.62,,,,,0.0,0.0
325849,Pike Creek,MT,48.3,-113.33,1807.5,20170825,45.86,68.0,58.28,,,,,0.0,0.0
325850,Pike Creek,MT,48.3,-113.33,1807.5,20170826,51.62,71.06,61.34,,,,,0.0,0.0
325851,Pike Creek,MT,48.3,-113.33,1807.5,20170827,58.64,77.54,67.82,,,,,0.0,0.0
325852,Pike Creek,MT,48.3,-113.33,1807.5,20170828,63.68,80.78,71.06,,,,,0.0,0.0
325853,Pike Creek,MT,48.3,-113.33,1807.5,20170829,64.4,82.76,73.22,,,,,0.0,0.0
325854,Pike Creek,MT,48.3,-113.33,1807.5,20170830,65.84,80.96,71.6,,,,,0.0,0.0
325855,Pike Creek,MT,48.3,-113.33,1807.5,20170831,55.4,70.34,64.04,,,,,0.0,0.0
325856,Pike Creek,MT,48.3,-113.33,1807.5,20170901,54.14,70.88,62.96,,,,,0.0,0.0
325857,Pike Creek,MT,48.3,-113.33,1807.5,20170902,60.08,76.82,68.72,,,,,0.0,0.0
325858,Pike Creek,MT,48.3,-113.33,1807.5,20170903,43.52,77.9,62.42,,,,,0.0,0.0
325859,Pike Creek,MT,48.3,-113.33,1807.5,20170904,42.98,62.78,51.8,,,,,0.0,0.0
325860,Pike Creek,MT,48.3,-113.33,1807.5,20170905,45.86,74.84,60.26,,,,,0.0,0.0
325861,Pike Creek,MT,48.3,-113.33,1807.5,20170906,58.46,78.26,67.1,,,,,0.0,0.0
325862,Pike Creek,MT,48.3,-113.33,1807.5,20170907,60.98,82.22,69.8,,,,,0.0,0.0
325863,Pike Creek,MT,48.3,-113.33,1807.5,20170908,63.86,74.12,68.36,,,,,0.0,0.0
325864,Pike Creek,MT,48.3,-113.33,1807.5,20170909,58.1,71.78,64.58,,,,,0.0,0.0
325865,Pike Creek,MT,48.3,-113.33,1807.5,20170910,53.6,65.66,58.1,,,,,0.0,0.0
325866,Pike Creek,MT,48.3,-113.33,1807.5,20170911,51.26,72.14,61.7,,,,,0.0,0.0
325867,Pike Creek,MT,48.3,-113.33,1807.5,20170912,53.42,72.32,65.12,,,,,0.0,0.0
325868,Pike Creek,MT,48.3,-113.33,1807.5,20170913,35.42,62.24,45.86,,,,,0.0,0.0
325869,Pike Creek,MT,48.3,-113.33,1807.5,20170914,33.26,35.42,34.34,,,,,0.0,0.70078778
325870,Pike Creek,MT,48.3,-113.33,1807.5,20170915,31.64,33.8,32.72,,,,,2.0078751,1.00000054
325871,Pike Creek,MT,48.3,-113.33,1807.5,20170916,31.1,47.66,39.2,,,,,0.9842525,0.09842525
325872,Pike Creek,MT,48.3,-113.33,1807.5,20170917,39.02,53.42,45.68,,,,,0.0,0.20078751
325873,Pike Creek,MT,48.3,-113.33,1807.5,20170918,35.06,47.12,40.46,,,,,0.0,0.20078751
325874,Pike Creek,MT,48.3,-113.33,1807.5,20170919,33.62,42.44,35.78,,,,,2.9921276000000003,0.20078751
325875,Pike Creek,MT,48.3,-113.33,1807.5,20170920,32.72,39.92,35.06,,,,,2.9921276000000003,0.59842552
325876,Pike Creek,MT,48.3,-113.33,1807.5,20170921,31.1,46.94,34.88,,,,,0.9842525,0.09842525
325877,Many Glacier,MT,48.8,-113.67,1493.5,20170101,5.0,21.2,11.12,,,,,22.007885899999998,0.29921276
325878,Many Glacier,MT,48.8,-113.67,1493.5,20170102,-13.18,7.7,1.94,,,,,22.007885899999998,0.0
325879,Many Glacier,MT,48.8,-113.67,1493.5,20170103,-22.0,6.98,-9.58,,,,,22.007885899999998,0.0
325880,Many Glacier,MT,48.8,-113.67,1493.5,20170104,-18.4,19.4,8.24,,,,,20.9842633,0.0
325881,Many Glacier,MT,48.8,-113.67,1493.5,20170105,-10.3,20.12,11.84,,,,,20.9842633,0.09842525
325882,Many Glacier,MT,48.8,-113.67,1493.5,20170106,14.0,21.02,17.42,,,,,20.9842633,0.0
325883,Many Glacier,MT,48.8,-113.67,1493.5,20170107,0.5,21.92,11.3,,,,,20.000010800000002,0.0
325884,Many Glacier,MT,48.8,-113.67,1493.5,20170108,-2.74,15.98,6.26,,,,,20.9842633,0.20078751
325885,Many Glacier,MT,48.8,-113.67,1493.5,20170109,-5.98,23.54,1.04,,,,,30.984268699999998,0.70078778
325886,Many Glacier,MT,48.8,-113.67,1493.5,20170110,-20.56,4.82,-3.46,,,,,34.0157664,0.50000027
325887,Many Glacier,MT,48.8,-113.67,1493.5,20170111,-33.7,12.56,-12.82,,,,,32.0078913,0.0
325888,Many Glacier,MT,48.8,-113.67,1493.5,20170112,-7.42,18.68,13.1,,,,,30.0000162,0.0
325889,Many Glacier,MT,48.8,-113.67,1493.5,20170113,18.5,23.54,20.3,,,,,29.015763699999997,0.0
325890,Many Glacier,MT,48.8,-113.67,1493.5,20170114,18.86,32.54,25.34,,,,,27.9921411,0.0
325891,Many Glacier,MT,48.8,-113.67,1493.5,20170115,25.34,32.54,28.76,,,,,27.0078886,0.0
325892,Many Glacier,MT,48.8,-113.67,1493.5,20170116,25.88,35.6,30.38,,,,,25.984266,0.0
325893,Many Glacier,MT,48.8,-113.67,1493.5,20170117,34.7,43.16,38.66,,,,,25.0000135,0.0
325894,Many Glacier,MT,48.8,-113.67,1493.5,20170118,35.24,41.54,38.84,,,,,22.992138399999998,0.09842525
325895,Many Glacier,MT,48.8,-113.67,1493.5,20170119,34.16,41.36,37.22,,,,,22.992138399999998,0.09842525
325896,Many Glacier,MT,48.8,-113.67,1493.5,20170120,15.62,36.5,29.66,,,,,22.992138399999998,0.0
325897,Many Glacier,MT,48.8,-113.67,1493.5,20170121,9.86,33.8,22.46,,,,,22.992138399999998,0.0
325898,Many Glacier,MT,48.8,-113.67,1493.5,20170122,20.3,35.42,25.88,,,,,22.992138399999998,0.0
325899,Many Glacier,MT,48.8,-113.67,1493.5,20170123,2.84,29.84,18.68,,,,,25.984266,0.09842525
325900,Many Glacier,MT,48.8,-113.67,1493.5,20170124,7.52,31.1,20.3,,,,,25.0000135,0.0
325901,Many Glacier,MT,48.8,-113.67,1493.5,20170125,18.14,29.84,23.72,,,,,25.0000135,0.0
325902,Many Glacier,MT,48.8,-113.67,1493.5,20170126,18.14,32.0,24.8,,,,,24.015760999999998,0.0
325903,Many Glacier,MT,48.8,-113.67,1493.5,20170127,25.16,30.92,27.68,,,,,24.015760999999998,0.0
325904,Many Glacier,MT,48.8,-113.67,1493.5,20170128,29.12,39.92,34.16,,,,,24.015760999999998,0.0
325905,Many Glacier,MT,48.8,-113.67,1493.5,20170129,34.7,41.72,37.76,,,,,24.015760999999998,0.0
325906,Many Glacier,MT,48.8,-113.67,1493.5,20170130,23.72,36.32,33.26,,,,,22.992138399999998,0.0
325907,Many Glacier,MT,48.8,-113.67,1493.5,20170131,9.32,23.72,17.6,,,,,25.0000135,0.09842525
325908,Many Glacier,MT,48.8,-113.67,1493.5,20170201,-2.74,19.94,10.58,,,,,25.0000135,0.0
325909,Many Glacier,MT,48.8,-113.67,1493.5,20170202,-14.98,17.96,1.22,,,,,25.0000135,0.0
325910,Many Glacier,MT,48.8,-113.67,1493.5,20170203,7.88,32.18,17.78,,,,,35.0000189,0.40157502
325911,Many Glacier,MT,48.8,-113.67,1493.5,20170204,5.0,8.78,6.98,,,,,45.984276799999996,1.09842579
325912,Many Glacier,MT,48.8,-113.67,1493.5,20170205,-0.58,6.26,3.2,,,,,67.00791020000001,1.90157583
325913,Many Glacier,MT,48.8,-113.67,1493.5,20170206,-7.24,3.2,-1.84,,,,,77.00791559999999,1.20078805
325914,Many Glacier,MT,48.8,-113.67,1493.5,20170207,-21.82,3.38,-8.5,,,,,74.015788,0.40157502
325915,Many Glacier,MT,48.8,-113.67,1493.5,20170208,-21.28,32.9,11.66,,,,,69.0157853,0.09842525
325916,Many Glacier,MT,48.8,-113.67,1493.5,20170209,32.9,41.0,38.12,,,,,55.0000297,1.79921357
325917,Many Glacier,MT,48.8,-113.67,1493.5,20170210,31.1,38.3,35.06,,,,,49.0157745,0.29921276
325918,Many Glacier,MT,48.8,-113.67,1493.5,20170211,27.14,33.8,29.84,,,,,47.992151899999996,0.29921276
325919,Many Glacier,MT,48.8,-113.67,1493.5,20170212,27.14,36.86,32.18,,,,,45.984276799999996,0.0
325920,Many Glacier,MT,48.8,-113.67,1493.5,20170213,33.62,44.78,37.76,,,,,47.0078994,0.0
325921,Many Glacier,MT,48.8,-113.67,1493.5,20170214,34.88,47.84,43.16,,,,,45.984276799999996,0.0
325922,Many Glacier,MT,48.8,-113.67,1493.5,20170215,41.36,49.28,45.5,,,,,44.015771799999996,0.0
325923,Many Glacier,MT,48.8,-113.67,1493.5,20170216,36.68,43.52,40.46,,,,,40.9842741,0.59842552
325924,Many Glacier,MT,48.8,-113.67,1493.5,20170217,24.8,40.64,35.06,,,,,40.000021600000004,0.09842525
325925,Many Glacier,MT,48.8,-113.67,1493.5,20170218,21.38,40.28,31.28,,,,,40.000021600000004,0.09842525
325926,Many Glacier,MT,48.8,-113.67,1493.5,20170219,32.18,38.66,35.6,,,,,40.9842741,0.40157502
325927,Many Glacier,MT,48.8,-113.67,1493.5,20170220,31.28,40.28,35.78,,,,,40.9842741,0.20078751
325928,Many Glacier,MT,48.8,-113.67,1493.5,20170221,31.82,36.32,34.7,,,,,44.015771799999996,0.40157502
325929,Many Glacier,MT,48.8,-113.67,1493.5,20170222,26.06,37.04,30.74,,,,,44.015771799999996,0.0
325930,Many Glacier,MT,48.8,-113.67,1493.5,20170223,11.3,35.42,23.9,,,,,42.9921492,0.09842525
325931,Many Glacier,MT,48.8,-113.67,1493.5,20170224,6.8,30.74,19.76,,,,,44.015771799999996,0.20078751
325932,Many Glacier,MT,48.8,-113.67,1493.5,20170225,20.48,24.62,22.82,,,,,44.015771799999996,0.0
325933,Many Glacier,MT,48.8,-113.67,1493.5,20170226,3.74,23.18,16.88,,,,,44.015771799999996,0.0
325934,Many Glacier,MT,48.8,-113.67,1493.5,20170227,-2.92,28.04,16.16,,,,,42.9921492,0.09842525
325935,Many Glacier,MT,48.8,-113.67,1493.5,20170228,12.92,21.38,17.42,,,,,50.000027,0.50000027
325936,Many Glacier,MT,48.8,-113.67,1493.5,20170301,19.22,31.82,26.24,,,,,50.000027,0.20078751
325937,Many Glacier,MT,48.8,-113.67,1493.5,20170302,20.3,35.78,31.82,,,,,50.000027,0.09842525
325938,Many Glacier,MT,48.8,-113.67,1493.5,20170303,32.36,39.74,36.32,,,,,47.992151899999996,0.29921276
325939,Many Glacier,MT,48.8,-113.67,1493.5,20170304,29.84,37.94,34.52,,,,,50.000027,0.29921276
325940,Many Glacier,MT,48.8,-113.67,1493.5,20170305,16.7,30.02,21.56,,,,,55.0000297,0.29921276
325941,Many Glacier,MT,48.8,-113.67,1493.5,20170306,21.38,29.12,24.8,,,,,55.0000297,0.0
325942,Many Glacier,MT,48.8,-113.67,1493.5,20170307,20.48,30.56,24.8,,,,,55.0000297,0.40157502
325943,Many Glacier,MT,48.8,-113.67,1493.5,20170308,4.46,34.7,18.86,,,,,57.0079048,0.50000027
325944,Many Glacier,MT,48.8,-113.67,1493.5,20170309,-0.22,17.42,7.52,,,,,60.0000324,0.50000027
325945,Many Glacier,MT,48.8,-113.67,1493.5,20170310,3.02,19.22,7.88,,,,,62.99216,0.70078778
325946,Many Glacier,MT,48.8,-113.67,1493.5,20170311,2.84,45.5,27.68,,,,,62.007907499999995,0.29921276
325947,Many Glacier,MT,48.8,-113.67,1493.5,20170312,11.84,42.26,35.06,,,,,60.98428489999999,0.20078751
325948,Many Glacier,MT,48.8,-113.67,1493.5,20170313,35.96,43.52,39.02,,,,,59.0157799,0.0
325949,Many Glacier,MT,48.8,-113.67,1493.5,20170314,38.66,44.42,41.72,,,,,52.0079021,0.59842552
325950,Many Glacier,MT,48.8,-113.67,1493.5,20170315,39.2,47.3,42.98,,,,,47.992151899999996,0.50000027
325951,Many Glacier,MT,48.8,-113.67,1493.5,20170316,32.54,39.92,36.5,,,,,47.0078994,0.70078778
325952,Many Glacier,MT,48.8,-113.67,1493.5,20170317,29.66,46.04,38.3,,,,,45.984276799999996,0.09842525
325953,Many Glacier,MT,48.8,-113.67,1493.5,20170318,38.84,45.32,42.26,,,,,44.015771799999996,1.20078805
325954,Many Glacier,MT,48.8,-113.67,1493.5,20170319,27.86,41.9,37.04,,,,,44.015771799999996,0.20078751
325955,Many Glacier,MT,48.8,-113.67,1493.5,20170320,18.68,41.36,32.0,,,,,44.015771799999996,0.0
325956,Many Glacier,MT,48.8,-113.67,1493.5,20170321,28.04,53.42,38.12,,,,,42.9921492,0.0
325957,Many Glacier,MT,48.8,-113.67,1493.5,20170322,37.22,47.3,41.0,,,,,42.0078967,0.20078751
325958,Many Glacier,MT,48.8,-113.67,1493.5,20170323,32.9,44.6,37.94,,,,,42.9921492,0.20078751
325959,Many Glacier,MT,48.8,-113.67,1493.5,20170324,33.44,48.56,38.84,,,,,40.9842741,0.20078751
325960,Many Glacier,MT,48.8,-113.67,1493.5,20170325,33.62,45.68,37.4,,,,,42.9921492,0.29921276
325961,Many Glacier,MT,48.8,-113.67,1493.5,20170326,33.8,46.76,39.2,,,,,42.0078967,0.09842525
325962,Many Glacier,MT,48.8,-113.67,1493.5,20170327,35.96,45.5,39.38,,,,,42.0078967,0.09842525
325963,Many Glacier,MT,48.8,-113.67,1493.5,20170328,36.14,41.36,37.58,,,,,42.0078967,0.09842525
325964,Many Glacier,MT,48.8,-113.67,1493.5,20170329,36.32,44.24,39.74,,,,,40.9842741,0.0
325965,Many Glacier,MT,48.8,-113.67,1493.5,20170330,35.96,49.46,41.36,,,,,40.000021600000004,0.29921276
325966,Many Glacier,MT,48.8,-113.67,1493.5,20170331,35.06,52.16,42.98,,,,,39.0157691,0.09842525
325967,Many Glacier,MT,48.8,-113.67,1493.5,20170401,39.74,46.94,42.44,,,,,37.992146500000004,0.09842525
325968,Many Glacier,MT,48.8,-113.67,1493.5,20170402,32.0,44.6,36.68,,,,,37.992146500000004,0.29921276
325969,Many Glacier,MT,48.8,-113.67,1493.5,20170403,22.28,41.18,31.64,,,,,40.000021600000004,0.09842525
325970,Many Glacier,MT,48.8,-113.67,1493.5,20170404,23.9,45.5,36.68,,,,,37.992146500000004,0.0
325971,Many Glacier,MT,48.8,-113.67,1493.5,20170405,38.3,49.64,43.34,,,,,37.992146500000004,0.0
325972,Many Glacier,MT,48.8,-113.67,1493.5,20170406,41.36,53.78,46.94,,,,,35.9842714,0.20078751
325973,Many Glacier,MT,48.8,-113.67,1493.5,20170407,35.24,50.54,41.18,,,,,35.0000189,0.20078751
325974,Many Glacier,MT,48.8,-113.67,1493.5,20170408,35.78,49.28,41.18,,,,,34.0157664,0.20078751
325975,Many Glacier,MT,48.8,-113.67,1493.5,20170409,32.36,41.18,35.6,,,,,34.0157664,0.09842525
325976,Many Glacier,MT,48.8,-113.67,1493.5,20170410,29.84,43.16,35.24,,,,,35.0000189,0.09842525
325977,Many Glacier,MT,48.8,-113.67,1493.5,20170411,28.58,47.12,37.4,,,,,32.9921438,0.09842525
325978,Many Glacier,MT,48.8,-113.67,1493.5,20170412,29.3,45.5,36.32,,,,,32.9921438,0.0
325979,Many Glacier,MT,48.8,-113.67,1493.5,20170413,35.06,51.62,41.0,,,,,30.984268699999998,0.09842525
325980,Many Glacier,MT,48.8,-113.67,1493.5,20170414,33.98,44.24,38.66,,,,,30.984268699999998,0.0
325981,Many Glacier,MT,48.8,-113.67,1493.5,20170415,32.54,38.66,35.06,,,,,32.0078913,0.09842525
325982,Many Glacier,MT,48.8,-113.67,1493.5,20170416,30.2,51.08,39.38,,,,,30.0000162,0.20078751
325983,Many Glacier,MT,48.8,-113.67,1493.5,20170417,30.56,43.52,37.58,,,,,30.0000162,0.0
325984,Many Glacier,MT,48.8,-113.67,1493.5,20170418,36.32,52.52,42.62,,,,,29.015763699999997,0.09842525
325985,Many Glacier,MT,48.8,-113.67,1493.5,20170419,30.74,52.7,42.08,,,,,27.0078886,0.0
325986,Many Glacier,MT,48.8,-113.67,1493.5,20170420,29.66,55.76,41.18,,,,,24.015760999999998,0.0
325987,Many Glacier,MT,48.8,-113.67,1493.5,20170421,29.48,44.6,37.94,,,,,22.992138399999998,0.20078751
325988,Many Glacier,MT,48.8,-113.67,1493.5,20170422,26.78,55.58,42.08,,,,,20.9842633,0.0
325989,Many Glacier,MT,48.8,-113.67,1493.5,20170423,35.06,52.88,41.18,,,,,20.000010800000002,0.0
325990,Many Glacier,MT,48.8,-113.67,1493.5,20170424,34.88,50.9,41.18,,,,,17.0078832,0.0
325991,Many Glacier,MT,48.8,-113.67,1493.5,20170425,34.16,51.98,37.04,,,,,24.015760999999998,0.59842552
325992,Many Glacier,MT,48.8,-113.67,1493.5,20170426,33.8,47.84,38.84,,,,,20.000010800000002,0.29921276
325993,Many Glacier,MT,48.8,-113.67,1493.5,20170427,34.88,47.48,37.76,,,,,19.0157583,0.20078751
325994,Many Glacier,MT,48.8,-113.67,1493.5,20170428,33.98,51.62,39.02,,,,,17.9921357,0.0
325995,Many Glacier,MT,48.8,-113.67,1493.5,20170429,35.96,49.46,42.44,,,,,15.9842606,0.0
325996,Many Glacier,MT,48.8,-113.67,1493.5,20170430,35.06,50.18,39.56,,,,,15.0000081,0.20078751
325997,Many Glacier,MT,48.8,-113.67,1493.5,20170501,33.26,51.62,41.54,,,,,12.007880499999999,0.09842525
325998,Many Glacier,MT,48.8,-113.67,1493.5,20170502,34.7,49.28,41.36,,,,,10.9842579,0.0
325999,Many Glacier,MT,48.8,-113.67,1493.5,20170503,39.74,53.96,46.76,,,,,9.0157529,0.0
326000,Many Glacier,MT,48.8,-113.67,1493.5,20170504,38.12,67.28,53.24,,,,,5.0000027000000005,0.0
326001,Many Glacier,MT,48.8,-113.67,1493.5,20170505,36.32,71.6,54.14,,,,,2.0078751,0.0
326002,Many Glacier,MT,48.8,-113.67,1493.5,20170506,42.8,66.92,53.24,,,,,0.0,0.0
326003,Many Glacier,MT,48.8,-113.67,1493.5,20170507,34.16,46.04,40.46,,,,,0.0,0.20078751
326004,Many Glacier,MT,48.8,-113.67,1493.5,20170508,33.62,55.04,44.6,,,,,0.0,0.0
326005,Many Glacier,MT,48.8,-113.67,1493.5,20170509,33.98,61.7,47.48,,,,,0.0,0.0
326006,Many Glacier,MT,48.8,-113.67,1493.5,20170510,31.1,67.64,50.0,,,,,0.0,0.09842525
326007,Many Glacier,MT,48.8,-113.67,1493.5,20170511,34.7,75.74,55.04,,,,,0.0,0.0
326008,Many Glacier,MT,48.8,-113.67,1493.5,20170512,37.94,60.26,46.76,,,,,0.0,0.0
326009,Many Glacier,MT,48.8,-113.67,1493.5,20170513,37.22,48.92,41.72,,,,,0.0,0.0
326010,Many Glacier,MT,48.8,-113.67,1493.5,20170514,35.06,48.38,39.92,,,,,0.0,0.0
326011,Many Glacier,MT,48.8,-113.67,1493.5,20170515,35.96,53.42,44.24,,,,,0.0,0.0
326012,Many Glacier,MT,48.8,-113.67,1493.5,20170516,37.76,49.1,42.44,,,,,0.0,0.0
326013,Many Glacier,MT,48.8,-113.67,1493.5,20170517,35.42,38.84,37.04,,,,,0.0,0.79921303
326014,Many Glacier,MT,48.8,-113.67,1493.5,20170518,33.44,57.74,44.78,,,,,0.0,0.09842525
326015,Many Glacier,MT,48.8,-113.67,1493.5,20170519,36.5,62.6,48.74,,,,,0.0,0.0
326016,Many Glacier,MT,48.8,-113.67,1493.5,20170520,37.04,61.7,49.28,,,,,0.0,0.0
326017,Many Glacier,MT,48.8,-113.67,1493.5,20170521,36.14,68.0,53.42,,,,,0.0,0.0
326018,Many Glacier,MT,48.8,-113.67,1493.5,20170522,37.58,73.76,55.04,,,,,0.0,0.0
326019,Many Glacier,MT,48.8,-113.67,1493.5,20170523,40.82,74.12,61.88,,,,,0.0,0.0
326020,Many Glacier,MT,48.8,-113.67,1493.5,20170524,36.32,61.88,46.58,,,,,0.0,0.0
326021,Many Glacier,MT,48.8,-113.67,1493.5,20170525,33.62,54.68,43.52,,,,,0.0,0.20078751
326022,Many Glacier,MT,48.8,-113.67,1493.5,20170526,32.36,62.06,47.84,,,,,0.0,0.0
326023,Many Glacier,MT,48.8,-113.67,1493.5,20170527,38.48,70.7,55.58,,,,,0.0,0.0
326024,Many Glacier,MT,48.8,-113.67,1493.5,20170528,39.92,72.86,55.4,,,,,0.0,0.0
326025,Many Glacier,MT,48.8,-113.67,1493.5,20170529,41.36,76.64,57.74,,,,,0.0,0.0
326026,Many Glacier,MT,48.8,-113.67,1493.5,20170530,39.74,77.9,59.36,,,,,0.0,0.0
326027,Many Glacier,MT,48.8,-113.67,1493.5,20170531,41.9,78.8,62.6,,,,,0.0,0.0
326028,Many Glacier,MT,48.8,-113.67,1493.5,20170601,49.82,61.88,55.4,,,,,0.0,0.0
326029,Many Glacier,MT,48.8,-113.67,1493.5,20170602,46.76,60.98,53.78,,,,,0.0,0.0
326030,Many Glacier,MT,48.8,-113.67,1493.5,20170603,44.96,74.12,59.18,,,,,0.0,0.0
326031,Many Glacier,MT,48.8,-113.67,1493.5,20170604,46.58,72.32,59.72,,,,,0.0,0.0
326032,Many Glacier,MT,48.8,-113.67,1493.5,20170605,40.1,60.26,50.9,,,,,0.0,0.09842525
326033,Many Glacier,MT,48.8,-113.67,1493.5,20170606,35.96,72.14,55.22,,,,,0.0,0.0
326034,Many Glacier,MT,48.8,-113.67,1493.5,20170607,41.54,80.42,62.6,,,,,0.0,0.0
326035,Many Glacier,MT,48.8,-113.67,1493.5,20170608,46.94,80.6,60.44,,,,,0.0,0.29921276
326036,Many Glacier,MT,48.8,-113.67,1493.5,20170609,43.7,56.12,48.74,,,,,0.0,0.70078778
326037,Many Glacier,MT,48.8,-113.67,1493.5,20170610,44.06,56.66,48.2,,,,,0.0,0.09842525
326038,Many Glacier,MT,48.8,-113.67,1493.5,20170611,38.48,61.16,50.72,,,,,0.0,0.0
326039,Many Glacier,MT,48.8,-113.67,1493.5,20170612,34.16,72.14,55.94,,,,,0.0,0.0
326040,Many Glacier,MT,48.8,-113.67,1493.5,20170613,45.14,59.72,49.28,,,,,0.0,1.20078805
326041,Many Glacier,MT,48.8,-113.67,1493.5,20170614,44.42,58.1,49.46,,,,,0.0,0.09842525
326042,Many Glacier,MT,48.8,-113.67,1493.5,20170615,45.86,58.46,50.9,,,,,0.0,0.0
326043,Many Glacier,MT,48.8,-113.67,1493.5,20170616,44.96,58.46,49.28,,,,,0.0,0.50000027
326044,Many Glacier,MT,48.8,-113.67,1493.5,20170617,43.16,59.54,51.44,,,,,0.0,0.0
326045,Many Glacier,MT,48.8,-113.67,1493.5,20170618,48.56,58.46,52.88,,,,,0.0,0.0
326046,Many Glacier,MT,48.8,-113.67,1493.5,20170619,53.42,72.14,60.08,,,,,0.0,0.0
326047,Many Glacier,MT,48.8,-113.67,1493.5,20170620,61.7,71.42,67.1,,,,,0.0,0.0
326048,Many Glacier,MT,48.8,-113.67,1493.5,20170621,48.38,67.82,58.46,,,,,0.0,0.0
326049,Many Glacier,MT,48.8,-113.67,1493.5,20170622,39.74,63.32,51.62,,,,,0.0,0.0
326050,Many Glacier,MT,48.8,-113.67,1493.5,20170623,37.94,64.04,51.26,,,,,0.0,0.0
326051,Many Glacier,MT,48.8,-113.67,1493.5,20170624,38.3,69.44,54.32,,,,,0.0,0.0
326052,Many Glacier,MT,48.8,-113.67,1493.5,20170625,39.56,79.52,61.16,,,,,0.0,0.0
326053,Many Glacier,MT,48.8,-113.67,1493.5,20170626,46.04,83.12,66.56,,,,,0.0,0.0
326054,Many Glacier,MT,48.8,-113.67,1493.5,20170627,52.88,73.58,62.78,,,,,0.0,0.0
326055,Many Glacier,MT,48.8,-113.67,1493.5,20170628,48.92,72.5,59.0,,,,,0.0,0.0
326056,Many Glacier,MT,48.8,-113.67,1493.5,20170629,47.3,69.26,55.22,,,,,0.0,0.0
326057,Many Glacier,MT,48.8,-113.67,1493.5,20170630,47.66,75.56,62.42,,,,,0.0,0.0
326058,Many Glacier,MT,48.8,-113.67,1493.5,20170701,49.64,78.62,65.66,,,,,0.0,0.0
326059,Many Glacier,MT,48.8,-113.67,1493.5,20170702,47.66,80.6,66.56,,,,,0.0,0.0
326060,Many Glacier,MT,48.8,-113.67,1493.5,20170703,57.92,79.16,68.9,,,,,0.0,0.0
326061,Many Glacier,MT,48.8,-113.67,1493.5,20170704,47.3,76.1,65.84,,,,,0.0,0.0
326062,Many Glacier,MT,48.8,-113.67,1493.5,20170705,51.8,84.02,69.98,,,,,0.0,0.0
326063,Many Glacier,MT,48.8,-113.67,1493.5,20170706,46.04,87.26,67.82,,,,,0.0,0.0
326064,Many Glacier,MT,48.8,-113.67,1493.5,20170707,48.92,91.04,71.24,,,,,0.0,0.0
326065,Many Glacier,MT,48.8,-113.67,1493.5,20170708,53.96,87.26,71.24,,,,,0.0,0.0
326066,Many Glacier,MT,48.8,-113.67,1493.5,20170709,46.94,86.18,70.34,,,,,0.0,0.0
326067,Many Glacier,MT,48.8,-113.67,1493.5,20170710,52.16,79.34,66.92,,,,,0.0,0.20078751
326068,Many Glacier,MT,48.8,-113.67,1493.5,20170711,48.56,69.8,56.48,,,,,0.0,0.0
326069,Many Glacier,MT,48.8,-113.67,1493.5,20170712,48.74,78.26,62.96,,,,,0.0,0.0
326070,Many Glacier,MT,48.8,-113.67,1493.5,20170713,44.42,82.76,68.72,,,,,0.0,0.0
326071,Many Glacier,MT,48.8,-113.67,1493.5,20170714,53.42,86.18,68.9,,,,,0.0,0.0
326072,Many Glacier,MT,48.8,-113.67,1493.5,20170715,50.18,81.86,67.82,,,,,0.0,0.0
326073,Many Glacier,MT,48.8,-113.67,1493.5,20170716,56.3,72.14,66.02,,,,,0.0,0.0
326074,Many Glacier,MT,48.8,-113.67,1493.5,20170717,42.44,72.5,58.64,,,,,0.0,0.0
326075,Many Glacier,MT,48.8,-113.67,1493.5,20170718,37.94,77.0,59.54,,,,,0.0,0.0
326076,Many Glacier,MT,48.8,-113.67,1493.5,20170719,42.98,79.7,63.14,,,,,0.0,0.0
326077,Many Glacier,MT,48.8,-113.67,1493.5,20170720,44.06,79.52,64.76,,,,,0.0,0.0
326078,Many Glacier,MT,48.8,-113.67,1493.5,20170721,56.12,73.94,63.86,,,,,0.0,0.0
326079,Many Glacier,MT,48.8,-113.67,1493.5,20170722,51.8,78.98,65.66,,,,,0.0,0.0
326080,Many Glacier,MT,48.8,-113.67,1493.5,20170723,54.68,82.04,71.42,,,,,0.0,0.0
326081,Many Glacier,MT,48.8,-113.67,1493.5,20170724,48.38,80.06,62.96,,,,,0.0,0.0
326082,Many Glacier,MT,48.8,-113.67,1493.5,20170725,41.54,79.88,61.16,,,,,0.0,0.0
326083,Many Glacier,MT,48.8,-113.67,1493.5,20170726,43.34,82.94,65.3,,,,,0.0,0.0
326084,Many Glacier,MT,48.8,-113.67,1493.5,20170727,50.72,85.28,70.52,,,,,0.0,0.0
326085,Many Glacier,MT,48.8,-113.67,1493.5,20170728,55.76,83.12,69.44,,,,,0.0,0.0
326086,Many Glacier,MT,48.8,-113.67,1493.5,20170729,52.7,85.82,69.98,,,,,0.0,0.0
326087,Many Glacier,MT,48.8,-113.67,1493.5,20170730,53.06,87.26,73.04,,,,,0.0,0.0
326088,Many Glacier,MT,48.8,-113.67,1493.5,20170731,47.84,86.0,66.92,,,,,0.0,0.0
326089,Many Glacier,MT,48.8,-113.67,1493.5,20170801,50.72,75.74,62.78,,,,,0.0,0.0
326090,Many Glacier,MT,48.8,-113.67,1493.5,20170802,45.32,57.74,53.42,,,,,0.0,0.0
326091,Many Glacier,MT,48.8,-113.67,1493.5,20170803,39.56,82.04,61.16,,,,,0.0,0.0
326092,Many Glacier,MT,48.8,-113.67,1493.5,20170804,50.72,64.04,58.1,,,,,0.0,0.0
326093,Many Glacier,MT,48.8,-113.67,1493.5,20170805,45.14,67.64,56.12,,,,,0.0,0.0
326094,Many Glacier,MT,48.8,-113.67,1493.5,20170806,41.18,76.46,59.0,,,,,0.0,0.0
326095,Many Glacier,MT,48.8,-113.67,1493.5,20170807,43.52,83.48,61.34,,,,,0.0,0.0
326096,Many Glacier,MT,48.8,-113.67,1493.5,20170808,49.82,66.92,57.92,,,,,0.0,0.0
326097,Many Glacier,MT,48.8,-113.67,1493.5,20170809,42.26,81.14,59.54,,,,,0.0,0.0
326098,Many Glacier,MT,48.8,-113.67,1493.5,20170810,45.5,80.42,59.54,,,,,0.0,0.0
326099,Many Glacier,MT,48.8,-113.67,1493.5,20170811,43.16,78.44,59.9,,,,,0.0,0.0
326100,Many Glacier,MT,48.8,-113.67,1493.5,20170812,47.3,83.84,64.4,,,,,0.0,0.0
326101,Many Glacier,MT,48.8,-113.67,1493.5,20170813,51.8,68.18,59.0,,,,,0.0,0.0
326102,Many Glacier,MT,48.8,-113.67,1493.5,20170814,43.52,69.26,58.28,,,,,0.0,0.0
326103,Many Glacier,MT,48.8,-113.67,1493.5,20170815,41.54,71.42,57.2,,,,,0.0,0.0
326104,Many Glacier,MT,48.8,-113.67,1493.5,20170816,43.16,75.38,62.42,,,,,0.0,0.0
326105,Many Glacier,MT,48.8,-113.67,1493.5,20170817,54.68,77.54,66.38,,,,,0.0,0.0
326106,Many Glacier,MT,48.8,-113.67,1493.5,20170818,59.0,78.44,68.18,,,,,0.0,0.0
326107,Many Glacier,MT,48.8,-113.67,1493.5,20170819,49.82,72.14,60.08,,,,,0.0,0.0
326108,Many Glacier,MT,48.8,-113.67,1493.5,20170820,49.46,72.5,60.62,,,,,0.0,0.0
326109,Many Glacier,MT,48.8,-113.67,1493.5,20170821,42.44,74.66,59.18,,,,,0.0,0.0
326110,Many Glacier,MT,48.8,-113.67,1493.5,20170822,45.14,82.58,64.04,,,,,0.0,0.0
326111,Many Glacier,MT,48.8,-113.67,1493.5,20170823,46.58,83.12,68.72,,,,,0.0,0.0
326112,Many Glacier,MT,48.8,-113.67,1493.5,20170824,55.04,69.44,63.86,,,,,0.0,0.0
326113,Many Glacier,MT,48.8,-113.67,1493.5,20170825,43.16,72.32,59.54,,,,,0.0,0.0
326114,Many Glacier,MT,48.8,-113.67,1493.5,20170826,44.6,76.46,60.98,,,,,0.0,0.0
326115,Many Glacier,MT,48.8,-113.67,1493.5,20170827,49.28,82.94,65.66,,,,,0.0,0.0
326116,Many Glacier,MT,48.8,-113.67,1493.5,20170828,46.22,86.0,67.46,,,,,0.0,0.0
326117,Many Glacier,MT,48.8,-113.67,1493.5,20170829,47.66,87.44,66.92,,,,,0.0,0.0
326118,Many Glacier,MT,48.8,-113.67,1493.5,20170830,47.48,87.44,66.92,,,,,0.0,0.0
326119,Many Glacier,MT,48.8,-113.67,1493.5,20170831,60.26,77.54,69.08,,,,,0.0,0.0
326120,Many Glacier,MT,48.8,-113.67,1493.5,20170901,55.4,75.92,66.74,,,,,0.0,0.0
326121,Many Glacier,MT,48.8,-113.67,1493.5,20170902,59.36,81.86,72.32,,,,,0.0,0.0
326122,Many Glacier,MT,48.8,-113.67,1493.5,20170903,47.84,81.86,64.76,,,,,0.0,0.0
326123,Many Glacier,MT,48.8,-113.67,1493.5,20170904,41.18,66.92,54.14,,,,,0.0,0.0
326124,Many Glacier,MT,48.8,-113.67,1493.5,20170905,34.16,80.42,55.76,,,,,0.0,0.0
326125,Many Glacier,MT,48.8,-113.67,1493.5,20170906,39.74,84.02,60.08,,,,,0.0,0.0
326126,Many Glacier,MT,48.8,-113.67,1493.5,20170907,42.98,84.74,62.06,,,,,0.0,0.0
326127,Many Glacier,MT,48.8,-113.67,1493.5,20170908,47.12,78.26,65.84,,,,,0.0,0.0
326128,Many Glacier,MT,48.8,-113.67,1493.5,20170909,62.24,74.12,68.36,,,,,0.0,0.0
326129,Many Glacier,MT,48.8,-113.67,1493.5,20170910,58.82,71.24,63.68,,,,,0.0,0.0
326130,Many Glacier,MT,48.8,-113.67,1493.5,20170911,56.84,76.1,66.56,,,,,0.0,0.0
326131,Many Glacier,MT,48.8,-113.67,1493.5,20170912,47.48,76.1,65.84,,,,,0.0,0.0
326132,Many Glacier,MT,48.8,-113.67,1493.5,20170913,39.92,63.14,47.84,,,,,0.0,0.0
326133,Many Glacier,MT,48.8,-113.67,1493.5,20170914,39.56,42.44,41.0,,,,,0.0,0.0
326134,Many Glacier,MT,48.8,-113.67,1493.5,20170915,35.78,41.0,37.76,,,,,2.0078751,0.20078751
326135,Many Glacier,MT,48.8,-113.67,1493.5,20170916,33.44,55.22,44.06,,,,,0.9842525,0.0
326136,Many Glacier,MT,48.8,-113.67,1493.5,20170917,43.7,58.82,51.26,,,,,0.0,0.0
326137,Many Glacier,MT,48.8,-113.67,1493.5,20170918,39.56,50.54,45.32,,,,,0.0,0.0
326138,Many Glacier,MT,48.8,-113.67,1493.5,20170919,37.04,44.96,40.64,,,,,0.0,0.29921276
326139,Many Glacier,MT,48.8,-113.67,1493.5,20170920,36.86,43.52,39.56,,,,,0.0,0.0
326140,Many Glacier,MT,48.8,-113.67,1493.5,20170921,35.06,50.18,40.1,,,,,0.9842525,0.09842525
326141,North Fork Jocko,MT,47.27,-113.76,1929.4,20170101,-8.5,17.78,10.22,,,,,55.9842822,0.29921276
326142,North Fork Jocko,MT,47.27,-113.76,1929.4,20170102,-14.62,5.36,-4.18,,,,,54.0157772,0.0
326143,North Fork Jocko,MT,47.27,-113.76,1929.4,20170103,-13.0,12.38,-0.58,,,,,52.0079021,0.0
326144,North Fork Jocko,MT,47.27,-113.76,1929.4,20170104,-18.4,12.2,-7.42,,,,,50.9842795,0.0
326145,North Fork Jocko,MT,47.27,-113.76,1929.4,20170105,-16.96,12.2,-3.82,,,,,50.000027,0.0
326146,North Fork Jocko,MT,47.27,-113.76,1929.4,20170106,-0.94,22.1,8.24,,,,,49.0157745,0.0
326147,North Fork Jocko,MT,47.27,-113.76,1929.4,20170107,-2.74,21.74,11.3,,,,,50.9842795,0.40157502
326148,North Fork Jocko,MT,47.27,-113.76,1929.4,20170108,17.78,32.72,26.42,,,,,55.9842822,0.59842552
326149,North Fork Jocko,MT,47.27,-113.76,1929.4,20170109,21.02,34.16,28.04,,,,,60.98428489999999,0.59842552
326150,North Fork Jocko,MT,47.27,-113.76,1929.4,20170110,8.78,24.08,20.12,,,,,65.0000351,0.40157502
326151,North Fork Jocko,MT,47.27,-113.76,1929.4,20170111,-9.22,16.34,4.64,,,,,62.007907499999995,0.0
326152,North Fork Jocko,MT,47.27,-113.76,1929.4,20170112,-7.96,18.86,10.94,,,,,60.0000324,0.0
326153,North Fork Jocko,MT,47.27,-113.76,1929.4,20170113,1.04,28.76,10.58,,,,,59.0157799,0.0
326154,North Fork Jocko,MT,47.27,-113.76,1929.4,20170114,0.68,31.64,10.4,,,,,57.0079048,0.0
326155,North Fork Jocko,MT,47.27,-113.76,1929.4,20170115,4.1,32.36,12.56,,,,,57.0079048,0.0
326156,North Fork Jocko,MT,47.27,-113.76,1929.4,20170116,2.48,31.46,14.72,,,,,54.0157772,0.0
326157,North Fork Jocko,MT,47.27,-113.76,1929.4,20170117,22.82,40.28,30.38,,,,,54.0157772,0.09842525
326158,North Fork Jocko,MT,47.27,-113.76,1929.4,20170118,31.82,40.82,35.24,,,,,52.9921546,0.0
326159,North Fork Jocko,MT,47.27,-113.76,1929.4,20170119,28.04,35.78,32.18,,,,,52.0079021,0.09842525
326160,North Fork Jocko,MT,47.27,-113.76,1929.4,20170120,16.52,35.78,24.44,,,,,50.000027,0.0
326161,North Fork Jocko,MT,47.27,-113.76,1929.4,20170121,10.94,29.3,21.92,,,,,50.9842795,0.0
326162,North Fork Jocko,MT,47.27,-113.76,1929.4,20170122,14.9,35.24,25.88,,,,,52.0079021,0.20078751
326163,North Fork Jocko,MT,47.27,-113.76,1929.4,20170123,10.76,30.02,23.72,,,,,52.9921546,0.09842525
326164,North Fork Jocko,MT,47.27,-113.76,1929.4,20170124,2.48,24.08,14.9,,,,,54.0157772,0.09842525
326165,North Fork Jocko,MT,47.27,-113.76,1929.4,20170125,14.36,23.72,19.04,,,,,60.0000324,0.50000027
326166,North Fork Jocko,MT,47.27,-113.76,1929.4,20170126,10.76,24.62,18.14,,,,,59.0157799,0.0
326167,North Fork Jocko,MT,47.27,-113.76,1929.4,20170127,4.28,28.58,14.36,,,,,57.0079048,0.0
326168,North Fork Jocko,MT,47.27,-113.76,1929.4,20170128,8.24,34.88,22.1,,,,,55.0000297,0.09842525
326169,North Fork Jocko,MT,47.27,-113.76,1929.4,20170129,18.14,45.32,32.36,,,,,55.0000297,0.0
326170,North Fork Jocko,MT,47.27,-113.76,1929.4,20170130,24.62,37.22,29.66,,,,,54.0157772,0.09842525
326171,North Fork Jocko,MT,47.27,-113.76,1929.4,20170131,8.6,24.62,17.6,,,,,60.0000324,0.29921276
326172,North Fork Jocko,MT,47.27,-113.76,1929.4,20170201,-14.26,18.14,2.66,,,,,59.0157799,0.0
326173,North Fork Jocko,MT,47.27,-113.76,1929.4,20170202,-18.4,15.8,-3.28,,,,,57.0079048,0.0
326174,North Fork Jocko,MT,47.27,-113.76,1929.4,20170203,-2.74,34.52,21.2,,,,,57.992157299999995,0.50000027
326175,North Fork Jocko,MT,47.27,-113.76,1929.4,20170204,29.3,32.72,31.1,,,,,62.99216,0.90157529
326176,North Fork Jocko,MT,47.27,-113.76,1929.4,20170205,31.1,34.7,32.18,,,,,62.99216,0.29921276
326177,North Fork Jocko,MT,47.27,-113.76,1929.4,20170206,19.94,33.44,27.32,,,,,69.0157853,0.40157502
326178,North Fork Jocko,MT,47.27,-113.76,1929.4,20170207,12.92,27.32,19.58,,,,,67.00791020000001,0.0
326179,North Fork Jocko,MT,47.27,-113.76,1929.4,20170208,16.7,33.26,23.72,,,,,72.9921654,1.00000054
326180,North Fork Jocko,MT,47.27,-113.76,1929.4,20170209,33.26,38.48,35.42,,,,,70.0000378,1.00000054
326181,North Fork Jocko,MT,47.27,-113.76,1929.4,20170210,24.98,34.52,30.56,,,,,69.0157853,0.40157502
326182,North Fork Jocko,MT,47.27,-113.76,1929.4,20170211,16.7,29.84,23.18,,,,,70.0000378,0.20078751
326183,North Fork Jocko,MT,47.27,-113.76,1929.4,20170212,10.22,35.06,19.94,,,,,67.9921627,0.0
326184,North Fork Jocko,MT,47.27,-113.76,1929.4,20170213,10.94,44.24,23.72,,,,,67.9921627,0.09842525
326185,North Fork Jocko,MT,47.27,-113.76,1929.4,20170214,16.16,50.0,28.76,,,,,67.00791020000001,0.0
326186,North Fork Jocko,MT,47.27,-113.76,1929.4,20170215,24.44,51.8,39.74,,,,,65.0000351,0.0
326187,North Fork Jocko,MT,47.27,-113.76,1929.4,20170216,32.18,44.24,38.3,,,,,65.0000351,0.40157502
326188,North Fork Jocko,MT,47.27,-113.76,1929.4,20170217,21.02,40.64,30.2,,,,,67.00791020000001,0.20078751
326189,North Fork Jocko,MT,47.27,-113.76,1929.4,20170218,25.52,44.78,36.14,,,,,65.0000351,0.0
326190,North Fork Jocko,MT,47.27,-113.76,1929.4,20170219,24.26,42.26,32.18,,,,,65.0000351,0.29921276
326191,North Fork Jocko,MT,47.27,-113.76,1929.4,20170220,24.62,34.7,30.56,,,,,70.9842903,0.59842552
326192,North Fork Jocko,MT,47.27,-113.76,1929.4,20170221,27.14,38.12,31.46,,,,,79.0157907,1.00000054
326193,North Fork Jocko,MT,47.27,-113.76,1929.4,20170222,13.28,33.98,24.44,,,,,80.9842957,0.29921276
326194,North Fork Jocko,MT,47.27,-113.76,1929.4,20170223,11.3,34.52,20.66,,,,,80.00004320000001,0.09842525
326195,North Fork Jocko,MT,47.27,-113.76,1929.4,20170224,4.1,28.94,15.98,,,,,77.9921681,0.0
326196,North Fork Jocko,MT,47.27,-113.76,1929.4,20170225,8.06,21.56,15.98,,,,,80.9842957,0.20078751
326197,North Fork Jocko,MT,47.27,-113.76,1929.4,20170226,15.26,26.6,20.3,,,,,89.01579609999999,0.70078778
326198,North Fork Jocko,MT,47.27,-113.76,1929.4,20170227,11.3,27.14,19.22,,,,,90.9843011,0.29921276
326199,North Fork Jocko,MT,47.27,-113.76,1929.4,20170228,13.1,24.08,17.78,,,,,89.01579609999999,0.0
326200,North Fork Jocko,MT,47.27,-113.76,1929.4,20170301,14.36,27.86,23.36,,,,,95.98430379999999,1.20078805
326201,North Fork Jocko,MT,47.27,-113.76,1929.4,20170302,24.8,41.72,30.2,,,,,95.0000513,0.79921303
326202,North Fork Jocko,MT,47.27,-113.76,1929.4,20170303,28.04,42.8,32.36,,,,,92.0079237,0.20078751
326203,North Fork Jocko,MT,47.27,-113.76,1929.4,20170304,27.32,44.06,33.08,,,,,90.9843011,0.29921276
326204,North Fork Jocko,MT,47.27,-113.76,1929.4,20170305,10.58,32.18,24.62,,,,,92.9921762,0.40157502
326205,North Fork Jocko,MT,47.27,-113.76,1929.4,20170306,6.26,27.86,18.86,,,,,95.0000513,0.40157502
326206,North Fork Jocko,MT,47.27,-113.76,1929.4,20170307,15.8,27.32,21.74,,,,,97.0079264,0.29921276
326207,North Fork Jocko,MT,47.27,-113.76,1929.4,20170308,22.1,29.84,26.78,,,,,102.9921816,0.79921303
326208,North Fork Jocko,MT,47.27,-113.76,1929.4,20170309,21.56,34.7,28.58,,,,,105.9843092,1.09842579
326209,North Fork Jocko,MT,47.27,-113.76,1929.4,20170310,32.18,38.84,35.24,,,,,102.9921816,1.00000054
326210,North Fork Jocko,MT,47.27,-113.76,1929.4,20170311,29.12,50.54,35.96,,,,,100.98430649999999,0.59842552
326211,North Fork Jocko,MT,47.27,-113.76,1929.4,20170312,29.84,41.0,32.9,,,,,102.0079291,0.50000027
326212,North Fork Jocko,MT,47.27,-113.76,1929.4,20170313,30.74,46.58,34.88,,,,,104.0158042,1.00000054
326213,North Fork Jocko,MT,47.27,-113.76,1929.4,20170314,34.52,41.54,38.3,,,,,97.0079264,1.79921357
326214,North Fork Jocko,MT,47.27,-113.76,1929.4,20170315,36.32,45.14,39.74,,,,,94.0157988,0.50000027
326215,North Fork Jocko,MT,47.27,-113.76,1929.4,20170316,19.76,39.02,32.72,,,,,92.9921762,0.09842525
326216,North Fork Jocko,MT,47.27,-113.76,1929.4,20170317,14.72,49.64,34.16,,,,,90.9843011,0.0
326217,North Fork Jocko,MT,47.27,-113.76,1929.4,20170318,33.44,43.16,39.2,,,,,89.01579609999999,1.00000054
326218,North Fork Jocko,MT,47.27,-113.76,1929.4,20170319,23.18,44.6,33.26,,,,,89.01579609999999,0.0
326219,North Fork Jocko,MT,47.27,-113.76,1929.4,20170320,17.96,45.14,31.1,,,,,87.99217349999999,0.0
326220,North Fork Jocko,MT,47.27,-113.76,1929.4,20170321,30.02,51.62,38.12,,,,,85.9842984,0.09842525
326221,North Fork Jocko,MT,47.27,-113.76,1929.4,20170322,32.9,48.38,38.12,,,,,85.9842984,0.09842525
326222,North Fork Jocko,MT,47.27,-113.76,1929.4,20170323,20.48,43.16,32.0,,,,,85.9842984,0.0
326223,North Fork Jocko,MT,47.27,-113.76,1929.4,20170324,19.58,51.62,34.7,,,,,85.0000459,0.20078751
326224,North Fork Jocko,MT,47.27,-113.76,1929.4,20170325,26.96,44.6,32.72,,,,,85.0000459,0.09842525
326225,North Fork Jocko,MT,47.27,-113.76,1929.4,20170326,17.06,49.64,32.9,,,,,82.9921708,0.09842525
326226,North Fork Jocko,MT,47.27,-113.76,1929.4,20170327,28.76,37.04,33.08,,,,,87.007921,0.29921276
326227,North Fork Jocko,MT,47.27,-113.76,1929.4,20170328,29.12,38.66,31.82,,,,,87.99217349999999,0.20078751
326228,North Fork Jocko,MT,47.27,-113.76,1929.4,20170329,30.74,41.18,34.88,,,,,89.01579609999999,0.59842552
326229,North Fork Jocko,MT,47.27,-113.76,1929.4,20170330,32.0,47.48,36.86,,,,,87.007921,0.09842525
326230,North Fork Jocko,MT,47.27,-113.76,1929.4,20170331,26.96,52.88,36.68,,,,,85.9842984,0.0
326231,North Fork Jocko,MT,47.27,-113.76,1929.4,20170401,24.26,49.28,36.32,,,,,84.0157934,0.0
326232,North Fork Jocko,MT,47.27,-113.76,1929.4,20170402,26.06,37.76,32.0,,,,,92.0079237,0.70078778
326233,North Fork Jocko,MT,47.27,-113.76,1929.4,20170403,12.74,38.66,25.88,,,,,92.9921762,0.29921276
326234,North Fork Jocko,MT,47.27,-113.76,1929.4,20170404,8.6,45.14,26.24,,,,,89.01579609999999,0.0
326235,North Fork Jocko,MT,47.27,-113.76,1929.4,20170405,24.26,48.2,35.6,,,,,87.007921,0.09842525
326236,North Fork Jocko,MT,47.27,-113.76,1929.4,20170406,33.08,53.6,41.54,,,,,85.0000459,0.20078751
326237,North Fork Jocko,MT,47.27,-113.76,1929.4,20170407,24.26,53.42,37.76,,,,,85.9842984,0.20078751
326238,North Fork Jocko,MT,47.27,-113.76,1929.4,20170408,24.08,47.84,33.08,,,,,84.0157934,0.50000027
326239,North Fork Jocko,MT,47.27,-113.76,1929.4,20170409,12.56,36.68,26.24,,,,,89.01579609999999,0.40157502
326240,North Fork Jocko,MT,47.27,-113.76,1929.4,20170410,12.56,42.44,26.6,,,,,90.9843011,0.20078751
326241,North Fork Jocko,MT,47.27,-113.76,1929.4,20170411,12.92,50.18,32.9,,,,,87.99217349999999,0.0
326242,North Fork Jocko,MT,47.27,-113.76,1929.4,20170412,32.36,42.98,37.04,,,,,87.007921,0.09842525
326243,North Fork Jocko,MT,47.27,-113.76,1929.4,20170413,30.38,43.16,37.04,,,,,87.99217349999999,0.20078751
326244,North Fork Jocko,MT,47.27,-113.76,1929.4,20170414,26.78,41.36,31.64,,,,,90.9843011,0.40157502
326245,North Fork Jocko,MT,47.27,-113.76,1929.4,20170415,12.74,35.96,26.96,,,,,94.0157988,0.40157502
326246,North Fork Jocko,MT,47.27,-113.76,1929.4,20170416,10.58,50.9,32.9,,,,,89.01579609999999,0.09842525
326247,North Fork Jocko,MT,47.27,-113.76,1929.4,20170417,33.26,39.92,35.96,,,,,90.9843011,0.70078778
326248,North Fork Jocko,MT,47.27,-113.76,1929.4,20170418,31.82,54.68,38.48,,,,,90.00004859999999,0.09842525
326249,North Fork Jocko,MT,47.27,-113.76,1929.4,20170419,28.22,51.62,38.12,,,,,87.99217349999999,0.0
326250,North Fork Jocko,MT,47.27,-113.76,1929.4,20170420,26.24,52.16,35.42,,,,,89.01579609999999,0.09842525
326251,North Fork Jocko,MT,47.27,-113.76,1929.4,20170421,27.86,44.6,34.88,,,,,87.99217349999999,0.09842525
326252,North Fork Jocko,MT,47.27,-113.76,1929.4,20170422,27.5,55.04,39.74,,,,,87.007921,0.0
326253,North Fork Jocko,MT,47.27,-113.76,1929.4,20170423,32.18,47.3,37.22,,,,,85.9842984,0.20078751
326254,North Fork Jocko,MT,47.27,-113.76,1929.4,20170424,31.64,48.2,37.22,,,,,85.9842984,0.0
326255,North Fork Jocko,MT,47.27,-113.76,1929.4,20170425,28.94,45.68,35.24,,,,,85.9842984,0.29921276
326256,North Fork Jocko,MT,47.27,-113.76,1929.4,20170426,30.74,40.28,34.16,,,,,94.0157988,0.90157529
326257,North Fork Jocko,MT,47.27,-113.76,1929.4,20170427,26.96,40.28,32.18,,,,,94.0157988,0.59842552
326258,North Fork Jocko,MT,47.27,-113.76,1929.4,20170428,23.36,42.62,32.72,,,,,92.9921762,0.0
326259,North Fork Jocko,MT,47.27,-113.76,1929.4,20170429,27.5,49.64,37.22,,,,,90.00004859999999,0.0
326260,North Fork Jocko,MT,47.27,-113.76,1929.4,20170430,32.18,44.06,35.6,,,,,90.00004859999999,0.90157529
326261,North Fork Jocko,MT,47.27,-113.76,1929.4,20170501,31.28,49.82,36.5,,,,,90.9843011,0.09842525
326262,North Fork Jocko,MT,47.27,-113.76,1929.4,20170502,25.52,42.98,33.8,,,,,90.00004859999999,0.0
326263,North Fork Jocko,MT,47.27,-113.76,1929.4,20170503,22.46,57.2,40.1,,,,,87.99217349999999,0.0
326264,North Fork Jocko,MT,47.27,-113.76,1929.4,20170504,32.0,71.24,48.38,,,,,85.0000459,0.0
326265,North Fork Jocko,MT,47.27,-113.76,1929.4,20170505,36.32,72.5,49.28,,,,,82.9921708,0.09842525
326266,North Fork Jocko,MT,47.27,-113.76,1929.4,20170506,35.78,63.14,45.32,,,,,80.00004320000001,0.0
326267,North Fork Jocko,MT,47.27,-113.76,1929.4,20170507,29.3,42.8,34.88,,,,,80.9842957,0.20078751
326268,North Fork Jocko,MT,47.27,-113.76,1929.4,20170508,24.8,57.02,39.2,,,,,79.0157907,0.0
326269,North Fork Jocko,MT,47.27,-113.76,1929.4,20170509,28.94,60.98,42.8,,,,,77.00791559999999,0.0
326270,North Fork Jocko,MT,47.27,-113.76,1929.4,20170510,30.92,66.02,46.4,,,,,75.0000405,0.0
326271,North Fork Jocko,MT,47.27,-113.76,1929.4,20170511,33.26,73.22,51.8,,,,,72.00791290000001,0.0
326272,North Fork Jocko,MT,47.27,-113.76,1929.4,20170512,30.56,53.96,40.1,,,,,74.015788,0.59842552
326273,North Fork Jocko,MT,47.27,-113.76,1929.4,20170513,28.22,47.12,33.98,,,,,72.00791290000001,0.09842525
326274,North Fork Jocko,MT,47.27,-113.76,1929.4,20170514,26.24,45.86,33.44,,,,,72.00791290000001,0.09842525
326275,North Fork Jocko,MT,47.27,-113.76,1929.4,20170515,22.1,50.72,35.96,,,,,69.0157853,0.09842525
326276,North Fork Jocko,MT,47.27,-113.76,1929.4,20170516,27.5,45.5,36.86,,,,,70.9842903,0.20078751
326277,North Fork Jocko,MT,47.27,-113.76,1929.4,20170517,29.66,44.78,35.24,,,,,72.00791290000001,0.50000027
326278,North Fork Jocko,MT,47.27,-113.76,1929.4,20170518,30.38,53.42,40.46,,,,,70.0000378,0.0
326279,North Fork Jocko,MT,47.27,-113.76,1929.4,20170519,29.3,57.56,42.08,,,,,69.0157853,0.0
326280,North Fork Jocko,MT,47.27,-113.76,1929.4,20170520,32.54,55.4,42.44,,,,,67.00791020000001,0.0
326281,North Fork Jocko,MT,47.27,-113.76,1929.4,20170521,31.1,61.16,44.42,,,,,65.0000351,0.0
326282,North Fork Jocko,MT,47.27,-113.76,1929.4,20170522,33.98,66.56,47.84,,,,,62.99216,0.0
326283,North Fork Jocko,MT,47.27,-113.76,1929.4,20170523,34.7,71.6,53.6,,,,,60.0000324,0.0
326284,North Fork Jocko,MT,47.27,-113.76,1929.4,20170524,35.42,55.58,44.78,,,,,57.992157299999995,0.0
326285,North Fork Jocko,MT,47.27,-113.76,1929.4,20170525,32.18,56.3,42.08,,,,,55.9842822,0.0
326286,North Fork Jocko,MT,47.27,-113.76,1929.4,20170526,34.16,58.64,44.06,,,,,55.0000297,0.0
326287,North Fork Jocko,MT,47.27,-113.76,1929.4,20170527,32.9,63.68,46.58,,,,,52.0079021,0.0
326288,North Fork Jocko,MT,47.27,-113.76,1929.4,20170528,34.34,69.8,48.92,,,,,50.000027,0.0
326289,North Fork Jocko,MT,47.27,-113.76,1929.4,20170529,36.5,71.6,50.36,,,,,47.992151899999996,0.0
326290,North Fork Jocko,MT,47.27,-113.76,1929.4,20170530,36.32,74.3,52.7,,,,,45.00002429999999,0.0
326291,North Fork Jocko,MT,47.27,-113.76,1929.4,20170531,38.84,76.64,53.96,,,,,42.0078967,0.20078751
326292,North Fork Jocko,MT,47.27,-113.76,1929.4,20170601,39.02,59.0,45.5,,,,,39.0157691,0.40157502
326293,North Fork Jocko,MT,47.27,-113.76,1929.4,20170602,34.34,59.18,45.86,,,,,37.992146500000004,0.0
326294,North Fork Jocko,MT,47.27,-113.76,1929.4,20170603,33.62,71.06,51.26,,,,,35.0000189,0.0
326295,North Fork Jocko,MT,47.27,-113.76,1929.4,20170604,37.58,68.36,51.08,,,,,30.984268699999998,0.09842525
326296,North Fork Jocko,MT,47.27,-113.76,1929.4,20170605,34.16,60.62,45.86,,,,,29.015763699999997,0.0
326297,North Fork Jocko,MT,47.27,-113.76,1929.4,20170606,34.34,66.38,51.26,,,,,25.984266,0.0
326298,North Fork Jocko,MT,47.27,-113.76,1929.4,20170607,39.38,79.7,58.46,,,,,22.992138399999998,0.0
326299,North Fork Jocko,MT,47.27,-113.76,1929.4,20170608,42.8,70.88,55.58,,,,,20.9842633,0.20078751
326300,North Fork Jocko,MT,47.27,-113.76,1929.4,20170609,34.52,51.8,43.34,,,,,19.0157583,0.0
326301,North Fork Jocko,MT,47.27,-113.76,1929.4,20170610,34.52,48.38,39.2,,,,,17.0078832,0.09842525
326302,North Fork Jocko,MT,47.27,-113.76,1929.4,20170611,28.76,59.0,43.7,,,,,15.9842606,0.0
326303,North Fork Jocko,MT,47.27,-113.76,1929.4,20170612,34.16,64.58,51.08,,,,,12.992133,0.0
326304,North Fork Jocko,MT,47.27,-113.76,1929.4,20170613,39.02,46.58,41.9,,,,,12.007880499999999,1.09842579
326305,North Fork Jocko,MT,47.27,-113.76,1929.4,20170614,35.06,55.94,44.42,,,,,10.000005400000001,0.0
326306,North Fork Jocko,MT,47.27,-113.76,1929.4,20170615,35.24,53.24,44.24,,,,,7.9921303,0.29921276
326307,North Fork Jocko,MT,47.27,-113.76,1929.4,20170616,41.0,51.8,45.14,,,,,5.984255200000001,1.2992133
326308,North Fork Jocko,MT,47.27,-113.76,1929.4,20170617,38.3,54.32,45.14,,,,,4.0157502,0.20078751
326309,North Fork Jocko,MT,47.27,-113.76,1929.4,20170618,40.28,49.28,44.42,,,,,2.9921276000000003,0.09842525
326310,North Fork Jocko,MT,47.27,-113.76,1929.4,20170619,45.14,69.62,57.02,,,,,0.0,0.0
326311,North Fork Jocko,MT,47.27,-113.76,1929.4,20170620,44.96,72.14,59.36,,,,,0.0,0.0
326312,North Fork Jocko,MT,47.27,-113.76,1929.4,20170621,38.84,64.22,54.32,,,,,0.0,0.0
326313,North Fork Jocko,MT,47.27,-113.76,1929.4,20170622,34.52,60.08,46.94,,,,,0.0,0.0
326314,North Fork Jocko,MT,47.27,-113.76,1929.4,20170623,32.9,64.04,48.92,,,,,0.0,0.0
326315,North Fork Jocko,MT,47.27,-113.76,1929.4,20170624,36.14,69.26,52.88,,,,,0.0,0.0
326316,North Fork Jocko,MT,47.27,-113.76,1929.4,20170625,40.46,76.46,58.28,,,,,0.0,0.0
326317,North Fork Jocko,MT,47.27,-113.76,1929.4,20170626,45.14,80.24,63.86,,,,,0.0,0.0
326318,North Fork Jocko,MT,47.27,-113.76,1929.4,20170627,42.08,69.98,56.48,,,,,0.0,0.0
326319,North Fork Jocko,MT,47.27,-113.76,1929.4,20170628,39.02,66.92,52.34,,,,,0.0,0.0
326320,North Fork Jocko,MT,47.27,-113.76,1929.4,20170629,39.38,60.08,48.92,,,,,0.0,0.0
326321,North Fork Jocko,MT,47.27,-113.76,1929.4,20170630,38.3,70.7,54.68,,,,,0.0,0.0
326322,North Fork Jocko,MT,47.27,-113.76,1929.4,20170701,44.06,75.38,60.08,,,,,0.0,0.0
326323,North Fork Jocko,MT,47.27,-113.76,1929.4,20170702,45.5,77.0,61.16,,,,,0.0,0.0
326324,North Fork Jocko,MT,47.27,-113.76,1929.4,20170703,44.78,75.38,59.9,,,,,0.0,0.0
326325,North Fork Jocko,MT,47.27,-113.76,1929.4,20170704,38.3,77.18,58.82,,,,,0.0,0.0
326326,North Fork Jocko,MT,47.27,-113.76,1929.4,20170705,45.86,82.4,63.86,,,,,0.0,0.0
326327,North Fork Jocko,MT,47.27,-113.76,1929.4,20170706,47.66,82.94,64.58,,,,,0.0,0.0
326328,North Fork Jocko,MT,47.27,-113.76,1929.4,20170707,49.28,86.18,67.28,,,,,0.0,0.0
326329,North Fork Jocko,MT,47.27,-113.76,1929.4,20170708,50.18,84.92,66.92,,,,,0.0,0.0
326330,North Fork Jocko,MT,47.27,-113.76,1929.4,20170709,47.48,83.84,65.66,,,,,0.0,0.0
326331,North Fork Jocko,MT,47.27,-113.76,1929.4,20170710,46.4,74.84,59.0,,,,,0.0,0.0
326332,North Fork Jocko,MT,47.27,-113.76,1929.4,20170711,42.08,70.7,55.58,,,,,0.0,0.0
326333,North Fork Jocko,MT,47.27,-113.76,1929.4,20170712,43.34,75.2,59.0,,,,,0.0,0.0
326334,North Fork Jocko,MT,47.27,-113.76,1929.4,20170713,44.06,82.94,64.04,,,,,0.0,0.0
326335,North Fork Jocko,MT,47.27,-113.76,1929.4,20170714,44.78,84.92,65.84,,,,,0.0,0.0
326336,North Fork Jocko,MT,47.27,-113.76,1929.4,20170715,50.18,79.88,63.5,,,,,0.0,0.0
326337,North Fork Jocko,MT,47.27,-113.76,1929.4,20170716,38.3,70.7,57.2,,,,,0.0,0.0
326338,North Fork Jocko,MT,47.27,-113.76,1929.4,20170717,33.98,69.08,51.8,,,,,0.0,0.0
326339,North Fork Jocko,MT,47.27,-113.76,1929.4,20170718,37.4,74.84,57.38,,,,,0.0,0.0
326340,North Fork Jocko,MT,47.27,-113.76,1929.4,20170719,42.26,77.54,60.44,,,,,0.0,0.0
326341,North Fork Jocko,MT,47.27,-113.76,1929.4,20170720,45.32,75.56,60.8,,,,,0.0,0.0
326342,North Fork Jocko,MT,47.27,-113.76,1929.4,20170721,37.22,69.26,54.32,,,,,0.0,0.0
326343,North Fork Jocko,MT,47.27,-113.76,1929.4,20170722,39.38,73.76,56.84,,,,,0.0,0.0
326344,North Fork Jocko,MT,47.27,-113.76,1929.4,20170723,44.42,80.42,62.78,,,,,0.0,0.0
326345,North Fork Jocko,MT,47.27,-113.76,1929.4,20170724,45.86,77.54,61.34,,,,,0.0,0.0
326346,North Fork Jocko,MT,47.27,-113.76,1929.4,20170725,41.54,77.0,58.64,,,,,0.0,0.0
326347,North Fork Jocko,MT,47.27,-113.76,1929.4,20170726,42.98,79.16,61.34,,,,,0.0,0.0
326348,North Fork Jocko,MT,47.27,-113.76,1929.4,20170727,48.38,78.44,62.06,,,,,0.0,0.0
326349,North Fork Jocko,MT,47.27,-113.76,1929.4,20170728,45.5,79.16,60.98,,,,,0.0,0.0
326350,North Fork Jocko,MT,47.27,-113.76,1929.4,20170729,48.02,80.96,63.5,,,,,0.0,0.0
326351,North Fork Jocko,MT,47.27,-113.76,1929.4,20170730,46.76,81.14,62.96,,,,,0.0,0.0
326352,North Fork Jocko,MT,47.27,-113.76,1929.4,20170731,42.62,81.5,61.16,,,,,0.0,0.0
326353,North Fork Jocko,MT,47.27,-113.76,1929.4,20170801,43.16,79.88,61.34,,,,,0.0,0.0
326354,North Fork Jocko,MT,47.27,-113.76,1929.4,20170802,46.04,74.48,58.82,,,,,0.0,0.0
326355,North Fork Jocko,MT,47.27,-113.76,1929.4,20170803,42.8,76.28,59.0,,,,,0.0,0.0
326356,North Fork Jocko,MT,47.27,-113.76,1929.4,20170804,44.42,80.6,62.42,,,,,0.0,0.0
326357,North Fork Jocko,MT,47.27,-113.76,1929.4,20170805,42.98,67.64,54.68,,,,,0.0,0.0
326358,North Fork Jocko,MT,47.27,-113.76,1929.4,20170806,39.56,74.12,55.4,,,,,0.0,0.0
326359,North Fork Jocko,MT,47.27,-113.76,1929.4,20170807,42.26,77.54,59.54,,,,,0.0,0.0
326360,North Fork Jocko,MT,47.27,-113.76,1929.4,20170808,42.26,76.82,59.18,,,,,0.0,0.0
326361,North Fork Jocko,MT,47.27,-113.76,1929.4,20170809,45.86,73.58,59.9,,,,,0.0,0.0
326362,North Fork Jocko,MT,47.27,-113.76,1929.4,20170810,43.34,78.8,61.16,,,,,0.0,0.0
326363,North Fork Jocko,MT,47.27,-113.76,1929.4,20170811,45.5,78.98,61.52,,,,,0.0,0.0
326364,North Fork Jocko,MT,47.27,-113.76,1929.4,20170812,46.94,79.88,61.88,,,,,0.0,0.0
326365,North Fork Jocko,MT,47.27,-113.76,1929.4,20170813,48.2,69.26,55.22,,,,,0.0,0.09842525
326366,North Fork Jocko,MT,47.27,-113.76,1929.4,20170814,37.4,63.86,51.62,,,,,0.0,0.0
326367,North Fork Jocko,MT,47.27,-113.76,1929.4,20170815,36.32,69.8,51.62,,,,,0.0,0.0
326368,North Fork Jocko,MT,47.27,-113.76,1929.4,20170816,37.04,71.06,54.14,,,,,0.0,0.0
326369,North Fork Jocko,MT,47.27,-113.76,1929.4,20170817,40.28,72.14,56.3,,,,,0.0,0.0
326370,North Fork Jocko,MT,47.27,-113.76,1929.4,20170818,38.12,75.92,58.64,,,,,0.0,0.0
326371,North Fork Jocko,MT,47.27,-113.76,1929.4,20170819,41.0,67.82,54.68,,,,,0.0,0.0
326372,North Fork Jocko,MT,47.27,-113.76,1929.4,20170820,35.24,66.92,51.98,,,,,0.0,0.0
326373,North Fork Jocko,MT,47.27,-113.76,1929.4,20170821,37.94,71.24,53.6,,,,,0.0,0.0
326374,North Fork Jocko,MT,47.27,-113.76,1929.4,20170822,41.0,78.98,58.64,,,,,0.0,0.0
326375,North Fork Jocko,MT,47.27,-113.76,1929.4,20170823,43.7,80.96,61.52,,,,,0.0,0.0
326376,North Fork Jocko,MT,47.27,-113.76,1929.4,20170824,47.3,68.72,57.92,,,,,0.0,0.0
326377,North Fork Jocko,MT,47.27,-113.76,1929.4,20170825,39.2,72.14,54.5,,,,,0.0,0.0
326378,North Fork Jocko,MT,47.27,-113.76,1929.4,20170826,35.6,75.02,53.96,,,,,0.0,0.0
326379,North Fork Jocko,MT,47.27,-113.76,1929.4,20170827,40.28,80.96,59.0,,,,,0.0,0.0
326380,North Fork Jocko,MT,47.27,-113.76,1929.4,20170828,42.8,82.22,61.52,,,,,0.0,0.0
326381,North Fork Jocko,MT,47.27,-113.76,1929.4,20170829,50.18,84.02,64.94,,,,,0.0,0.0
326382,North Fork Jocko,MT,47.27,-113.76,1929.4,20170830,50.54,79.16,64.94,,,,,0.0,0.0
326383,North Fork Jocko,MT,47.27,-113.76,1929.4,20170831,44.42,73.76,58.82,,,,,0.0,0.0
326384,North Fork Jocko,MT,47.27,-113.76,1929.4,20170901,39.2,74.66,56.3,,,,,0.0,0.0
326385,North Fork Jocko,MT,47.27,-113.76,1929.4,20170902,43.16,82.4,61.7,,,,,0.0,0.0
326386,North Fork Jocko,MT,47.27,-113.76,1929.4,20170903,44.24,82.76,62.96,,,,,0.0,0.0
326387,North Fork Jocko,MT,47.27,-113.76,1929.4,20170904,44.42,64.04,53.78,,,,,0.0,0.0
326388,North Fork Jocko,MT,47.27,-113.76,1929.4,20170905,39.74,73.04,54.68,,,,,0.0,0.0
326389,North Fork Jocko,MT,47.27,-113.76,1929.4,20170906,42.44,75.38,56.84,,,,,0.0,0.0
326390,North Fork Jocko,MT,47.27,-113.76,1929.4,20170907,45.86,80.96,60.98,,,,,0.0,0.0
326391,North Fork Jocko,MT,47.27,-113.76,1929.4,20170908,45.5,75.02,59.0,,,,,0.0,0.0
326392,North Fork Jocko,MT,47.27,-113.76,1929.4,20170909,45.68,75.92,61.16,,,,,0.0,0.0
326393,North Fork Jocko,MT,47.27,-113.76,1929.4,20170910,41.72,67.28,56.3,,,,,0.0,0.0
326394,North Fork Jocko,MT,47.27,-113.76,1929.4,20170911,37.94,77.54,54.86,,,,,0.0,0.0
326395,North Fork Jocko,MT,47.27,-113.76,1929.4,20170912,39.74,78.44,58.46,,,,,0.0,0.0
326396,North Fork Jocko,MT,47.27,-113.76,1929.4,20170913,43.7,69.62,54.86,,,,,0.0,0.0
326397,North Fork Jocko,MT,47.27,-113.76,1929.4,20170914,34.7,48.2,40.82,,,,,0.0,0.50000027
326398,North Fork Jocko,MT,47.27,-113.76,1929.4,20170915,32.9,36.5,34.52,,,,,0.9842525,0.40157502
326399,North Fork Jocko,MT,47.27,-113.76,1929.4,20170916,30.74,46.58,35.96,,,,,0.0,0.0
326400,North Fork Jocko,MT,47.27,-113.76,1929.4,20170917,30.38,56.48,42.44,,,,,0.0,0.0
326401,North Fork Jocko,MT,47.27,-113.76,1929.4,20170918,34.7,50.0,39.56,,,,,0.0,0.40157502
326402,North Fork Jocko,MT,47.27,-113.76,1929.4,20170919,32.36,39.38,34.7,,,,,4.0157502,0.90157529
326403,North Fork Jocko,MT,47.27,-113.76,1929.4,20170920,32.0,37.58,34.34,,,,,4.0157502,0.20078751
326404,North Fork Jocko,MT,47.27,-113.76,1929.4,20170921,32.72,44.24,35.24,,,,,2.9921276000000003,0.09842525
326405,Kraft Creek,MT,47.43,-113.78,1447.8,20170101,0.68,20.3,14.9,,,,,27.9921411,0.09842525
326406,Kraft Creek,MT,47.43,-113.78,1447.8,20170102,-5.08,14.9,2.84,,,,,27.0078886,0.0
326407,Kraft Creek,MT,47.43,-113.78,1447.8,20170103,-4.72,15.26,3.38,,,,,25.0000135,0.0
326408,Kraft Creek,MT,47.43,-113.78,1447.8,20170104,-9.4,13.64,-2.2,,,,,24.015760999999998,0.0
326409,Kraft Creek,MT,47.43,-113.78,1447.8,20170105,-10.12,13.82,0.32,,,,,24.015760999999998,0.09842525
326410,Kraft Creek,MT,47.43,-113.78,1447.8,20170106,3.2,25.34,10.94,,,,,24.015760999999998,0.0
326411,Kraft Creek,MT,47.43,-113.78,1447.8,20170107,4.28,26.6,14.0,,,,,25.984266,0.09842525
326412,Kraft Creek,MT,47.43,-113.78,1447.8,20170108,13.1,32.36,21.74,,,,,30.984268699999998,0.59842552
326413,Kraft Creek,MT,47.43,-113.78,1447.8,20170109,26.06,43.34,33.26,,,,,32.0078913,0.29921276
326414,Kraft Creek,MT,47.43,-113.78,1447.8,20170110,11.48,29.12,24.8,,,,,35.0000189,0.29921276
326415,Kraft Creek,MT,47.43,-113.78,1447.8,20170111,-0.04,17.6,7.88,,,,,32.0078913,0.0
326416,Kraft Creek,MT,47.43,-113.78,1447.8,20170112,-1.12,22.82,10.04,,,,,30.0000162,0.0
326417,Kraft Creek,MT,47.43,-113.78,1447.8,20170113,6.98,24.44,12.2,,,,,30.0000162,0.0
326418,Kraft Creek,MT,47.43,-113.78,1447.8,20170114,5.9,29.3,12.92,,,,,29.015763699999997,0.09842525
326419,Kraft Creek,MT,47.43,-113.78,1447.8,20170115,7.52,27.5,13.82,,,,,29.015763699999997,0.0
326420,Kraft Creek,MT,47.43,-113.78,1447.8,20170116,9.32,29.12,17.96,,,,,27.9921411,0.09842525
326421,Kraft Creek,MT,47.43,-113.78,1447.8,20170117,18.14,40.64,29.84,,,,,27.0078886,0.0
326422,Kraft Creek,MT,47.43,-113.78,1447.8,20170118,33.26,48.2,39.02,,,,,27.0078886,0.0
326423,Kraft Creek,MT,47.43,-113.78,1447.8,20170119,32.72,41.9,37.22,,,,,27.0078886,0.0
326424,Kraft Creek,MT,47.43,-113.78,1447.8,20170120,23.9,43.7,31.82,,,,,27.0078886,0.0
326425,Kraft Creek,MT,47.43,-113.78,1447.8,20170121,21.38,35.06,27.68,,,,,25.984266,0.0
326426,Kraft Creek,MT,47.43,-113.78,1447.8,20170122,24.44,41.9,32.0,,,,,27.0078886,0.20078751
326427,Kraft Creek,MT,47.43,-113.78,1447.8,20170123,17.42,32.36,27.14,,,,,29.015763699999997,0.09842525
326428,Kraft Creek,MT,47.43,-113.78,1447.8,20170124,14.54,31.28,21.02,,,,,27.9921411,0.0
326429,Kraft Creek,MT,47.43,-113.78,1447.8,20170125,19.94,34.34,24.44,,,,,32.9921438,0.20078751
326430,Kraft Creek,MT,47.43,-113.78,1447.8,20170126,18.32,31.28,24.26,,,,,30.984268699999998,0.0
326431,Kraft Creek,MT,47.43,-113.78,1447.8,20170127,17.6,34.88,23.72,,,,,30.984268699999998,0.09842525
326432,Kraft Creek,MT,47.43,-113.78,1447.8,20170128,18.86,43.16,28.04,,,,,29.015763699999997,0.09842525
326433,Kraft Creek,MT,47.43,-113.78,1447.8,20170129,24.62,52.52,37.4,,,,,27.9921411,0.0
326434,Kraft Creek,MT,47.43,-113.78,1447.8,20170130,27.14,43.7,36.32,,,,,30.0000162,0.09842525
326435,Kraft Creek,MT,47.43,-113.78,1447.8,20170131,14.0,29.84,22.1,,,,,35.9842714,0.20078751
326436,Kraft Creek,MT,47.43,-113.78,1447.8,20170201,-0.94,20.84,11.3,,,,,34.0157664,0.09842525
326437,Kraft Creek,MT,47.43,-113.78,1447.8,20170202,-2.38,17.42,4.82,,,,,32.9921438,0.0
326438,Kraft Creek,MT,47.43,-113.78,1447.8,20170203,-0.94,27.86,14.18,,,,,35.9842714,0.20078751
326439,Kraft Creek,MT,47.43,-113.78,1447.8,20170204,16.7,41.36,30.2,,,,,35.9842714,0.40157502
326440,Kraft Creek,MT,47.43,-113.78,1447.8,20170205,34.52,44.6,39.38,,,,,35.9842714,0.09842525
326441,Kraft Creek,MT,47.43,-113.78,1447.8,20170206,25.52,44.06,33.44,,,,,37.992146500000004,0.29921276
326442,Kraft Creek,MT,47.43,-113.78,1447.8,20170207,16.88,32.54,24.98,,,,,35.9842714,0.0
326443,Kraft Creek,MT,47.43,-113.78,1447.8,20170208,19.22,31.1,25.7,,,,,40.000021600000004,0.40157502
326444,Kraft Creek,MT,47.43,-113.78,1447.8,20170209,30.38,49.46,41.54,,,,,32.0078913,1.40157556
326445,Kraft Creek,MT,47.43,-113.78,1447.8,20170210,33.08,43.16,38.3,,,,,30.984268699999998,0.29921276
326446,Kraft Creek,MT,47.43,-113.78,1447.8,20170211,24.26,34.7,30.02,,,,,30.984268699999998,0.09842525
326447,Kraft Creek,MT,47.43,-113.78,1447.8,20170212,18.86,41.36,28.22,,,,,30.984268699999998,0.20078751
326448,Kraft Creek,MT,47.43,-113.78,1447.8,20170213,24.08,48.02,32.36,,,,,30.984268699999998,0.0
326449,Kraft Creek,MT,47.43,-113.78,1447.8,20170214,26.24,50.72,35.06,,,,,30.0000162,0.0
326450,Kraft Creek,MT,47.43,-113.78,1447.8,20170215,30.38,58.1,42.62,,,,,30.0000162,0.29921276
326451,Kraft Creek,MT,47.43,-113.78,1447.8,20170216,35.06,53.24,44.24,,,,,27.0078886,0.09842525
326452,Kraft Creek,MT,47.43,-113.78,1447.8,20170217,29.84,46.76,35.78,,,,,27.0078886,0.20078751
326453,Kraft Creek,MT,47.43,-113.78,1447.8,20170218,30.38,50.0,40.28,,,,,27.0078886,0.0
326454,Kraft Creek,MT,47.43,-113.78,1447.8,20170219,27.68,48.38,36.86,,,,,25.984266,0.20078751
326455,Kraft Creek,MT,47.43,-113.78,1447.8,20170220,29.66,41.9,35.6,,,,,27.9921411,0.29921276
326456,Kraft Creek,MT,47.43,-113.78,1447.8,20170221,31.82,46.04,36.14,,,,,32.9921438,0.59842552
326457,Kraft Creek,MT,47.43,-113.78,1447.8,20170222,22.82,40.1,30.56,,,,,32.9921438,0.09842525
326458,Kraft Creek,MT,47.43,-113.78,1447.8,20170223,17.96,40.1,26.6,,,,,32.0078913,0.0
326459,Kraft Creek,MT,47.43,-113.78,1447.8,20170224,16.52,39.2,23.72,,,,,32.0078913,0.0
326460,Kraft Creek,MT,47.43,-113.78,1447.8,20170225,17.78,28.22,22.1,,,,,32.9921438,0.09842525
326461,Kraft Creek,MT,47.43,-113.78,1447.8,20170226,17.24,31.28,23.18,,,,,35.0000189,0.50000027
326462,Kraft Creek,MT,47.43,-113.78,1447.8,20170227,16.16,31.46,22.1,,,,,37.007894,0.09842525
326463,Kraft Creek,MT,47.43,-113.78,1447.8,20170228,19.94,27.32,23.54,,,,,37.992146500000004,0.09842525
326464,Kraft Creek,MT,47.43,-113.78,1447.8,20170301,20.84,34.88,29.3,,,,,42.9921492,0.59842552
326465,Kraft Creek,MT,47.43,-113.78,1447.8,20170302,28.76,44.42,35.06,,,,,39.0157691,0.40157502
326466,Kraft Creek,MT,47.43,-113.78,1447.8,20170303,31.82,47.84,38.12,,,,,40.000021600000004,0.09842525
326467,Kraft Creek,MT,47.43,-113.78,1447.8,20170304,29.66,47.3,37.76,,,,,40.000021600000004,0.20078751
326468,Kraft Creek,MT,47.43,-113.78,1447.8,20170305,19.22,38.84,29.3,,,,,40.9842741,0.20078751
326469,Kraft Creek,MT,47.43,-113.78,1447.8,20170306,17.06,33.44,25.52,,,,,42.0078967,0.09842525
326470,Kraft Creek,MT,47.43,-113.78,1447.8,20170307,23.0,30.56,26.78,,,,,45.984276799999996,0.29921276
326471,Kraft Creek,MT,47.43,-113.78,1447.8,20170308,26.24,37.94,31.82,,,,,49.0157745,0.50000027
326472,Kraft Creek,MT,47.43,-113.78,1447.8,20170309,25.7,38.12,31.64,,,,,50.000027,0.40157502
326473,Kraft Creek,MT,47.43,-113.78,1447.8,20170310,33.8,47.3,42.08,,,,,42.9921492,0.59842552
326474,Kraft Creek,MT,47.43,-113.78,1447.8,20170311,32.72,56.48,42.62,,,,,40.9842741,0.20078751
326475,Kraft Creek,MT,47.43,-113.78,1447.8,20170312,34.7,47.48,39.56,,,,,40.000021600000004,0.29921276
326476,Kraft Creek,MT,47.43,-113.78,1447.8,20170313,33.98,47.84,39.56,,,,,39.0157691,0.09842525
326477,Kraft Creek,MT,47.43,-113.78,1447.8,20170314,36.68,51.62,41.54,,,,,37.007894,1.00000054
326478,Kraft Creek,MT,47.43,-113.78,1447.8,20170315,39.2,51.8,43.16,,,,,35.0000189,0.40157502
326479,Kraft Creek,MT,47.43,-113.78,1447.8,20170316,28.58,50.0,39.02,,,,,35.0000189,0.40157502
326480,Kraft Creek,MT,47.43,-113.78,1447.8,20170317,25.7,50.18,40.28,,,,,34.0157664,0.09842525
326481,Kraft Creek,MT,47.43,-113.78,1447.8,20170318,39.02,52.7,44.6,,,,,32.0078913,0.50000027
326482,Kraft Creek,MT,47.43,-113.78,1447.8,20170319,30.2,49.46,39.38,,,,,32.0078913,0.50000027
326483,Kraft Creek,MT,47.43,-113.78,1447.8,20170320,25.52,52.16,37.94,,,,,30.984268699999998,0.0
326484,Kraft Creek,MT,47.43,-113.78,1447.8,20170321,32.0,57.74,41.54,,,,,29.015763699999997,0.0
326485,Kraft Creek,MT,47.43,-113.78,1447.8,20170322,35.6,52.52,41.36,,,,,29.015763699999997,0.09842525
326486,Kraft Creek,MT,47.43,-113.78,1447.8,20170323,30.02,45.32,37.04,,,,,27.9921411,0.0
326487,Kraft Creek,MT,47.43,-113.78,1447.8,20170324,28.58,52.34,39.56,,,,,27.9921411,0.0
326488,Kraft Creek,MT,47.43,-113.78,1447.8,20170325,32.18,47.48,38.12,,,,,27.0078886,0.20078751
326489,Kraft Creek,MT,47.43,-113.78,1447.8,20170326,26.96,50.9,38.84,,,,,27.0078886,0.20078751
326490,Kraft Creek,MT,47.43,-113.78,1447.8,20170327,34.52,47.66,38.66,,,,,25.984266,0.0
326491,Kraft Creek,MT,47.43,-113.78,1447.8,20170328,33.62,44.6,37.58,,,,,25.984266,0.09842525
326492,Kraft Creek,MT,47.43,-113.78,1447.8,20170329,34.52,43.34,38.48,,,,,25.984266,0.0
326493,Kraft Creek,MT,47.43,-113.78,1447.8,20170330,35.06,52.52,41.18,,,,,24.015760999999998,0.20078751
326494,Kraft Creek,MT,47.43,-113.78,1447.8,20170331,35.24,56.84,43.52,,,,,22.992138399999998,0.09842525
326495,Kraft Creek,MT,47.43,-113.78,1447.8,20170401,34.7,55.76,42.8,,,,,22.007885899999998,0.0
326496,Kraft Creek,MT,47.43,-113.78,1447.8,20170402,30.38,46.58,37.58,,,,,22.007885899999998,0.0
326497,Kraft Creek,MT,47.43,-113.78,1447.8,20170403,23.0,43.88,30.92,,,,,22.007885899999998,0.29921276
326498,Kraft Creek,MT,47.43,-113.78,1447.8,20170404,21.38,50.36,35.06,,,,,22.007885899999998,0.09842525
326499,Kraft Creek,MT,47.43,-113.78,1447.8,20170405,34.7,56.3,43.88,,,,,20.9842633,0.0
326500,Kraft Creek,MT,47.43,-113.78,1447.8,20170406,37.4,60.08,46.76,,,,,19.0157583,0.0
326501,Kraft Creek,MT,47.43,-113.78,1447.8,20170407,32.0,57.56,42.62,,,,,17.9921357,0.20078751
326502,Kraft Creek,MT,47.43,-113.78,1447.8,20170408,32.18,53.6,39.38,,,,,17.0078832,0.20078751
326503,Kraft Creek,MT,47.43,-113.78,1447.8,20170409,25.52,46.4,33.62,,,,,17.9921357,0.29921276
326504,Kraft Creek,MT,47.43,-113.78,1447.8,20170410,23.9,44.78,33.44,,,,,17.9921357,0.0
326505,Kraft Creek,MT,47.43,-113.78,1447.8,20170411,26.42,50.54,39.92,,,,,17.0078832,0.09842525
326506,Kraft Creek,MT,47.43,-113.78,1447.8,20170412,36.32,48.2,41.54,,,,,15.9842606,0.0
326507,Kraft Creek,MT,47.43,-113.78,1447.8,20170413,34.7,48.02,40.1,,,,,15.0000081,0.0
326508,Kraft Creek,MT,47.43,-113.78,1447.8,20170414,31.1,44.6,37.22,,,,,15.9842606,0.0
326509,Kraft Creek,MT,47.43,-113.78,1447.8,20170415,29.84,43.16,35.24,,,,,15.0000081,0.40157502
326510,Kraft Creek,MT,47.43,-113.78,1447.8,20170416,26.06,54.14,41.54,,,,,14.015755599999999,0.0
326511,Kraft Creek,MT,47.43,-113.78,1447.8,20170417,36.14,48.2,42.08,,,,,12.992133,0.0
326512,Kraft Creek,MT,47.43,-113.78,1447.8,20170418,35.78,55.58,42.8,,,,,12.007880499999999,0.20078751
326513,Kraft Creek,MT,47.43,-113.78,1447.8,20170419,34.52,53.6,43.16,,,,,9.0157529,0.20078751
326514,Kraft Creek,MT,47.43,-113.78,1447.8,20170420,35.06,53.24,41.9,,,,,9.0157529,0.0
326515,Kraft Creek,MT,47.43,-113.78,1447.8,20170421,33.26,50.36,39.74,,,,,9.0157529,0.0
326516,Kraft Creek,MT,47.43,-113.78,1447.8,20170422,30.74,59.36,45.32,,,,,5.984255200000001,0.09842525
326517,Kraft Creek,MT,47.43,-113.78,1447.8,20170423,35.42,52.88,43.34,,,,,2.9921276000000003,0.0
326518,Kraft Creek,MT,47.43,-113.78,1447.8,20170424,34.52,53.24,42.26,,,,,2.0078751,0.0
326519,Kraft Creek,MT,47.43,-113.78,1447.8,20170425,34.7,50.9,39.56,,,,,0.0,0.09842525
326520,Kraft Creek,MT,47.43,-113.78,1447.8,20170426,34.34,46.94,38.84,,,,,0.0,0.0
326521,Kraft Creek,MT,47.43,-113.78,1447.8,20170427,32.72,44.96,37.58,,,,,0.0,0.40157502
326522,Kraft Creek,MT,47.43,-113.78,1447.8,20170428,31.82,48.56,38.66,,,,,0.0,0.0
326523,Kraft Creek,MT,47.43,-113.78,1447.8,20170429,33.62,51.98,42.8,,,,,0.0,0.09842525
326524,Kraft Creek,MT,47.43,-113.78,1447.8,20170430,35.24,47.84,40.64,,,,,0.0,0.0
326525,Kraft Creek,MT,47.43,-113.78,1447.8,20170501,34.88,50.54,41.18,,,,,0.0,0.29921276
326526,Kraft Creek,MT,47.43,-113.78,1447.8,20170502,33.98,49.28,39.02,,,,,0.0,0.0
326527,Kraft Creek,MT,47.43,-113.78,1447.8,20170503,32.9,60.98,48.02,,,,,0.0,0.50000027
326528,Kraft Creek,MT,47.43,-113.78,1447.8,20170504,41.72,73.58,56.84,,,,,0.0,0.0
326529,Kraft Creek,MT,47.43,-113.78,1447.8,20170505,48.92,71.6,59.54,,,,,0.0,0.0
326530,Kraft Creek,MT,47.43,-113.78,1447.8,20170506,44.06,64.22,53.78,,,,,0.0,0.0
326531,Kraft Creek,MT,47.43,-113.78,1447.8,20170507,33.98,44.06,40.1,,,,,0.0,0.0
326532,Kraft Creek,MT,47.43,-113.78,1447.8,20170508,32.9,59.9,46.22,,,,,0.0,0.09842525
326533,Kraft Creek,MT,47.43,-113.78,1447.8,20170509,38.12,61.88,50.72,,,,,0.0,0.0
326534,Kraft Creek,MT,47.43,-113.78,1447.8,20170510,40.64,69.98,55.4,,,,,0.0,0.0
326535,Kraft Creek,MT,47.43,-113.78,1447.8,20170511,45.14,75.74,62.06,,,,,0.0,0.0
326536,Kraft Creek,MT,47.43,-113.78,1447.8,20170512,35.24,60.44,47.48,,,,,0.0,0.0
326537,Kraft Creek,MT,47.43,-113.78,1447.8,20170513,32.0,47.66,38.66,,,,,0.0,0.0
326538,Kraft Creek,MT,47.43,-113.78,1447.8,20170514,32.0,49.1,39.56,,,,,0.0,0.09842525
326539,Kraft Creek,MT,47.43,-113.78,1447.8,20170515,30.38,53.78,42.8,,,,,0.0,0.0
326540,Kraft Creek,MT,47.43,-113.78,1447.8,20170516,35.6,51.26,42.62,,,,,0.0,0.0
326541,Kraft Creek,MT,47.43,-113.78,1447.8,20170517,40.1,49.1,44.42,,,,,0.0,0.0
326542,Kraft Creek,MT,47.43,-113.78,1447.8,20170518,38.48,57.92,47.48,,,,,0.0,0.09842525
326543,Kraft Creek,MT,47.43,-113.78,1447.8,20170519,39.92,61.34,50.0,,,,,0.0,0.0
326544,Kraft Creek,MT,47.43,-113.78,1447.8,20170520,40.64,60.98,49.1,,,,,0.0,0.0
326545,Kraft Creek,MT,47.43,-113.78,1447.8,20170521,38.84,65.3,53.42,,,,,0.0,0.09842525
326546,Kraft Creek,MT,47.43,-113.78,1447.8,20170522,45.14,70.52,58.46,,,,,0.0,0.0
326547,Kraft Creek,MT,47.43,-113.78,1447.8,20170523,46.94,75.74,63.32,,,,,0.0,0.0
326548,Kraft Creek,MT,47.43,-113.78,1447.8,20170524,41.18,64.4,50.54,,,,,0.0,0.0
326549,Kraft Creek,MT,47.43,-113.78,1447.8,20170525,39.56,58.82,48.02,,,,,0.0,0.0
326550,Kraft Creek,MT,47.43,-113.78,1447.8,20170526,40.28,63.32,52.34,,,,,0.0,0.20078751
326551,Kraft Creek,MT,47.43,-113.78,1447.8,20170527,44.6,68.18,57.38,,,,,0.0,0.0
326552,Kraft Creek,MT,47.43,-113.78,1447.8,20170528,46.58,72.86,60.26,,,,,0.0,0.0
326553,Kraft Creek,MT,47.43,-113.78,1447.8,20170529,46.58,75.74,61.88,,,,,0.0,0.0
326554,Kraft Creek,MT,47.43,-113.78,1447.8,20170530,49.64,78.44,64.04,,,,,0.0,0.0
326555,Kraft Creek,MT,47.43,-113.78,1447.8,20170531,51.08,80.96,64.4,,,,,0.0,0.0
326556,Kraft Creek,MT,47.43,-113.78,1447.8,20170601,48.92,64.22,54.5,,,,,0.0,0.0
326557,Kraft Creek,MT,47.43,-113.78,1447.8,20170602,44.6,65.12,54.32,,,,,0.0,0.09842525
326558,Kraft Creek,MT,47.43,-113.78,1447.8,20170603,42.98,76.28,61.52,,,,,0.0,0.09842525
326559,Kraft Creek,MT,47.43,-113.78,1447.8,20170604,48.02,72.14,59.54,,,,,0.0,0.0
326560,Kraft Creek,MT,47.43,-113.78,1447.8,20170605,43.52,62.6,52.34,,,,,0.0,0.0
326561,Kraft Creek,MT,47.43,-113.78,1447.8,20170606,43.16,75.02,59.9,,,,,0.0,0.09842525
326562,Kraft Creek,MT,47.43,-113.78,1447.8,20170607,50.72,83.12,67.28,,,,,0.0,0.0
326563,Kraft Creek,MT,47.43,-113.78,1447.8,20170608,46.76,77.9,64.76,,,,,0.0,0.0
326564,Kraft Creek,MT,47.43,-113.78,1447.8,20170609,42.26,58.46,50.18,,,,,0.0,0.0
326565,Kraft Creek,MT,47.43,-113.78,1447.8,20170610,39.92,54.5,46.58,,,,,0.0,0.09842525
326566,Kraft Creek,MT,47.43,-113.78,1447.8,20170611,37.4,63.14,50.72,,,,,0.0,0.0
326567,Kraft Creek,MT,47.43,-113.78,1447.8,20170612,42.8,72.86,60.98,,,,,0.0,0.59842552
326568,Kraft Creek,MT,47.43,-113.78,1447.8,20170613,43.88,55.58,48.74,,,,,0.0,0.79921303
326569,Kraft Creek,MT,47.43,-113.78,1447.8,20170614,42.98,61.7,51.44,,,,,0.0,0.0
326570,Kraft Creek,MT,47.43,-113.78,1447.8,20170615,43.7,58.1,50.72,,,,,0.0,0.09842525
326571,Kraft Creek,MT,47.43,-113.78,1447.8,20170616,44.24,59.0,50.54,,,,,0.0,0.70078778
326572,Kraft Creek,MT,47.43,-113.78,1447.8,20170617,42.98,62.42,52.34,,,,,0.0,0.0
326573,Kraft Creek,MT,47.43,-113.78,1447.8,20170618,44.96,58.28,51.8,,,,,0.0,0.0
326574,Kraft Creek,MT,47.43,-113.78,1447.8,20170619,51.62,76.64,62.78,,,,,0.0,0.0
326575,Kraft Creek,MT,47.43,-113.78,1447.8,20170620,54.14,76.46,65.48,,,,,0.0,0.0
326576,Kraft Creek,MT,47.43,-113.78,1447.8,20170621,50.72,67.64,60.62,,,,,0.0,0.0
326577,Kraft Creek,MT,47.43,-113.78,1447.8,20170622,43.52,62.6,53.78,,,,,0.0,0.0
326578,Kraft Creek,MT,47.43,-113.78,1447.8,20170623,41.0,68.72,55.94,,,,,0.0,0.0
326579,Kraft Creek,MT,47.43,-113.78,1447.8,20170624,44.6,71.78,59.54,,,,,0.0,0.0
326580,Kraft Creek,MT,47.43,-113.78,1447.8,20170625,46.58,81.68,64.76,,,,,0.0,0.09842525
326581,Kraft Creek,MT,47.43,-113.78,1447.8,20170626,54.86,83.84,69.26,,,,,0.0,0.0
326582,Kraft Creek,MT,47.43,-113.78,1447.8,20170627,50.36,74.48,63.14,,,,,0.0,0.0
326583,Kraft Creek,MT,47.43,-113.78,1447.8,20170628,45.14,67.82,58.28,,,,,0.0,0.09842525
326584,Kraft Creek,MT,47.43,-113.78,1447.8,20170629,44.96,67.64,54.32,,,,,0.0,0.0
326585,Kraft Creek,MT,47.43,-113.78,1447.8,20170630,46.58,74.66,61.7,,,,,0.0,0.0
326586,Kraft Creek,MT,47.43,-113.78,1447.8,20170701,52.7,79.34,66.74,,,,,0.0,0.0
326587,Kraft Creek,MT,47.43,-113.78,1447.8,20170702,54.68,84.74,69.08,,,,,0.0,0.0
326588,Kraft Creek,MT,47.43,-113.78,1447.8,20170703,53.96,79.16,67.82,,,,,0.0,0.0
326589,Kraft Creek,MT,47.43,-113.78,1447.8,20170704,50.0,82.58,66.92,,,,,0.0,0.0
326590,Kraft Creek,MT,47.43,-113.78,1447.8,20170705,55.58,86.54,71.24,,,,,0.0,0.0
326591,Kraft Creek,MT,47.43,-113.78,1447.8,20170706,57.74,87.26,72.86,,,,,0.0,0.0
326592,Kraft Creek,MT,47.43,-113.78,1447.8,20170707,58.82,92.66,74.84,,,,,0.0,0.0
326593,Kraft Creek,MT,47.43,-113.78,1447.8,20170708,60.44,89.78,74.84,,,,,0.0,0.0
326594,Kraft Creek,MT,47.43,-113.78,1447.8,20170709,60.08,88.7,74.66,,,,,0.0,0.0
326595,Kraft Creek,MT,47.43,-113.78,1447.8,20170710,54.86,78.98,66.92,,,,,0.0,0.0
326596,Kraft Creek,MT,47.43,-113.78,1447.8,20170711,51.98,75.02,63.68,,,,,0.0,0.0
326597,Kraft Creek,MT,47.43,-113.78,1447.8,20170712,50.0,81.68,66.2,,,,,0.0,0.0
326598,Kraft Creek,MT,47.43,-113.78,1447.8,20170713,55.22,88.34,72.14,,,,,0.0,0.0
326599,Kraft Creek,MT,47.43,-113.78,1447.8,20170714,55.94,90.68,74.12,,,,,0.0,0.0
326600,Kraft Creek,MT,47.43,-113.78,1447.8,20170715,56.48,84.2,70.34,,,,,0.0,0.0
326601,Kraft Creek,MT,47.43,-113.78,1447.8,20170716,48.92,75.2,63.5,,,,,0.0,0.0
326602,Kraft Creek,MT,47.43,-113.78,1447.8,20170717,45.5,73.94,60.62,,,,,0.0,0.0
326603,Kraft Creek,MT,47.43,-113.78,1447.8,20170718,49.1,80.24,66.2,,,,,0.0,0.0
326604,Kraft Creek,MT,47.43,-113.78,1447.8,20170719,53.42,83.66,69.08,,,,,0.0,0.0
326605,Kraft Creek,MT,47.43,-113.78,1447.8,20170720,53.42,79.16,67.64,,,,,0.0,0.0
326606,Kraft Creek,MT,47.43,-113.78,1447.8,20170721,47.3,74.66,62.6,,,,,0.0,0.0
326607,Kraft Creek,MT,47.43,-113.78,1447.8,20170722,49.82,79.52,65.66,,,,,0.0,0.0
326608,Kraft Creek,MT,47.43,-113.78,1447.8,20170723,55.76,85.64,71.78,,,,,0.0,0.0
326609,Kraft Creek,MT,47.43,-113.78,1447.8,20170724,57.38,83.48,71.06,,,,,0.0,0.0
326610,Kraft Creek,MT,47.43,-113.78,1447.8,20170725,50.72,81.14,66.74,,,,,0.0,0.0
326611,Kraft Creek,MT,47.43,-113.78,1447.8,20170726,54.14,84.02,70.16,,,,,0.0,0.0
326612,Kraft Creek,MT,47.43,-113.78,1447.8,20170727,59.9,83.48,70.16,,,,,0.0,0.0
326613,Kraft Creek,MT,47.43,-113.78,1447.8,20170728,57.74,84.02,71.24,,,,,0.0,0.0
326614,Kraft Creek,MT,47.43,-113.78,1447.8,20170729,58.82,86.54,71.96,,,,,0.0,0.0
326615,Kraft Creek,MT,47.43,-113.78,1447.8,20170730,58.64,86.0,72.86,,,,,0.0,0.0
326616,Kraft Creek,MT,47.43,-113.78,1447.8,20170731,56.12,84.56,71.06,,,,,0.0,0.0
326617,Kraft Creek,MT,47.43,-113.78,1447.8,20170801,56.84,84.92,70.34,,,,,0.0,0.0
326618,Kraft Creek,MT,47.43,-113.78,1447.8,20170802,52.7,79.88,64.94,,,,,0.0,0.0
326619,Kraft Creek,MT,47.43,-113.78,1447.8,20170803,49.46,81.68,65.3,,,,,0.0,0.0
326620,Kraft Creek,MT,47.43,-113.78,1447.8,20170804,55.22,85.28,69.26,,,,,0.0,0.0
326621,Kraft Creek,MT,47.43,-113.78,1447.8,20170805,50.9,71.6,60.62,,,,,0.0,0.0
326622,Kraft Creek,MT,47.43,-113.78,1447.8,20170806,47.48,78.08,62.6,,,,,0.0,0.0
326623,Kraft Creek,MT,47.43,-113.78,1447.8,20170807,52.16,82.58,67.28,,,,,0.0,0.0
326624,Kraft Creek,MT,47.43,-113.78,1447.8,20170808,53.6,78.98,66.02,,,,,0.0,0.0
326625,Kraft Creek,MT,47.43,-113.78,1447.8,20170809,51.62,80.42,66.02,,,,,0.0,0.0
326626,Kraft Creek,MT,47.43,-113.78,1447.8,20170810,54.14,82.76,68.0,,,,,0.0,0.0
326627,Kraft Creek,MT,47.43,-113.78,1447.8,20170811,52.7,82.58,67.1,,,,,0.0,0.0
326628,Kraft Creek,MT,47.43,-113.78,1447.8,20170812,54.32,82.76,69.44,,,,,0.0,0.0
326629,Kraft Creek,MT,47.43,-113.78,1447.8,20170813,48.74,73.22,60.26,,,,,0.0,0.0
326630,Kraft Creek,MT,47.43,-113.78,1447.8,20170814,47.84,68.9,57.74,,,,,0.0,0.0
326631,Kraft Creek,MT,47.43,-113.78,1447.8,20170815,45.68,72.5,59.54,,,,,0.0,0.0
326632,Kraft Creek,MT,47.43,-113.78,1447.8,20170816,50.0,75.02,63.5,,,,,0.0,0.0
326633,Kraft Creek,MT,47.43,-113.78,1447.8,20170817,52.16,76.1,64.76,,,,,0.0,0.0
326634,Kraft Creek,MT,47.43,-113.78,1447.8,20170818,51.44,78.8,66.74,,,,,0.0,0.0
326635,Kraft Creek,MT,47.43,-113.78,1447.8,20170819,50.72,71.6,62.42,,,,,0.0,0.0
326636,Kraft Creek,MT,47.43,-113.78,1447.8,20170820,48.02,72.68,60.08,,,,,0.0,0.0
326637,Kraft Creek,MT,47.43,-113.78,1447.8,20170821,49.28,75.38,61.34,,,,,0.0,0.0
326638,Kraft Creek,MT,47.43,-113.78,1447.8,20170822,51.62,82.94,66.92,,,,,0.0,0.0
326639,Kraft Creek,MT,47.43,-113.78,1447.8,20170823,56.66,84.2,70.34,,,,,0.0,0.0
326640,Kraft Creek,MT,47.43,-113.78,1447.8,20170824,57.74,74.66,64.94,,,,,0.0,0.0
326641,Kraft Creek,MT,47.43,-113.78,1447.8,20170825,48.38,77.0,63.14,,,,,0.0,0.0
326642,Kraft Creek,MT,47.43,-113.78,1447.8,20170826,47.84,78.08,62.42,,,,,0.0,0.0
326643,Kraft Creek,MT,47.43,-113.78,1447.8,20170827,51.26,84.2,67.64,,,,,0.0,0.0
326644,Kraft Creek,MT,47.43,-113.78,1447.8,20170828,56.66,83.84,69.44,,,,,0.0,0.0
326645,Kraft Creek,MT,47.43,-113.78,1447.8,20170829,60.8,87.8,72.86,,,,,0.0,0.0
326646,Kraft Creek,MT,47.43,-113.78,1447.8,20170830,60.26,82.58,70.88,,,,,0.0,0.0
326647,Kraft Creek,MT,47.43,-113.78,1447.8,20170831,53.78,77.0,66.74,,,,,0.0,0.0
326648,Kraft Creek,MT,47.43,-113.78,1447.8,20170901,50.72,79.7,65.66,,,,,0.0,0.0
326649,Kraft Creek,MT,47.43,-113.78,1447.8,20170902,55.4,86.54,70.52,,,,,0.0,
326650,Kraft Creek,MT,47.43,-113.78,1447.8,20170903,58.46,87.26,72.32,,,,,0.0,0.0
326651,Kraft Creek,MT,47.43,-113.78,1447.8,20170904,50.0,69.08,58.1,,,,,0.0,0.0
326652,Kraft Creek,MT,47.43,-113.78,1447.8,20170905,46.22,77.9,60.62,,,,,0.0,0.0
326653,Kraft Creek,MT,47.43,-113.78,1447.8,20170906,51.08,76.46,62.78,,,,,0.0,0.0
326654,Kraft Creek,MT,47.43,-113.78,1447.8,20170907,55.04,82.94,66.56,,,,,0.0,0.0
326655,Kraft Creek,MT,47.43,-113.78,1447.8,20170908,56.66,77.9,65.84,,,,,0.0,0.0
326656,Kraft Creek,MT,47.43,-113.78,1447.8,20170909,55.76,80.42,67.82,,,,,0.0,0.0
326657,Kraft Creek,MT,47.43,-113.78,1447.8,20170910,52.34,71.96,62.24,,,,,0.0,0.0
326658,Kraft Creek,MT,47.43,-113.78,1447.8,20170911,47.66,82.58,63.5,,,,,0.0,0.0
326659,Kraft Creek,MT,47.43,-113.78,1447.8,20170912,51.62,82.58,66.74,,,,,0.0,0.0
326660,Kraft Creek,MT,47.43,-113.78,1447.8,20170913,52.88,73.58,61.52,,,,,0.0,0.0
326661,Kraft Creek,MT,47.43,-113.78,1447.8,20170914,39.02,55.58,44.78,,,,,0.0,0.0
326662,Kraft Creek,MT,47.43,-113.78,1447.8,20170915,37.04,42.8,39.74,,,,,0.0,0.0
326663,Kraft Creek,MT,47.43,-113.78,1447.8,20170916,34.16,55.22,42.26,,,,,0.0,0.0
326664,Kraft Creek,MT,47.43,-113.78,1447.8,20170917,36.32,60.98,49.82,,,,,0.0,0.20078751
326665,Kraft Creek,MT,47.43,-113.78,1447.8,20170918,38.48,52.16,43.16,,,,,0.0,0.0
326666,Kraft Creek,MT,47.43,-113.78,1447.8,20170919,35.96,45.32,40.1,,,,,0.0,0.09842525
326667,Kraft Creek,MT,47.43,-113.78,1447.8,20170920,34.88,45.5,38.84,,,,,0.0,0.09842525
326668,Kraft Creek,MT,47.43,-113.78,1447.8,20170921,35.24,48.02,39.2,,,,,0.9842525,0.09842525
326669,Moss Peak,MT,47.68,-113.96,2066.5,20170101,-5.8,15.8,6.26,,,,,57.992157299999995,0.20078751
326670,Moss Peak,MT,47.68,-113.96,2066.5,20170102,-7.06,1.58,-3.64,,,,,57.0079048,0.0
326671,Moss Peak,MT,47.68,-113.96,2066.5,20170103,-8.14,8.6,-0.76,,,,,55.9842822,0.0
326672,Moss Peak,MT,47.68,-113.96,2066.5,20170104,-8.86,11.48,-0.94,,,,,54.0157772,0.0
326673,Moss Peak,MT,47.68,-113.96,2066.5,20170105,-3.64,12.38,5.18,,,,,52.0079021,0.0
326674,Moss Peak,MT,47.68,-113.96,2066.5,20170106,3.74,15.44,9.14,,,,,52.9921546,0.0
326675,Moss Peak,MT,47.68,-113.96,2066.5,20170107,8.78,23.36,16.34,,,,,55.0000297,0.40157502
326676,Moss Peak,MT,47.68,-113.96,2066.5,20170108,19.76,33.44,25.52,,,,,59.0157799,0.59842552
326677,Moss Peak,MT,47.68,-113.96,2066.5,20170109,18.68,32.18,25.16,,,,,62.007907499999995,0.50000027
326678,Moss Peak,MT,47.68,-113.96,2066.5,20170110,9.68,19.76,17.42,,,,,65.0000351,0.50000027
326679,Moss Peak,MT,47.68,-113.96,2066.5,20170111,-0.22,12.38,6.62,,,,,65.0000351,0.0
326680,Moss Peak,MT,47.68,-113.96,2066.5,20170112,0.68,15.44,12.02,,,,,62.99216,0.0
326681,Moss Peak,MT,47.68,-113.96,2066.5,20170113,8.24,19.94,14.36,,,,,62.007907499999995,0.0
326682,Moss Peak,MT,47.68,-113.96,2066.5,20170114,11.66,27.14,19.58,,,,,62.007907499999995,0.09842525
326683,Moss Peak,MT,47.68,-113.96,2066.5,20170115,14.36,27.14,22.46,,,,,60.98428489999999,0.0
326684,Moss Peak,MT,47.68,-113.96,2066.5,20170116,13.82,29.3,23.54,,,,,59.0157799,0.0
326685,Moss Peak,MT,47.68,-113.96,2066.5,20170117,24.08,39.38,32.72,,,,,59.0157799,0.09842525
326686,Moss Peak,MT,47.68,-113.96,2066.5,20170118,32.36,38.3,35.6,,,,,59.0157799,0.09842525
326687,Moss Peak,MT,47.68,-113.96,2066.5,20170119,25.34,35.78,30.02,,,,,59.0157799,0.0
326688,Moss Peak,MT,47.68,-113.96,2066.5,20170120,19.22,34.34,24.98,,,,,59.0157799,0.0
326689,Moss Peak,MT,47.68,-113.96,2066.5,20170121,17.06,30.02,23.54,,,,,57.992157299999995,0.0
326690,Moss Peak,MT,47.68,-113.96,2066.5,20170122,21.02,33.98,25.88,,,,,60.0000324,0.29921276
326691,Moss Peak,MT,47.68,-113.96,2066.5,20170123,11.66,26.6,21.56,,,,,57.992157299999995,0.0
326692,Moss Peak,MT,47.68,-113.96,2066.5,20170124,10.58,22.82,16.34,,,,,59.0157799,0.09842525
326693,Moss Peak,MT,47.68,-113.96,2066.5,20170125,16.7,19.94,17.78,,,,,62.99216,0.20078751
326694,Moss Peak,MT,47.68,-113.96,2066.5,20170126,16.16,19.76,17.24,,,,,60.98428489999999,0.09842525
326695,Moss Peak,MT,47.68,-113.96,2066.5,20170127,15.98,21.56,18.5,,,,,62.007907499999995,0.0
326696,Moss Peak,MT,47.68,-113.96,2066.5,20170128,20.3,30.92,25.52,,,,,60.98428489999999,0.0
326697,Moss Peak,MT,47.68,-113.96,2066.5,20170129,22.28,38.84,29.48,,,,,60.0000324,0.0
326698,Moss Peak,MT,47.68,-113.96,2066.5,20170130,19.4,29.3,25.7,,,,,62.007907499999995,0.09842525
326699,Moss Peak,MT,47.68,-113.96,2066.5,20170131,7.7,21.02,14.9,,,,,69.0157853,0.40157502
326700,Moss Peak,MT,47.68,-113.96,2066.5,20170201,-4.54,12.56,3.38,,,,,67.00791020000001,0.0
326701,Moss Peak,MT,47.68,-113.96,2066.5,20170202,-6.52,17.96,1.94,,,,,65.0000351,0.0
326702,Moss Peak,MT,47.68,-113.96,2066.5,20170203,5.36,34.16,26.6,,,,,67.00791020000001,0.70078778
326703,Moss Peak,MT,47.68,-113.96,2066.5,20170204,28.22,31.46,29.48,,,,,70.0000378,0.59842552
326704,Moss Peak,MT,47.68,-113.96,2066.5,20170205,28.58,33.44,30.56,,,,,72.00791290000001,0.29921276
326705,Moss Peak,MT,47.68,-113.96,2066.5,20170206,17.6,33.44,24.62,,,,,74.015788,0.29921276
326706,Moss Peak,MT,47.68,-113.96,2066.5,20170207,13.64,23.9,17.06,,,,,72.9921654,0.0
326707,Moss Peak,MT,47.68,-113.96,2066.5,20170208,15.98,32.72,22.1,,,,,75.0000405,0.50000027
326708,Moss Peak,MT,47.68,-113.96,2066.5,20170209,32.54,37.76,35.06,,,,,75.0000405,0.90157529
326709,Moss Peak,MT,47.68,-113.96,2066.5,20170210,22.1,32.9,27.5,,,,,74.015788,0.09842525
326710,Moss Peak,MT,47.68,-113.96,2066.5,20170211,18.86,22.28,20.12,,,,,75.0000405,0.0
326711,Moss Peak,MT,47.68,-113.96,2066.5,20170212,14.72,31.28,21.56,,,,,74.015788,0.20078751
326712,Moss Peak,MT,47.68,-113.96,2066.5,20170213,19.4,41.54,30.74,,,,,72.9921654,0.09842525
326713,Moss Peak,MT,47.68,-113.96,2066.5,20170214,25.7,45.5,33.08,,,,,72.9921654,0.0
326714,Moss Peak,MT,47.68,-113.96,2066.5,20170215,31.28,44.96,38.3,,,,,72.00791290000001,0.0
326715,Moss Peak,MT,47.68,-113.96,2066.5,20170216,29.84,41.18,36.86,,,,,72.9921654,0.50000027
326716,Moss Peak,MT,47.68,-113.96,2066.5,20170217,22.82,35.42,28.94,,,,,74.015788,0.20078751
326717,Moss Peak,MT,47.68,-113.96,2066.5,20170218,29.48,38.3,34.34,,,,,72.00791290000001,0.0
326718,Moss Peak,MT,47.68,-113.96,2066.5,20170219,21.2,35.78,28.4,,,,,75.98429300000001,0.59842552
326719,Moss Peak,MT,47.68,-113.96,2066.5,20170220,24.08,33.62,28.94,,,,,77.9921681,0.29921276
326720,Moss Peak,MT,47.68,-113.96,2066.5,20170221,25.34,32.9,29.48,,,,,92.9921762,2.00000108
326721,Moss Peak,MT,47.68,-113.96,2066.5,20170222,14.54,31.46,21.74,,,,,90.9843011,0.20078751
326722,Moss Peak,MT,47.68,-113.96,2066.5,20170223,12.56,31.28,18.32,,,,,89.01579609999999,0.09842525
326723,Moss Peak,MT,47.68,-113.96,2066.5,20170224,8.78,22.82,15.08,,,,,87.007921,0.0
326724,Moss Peak,MT,47.68,-113.96,2066.5,20170225,12.2,15.26,13.64,,,,,90.00004859999999,0.20078751
326725,Moss Peak,MT,47.68,-113.96,2066.5,20170226,14.72,24.98,18.14,,,,,97.99217890000001,0.29921276
326726,Moss Peak,MT,47.68,-113.96,2066.5,20170227,14.18,21.02,16.52,,,,,105.0000567,0.29921276
326727,Moss Peak,MT,47.68,-113.96,2066.5,20170228,10.94,17.06,14.54,,,,,102.9921816,0.20078751
326728,Moss Peak,MT,47.68,-113.96,2066.5,20170301,13.46,24.08,20.84,,,,,100.000054,0.29921276
326729,Moss Peak,MT,47.68,-113.96,2066.5,20170302,23.0,34.16,26.78,,,,,102.0079291,0.20078751
326730,Moss Peak,MT,47.68,-113.96,2066.5,20170303,26.06,35.06,30.2,,,,,97.99217890000001,0.40157502
326731,Moss Peak,MT,47.68,-113.96,2066.5,20170304,23.36,34.88,29.3,,,,,102.9921816,0.79921303
326732,Moss Peak,MT,47.68,-113.96,2066.5,20170305,10.58,30.56,22.46,,,,,102.9921816,0.59842552
326733,Moss Peak,MT,47.68,-113.96,2066.5,20170306,8.24,21.74,16.7,,,,,105.9843092,0.09842525
326734,Moss Peak,MT,47.68,-113.96,2066.5,20170307,13.46,26.78,19.58,,,,,105.0000567,0.09842525
326735,Moss Peak,MT,47.68,-113.96,2066.5,20170308,19.04,27.14,23.72,,,,,105.0000567,0.29921276
326736,Moss Peak,MT,47.68,-113.96,2066.5,20170309,18.68,33.62,26.24,,,,,107.0079318,0.70078778
326737,Moss Peak,MT,47.68,-113.96,2066.5,20170310,31.1,34.16,32.9,,,,,105.0000567,0.40157502
326738,Moss Peak,MT,47.68,-113.96,2066.5,20170311,27.32,43.88,33.62,,,,,102.9921816,0.20078751
326739,Moss Peak,MT,47.68,-113.96,2066.5,20170312,28.76,33.62,29.84,,,,,102.9921816,0.09842525
326740,Moss Peak,MT,47.68,-113.96,2066.5,20170313,29.48,37.22,32.9,,,,,109.01580690000002,1.00000054
326741,Moss Peak,MT,47.68,-113.96,2066.5,20170314,33.8,39.2,36.5,,,,,105.9843092,1.00000054
326742,Moss Peak,MT,47.68,-113.96,2066.5,20170315,34.7,39.74,37.4,,,,,102.0079291,1.09842579
326743,Moss Peak,MT,47.68,-113.96,2066.5,20170316,18.5,34.7,28.76,,,,,100.98430649999999,0.09842525
326744,Moss Peak,MT,47.68,-113.96,2066.5,20170317,17.6,44.24,32.36,,,,,100.000054,0.40157502
326745,Moss Peak,MT,47.68,-113.96,2066.5,20170318,28.94,41.18,37.4,,,,,97.0079264,0.50000027
326746,Moss Peak,MT,47.68,-113.96,2066.5,20170319,20.12,37.4,28.4,,,,,97.0079264,0.09842525
326747,Moss Peak,MT,47.68,-113.96,2066.5,20170320,19.04,40.82,30.2,,,,,95.98430379999999,0.0
326748,Moss Peak,MT,47.68,-113.96,2066.5,20170321,28.4,46.94,37.4,,,,,94.0157988,0.29921276
326749,Moss Peak,MT,47.68,-113.96,2066.5,20170322,30.38,41.54,34.7,,,,,99.0158015,0.70078778
326750,Moss Peak,MT,47.68,-113.96,2066.5,20170323,21.38,34.7,28.58,,,,,97.99217890000001,0.0
326751,Moss Peak,MT,47.68,-113.96,2066.5,20170324,26.42,42.98,33.8,,,,,99.0158015,0.50000027
326752,Moss Peak,MT,47.68,-113.96,2066.5,20170325,26.78,38.12,29.66,,,,,99.0158015,0.29921276
326753,Moss Peak,MT,47.68,-113.96,2066.5,20170326,18.14,42.8,30.92,,,,,102.0079291,0.20078751
326754,Moss Peak,MT,47.68,-113.96,2066.5,20170327,28.04,34.88,30.92,,,,,107.99218429999999,0.79921303
326755,Moss Peak,MT,47.68,-113.96,2066.5,20170328,26.6,31.64,28.76,,,,,107.99218429999999,0.09842525
326756,Moss Peak,MT,47.68,-113.96,2066.5,20170329,28.4,37.04,33.08,,,,,109.01580690000002,0.29921276
326757,Moss Peak,MT,47.68,-113.96,2066.5,20170330,29.48,39.74,33.26,,,,,107.0079318,0.29921276
326758,Moss Peak,MT,47.68,-113.96,2066.5,20170331,29.48,46.04,35.06,,,,,105.9843092,0.0
326759,Moss Peak,MT,47.68,-113.96,2066.5,20170401,30.38,42.08,35.06,,,,,105.9843092,0.40157502
326760,Moss Peak,MT,47.68,-113.96,2066.5,20170402,23.9,39.38,29.84,,,,,105.0000567,0.0
326761,Moss Peak,MT,47.68,-113.96,2066.5,20170403,16.34,39.2,25.16,,,,,110.0000594,0.59842552
326762,Moss Peak,MT,47.68,-113.96,2066.5,20170404,15.98,41.0,27.14,,,,,109.01580690000002,0.0
326763,Moss Peak,MT,47.68,-113.96,2066.5,20170405,27.32,46.22,35.96,,,,,107.0079318,0.0
326764,Moss Peak,MT,47.68,-113.96,2066.5,20170406,34.88,52.88,41.72,,,,,105.0000567,0.29921276
326765,Moss Peak,MT,47.68,-113.96,2066.5,20170407,28.76,45.32,35.78,,,,,104.0158042,0.59842552
326766,Moss Peak,MT,47.68,-113.96,2066.5,20170408,25.88,40.64,31.1,,,,,112.99218700000002,1.00000054
326767,Moss Peak,MT,47.68,-113.96,2066.5,20170409,17.06,32.0,24.8,,,,,115.00006210000001,0.59842552
326768,Moss Peak,MT,47.68,-113.96,2066.5,20170410,17.6,34.16,25.88,,,,,115.98431459999999,0.09842525
326769,Moss Peak,MT,47.68,-113.96,2066.5,20170411,17.06,45.14,31.1,,,,,112.99218700000002,0.09842525
326770,Moss Peak,MT,47.68,-113.96,2066.5,20170412,29.84,39.2,35.06,,,,,112.00793449999999,0.20078751
326771,Moss Peak,MT,47.68,-113.96,2066.5,20170413,27.86,41.54,35.06,,,,,114.0158096,0.50000027
326772,Moss Peak,MT,47.68,-113.96,2066.5,20170414,24.62,36.86,28.22,,,,,112.99218700000002,0.09842525
326773,Moss Peak,MT,47.68,-113.96,2066.5,20170415,17.42,35.6,25.88,,,,,112.99218700000002,0.09842525
326774,Moss Peak,MT,47.68,-113.96,2066.5,20170416,16.16,46.58,34.16,,,,,112.00793449999999,0.20078751
326775,Moss Peak,MT,47.68,-113.96,2066.5,20170417,29.84,39.02,34.16,,,,,112.00793449999999,0.0
326776,Moss Peak,MT,47.68,-113.96,2066.5,20170418,31.1,50.72,36.32,,,,,112.99218700000002,0.40157502
326777,Moss Peak,MT,47.68,-113.96,2066.5,20170419,30.2,45.5,35.06,,,,,112.00793449999999,0.0
326778,Moss Peak,MT,47.68,-113.96,2066.5,20170420,30.38,47.84,35.42,,,,,119.0158123,1.00000054
326779,Moss Peak,MT,47.68,-113.96,2066.5,20170421,27.32,39.02,32.0,,,,,117.99218970000001,0.20078751
326780,Moss Peak,MT,47.68,-113.96,2066.5,20170422,26.24,53.78,37.94,,,,,115.00006210000001,0.0
326781,Moss Peak,MT,47.68,-113.96,2066.5,20170423,32.36,44.42,35.78,,,,,115.98431459999999,0.50000027
326782,Moss Peak,MT,47.68,-113.96,2066.5,20170424,31.1,44.6,35.24,,,,,117.0079372,0.50000027
326783,Moss Peak,MT,47.68,-113.96,2066.5,20170425,30.74,38.66,33.08,,,,,119.0158123,0.50000027
326784,Moss Peak,MT,47.68,-113.96,2066.5,20170426,29.3,38.12,32.18,,,,,125.0000675,1.20078805
326785,Moss Peak,MT,47.68,-113.96,2066.5,20170427,26.78,31.64,28.76,,,,,132.99219779999999,1.09842579
326786,Moss Peak,MT,47.68,-113.96,2066.5,20170428,27.14,42.98,31.82,,,,,132.0079453,0.20078751
326787,Moss Peak,MT,47.68,-113.96,2066.5,20170429,29.66,45.68,34.7,,,,,130.0000702,0.20078751
326788,Moss Peak,MT,47.68,-113.96,2066.5,20170430,30.74,36.86,33.08,,,,,130.9843227,0.59842552
326789,Moss Peak,MT,47.68,-113.96,2066.5,20170501,29.66,45.86,33.8,,,,,132.0079453,0.50000027
326790,Moss Peak,MT,47.68,-113.96,2066.5,20170502,25.88,37.58,31.28,,,,,132.0079453,0.20078751
326791,Moss Peak,MT,47.68,-113.96,2066.5,20170503,24.62,50.9,38.84,,,,,127.00794259999999,0.0
326792,Moss Peak,MT,47.68,-113.96,2066.5,20170504,36.86,68.36,51.98,,,,,122.0079399,0.0
326793,Moss Peak,MT,47.68,-113.96,2066.5,20170505,43.52,66.92,54.68,,,,,117.0079372,0.0
326794,Moss Peak,MT,47.68,-113.96,2066.5,20170506,36.68,58.64,44.42,,,,,114.0158096,0.0
326795,Moss Peak,MT,47.68,-113.96,2066.5,20170507,29.3,37.58,33.98,,,,,115.98431459999999,0.50000027
326796,Moss Peak,MT,47.68,-113.96,2066.5,20170508,27.32,53.78,39.56,,,,,112.99218700000002,0.0
326797,Moss Peak,MT,47.68,-113.96,2066.5,20170509,33.98,56.84,44.6,,,,,112.99218700000002,0.0
326798,Moss Peak,MT,47.68,-113.96,2066.5,20170510,37.04,62.6,48.74,,,,,110.9843119,0.0
326799,Moss Peak,MT,47.68,-113.96,2066.5,20170511,42.44,69.8,54.68,,,,,107.99218429999999,0.0
326800,Moss Peak,MT,47.68,-113.96,2066.5,20170512,29.66,53.06,39.38,,,,,112.99218700000002,1.20078805
326801,Moss Peak,MT,47.68,-113.96,2066.5,20170513,27.14,39.2,30.92,,,,,112.00793449999999,0.0
326802,Moss Peak,MT,47.68,-113.96,2066.5,20170514,24.8,41.54,31.28,,,,,110.9843119,0.09842525
326803,Moss Peak,MT,47.68,-113.96,2066.5,20170515,23.0,48.92,34.88,,,,,109.01580690000002,0.0
326804,Moss Peak,MT,47.68,-113.96,2066.5,20170516,31.46,42.62,36.86,,,,,109.01580690000002,0.09842525
326805,Moss Peak,MT,47.68,-113.96,2066.5,20170517,33.08,42.44,35.96,,,,,107.99218429999999,0.09842525
326806,Moss Peak,MT,47.68,-113.96,2066.5,20170518,30.56,52.7,39.38,,,,,107.0079318,0.09842525
326807,Moss Peak,MT,47.68,-113.96,2066.5,20170519,35.96,53.06,43.16,,,,,105.9843092,0.0
326808,Moss Peak,MT,47.68,-113.96,2066.5,20170520,36.14,55.94,42.8,,,,,105.0000567,0.20078751
326809,Moss Peak,MT,47.68,-113.96,2066.5,20170521,35.24,59.0,47.66,,,,,102.9921816,0.0
326810,Moss Peak,MT,47.68,-113.96,2066.5,20170522,43.16,63.32,51.62,,,,,100.000054,0.0
326811,Moss Peak,MT,47.68,-113.96,2066.5,20170523,43.16,66.02,54.5,,,,,97.99217890000001,0.0
326812,Moss Peak,MT,47.68,-113.96,2066.5,20170524,32.9,50.72,39.74,,,,,97.0079264,0.0
326813,Moss Peak,MT,47.68,-113.96,2066.5,20170525,32.0,53.06,40.46,,,,,95.0000513,0.0
326814,Moss Peak,MT,47.68,-113.96,2066.5,20170526,34.88,55.58,45.14,,,,,92.9921762,0.0
326815,Moss Peak,MT,47.68,-113.96,2066.5,20170527,39.2,60.98,49.46,,,,,90.9843011,0.0
326816,Moss Peak,MT,47.68,-113.96,2066.5,20170528,44.42,64.76,53.96,,,,,87.99217349999999,0.0
326817,Moss Peak,MT,47.68,-113.96,2066.5,20170529,43.88,68.0,54.68,,,,,84.0157934,0.0
326818,Moss Peak,MT,47.68,-113.96,2066.5,20170530,46.04,71.42,57.2,,,,,80.9842957,0.0
326819,Moss Peak,MT,47.68,-113.96,2066.5,20170531,43.7,73.22,57.56,,,,,75.0000405,0.50000027
326820,Moss Peak,MT,47.68,-113.96,2066.5,20170601,39.74,54.5,45.5,,,,,72.9921654,0.29921276
326821,Moss Peak,MT,47.68,-113.96,2066.5,20170602,39.02,54.5,44.42,,,,,72.00791290000001,0.0
326822,Moss Peak,MT,47.68,-113.96,2066.5,20170603,38.84,69.44,54.5,,,,,69.0157853,0.0
326823,Moss Peak,MT,47.68,-113.96,2066.5,20170604,40.64,62.96,51.62,,,,,65.9842876,0.29921276
326824,Moss Peak,MT,47.68,-113.96,2066.5,20170605,37.76,55.04,44.24,,,,,62.99216,0.09842525
326825,Moss Peak,MT,47.68,-113.96,2066.5,20170606,39.74,64.76,52.52,,,,,60.0000324,0.0
326826,Moss Peak,MT,47.68,-113.96,2066.5,20170607,46.94,73.76,60.08,,,,,55.9842822,0.0
326827,Moss Peak,MT,47.68,-113.96,2066.5,20170608,39.74,68.72,55.58,,,,,50.9842795,1.09842579
326828,Moss Peak,MT,47.68,-113.96,2066.5,20170609,33.98,47.3,40.1,,,,,50.9842795,0.0
326829,Moss Peak,MT,47.68,-113.96,2066.5,20170610,33.98,43.88,37.58,,,,,50.9842795,0.0
326830,Moss Peak,MT,47.68,-113.96,2066.5,20170611,33.08,53.24,42.62,,,,,47.992151899999996,0.0
326831,Moss Peak,MT,47.68,-113.96,2066.5,20170612,39.02,66.2,53.24,,,,,44.015771799999996,0.0
326832,Moss Peak,MT,47.68,-113.96,2066.5,20170613,37.4,49.1,41.0,,,,,42.9921492,2.70078886
326833,Moss Peak,MT,47.68,-113.96,2066.5,20170614,36.14,50.72,41.36,,,,,40.9842741,0.0
326834,Moss Peak,MT,47.68,-113.96,2066.5,20170615,37.4,49.64,41.9,,,,,40.9842741,0.20078751
326835,Moss Peak,MT,47.68,-113.96,2066.5,20170616,38.84,45.32,41.72,,,,,39.0157691,0.59842552
326836,Moss Peak,MT,47.68,-113.96,2066.5,20170617,37.22,52.16,43.16,,,,,35.0000189,0.0
326837,Moss Peak,MT,47.68,-113.96,2066.5,20170618,39.02,46.04,42.62,,,,,35.0000189,0.0
326838,Moss Peak,MT,47.68,-113.96,2066.5,20170619,43.52,65.66,54.14,,,,,30.984268699999998,0.0
326839,Moss Peak,MT,47.68,-113.96,2066.5,20170620,46.22,67.82,56.12,,,,,27.0078886,0.0
326840,Moss Peak,MT,47.68,-113.96,2066.5,20170621,42.62,61.7,51.08,,,,,24.015760999999998,0.0
326841,Moss Peak,MT,47.68,-113.96,2066.5,20170622,38.84,54.5,46.22,,,,,20.9842633,0.0
326842,Moss Peak,MT,47.68,-113.96,2066.5,20170623,39.38,59.18,49.82,,,,,19.0157583,0.0
326843,Moss Peak,MT,47.68,-113.96,2066.5,20170624,42.62,63.32,53.78,,,,,15.9842606,0.0
326844,Moss Peak,MT,47.68,-113.96,2066.5,20170625,46.04,71.06,59.54,,,,,12.007880499999999,0.0
326845,Moss Peak,MT,47.68,-113.96,2066.5,20170626,52.52,75.38,63.5,,,,,7.007877799999999,0.0
326846,Moss Peak,MT,47.68,-113.96,2066.5,20170627,46.22,65.48,54.68,,,,,2.9921276000000003,0.0
326847,Moss Peak,MT,47.68,-113.96,2066.5,20170628,42.26,61.88,51.08,,,,,0.0,0.0
326848,Moss Peak,MT,47.68,-113.96,2066.5,20170629,42.98,58.1,48.92,,,,,0.0,0.0
326849,Moss Peak,MT,47.68,-113.96,2066.5,20170630,43.52,66.2,56.12,,,,,0.0,0.0
326850,Moss Peak,MT,47.68,-113.96,2066.5,20170701,51.44,70.7,60.26,,,,,0.0,0.0
326851,Moss Peak,MT,47.68,-113.96,2066.5,20170702,51.26,72.32,62.24,,,,,0.0,0.0
326852,Moss Peak,MT,47.68,-113.96,2066.5,20170703,50.36,71.6,60.08,,,,,0.0,0.0
326853,Moss Peak,MT,47.68,-113.96,2066.5,20170704,46.22,71.78,59.9,,,,,0.0,0.0
326854,Moss Peak,MT,47.68,-113.96,2066.5,20170705,52.34,77.54,65.3,,,,,0.0,0.0
326855,Moss Peak,MT,47.68,-113.96,2066.5,20170706,56.12,78.98,67.82,,,,,0.0,0.0
326856,Moss Peak,MT,47.68,-113.96,2066.5,20170707,58.46,82.58,69.8,,,,,0.0,0.0
326857,Moss Peak,MT,47.68,-113.96,2066.5,20170708,58.46,79.7,69.08,,,,,0.0,0.0
326858,Moss Peak,MT,47.68,-113.96,2066.5,20170709,55.58,78.08,67.1,,,,,0.0,0.0
326859,Moss Peak,MT,47.68,-113.96,2066.5,20170710,48.2,70.52,58.46,,,,,0.0,0.0
326860,Moss Peak,MT,47.68,-113.96,2066.5,20170711,45.68,65.3,55.22,,,,,0.0,0.0
326861,Moss Peak,MT,47.68,-113.96,2066.5,20170712,48.38,70.16,59.36,,,,,0.0,0.0
326862,Moss Peak,MT,47.68,-113.96,2066.5,20170713,53.42,77.72,66.02,,,,,0.0,0.0
326863,Moss Peak,MT,47.68,-113.96,2066.5,20170714,55.04,79.16,68.18,,,,,0.0,0.0
326864,Moss Peak,MT,47.68,-113.96,2066.5,20170715,56.66,75.74,66.2,,,,,0.0,0.0
326865,Moss Peak,MT,47.68,-113.96,2066.5,20170716,44.78,66.02,57.2,,,,,0.0,0.0
326866,Moss Peak,MT,47.68,-113.96,2066.5,20170717,40.28,63.86,52.88,,,,,0.0,0.0
326867,Moss Peak,MT,47.68,-113.96,2066.5,20170718,46.76,68.9,58.82,,,,,0.0,0.0
326868,Moss Peak,MT,47.68,-113.96,2066.5,20170719,48.38,72.14,61.16,,,,,0.0,0.0
326869,Moss Peak,MT,47.68,-113.96,2066.5,20170720,47.84,71.42,60.08,,,,,0.0,0.0
326870,Moss Peak,MT,47.68,-113.96,2066.5,20170721,43.16,65.84,54.5,,,,,0.0,0.0
326871,Moss Peak,MT,47.68,-113.96,2066.5,20170722,44.6,69.44,58.1,,,,,0.0,0.0
326872,Moss Peak,MT,47.68,-113.96,2066.5,20170723,51.44,75.38,63.68,,,,,0.0,0.0
326873,Moss Peak,MT,47.68,-113.96,2066.5,20170724,51.98,74.3,62.42,,,,,0.0,0.0
326874,Moss Peak,MT,47.68,-113.96,2066.5,20170725,50.72,70.88,60.44,,,,,0.0,0.0
326875,Moss Peak,MT,47.68,-113.96,2066.5,20170726,53.96,74.66,63.68,,,,,0.0,0.0
326876,Moss Peak,MT,47.68,-113.96,2066.5,20170727,53.42,75.74,62.78,,,,,0.0,0.0
326877,Moss Peak,MT,47.68,-113.96,2066.5,20170728,50.9,75.2,63.14,,,,,0.0,0.0
326878,Moss Peak,MT,47.68,-113.96,2066.5,20170729,56.12,76.82,66.02,,,,,0.0,0.0
326879,Moss Peak,MT,47.68,-113.96,2066.5,20170730,53.24,76.28,64.58,,,,,0.0,0.0
326880,Moss Peak,MT,47.68,-113.96,2066.5,20170731,52.34,76.28,64.76,,,,,0.0,0.0
326881,Moss Peak,MT,47.68,-113.96,2066.5,20170801,54.86,74.84,64.4,,,,,0.0,0.0
326882,Moss Peak,MT,47.68,-113.96,2066.5,20170802,50.0,69.62,58.1,,,,,0.0,0.0
326883,Moss Peak,MT,47.68,-113.96,2066.5,20170803,47.48,70.88,59.54,,,,,0.0,0.0
326884,Moss Peak,MT,47.68,-113.96,2066.5,20170804,50.72,75.38,62.42,,,,,0.0,0.09842525
326885,Moss Peak,MT,47.68,-113.96,2066.5,20170805,47.3,61.7,53.42,,,,,0.0,0.0
326886,Moss Peak,MT,47.68,-113.96,2066.5,20170806,45.86,68.0,56.3,,,,,0.0,0.0
326887,Moss Peak,MT,47.68,-113.96,2066.5,20170807,50.54,72.14,61.34,,,,,0.0,0.0
326888,Moss Peak,MT,47.68,-113.96,2066.5,20170808,51.08,71.42,60.08,,,,,0.0,0.0
326889,Moss Peak,MT,47.68,-113.96,2066.5,20170809,50.0,72.32,60.62,,,,,0.0,0.0
326890,Moss Peak,MT,47.68,-113.96,2066.5,20170810,53.06,74.12,62.24,,,,,0.0,0.0
326891,Moss Peak,MT,47.68,-113.96,2066.5,20170811,53.24,73.76,62.6,,,,,0.0,0.0
326892,Moss Peak,MT,47.68,-113.96,2066.5,20170812,54.5,75.56,63.86,,,,,0.0,0.0
326893,Moss Peak,MT,47.68,-113.96,2066.5,20170813,46.04,63.86,52.7,,,,,0.0,0.0
326894,Moss Peak,MT,47.68,-113.96,2066.5,20170814,43.52,60.98,50.36,,,,,0.0,0.0
326895,Moss Peak,MT,47.68,-113.96,2066.5,20170815,41.18,64.04,52.16,,,,,0.0,0.0
326896,Moss Peak,MT,47.68,-113.96,2066.5,20170816,45.32,66.92,56.48,,,,,0.0,0.0
326897,Moss Peak,MT,47.68,-113.96,2066.5,20170817,46.04,67.1,57.02,,,,,0.0,0.0
326898,Moss Peak,MT,47.68,-113.96,2066.5,20170818,46.58,70.16,58.1,,,,,0.0,0.0
326899,Moss Peak,MT,47.68,-113.96,2066.5,20170819,47.3,63.32,54.32,,,,,0.0,0.0
326900,Moss Peak,MT,47.68,-113.96,2066.5,20170820,43.88,63.14,53.06,,,,,0.0,0.0
326901,Moss Peak,MT,47.68,-113.96,2066.5,20170821,46.94,64.4,54.68,,,,,0.0,0.0
326902,Moss Peak,MT,47.68,-113.96,2066.5,20170822,49.82,72.68,61.34,,,,,0.0,0.0
326903,Moss Peak,MT,47.68,-113.96,2066.5,20170823,52.34,74.66,62.78,,,,,0.0,0.0
326904,Moss Peak,MT,47.68,-113.96,2066.5,20170824,49.1,64.76,56.84,,,,,0.0,0.0
326905,Moss Peak,MT,47.68,-113.96,2066.5,20170825,41.9,65.3,54.32,,,,,0.0,0.0
326906,Moss Peak,MT,47.68,-113.96,2066.5,20170826,42.8,67.46,55.4,,,,,0.0,0.0
326907,Moss Peak,MT,47.68,-113.96,2066.5,20170827,50.36,73.76,61.52,,,,,0.0,0.0
326908,Moss Peak,MT,47.68,-113.96,2066.5,20170828,52.88,76.1,64.58,,,,,0.0,0.0
326909,Moss Peak,MT,47.68,-113.96,2066.5,20170829,60.08,80.06,68.72,,,,,0.0,0.0
326910,Moss Peak,MT,47.68,-113.96,2066.5,20170830,57.74,75.2,66.74,,,,,0.0,0.0
326911,Moss Peak,MT,47.68,-113.96,2066.5,20170831,49.46,69.44,58.82,,,,,0.0,0.0
326912,Moss Peak,MT,47.68,-113.96,2066.5,20170901,46.94,69.98,57.74,,,,,0.0,0.0
326913,Moss Peak,MT,47.68,-113.96,2066.5,20170902,50.54,76.1,63.5,,,,,0.0,0.0
326914,Moss Peak,MT,47.68,-113.96,2066.5,20170903,52.88,75.56,64.94,,,,,0.0,0.0
326915,Moss Peak,MT,47.68,-113.96,2066.5,20170904,49.28,63.32,55.04,,,,,0.0,0.0
326916,Moss Peak,MT,47.68,-113.96,2066.5,20170905,47.84,68.54,56.84,,,,,0.0,0.0
326917,Moss Peak,MT,47.68,-113.96,2066.5,20170906,52.34,74.12,62.24,,,,,0.0,0.0
326918,Moss Peak,MT,47.68,-113.96,2066.5,20170907,56.84,77.72,65.66,,,,,0.0,0.0
326919,Moss Peak,MT,47.68,-113.96,2066.5,20170908,55.4,71.78,62.6,,,,,0.0,0.0
326920,Moss Peak,MT,47.68,-113.96,2066.5,20170909,51.8,70.16,59.72,,,,,0.0,0.0
326921,Moss Peak,MT,47.68,-113.96,2066.5,20170910,47.3,63.14,53.42,,,,,0.0,0.0
326922,Moss Peak,MT,47.68,-113.96,2066.5,20170911,43.16,70.34,57.02,,,,,0.0,0.0
326923,Moss Peak,MT,47.68,-113.96,2066.5,20170912,47.84,71.96,58.82,,,,,0.0,0.0
326924,Moss Peak,MT,47.68,-113.96,2066.5,20170913,47.12,64.58,53.6,,,,,0.0,0.0
326925,Moss Peak,MT,47.68,-113.96,2066.5,20170914,32.54,47.84,37.4,,,,,0.0,0.50000027
326926,Moss Peak,MT,47.68,-113.96,2066.5,20170915,29.66,34.7,32.18,,,,,0.0,0.29921276
326927,Moss Peak,MT,47.68,-113.96,2066.5,20170916,28.04,44.78,34.88,,,,,0.0,0.0
326928,Moss Peak,MT,47.68,-113.96,2066.5,20170917,31.82,51.98,42.26,,,,,0.0,0.09842525
326929,Moss Peak,MT,47.68,-113.96,2066.5,20170918,33.08,43.52,37.22,,,,,0.9842525,0.90157529
326930,Moss Peak,MT,47.68,-113.96,2066.5,20170919,30.92,34.7,32.72,,,,,5.0000027000000005,0.50000027
326931,Moss Peak,MT,47.68,-113.96,2066.5,20170920,30.92,36.32,32.54,,,,,7.007877799999999,0.40157502
326932,Moss Peak,MT,47.68,-113.96,2066.5,20170921,31.1,44.24,33.44,,,,,,0.09842525
326933,Bisson Creek,MT,47.68,-114.0,1499.6,20170101,6.26,21.74,14.9,,,,,17.0078832,0.20078751
326934,Bisson Creek,MT,47.68,-114.0,1499.6,20170102,3.56,10.22,6.8,,,,,17.0078832,0.0
326935,Bisson Creek,MT,47.68,-114.0,1499.6,20170103,-4.36,7.52,3.74,,,,,15.9842606,0.0
326936,Bisson Creek,MT,47.68,-114.0,1499.6,20170104,-7.6,2.3,-2.74,,,,,15.9842606,0.0
326937,Bisson Creek,MT,47.68,-114.0,1499.6,20170105,-7.42,12.38,2.3,,,,,15.9842606,0.0
326938,Bisson Creek,MT,47.68,-114.0,1499.6,20170106,7.88,23.18,13.28,,,,,15.9842606,0.0
326939,Bisson Creek,MT,47.68,-114.0,1499.6,20170107,1.58,14.9,9.5,,,,,17.0078832,0.0
326940,Bisson Creek,MT,47.68,-114.0,1499.6,20170108,13.64,29.66,19.94,,,,,20.9842633,0.20078751
326941,Bisson Creek,MT,47.68,-114.0,1499.6,20170109,24.44,34.16,29.84,,,,,22.992138399999998,0.59842552
326942,Bisson Creek,MT,47.68,-114.0,1499.6,20170110,10.22,26.06,22.46,,,,,24.015760999999998,0.29921276
326943,Bisson Creek,MT,47.68,-114.0,1499.6,20170111,5.9,12.74,9.68,,,,,22.992138399999998,0.0
326944,Bisson Creek,MT,47.68,-114.0,1499.6,20170112,7.7,19.94,12.38,,,,,22.992138399999998,0.0
326945,Bisson Creek,MT,47.68,-114.0,1499.6,20170113,8.42,16.7,12.56,,,,,22.992138399999998,0.0
326946,Bisson Creek,MT,47.68,-114.0,1499.6,20170114,9.68,20.66,13.28,,,,,22.007885899999998,0.0
326947,Bisson Creek,MT,47.68,-114.0,1499.6,20170115,8.42,23.18,14.9,,,,,20.000010800000002,0.0
326948,Bisson Creek,MT,47.68,-114.0,1499.6,20170116,12.2,26.06,19.22,,,,,20.000010800000002,0.0
326949,Bisson Creek,MT,47.68,-114.0,1499.6,20170117,23.18,35.6,30.92,,,,,20.000010800000002,0.0
326950,Bisson Creek,MT,47.68,-114.0,1499.6,20170118,33.8,39.92,35.6,,,,,20.000010800000002,0.0
326951,Bisson Creek,MT,47.68,-114.0,1499.6,20170119,31.64,38.12,34.88,,,,,19.0157583,0.0
326952,Bisson Creek,MT,47.68,-114.0,1499.6,20170120,26.24,36.32,30.74,,,,,19.0157583,0.0
326953,Bisson Creek,MT,47.68,-114.0,1499.6,20170121,22.64,31.64,27.5,,,,,19.0157583,0.0
326954,Bisson Creek,MT,47.68,-114.0,1499.6,20170122,24.08,35.24,29.3,,,,,19.0157583,0.0
326955,Bisson Creek,MT,47.68,-114.0,1499.6,20170123,16.52,29.48,25.52,,,,,20.9842633,0.29921276
326956,Bisson Creek,MT,47.68,-114.0,1499.6,20170124,15.98,25.52,21.38,,,,,20.9842633,0.0
326957,Bisson Creek,MT,47.68,-114.0,1499.6,20170125,21.38,27.68,23.9,,,,,20.9842633,0.0
326958,Bisson Creek,MT,47.68,-114.0,1499.6,20170126,19.94,28.58,23.9,,,,,22.007885899999998,0.09842525
326959,Bisson Creek,MT,47.68,-114.0,1499.6,20170127,20.84,29.66,24.62,,,,,22.007885899999998,0.0
326960,Bisson Creek,MT,47.68,-114.0,1499.6,20170128,22.64,35.96,28.22,,,,,20.9842633,0.0
326961,Bisson Creek,MT,47.68,-114.0,1499.6,20170129,26.78,39.02,32.18,,,,,20.9842633,0.0
326962,Bisson Creek,MT,47.68,-114.0,1499.6,20170130,25.52,37.94,32.72,,,,,22.992138399999998,0.09842525
326963,Bisson Creek,MT,47.68,-114.0,1499.6,20170131,15.98,25.52,21.38,,,,,24.015760999999998,0.09842525
326964,Bisson Creek,MT,47.68,-114.0,1499.6,20170201,9.5,18.14,13.1,,,,,24.015760999999998,0.0
326965,Bisson Creek,MT,47.68,-114.0,1499.6,20170202,-0.4,12.56,4.46,,,,,22.992138399999998,0.0
326966,Bisson Creek,MT,47.68,-114.0,1499.6,20170203,1.04,23.72,14.0,,,,,25.984266,0.09842525
326967,Bisson Creek,MT,47.68,-114.0,1499.6,20170204,17.06,34.16,27.5,,,,,27.9921411,0.50000027
326968,Bisson Creek,MT,47.68,-114.0,1499.6,20170205,32.9,36.14,34.7,,,,,27.9921411,0.20078751
326969,Bisson Creek,MT,47.68,-114.0,1499.6,20170206,23.54,36.14,30.2,,,,,27.9921411,0.09842525
326970,Bisson Creek,MT,47.68,-114.0,1499.6,20170207,18.5,27.14,22.1,,,,,29.015763699999997,0.09842525
326971,Bisson Creek,MT,47.68,-114.0,1499.6,20170208,19.4,31.64,25.88,,,,,30.0000162,0.09842525
326972,Bisson Creek,MT,47.68,-114.0,1499.6,20170209,31.82,39.38,36.86,,,,,27.0078886,0.59842552
326973,Bisson Creek,MT,47.68,-114.0,1499.6,20170210,28.58,39.02,33.26,,,,,25.984266,0.0
326974,Bisson Creek,MT,47.68,-114.0,1499.6,20170211,23.36,33.26,28.04,,,,,25.984266,0.09842525
326975,Bisson Creek,MT,47.68,-114.0,1499.6,20170212,19.22,33.98,25.7,,,,,25.984266,0.20078751
326976,Bisson Creek,MT,47.68,-114.0,1499.6,20170213,24.26,37.4,29.3,,,,,25.984266,0.0
326977,Bisson Creek,MT,47.68,-114.0,1499.6,20170214,25.52,39.2,31.1,,,,,25.0000135,0.0
326978,Bisson Creek,MT,47.68,-114.0,1499.6,20170215,31.46,46.58,38.48,,,,,24.015760999999998,0.0
326979,Bisson Creek,MT,47.68,-114.0,1499.6,20170216,34.16,45.14,39.02,,,,,22.992138399999998,0.0
326980,Bisson Creek,MT,47.68,-114.0,1499.6,20170217,29.48,37.4,33.62,,,,,22.992138399999998,0.0
326981,Bisson Creek,MT,47.68,-114.0,1499.6,20170218,29.66,42.98,35.24,,,,,22.992138399999998,0.0
326982,Bisson Creek,MT,47.68,-114.0,1499.6,20170219,27.32,38.66,33.26,,,,,25.0000135,0.29921276
326983,Bisson Creek,MT,47.68,-114.0,1499.6,20170220,28.58,39.74,33.08,,,,,25.984266,0.09842525
326984,Bisson Creek,MT,47.68,-114.0,1499.6,20170221,31.1,36.14,33.62,,,,,30.984268699999998,1.09842579
326985,Bisson Creek,MT,47.68,-114.0,1499.6,20170222,21.92,35.06,28.58,,,,,30.0000162,0.09842525
326986,Bisson Creek,MT,47.68,-114.0,1499.6,20170223,18.32,30.92,23.36,,,,,29.015763699999997,0.09842525
326987,Bisson Creek,MT,47.68,-114.0,1499.6,20170224,17.96,28.22,21.74,,,,,27.9921411,0.20078751
326988,Bisson Creek,MT,47.68,-114.0,1499.6,20170225,18.32,25.34,21.02,,,,,29.015763699999997,0.09842525
326989,Bisson Creek,MT,47.68,-114.0,1499.6,20170226,17.6,29.48,23.0,,,,,32.9921438,0.09842525
326990,Bisson Creek,MT,47.68,-114.0,1499.6,20170227,15.98,30.2,21.74,,,,,34.0157664,0.0
326991,Bisson Creek,MT,47.68,-114.0,1499.6,20170228,17.06,26.96,21.56,,,,,34.0157664,0.0
326992,Bisson Creek,MT,47.68,-114.0,1499.6,20170301,18.86,32.72,26.78,,,,,32.0078913,0.0
326993,Bisson Creek,MT,47.68,-114.0,1499.6,20170302,28.04,38.66,32.36,,,,,30.0000162,0.0
326994,Bisson Creek,MT,47.68,-114.0,1499.6,20170303,31.28,42.26,34.7,,,,,32.0078913,0.09842525
326995,Bisson Creek,MT,47.68,-114.0,1499.6,20170304,28.94,42.26,34.34,,,,,37.007894,0.79921303
326996,Bisson Creek,MT,47.68,-114.0,1499.6,20170305,17.96,36.5,28.22,,,,,39.0157691,0.20078751
326997,Bisson Creek,MT,47.68,-114.0,1499.6,20170306,16.16,31.28,23.72,,,,,37.992146500000004,0.0
326998,Bisson Creek,MT,47.68,-114.0,1499.6,20170307,19.58,32.9,25.88,,,,,37.007894,0.09842525
326999,Bisson Creek,MT,47.68,-114.0,1499.6,20170308,25.34,35.42,30.2,,,,,37.992146500000004,0.29921276
327000,Bisson Creek,MT,47.68,-114.0,1499.6,20170309,24.26,36.14,30.56,,,,,40.000021600000004,0.09842525
327001,Bisson Creek,MT,47.68,-114.0,1499.6,20170310,34.16,41.54,36.14,,,,,37.007894,0.20078751
327002,Bisson Creek,MT,47.68,-114.0,1499.6,20170311,32.72,48.02,37.76,,,,,35.0000189,0.09842525
327003,Bisson Creek,MT,47.68,-114.0,1499.6,20170312,34.16,43.16,36.32,,,,,34.0157664,0.0
327004,Bisson Creek,MT,47.68,-114.0,1499.6,20170313,34.16,44.42,36.68,,,,,32.0078913,0.40157502
327005,Bisson Creek,MT,47.68,-114.0,1499.6,20170314,35.6,43.34,38.3,,,,,30.0000162,0.70078778
327006,Bisson Creek,MT,47.68,-114.0,1499.6,20170315,36.86,41.54,38.84,,,,,30.0000162,0.70078778
327007,Bisson Creek,MT,47.68,-114.0,1499.6,20170316,27.86,42.62,35.06,,,,,29.015763699999997,0.20078751
327008,Bisson Creek,MT,47.68,-114.0,1499.6,20170317,25.52,46.22,35.42,,,,,29.015763699999997,0.0
327009,Bisson Creek,MT,47.68,-114.0,1499.6,20170318,32.36,42.98,38.84,,,,,27.9921411,0.40157502
327010,Bisson Creek,MT,47.68,-114.0,1499.6,20170319,28.58,43.7,33.98,,,,,27.9921411,0.09842525
327011,Bisson Creek,MT,47.68,-114.0,1499.6,20170320,25.34,43.34,33.98,,,,,27.0078886,0.0
327012,Bisson Creek,MT,47.68,-114.0,1499.6,20170321,31.64,46.4,37.58,,,,,25.984266,0.09842525
327013,Bisson Creek,MT,47.68,-114.0,1499.6,20170322,34.7,46.94,38.12,,,,,25.984266,0.40157502
327014,Bisson Creek,MT,47.68,-114.0,1499.6,20170323,28.76,42.62,35.06,,,,,25.984266,0.09842525
327015,Bisson Creek,MT,47.68,-114.0,1499.6,20170324,27.86,47.66,36.32,,,,,24.015760999999998,0.0
327016,Bisson Creek,MT,47.68,-114.0,1499.6,20170325,31.64,42.62,35.24,,,,,25.984266,0.20078751
327017,Bisson Creek,MT,47.68,-114.0,1499.6,20170326,27.14,47.12,35.78,,,,,25.984266,0.0
327018,Bisson Creek,MT,47.68,-114.0,1499.6,20170327,33.62,37.58,34.7,,,,,25.984266,0.59842552
327019,Bisson Creek,MT,47.68,-114.0,1499.6,20170328,32.72,39.74,34.88,,,,,25.984266,0.09842525
327020,Bisson Creek,MT,47.68,-114.0,1499.6,20170329,33.26,42.8,36.86,,,,,27.0078886,0.09842525
327021,Bisson Creek,MT,47.68,-114.0,1499.6,20170330,33.98,44.96,38.12,,,,,25.984266,0.0
327022,Bisson Creek,MT,47.68,-114.0,1499.6,20170331,33.98,49.82,39.2,,,,,25.984266,0.0
327023,Bisson Creek,MT,47.68,-114.0,1499.6,20170401,32.9,48.2,38.48,,,,,25.0000135,0.0
327024,Bisson Creek,MT,47.68,-114.0,1499.6,20170402,30.74,46.58,36.14,,,,,24.015760999999998,0.09842525
327025,Bisson Creek,MT,47.68,-114.0,1499.6,20170403,22.64,39.2,30.38,,,,,27.0078886,0.40157502
327026,Bisson Creek,MT,47.68,-114.0,1499.6,20170404,21.56,45.86,31.64,,,,,25.984266,0.0
327027,Bisson Creek,MT,47.68,-114.0,1499.6,20170405,34.34,49.82,40.1,,,,,25.0000135,0.0
327028,Bisson Creek,MT,47.68,-114.0,1499.6,20170406,35.96,55.22,41.36,,,,,24.015760999999998,0.0
327029,Bisson Creek,MT,47.68,-114.0,1499.6,20170407,32.72,47.66,37.58,,,,,24.015760999999998,0.29921276
327030,Bisson Creek,MT,47.68,-114.0,1499.6,20170408,31.28,43.34,35.96,,,,,27.9921411,0.70078778
327031,Bisson Creek,MT,47.68,-114.0,1499.6,20170409,24.44,40.46,32.0,,,,,27.9921411,0.29921276
327032,Bisson Creek,MT,47.68,-114.0,1499.6,20170410,24.08,40.64,31.28,,,,,27.9921411,0.0
327033,Bisson Creek,MT,47.68,-114.0,1499.6,20170411,24.8,46.58,35.24,,,,,27.9921411,0.09842525
327034,Bisson Creek,MT,47.68,-114.0,1499.6,20170412,34.52,45.86,40.1,,,,,25.984266,0.0
327035,Bisson Creek,MT,47.68,-114.0,1499.6,20170413,32.9,47.12,38.3,,,,,25.0000135,0.29921276
327036,Bisson Creek,MT,47.68,-114.0,1499.6,20170414,31.64,44.24,35.42,,,,,24.015760999999998,0.09842525
327037,Bisson Creek,MT,47.68,-114.0,1499.6,20170415,29.48,45.14,34.7,,,,,24.015760999999998,0.0
327038,Bisson Creek,MT,47.68,-114.0,1499.6,20170416,26.06,48.2,37.94,,,,,22.992138399999998,0.0
327039,Bisson Creek,MT,47.68,-114.0,1499.6,20170417,35.24,43.88,38.12,,,,,22.992138399999998,0.0
327040,Bisson Creek,MT,47.68,-114.0,1499.6,20170418,34.52,54.68,40.28,,,,,20.9842633,0.09842525
327041,Bisson Creek,MT,47.68,-114.0,1499.6,20170419,33.44,51.8,39.74,,,,,22.007885899999998,0.09842525
327042,Bisson Creek,MT,47.68,-114.0,1499.6,20170420,33.98,49.1,38.12,,,,,22.992138399999998,0.70078778
327043,Bisson Creek,MT,47.68,-114.0,1499.6,20170421,32.72,46.4,37.04,,,,,22.007885899999998,0.09842525
327044,Bisson Creek,MT,47.68,-114.0,1499.6,20170422,31.64,56.3,41.54,,,,,20.000010800000002,0.0
327045,Bisson Creek,MT,47.68,-114.0,1499.6,20170423,35.24,50.0,39.56,,,,,19.0157583,0.29921276
327046,Bisson Creek,MT,47.68,-114.0,1499.6,20170424,34.16,50.72,39.92,,,,,19.0157583,0.29921276
327047,Bisson Creek,MT,47.68,-114.0,1499.6,20170425,33.8,45.86,37.22,,,,,17.9921357,0.40157502
327048,Bisson Creek,MT,47.68,-114.0,1499.6,20170426,33.8,44.42,36.86,,,,,17.9921357,0.29921276
327049,Bisson Creek,MT,47.68,-114.0,1499.6,20170427,32.54,36.32,34.34,,,,,20.9842633,0.50000027
327050,Bisson Creek,MT,47.68,-114.0,1499.6,20170428,32.18,44.96,35.6,,,,,20.9842633,0.09842525
327051,Bisson Creek,MT,47.68,-114.0,1499.6,20170429,34.16,51.62,40.28,,,,,20.000010800000002,0.0
327052,Bisson Creek,MT,47.68,-114.0,1499.6,20170430,34.16,49.64,38.84,,,,,19.0157583,0.29921276
327053,Bisson Creek,MT,47.68,-114.0,1499.6,20170501,33.98,51.44,39.02,,,,,17.9921357,0.09842525
327054,Bisson Creek,MT,47.68,-114.0,1499.6,20170502,33.26,48.38,37.76,,,,,17.0078832,0.20078751
327055,Bisson Creek,MT,47.68,-114.0,1499.6,20170503,32.72,57.92,43.52,,,,,15.9842606,0.0
327056,Bisson Creek,MT,47.68,-114.0,1499.6,20170504,38.84,70.88,52.34,,,,,12.007880499999999,0.0
327057,Bisson Creek,MT,47.68,-114.0,1499.6,20170505,44.42,71.06,53.78,,,,,10.000005400000001,0.0
327058,Bisson Creek,MT,47.68,-114.0,1499.6,20170506,41.0,58.64,47.12,,,,,9.0157529,0.0
327059,Bisson Creek,MT,47.68,-114.0,1499.6,20170507,34.16,44.6,38.12,,,,,5.984255200000001,0.90157529
327060,Bisson Creek,MT,47.68,-114.0,1499.6,20170508,32.36,54.86,41.72,,,,,4.0157502,0.0
327061,Bisson Creek,MT,47.68,-114.0,1499.6,20170509,36.32,61.7,46.58,,,,,2.0078751,0.0
327062,Bisson Creek,MT,47.68,-114.0,1499.6,20170510,38.84,68.54,51.26,,,,,0.0,0.0
327063,Bisson Creek,MT,47.68,-114.0,1499.6,20170511,42.98,74.66,58.1,,,,,0.0,0.0
327064,Bisson Creek,MT,47.68,-114.0,1499.6,20170512,34.52,51.44,42.98,,,,,0.0,0.50000027
327065,Bisson Creek,MT,47.68,-114.0,1499.6,20170513,32.18,45.68,37.22,,,,,0.0,0.09842525
327066,Bisson Creek,MT,47.68,-114.0,1499.6,20170514,31.28,47.12,37.58,,,,,0.0,0.0
327067,Bisson Creek,MT,47.68,-114.0,1499.6,20170515,30.56,53.42,40.64,,,,,0.0,0.0
327068,Bisson Creek,MT,47.68,-114.0,1499.6,20170516,36.32,47.84,42.08,,,,,0.0,0.0
327069,Bisson Creek,MT,47.68,-114.0,1499.6,20170517,34.16,46.58,40.1,,,,,0.0,0.09842525
327070,Bisson Creek,MT,47.68,-114.0,1499.6,20170518,36.32,58.46,44.6,,,,,0.0,0.0
327071,Bisson Creek,MT,47.68,-114.0,1499.6,20170519,40.1,59.36,48.2,,,,,0.0,0.0
327072,Bisson Creek,MT,47.68,-114.0,1499.6,20170520,40.28,58.82,48.2,,,,,0.0,0.0
327073,Bisson Creek,MT,47.68,-114.0,1499.6,20170521,38.66,67.82,51.26,,,,,0.0,0.0
327074,Bisson Creek,MT,47.68,-114.0,1499.6,20170522,43.7,69.26,55.4,,,,,0.0,0.0
327075,Bisson Creek,MT,47.68,-114.0,1499.6,20170523,46.22,77.0,59.72,,,,,0.0,0.0
327076,Bisson Creek,MT,47.68,-114.0,1499.6,20170524,39.2,55.58,46.94,,,,,0.0,0.0
327077,Bisson Creek,MT,47.68,-114.0,1499.6,20170525,38.12,56.66,46.4,,,,,0.0,0.0
327078,Bisson Creek,MT,47.68,-114.0,1499.6,20170526,38.3,61.52,49.64,,,,,0.0,0.0
327079,Bisson Creek,MT,47.68,-114.0,1499.6,20170527,42.44,69.44,55.04,,,,,0.0,0.0
327080,Bisson Creek,MT,47.68,-114.0,1499.6,20170528,46.76,72.14,58.82,,,,,0.0,0.0
327081,Bisson Creek,MT,47.68,-114.0,1499.6,20170529,48.02,73.58,60.98,,,,,0.0,0.0
327082,Bisson Creek,MT,47.68,-114.0,1499.6,20170530,49.28,76.64,62.24,,,,,0.0,0.0
327083,Bisson Creek,MT,47.68,-114.0,1499.6,20170531,50.18,75.92,62.24,,,,,0.0,0.40157502
327084,Bisson Creek,MT,47.68,-114.0,1499.6,20170601,46.58,60.98,51.62,,,,,0.0,0.20078751
327085,Bisson Creek,MT,47.68,-114.0,1499.6,20170602,43.16,66.2,52.16,,,,,0.0,0.09842525
327086,Bisson Creek,MT,47.68,-114.0,1499.6,20170603,42.8,76.1,58.1,,,,,0.0,0.0
327087,Bisson Creek,MT,47.68,-114.0,1499.6,20170604,46.22,68.36,56.12,,,,,0.0,0.20078751
327088,Bisson Creek,MT,47.68,-114.0,1499.6,20170605,44.24,64.76,50.54,,,,,0.0,0.20078751
327089,Bisson Creek,MT,47.68,-114.0,1499.6,20170606,43.7,71.78,56.84,,,,,0.0,0.0
327090,Bisson Creek,MT,47.68,-114.0,1499.6,20170607,50.0,76.1,63.14,,,,,0.0,0.0
327091,Bisson Creek,MT,47.68,-114.0,1499.6,20170608,46.22,73.76,62.42,,,,,0.0,0.40157502
327092,Bisson Creek,MT,47.68,-114.0,1499.6,20170609,39.2,59.18,47.84,,,,,0.0,0.20078751
327093,Bisson Creek,MT,47.68,-114.0,1499.6,20170610,38.84,55.76,44.78,,,,,0.0,0.0
327094,Bisson Creek,MT,47.68,-114.0,1499.6,20170611,35.06,59.9,47.3,,,,,0.0,0.0
327095,Bisson Creek,MT,47.68,-114.0,1499.6,20170612,41.9,68.72,56.3,,,,,0.0,0.0
327096,Bisson Creek,MT,47.68,-114.0,1499.6,20170613,42.8,53.24,46.04,,,,,0.0,2.00000108
327097,Bisson Creek,MT,47.68,-114.0,1499.6,20170614,39.38,61.88,48.02,,,,,0.0,0.09842525
327098,Bisson Creek,MT,47.68,-114.0,1499.6,20170615,43.88,54.32,48.38,,,,,0.0,0.0
327099,Bisson Creek,MT,47.68,-114.0,1499.6,20170616,44.24,54.32,47.84,,,,,0.0,0.20078751
327100,Bisson Creek,MT,47.68,-114.0,1499.6,20170617,42.98,62.42,50.18,,,,,0.0,0.0
327101,Bisson Creek,MT,47.68,-114.0,1499.6,20170618,44.96,57.56,50.18,,,,,0.0,0.0
327102,Bisson Creek,MT,47.68,-114.0,1499.6,20170619,51.26,75.74,61.34,,,,,0.0,0.0
327103,Bisson Creek,MT,47.68,-114.0,1499.6,20170620,52.34,75.92,62.6,,,,,0.0,0.0
327104,Bisson Creek,MT,47.68,-114.0,1499.6,20170621,46.4,72.32,57.38,,,,,0.0,0.0
327105,Bisson Creek,MT,47.68,-114.0,1499.6,20170622,41.54,63.14,51.8,,,,,0.0,0.0
327106,Bisson Creek,MT,47.68,-114.0,1499.6,20170623,42.08,68.18,54.68,,,,,0.0,0.0
327107,Bisson Creek,MT,47.68,-114.0,1499.6,20170624,45.14,71.96,58.1,,,,,0.0,0.0
327108,Bisson Creek,MT,47.68,-114.0,1499.6,20170625,48.38,77.0,61.52,,,,,0.0,0.0
327109,Bisson Creek,MT,47.68,-114.0,1499.6,20170626,54.86,82.04,66.2,,,,,0.0,0.0
327110,Bisson Creek,MT,47.68,-114.0,1499.6,20170627,49.1,76.28,60.26,,,,,0.0,0.0
327111,Bisson Creek,MT,47.68,-114.0,1499.6,20170628,47.84,69.8,56.66,,,,,0.0,0.0
327112,Bisson Creek,MT,47.68,-114.0,1499.6,20170629,48.38,66.56,55.4,,,,,0.0,0.0
327113,Bisson Creek,MT,47.68,-114.0,1499.6,20170630,47.66,76.1,60.08,,,,,0.0,0.0
327114,Bisson Creek,MT,47.68,-114.0,1499.6,20170701,53.06,79.88,64.22,,,,,0.0,0.0
327115,Bisson Creek,MT,47.68,-114.0,1499.6,20170702,53.42,83.12,66.2,,,,,0.0,0.0
327116,Bisson Creek,MT,47.68,-114.0,1499.6,20170703,52.34,81.86,65.3,,,,,0.0,0.0
327117,Bisson Creek,MT,47.68,-114.0,1499.6,20170704,48.74,82.4,63.32,,,,,0.0,0.0
327118,Bisson Creek,MT,47.68,-114.0,1499.6,20170705,54.32,86.0,67.82,,,,,0.0,0.0
327119,Bisson Creek,MT,47.68,-114.0,1499.6,20170706,56.84,88.34,70.16,,,,,0.0,0.0
327120,Bisson Creek,MT,47.68,-114.0,1499.6,20170707,58.28,91.58,70.7,,,,,0.0,0.0
327121,Bisson Creek,MT,47.68,-114.0,1499.6,20170708,57.74,89.42,70.88,,,,,0.0,0.0
327122,Bisson Creek,MT,47.68,-114.0,1499.6,20170709,57.38,89.96,70.34,,,,,0.0,0.0
327123,Bisson Creek,MT,47.68,-114.0,1499.6,20170710,52.34,79.34,63.68,,,,,0.0,0.0
327124,Bisson Creek,MT,47.68,-114.0,1499.6,20170711,51.26,75.02,60.98,,,,,0.0,0.0
327125,Bisson Creek,MT,47.68,-114.0,1499.6,20170712,50.72,80.6,63.32,,,,,0.0,0.0
327126,Bisson Creek,MT,47.68,-114.0,1499.6,20170713,55.04,87.8,68.36,,,,,0.0,0.0
327127,Bisson Creek,MT,47.68,-114.0,1499.6,20170714,54.68,86.36,68.9,,,,,0.0,0.0
327128,Bisson Creek,MT,47.68,-114.0,1499.6,20170715,56.66,83.66,67.82,,,,,0.0,0.0
327129,Bisson Creek,MT,47.68,-114.0,1499.6,20170716,48.74,75.92,62.78,,,,,0.0,0.0
327130,Bisson Creek,MT,47.68,-114.0,1499.6,20170717,46.04,74.3,58.1,,,,,0.0,0.0
327131,Bisson Creek,MT,47.68,-114.0,1499.6,20170718,48.2,79.52,61.88,,,,,0.0,0.0
327132,Bisson Creek,MT,47.68,-114.0,1499.6,20170719,51.8,82.04,65.3,,,,,0.0,0.0
327133,Bisson Creek,MT,47.68,-114.0,1499.6,20170720,52.34,80.42,64.4,,,,,0.0,0.0
327134,Bisson Creek,MT,47.68,-114.0,1499.6,20170721,48.2,77.18,60.26,,,,,0.0,0.0
327135,Bisson Creek,MT,47.68,-114.0,1499.6,20170722,49.46,79.34,62.78,,,,,0.0,0.0
327136,Bisson Creek,MT,47.68,-114.0,1499.6,20170723,54.86,85.64,68.0,,,,,0.0,0.0
327137,Bisson Creek,MT,47.68,-114.0,1499.6,20170724,56.12,84.2,68.18,,,,,0.0,0.0
327138,Bisson Creek,MT,47.68,-114.0,1499.6,20170725,51.44,80.06,63.86,,,,,0.0,0.0
327139,Bisson Creek,MT,47.68,-114.0,1499.6,20170726,53.78,82.94,66.2,,,,,0.0,0.0
327140,Bisson Creek,MT,47.68,-114.0,1499.6,20170727,57.74,82.76,67.64,,,,,0.0,0.0
327141,Bisson Creek,MT,47.68,-114.0,1499.6,20170728,55.22,85.46,67.64,,,,,0.0,0.0
327142,Bisson Creek,MT,47.68,-114.0,1499.6,20170729,58.82,87.08,69.98,,,,,0.0,0.0
327143,Bisson Creek,MT,47.68,-114.0,1499.6,20170730,57.38,88.34,68.9,,,,,0.0,0.0
327144,Bisson Creek,MT,47.68,-114.0,1499.6,20170731,54.68,85.28,67.64,,,,,0.0,0.0
327145,Bisson Creek,MT,47.68,-114.0,1499.6,20170801,55.58,82.4,68.9,,,,,0.0,0.0
327146,Bisson Creek,MT,47.68,-114.0,1499.6,20170802,56.12,72.32,65.3,,,,,0.0,0.0
327147,Bisson Creek,MT,47.68,-114.0,1499.6,20170803,50.72,78.08,62.42,,,,,0.0,0.0
327148,Bisson Creek,MT,47.68,-114.0,1499.6,20170804,56.48,83.12,65.66,,,,,0.0,0.0
327149,Bisson Creek,MT,47.68,-114.0,1499.6,20170805,56.3,68.9,61.7,,,,,0.0,0.0
327150,Bisson Creek,MT,47.68,-114.0,1499.6,20170806,49.46,74.12,61.16,,,,,0.0,0.0
327151,Bisson Creek,MT,47.68,-114.0,1499.6,20170807,53.78,78.26,65.3,,,,,0.0,0.0
327152,Bisson Creek,MT,47.68,-114.0,1499.6,20170808,58.64,75.92,67.64,,,,,0.0,0.0
327153,Bisson Creek,MT,47.68,-114.0,1499.6,20170809,53.42,77.18,64.76,,,,,0.0,0.0
327154,Bisson Creek,MT,47.68,-114.0,1499.6,20170810,55.76,79.16,66.92,,,,,0.0,0.0
327155,Bisson Creek,MT,47.68,-114.0,1499.6,20170811,54.68,78.8,65.3,,,,,0.0,0.0
327156,Bisson Creek,MT,47.68,-114.0,1499.6,20170812,56.12,81.14,67.28,,,,,0.0,0.0
327157,Bisson Creek,MT,47.68,-114.0,1499.6,20170813,48.92,68.72,57.2,,,,,0.0,0.0
327158,Bisson Creek,MT,47.68,-114.0,1499.6,20170814,47.3,68.54,56.3,,,,,0.0,0.0
327159,Bisson Creek,MT,47.68,-114.0,1499.6,20170815,44.96,71.6,56.66,,,,,0.0,0.09842525
327160,Bisson Creek,MT,47.68,-114.0,1499.6,20170816,48.56,74.48,59.9,,,,,0.0,0.0
327161,Bisson Creek,MT,47.68,-114.0,1499.6,20170817,51.08,75.74,61.7,,,,,0.0,0.0
327162,Bisson Creek,MT,47.68,-114.0,1499.6,20170818,51.98,77.72,62.78,,,,,0.0,0.0
327163,Bisson Creek,MT,47.68,-114.0,1499.6,20170819,49.64,72.5,59.36,,,,,0.0,0.0
327164,Bisson Creek,MT,47.68,-114.0,1499.6,20170820,47.48,71.24,57.38,,,,,0.0,0.0
327165,Bisson Creek,MT,47.68,-114.0,1499.6,20170821,48.56,69.62,58.46,,,,,0.0,0.0
327166,Bisson Creek,MT,47.68,-114.0,1499.6,20170822,48.56,69.62,58.46,,,,,0.0,0.0
327167,Bisson Creek,MT,47.68,-114.0,1499.6,20170823,48.56,69.62,58.46,,,,,0.0,0.0
327168,Bisson Creek,MT,47.68,-114.0,1499.6,20170824,51.26,71.96,63.14,,,,,0.0,0.0
327169,Bisson Creek,MT,47.68,-114.0,1499.6,20170825,48.02,72.5,58.46,,,,,0.0,0.0
327170,Bisson Creek,MT,47.68,-114.0,1499.6,20170826,46.58,73.76,58.64,,,,,0.0,0.0
327171,Bisson Creek,MT,47.68,-114.0,1499.6,20170827,51.8,79.7,63.68,,,,,0.0,0.0
327172,Bisson Creek,MT,47.68,-114.0,1499.6,20170828,56.3,79.7,66.74,,,,,0.0,0.0
327173,Bisson Creek,MT,47.68,-114.0,1499.6,20170829,60.08,86.9,71.06,,,,,0.0,0.0
327174,Bisson Creek,MT,47.68,-114.0,1499.6,20170830,60.62,81.5,68.9,,,,,0.0,0.0
327175,Bisson Creek,MT,47.68,-114.0,1499.6,20170831,53.06,78.08,63.68,,,,,0.0,0.0
327176,Bisson Creek,MT,47.68,-114.0,1499.6,20170901,51.44,76.64,62.42,,,,,0.0,0.0
327177,Bisson Creek,MT,47.68,-114.0,1499.6,20170902,55.58,83.48,66.56,,,,,0.0,0.0
327178,Bisson Creek,MT,47.68,-114.0,1499.6,20170903,58.82,82.22,68.0,,,,,0.0,0.0
327179,Bisson Creek,MT,47.68,-114.0,1499.6,20170904,51.98,66.56,60.08,,,,,0.0,0.0
327180,Bisson Creek,MT,47.68,-114.0,1499.6,20170905,49.28,68.72,58.28,,,,,0.0,0.0
327181,Bisson Creek,MT,47.68,-114.0,1499.6,20170906,51.62,70.88,60.08,,,,,0.0,0.0
327182,Bisson Creek,MT,47.68,-114.0,1499.6,20170907,54.5,74.12,63.14,,,,,0.0,0.0
327183,Bisson Creek,MT,47.68,-114.0,1499.6,20170908,56.84,74.66,64.22,,,,,0.0,0.0
327184,Bisson Creek,MT,47.68,-114.0,1499.6,20170909,56.84,77.18,64.76,,,,,0.0,0.0
327185,Bisson Creek,MT,47.68,-114.0,1499.6,20170910,50.72,69.62,59.18,,,,,0.0,0.0
327186,Bisson Creek,MT,47.68,-114.0,1499.6,20170911,48.38,76.1,59.54,,,,,0.0,0.0
327187,Bisson Creek,MT,47.68,-114.0,1499.6,20170912,53.78,79.16,62.96,,,,,0.0,0.0
327188,Bisson Creek,MT,47.68,-114.0,1499.6,20170913,49.64,68.0,58.64,,,,,0.0,0.0
327189,Bisson Creek,MT,47.68,-114.0,1499.6,20170914,38.84,50.0,43.7,,,,,0.0,0.29921276
327190,Bisson Creek,MT,47.68,-114.0,1499.6,20170915,35.78,41.72,38.84,,,,,0.0,0.09842525
327191,Bisson Creek,MT,47.68,-114.0,1499.6,20170916,31.46,50.9,40.28,,,,,0.0,0.0
327192,Bisson Creek,MT,47.68,-114.0,1499.6,20170917,36.5,57.56,47.66,,,,,0.0,0.0
327193,Bisson Creek,MT,47.68,-114.0,1499.6,20170918,36.32,47.84,41.9,,,,,0.0,0.59842552
327194,Bisson Creek,MT,47.68,-114.0,1499.6,20170919,34.16,45.14,38.84,,,,,0.0,0.09842525
327195,Bisson Creek,MT,47.68,-114.0,1499.6,20170920,34.16,45.14,37.94,,,,,0.0,0.20078751
327196,Bisson Creek,MT,47.68,-114.0,1499.6,20170921,34.52,45.5,38.66,,,,,0.0,0.0
327197,Stuart Mountain,MT,47.0,-113.93,2255.5,20170101,-6.7,16.52,7.52,,,,,49.0157745,0.09842525
327198,Stuart Mountain,MT,47.0,-113.93,2255.5,20170102,-8.32,-1.66,-5.98,,,,,47.0078994,0.0
327199,Stuart Mountain,MT,47.0,-113.93,2255.5,20170103,-6.88,17.78,4.46,,,,,45.984276799999996,0.09842525
327200,Stuart Mountain,MT,47.0,-113.93,2255.5,20170104,-4.18,7.7,1.22,,,,,45.00002429999999,0.0
327201,Stuart Mountain,MT,47.0,-113.93,2255.5,20170105,-1.3,13.82,5.0,,,,,45.00002429999999,0.09842525
327202,Stuart Mountain,MT,47.0,-113.93,2255.5,20170106,6.08,17.42,11.48,,,,,45.00002429999999,0.0
327203,Stuart Mountain,MT,47.0,-113.93,2255.5,20170107,12.02,24.44,17.78,,,,,45.984276799999996,0.40157502
327204,Stuart Mountain,MT,47.0,-113.93,2255.5,20170108,20.3,31.28,26.24,,,,,50.9842795,0.79921303
327205,Stuart Mountain,MT,47.0,-113.93,2255.5,20170109,17.6,31.82,24.8,,,,,57.0079048,0.59842552
327206,Stuart Mountain,MT,47.0,-113.93,2255.5,20170110,13.82,20.48,17.96,,,,,57.992157299999995,0.09842525
327207,Stuart Mountain,MT,47.0,-113.93,2255.5,20170111,6.26,21.02,12.2,,,,,59.0157799,0.20078751
327208,Stuart Mountain,MT,47.0,-113.93,2255.5,20170112,10.76,18.68,13.46,,,,,55.0000297,0.0
327209,Stuart Mountain,MT,47.0,-113.93,2255.5,20170113,10.76,27.68,15.08,,,,,54.0157772,0.0
327210,Stuart Mountain,MT,47.0,-113.93,2255.5,20170114,12.38,26.96,17.6,,,,,52.9921546,0.0
327211,Stuart Mountain,MT,47.0,-113.93,2255.5,20170115,15.08,26.96,19.76,,,,,52.0079021,0.0
327212,Stuart Mountain,MT,47.0,-113.93,2255.5,20170116,15.08,28.22,21.74,,,,,50.9842795,0.0
327213,Stuart Mountain,MT,47.0,-113.93,2255.5,20170117,25.34,39.92,31.82,,,,,50.000027,0.0
327214,Stuart Mountain,MT,47.0,-113.93,2255.5,20170118,29.84,36.68,32.72,,,,,50.000027,0.09842525
327215,Stuart Mountain,MT,47.0,-113.93,2255.5,20170119,24.44,31.46,28.76,,,,,50.9842795,0.09842525
327216,Stuart Mountain,MT,47.0,-113.93,2255.5,20170120,19.22,31.28,24.44,,,,,50.000027,0.0
327217,Stuart Mountain,MT,47.0,-113.93,2255.5,20170121,20.66,27.14,23.0,,,,,50.000027,0.09842525
327218,Stuart Mountain,MT,47.0,-113.93,2255.5,20170122,21.02,32.18,24.44,,,,,52.9921546,0.20078751
327219,Stuart Mountain,MT,47.0,-113.93,2255.5,20170123,14.18,27.32,21.38,,,,,52.0079021,0.0
327220,Stuart Mountain,MT,47.0,-113.93,2255.5,20170124,12.38,24.62,16.88,,,,,50.9842795,0.0
327221,Stuart Mountain,MT,47.0,-113.93,2255.5,20170125,14.54,18.5,16.16,,,,,55.0000297,0.20078751
327222,Stuart Mountain,MT,47.0,-113.93,2255.5,20170126,12.74,23.9,15.98,,,,,55.0000297,0.0
327223,Stuart Mountain,MT,47.0,-113.93,2255.5,20170127,13.64,21.02,17.42,,,,,52.9921546,0.0
327224,Stuart Mountain,MT,47.0,-113.93,2255.5,20170128,18.86,31.82,24.26,,,,,52.0079021,0.09842525
327225,Stuart Mountain,MT,47.0,-113.93,2255.5,20170129,26.78,40.46,31.82,,,,,52.0079021,0.0
327226,Stuart Mountain,MT,47.0,-113.93,2255.5,20170130,21.02,35.78,25.52,,,,,50.9842795,0.0
327227,Stuart Mountain,MT,47.0,-113.93,2255.5,20170131,4.64,22.1,15.26,,,,,59.0157799,0.40157502
327228,Stuart Mountain,MT,47.0,-113.93,2255.5,20170201,-2.56,8.42,2.66,,,,,57.0079048,0.0
327229,Stuart Mountain,MT,47.0,-113.93,2255.5,20170202,-3.46,12.2,2.66,,,,,55.9842822,0.0
327230,Stuart Mountain,MT,47.0,-113.93,2255.5,20170203,9.86,29.3,23.18,,,,,57.0079048,0.70078778
327231,Stuart Mountain,MT,47.0,-113.93,2255.5,20170204,27.68,30.56,28.94,,,,,60.98428489999999,0.79921303
327232,Stuart Mountain,MT,47.0,-113.93,2255.5,20170205,28.22,30.38,29.3,,,,,60.0000324,0.09842525
327233,Stuart Mountain,MT,47.0,-113.93,2255.5,20170206,15.98,30.56,23.9,,,,,62.99216,0.29921276
327234,Stuart Mountain,MT,47.0,-113.93,2255.5,20170207,10.94,23.18,16.7,,,,,62.99216,0.20078751
327235,Stuart Mountain,MT,47.0,-113.93,2255.5,20170208,17.6,30.92,23.0,,,,,70.0000378,1.20078805
327236,Stuart Mountain,MT,47.0,-113.93,2255.5,20170209,30.92,35.78,33.98,,,,,72.00791290000001,1.40157556
327237,Stuart Mountain,MT,47.0,-113.93,2255.5,20170210,21.2,31.64,26.6,,,,,74.015788,0.29921276
327238,Stuart Mountain,MT,47.0,-113.93,2255.5,20170211,15.62,21.74,18.86,,,,,72.9921654,0.20078751
327239,Stuart Mountain,MT,47.0,-113.93,2255.5,20170212,14.18,31.28,20.84,,,,,72.00791290000001,0.0
327240,Stuart Mountain,MT,47.0,-113.93,2255.5,20170213,20.66,40.82,29.12,,,,,70.0000378,0.09842525
327241,Stuart Mountain,MT,47.0,-113.93,2255.5,20170214,27.5,48.2,36.5,,,,,69.0157853,0.0
327242,Stuart Mountain,MT,47.0,-113.93,2255.5,20170215,32.18,47.84,39.2,,,,,67.9921627,0.0
327243,Stuart Mountain,MT,47.0,-113.93,2255.5,20170216,29.3,43.7,35.42,,,,,67.9921627,0.20078751
327244,Stuart Mountain,MT,47.0,-113.93,2255.5,20170217,25.88,35.6,29.3,,,,,67.9921627,0.0
327245,Stuart Mountain,MT,47.0,-113.93,2255.5,20170218,28.4,40.28,33.8,,,,,67.00791020000001,0.09842525
327246,Stuart Mountain,MT,47.0,-113.93,2255.5,20170219,23.72,37.58,28.4,,,,,69.0157853,0.09842525
327247,Stuart Mountain,MT,47.0,-113.93,2255.5,20170220,22.64,34.7,28.04,,,,,77.00791559999999,0.79921303
327248,Stuart Mountain,MT,47.0,-113.93,2255.5,20170221,22.82,32.54,28.58,,,,,82.9921708,1.00000054
327249,Stuart Mountain,MT,47.0,-113.93,2255.5,20170222,17.42,32.72,22.64,,,,,84.0157934,0.29921276
327250,Stuart Mountain,MT,47.0,-113.93,2255.5,20170223,13.1,25.7,18.68,,,,,82.0079183,0.0
327251,Stuart Mountain,MT,47.0,-113.93,2255.5,20170224,8.6,24.44,14.36,,,,,82.0079183,0.0
327252,Stuart Mountain,MT,47.0,-113.93,2255.5,20170225,9.86,16.34,12.38,,,,,80.00004320000001,0.0
327253,Stuart Mountain,MT,47.0,-113.93,2255.5,20170226,13.64,23.36,16.88,,,,,89.01579609999999,0.70078778
327254,Stuart Mountain,MT,47.0,-113.93,2255.5,20170227,14.36,24.26,16.88,,,,,92.0079237,0.29921276
327255,Stuart Mountain,MT,47.0,-113.93,2255.5,20170228,9.68,19.58,13.82,,,,,94.0157988,0.20078751
327256,Stuart Mountain,MT,47.0,-113.93,2255.5,20170301,12.92,23.54,20.12,,,,,95.98430379999999,0.50000027
327257,Stuart Mountain,MT,47.0,-113.93,2255.5,20170302,22.1,32.9,26.24,,,,,92.9921762,0.20078751
327258,Stuart Mountain,MT,47.0,-113.93,2255.5,20170303,24.62,39.02,29.84,,,,,90.9843011,0.0
327259,Stuart Mountain,MT,47.0,-113.93,2255.5,20170304,26.6,38.48,30.2,,,,,90.9843011,0.40157502
327260,Stuart Mountain,MT,47.0,-113.93,2255.5,20170305,14.9,28.22,22.1,,,,,97.99217890000001,0.70078778
327261,Stuart Mountain,MT,47.0,-113.93,2255.5,20170306,11.12,23.36,16.16,,,,,100.000054,0.20078751
327262,Stuart Mountain,MT,47.0,-113.93,2255.5,20170307,12.56,26.24,19.4,,,,,100.98430649999999,0.59842552
327263,Stuart Mountain,MT,47.0,-113.93,2255.5,20170308,19.22,27.32,24.08,,,,,107.0079318,0.90157529
327264,Stuart Mountain,MT,47.0,-113.93,2255.5,20170309,19.22,33.44,27.86,,,,,110.0000594,1.09842579
327265,Stuart Mountain,MT,47.0,-113.93,2255.5,20170310,28.76,34.34,32.36,,,,,107.0079318,0.29921276
327266,Stuart Mountain,MT,47.0,-113.93,2255.5,20170311,27.14,44.96,32.9,,,,,105.0000567,0.29921276
327267,Stuart Mountain,MT,47.0,-113.93,2255.5,20170312,27.68,32.72,29.12,,,,,104.0158042,0.0
327268,Stuart Mountain,MT,47.0,-113.93,2255.5,20170313,28.76,37.94,32.54,,,,,105.9843092,0.50000027
327269,Stuart Mountain,MT,47.0,-113.93,2255.5,20170314,32.9,39.38,37.04,,,,,102.9921816,0.29921276
327270,Stuart Mountain,MT,47.0,-113.93,2255.5,20170315,33.62,39.02,36.68,,,,,100.98430649999999,0.29921276
327271,Stuart Mountain,MT,47.0,-113.93,2255.5,20170316,22.64,33.62,28.94,,,,,100.000054,0.40157502
327272,Stuart Mountain,MT,47.0,-113.93,2255.5,20170317,22.64,44.6,33.44,,,,,99.0158015,0.09842525
327273,Stuart Mountain,MT,47.0,-113.93,2255.5,20170318,29.3,41.0,37.04,,,,,95.98430379999999,0.20078751
327274,Stuart Mountain,MT,47.0,-113.93,2255.5,20170319,25.7,37.22,29.66,,,,,95.0000513,0.0
327275,Stuart Mountain,MT,47.0,-113.93,2255.5,20170320,24.8,40.64,29.48,,,,,94.0157988,0.0
327276,Stuart Mountain,MT,47.0,-113.93,2255.5,20170321,28.4,47.12,37.76,,,,,92.0079237,0.20078751
327277,Stuart Mountain,MT,47.0,-113.93,2255.5,20170322,30.38,47.12,35.06,,,,,92.9921762,0.0
327278,Stuart Mountain,MT,47.0,-113.93,2255.5,20170323,25.16,36.5,29.12,,,,,92.9921762,0.0
327279,Stuart Mountain,MT,47.0,-113.93,2255.5,20170324,26.24,46.22,33.26,,,,,92.0079237,0.09842525
327280,Stuart Mountain,MT,47.0,-113.93,2255.5,20170325,24.44,40.28,29.3,,,,,92.0079237,0.09842525
327281,Stuart Mountain,MT,47.0,-113.93,2255.5,20170326,21.02,42.44,31.1,,,,,92.9921762,0.09842525
327282,Stuart Mountain,MT,47.0,-113.93,2255.5,20170327,25.88,33.98,29.66,,,,,99.0158015,0.59842552
327283,Stuart Mountain,MT,47.0,-113.93,2255.5,20170328,24.44,32.54,27.86,,,,,97.99217890000001,0.0
327284,Stuart Mountain,MT,47.0,-113.93,2255.5,20170329,27.68,35.96,32.0,,,,,99.0158015,0.40157502
327285,Stuart Mountain,MT,47.0,-113.93,2255.5,20170330,27.86,42.26,32.0,,,,,97.99217890000001,0.09842525
327286,Stuart Mountain,MT,47.0,-113.93,2255.5,20170331,29.3,48.2,34.52,,,,,97.0079264,0.09842525
327287,Stuart Mountain,MT,47.0,-113.93,2255.5,20170401,30.02,44.24,34.52,,,,,95.98430379999999,0.0
327288,Stuart Mountain,MT,47.0,-113.93,2255.5,20170402,22.1,36.14,27.68,,,,,95.98430379999999,0.09842525
327289,Stuart Mountain,MT,47.0,-113.93,2255.5,20170403,17.78,35.24,22.82,,,,,97.99217890000001,0.20078751
327290,Stuart Mountain,MT,47.0,-113.93,2255.5,20170404,17.24,40.28,28.4,,,,,95.98430379999999,0.0
327291,Stuart Mountain,MT,47.0,-113.93,2255.5,20170405,29.3,46.94,36.14,,,,,95.0000513,0.0
327292,Stuart Mountain,MT,47.0,-113.93,2255.5,20170406,35.42,52.7,40.82,,,,,92.0079237,0.09842525
327293,Stuart Mountain,MT,47.0,-113.93,2255.5,20170407,26.96,48.56,37.04,,,,,94.0157988,0.09842525
327294,Stuart Mountain,MT,47.0,-113.93,2255.5,20170408,24.08,43.16,30.02,,,,,99.0158015,0.59842552
327295,Stuart Mountain,MT,47.0,-113.93,2255.5,20170409,19.22,32.36,24.08,,,,,97.0079264,0.09842525
327296,Stuart Mountain,MT,47.0,-113.93,2255.5,20170410,19.76,33.98,25.34,,,,,97.99217890000001,0.09842525
327297,Stuart Mountain,MT,47.0,-113.93,2255.5,20170411,20.3,46.76,31.82,,,,,95.98430379999999,0.0
327298,Stuart Mountain,MT,47.0,-113.93,2255.5,20170412,29.66,40.46,35.42,,,,,95.98430379999999,0.09842525
327299,Stuart Mountain,MT,47.0,-113.93,2255.5,20170413,26.42,42.08,34.16,,,,,99.0158015,0.40157502
327300,Stuart Mountain,MT,47.0,-113.93,2255.5,20170414,22.82,34.88,26.96,,,,,99.0158015,0.09842525
327301,Stuart Mountain,MT,47.0,-113.93,2255.5,20170415,21.92,37.22,25.34,,,,,99.0158015,0.20078751
327302,Stuart Mountain,MT,47.0,-113.93,2255.5,20170416,21.38,45.68,34.16,,,,,97.0079264,0.0
327303,Stuart Mountain,MT,47.0,-113.93,2255.5,20170417,29.84,38.12,33.62,,,,,99.0158015,0.40157502
327304,Stuart Mountain,MT,47.0,-113.93,2255.5,20170418,30.74,48.2,36.14,,,,,97.99217890000001,0.09842525
327305,Stuart Mountain,MT,47.0,-113.93,2255.5,20170419,27.68,46.4,35.96,,,,,97.0079264,0.0
327306,Stuart Mountain,MT,47.0,-113.93,2255.5,20170420,28.58,44.06,34.34,,,,,100.98430649999999,0.40157502
327307,Stuart Mountain,MT,47.0,-113.93,2255.5,20170421,27.68,41.0,32.0,,,,,99.0158015,0.0
327308,Stuart Mountain,MT,47.0,-113.93,2255.5,20170422,26.78,51.08,39.38,,,,,97.0079264,0.0
327309,Stuart Mountain,MT,47.0,-113.93,2255.5,20170423,30.38,42.8,35.78,,,,,97.0079264,0.09842525
327310,Stuart Mountain,MT,47.0,-113.93,2255.5,20170424,29.66,44.96,34.16,,,,,100.000054,0.29921276
327311,Stuart Mountain,MT,47.0,-113.93,2255.5,20170425,28.76,41.54,32.72,,,,,97.99217890000001,0.09842525
327312,Stuart Mountain,MT,47.0,-113.93,2255.5,20170426,27.68,36.68,31.28,,,,,102.0079291,0.59842552
327313,Stuart Mountain,MT,47.0,-113.93,2255.5,20170427,25.52,32.9,27.86,,,,,104.0158042,0.29921276
327314,Stuart Mountain,MT,47.0,-113.93,2255.5,20170428,25.7,42.08,30.2,,,,,102.0079291,0.0
327315,Stuart Mountain,MT,47.0,-113.93,2255.5,20170429,25.88,49.1,34.7,,,,,100.000054,0.0
327316,Stuart Mountain,MT,47.0,-113.93,2255.5,20170430,29.66,40.1,33.08,,,,,100.000054,0.09842525
327317,Stuart Mountain,MT,47.0,-113.93,2255.5,20170501,27.32,46.04,32.54,,,,,102.9921816,0.40157502
327318,Stuart Mountain,MT,47.0,-113.93,2255.5,20170502,26.96,37.22,30.74,,,,,102.0079291,0.0
327319,Stuart Mountain,MT,47.0,-113.93,2255.5,20170503,27.14,51.8,40.82,,,,,99.0158015,0.0
327320,Stuart Mountain,MT,47.0,-113.93,2255.5,20170504,41.36,66.56,54.5,,,,,95.0000513,0.0
327321,Stuart Mountain,MT,47.0,-113.93,2255.5,20170505,43.88,65.66,54.32,,,,,92.0079237,0.09842525
327322,Stuart Mountain,MT,47.0,-113.93,2255.5,20170506,37.22,57.56,46.22,,,,,90.9843011,0.0
327323,Stuart Mountain,MT,47.0,-113.93,2255.5,20170507,29.66,38.48,33.8,,,,,90.00004859999999,0.09842525
327324,Stuart Mountain,MT,47.0,-113.93,2255.5,20170508,25.7,52.34,40.1,,,,,87.99217349999999,0.0
327325,Stuart Mountain,MT,47.0,-113.93,2255.5,20170509,37.4,57.56,45.68,,,,,87.007921,0.0
327326,Stuart Mountain,MT,47.0,-113.93,2255.5,20170510,40.1,62.42,51.44,,,,,85.0000459,0.0
327327,Stuart Mountain,MT,47.0,-113.93,2255.5,20170511,45.14,68.0,55.04,,,,,82.0079183,0.0
327328,Stuart Mountain,MT,47.0,-113.93,2255.5,20170512,26.78,53.42,39.92,,,,,87.007921,0.59842552
327329,Stuart Mountain,MT,47.0,-113.93,2255.5,20170513,24.8,38.48,28.76,,,,,85.9842984,0.09842525
327330,Stuart Mountain,MT,47.0,-113.93,2255.5,20170514,24.44,44.06,31.46,,,,,84.0157934,0.0
327331,Stuart Mountain,MT,47.0,-113.93,2255.5,20170515,27.14,48.92,36.5,,,,,82.9921708,0.0
327332,Stuart Mountain,MT,47.0,-113.93,2255.5,20170516,26.96,41.0,34.7,,,,,87.007921,0.40157502
327333,Stuart Mountain,MT,47.0,-113.93,2255.5,20170517,25.16,42.26,32.0,,,,,90.00004859999999,0.59842552
327334,Stuart Mountain,MT,47.0,-113.93,2255.5,20170518,33.62,49.82,38.48,,,,,87.007921,0.0
327335,Stuart Mountain,MT,47.0,-113.93,2255.5,20170519,33.26,55.04,41.9,,,,,85.0000459,0.09842525
327336,Stuart Mountain,MT,47.0,-113.93,2255.5,20170520,36.68,53.42,42.8,,,,,84.0157934,0.0
327337,Stuart Mountain,MT,47.0,-113.93,2255.5,20170521,37.58,58.1,48.38,,,,,82.0079183,0.0
327338,Stuart Mountain,MT,47.0,-113.93,2255.5,20170522,43.16,60.8,52.34,,,,,80.00004320000001,0.0
327339,Stuart Mountain,MT,47.0,-113.93,2255.5,20170523,46.04,65.3,55.76,,,,,75.98429300000001,0.0
327340,Stuart Mountain,MT,47.0,-113.93,2255.5,20170524,32.36,51.26,39.92,,,,,74.015788,0.0
327341,Stuart Mountain,MT,47.0,-113.93,2255.5,20170525,31.28,50.72,38.84,,,,,72.9921654,0.09842525
327342,Stuart Mountain,MT,47.0,-113.93,2255.5,20170526,35.06,53.06,44.24,,,,,70.9842903,0.0
327343,Stuart Mountain,MT,47.0,-113.93,2255.5,20170527,39.56,58.64,49.28,,,,,69.0157853,0.0
327344,Stuart Mountain,MT,47.0,-113.93,2255.5,20170528,46.58,64.04,54.32,,,,,65.9842876,0.0
327345,Stuart Mountain,MT,47.0,-113.93,2255.5,20170529,46.04,68.18,56.84,,,,,62.99216,0.0
327346,Stuart Mountain,MT,47.0,-113.93,2255.5,20170530,49.64,70.16,59.18,,,,,60.0000324,0.0
327347,Stuart Mountain,MT,47.0,-113.93,2255.5,20170531,46.04,73.58,57.92,,,,,57.0079048,0.09842525
327348,Stuart Mountain,MT,47.0,-113.93,2255.5,20170601,40.82,54.14,46.22,,,,,52.9921546,0.40157502
327349,Stuart Mountain,MT,47.0,-113.93,2255.5,20170602,39.56,55.4,46.4,,,,,52.0079021,0.0
327350,Stuart Mountain,MT,47.0,-113.93,2255.5,20170603,42.98,66.2,55.58,,,,,50.000027,0.0
327351,Stuart Mountain,MT,47.0,-113.93,2255.5,20170604,38.3,69.98,53.6,,,,,45.984276799999996,0.20078751
327352,Stuart Mountain,MT,47.0,-113.93,2255.5,20170605,37.76,58.28,45.32,,,,,45.00002429999999,0.0
327353,Stuart Mountain,MT,47.0,-113.93,2255.5,20170606,42.26,64.58,53.06,,,,,40.9842741,0.0
327354,Stuart Mountain,MT,47.0,-113.93,2255.5,20170607,50.18,75.02,61.16,,,,,37.007894,0.09842525
327355,Stuart Mountain,MT,47.0,-113.93,2255.5,20170608,38.12,67.28,54.14,,,,,35.0000189,0.29921276
327356,Stuart Mountain,MT,47.0,-113.93,2255.5,20170609,34.52,48.56,40.1,,,,,32.9921438,0.0
327357,Stuart Mountain,MT,47.0,-113.93,2255.5,20170610,30.92,44.96,35.96,,,,,32.0078913,0.09842525
327358,Stuart Mountain,MT,47.0,-113.93,2255.5,20170611,30.2,56.84,43.16,,,,,30.984268699999998,0.0
327359,Stuart Mountain,MT,47.0,-113.93,2255.5,20170612,41.54,63.5,51.08,,,,,27.0078886,0.29921276
327360,Stuart Mountain,MT,47.0,-113.93,2255.5,20170613,35.06,44.06,37.94,,,,,27.0078886,1.50000081
327361,Stuart Mountain,MT,47.0,-113.93,2255.5,20170614,35.24,53.24,42.26,,,,,25.984266,0.0
327362,Stuart Mountain,MT,47.0,-113.93,2255.5,20170615,39.38,49.46,42.8,,,,,22.992138399999998,0.09842525
327363,Stuart Mountain,MT,47.0,-113.93,2255.5,20170616,37.58,43.88,41.36,,,,,20.9842633,0.59842552
327364,Stuart Mountain,MT,47.0,-113.93,2255.5,20170617,36.32,52.16,42.98,,,,,20.000010800000002,0.0
327365,Stuart Mountain,MT,47.0,-113.93,2255.5,20170618,39.38,47.48,43.16,,,,,15.9842606,0.0
327366,Stuart Mountain,MT,47.0,-113.93,2255.5,20170619,44.06,69.8,57.38,,,,,12.007880499999999,0.0
327367,Stuart Mountain,MT,47.0,-113.93,2255.5,20170620,50.0,68.0,59.0,,,,,7.007877799999999,0.0
327368,Stuart Mountain,MT,47.0,-113.93,2255.5,20170621,42.44,58.82,50.72,,,,,2.9921276000000003,0.0
327369,Stuart Mountain,MT,47.0,-113.93,2255.5,20170622,39.74,54.86,47.12,,,,,0.0,0.0
327370,Stuart Mountain,MT,47.0,-113.93,2255.5,20170623,41.54,60.98,51.44,,,,,0.0,0.0
327371,Stuart Mountain,MT,47.0,-113.93,2255.5,20170624,44.96,65.66,55.04,,,,,0.0,0.0
327372,Stuart Mountain,MT,47.0,-113.93,2255.5,20170625,48.92,73.22,61.16,,,,,0.0,0.0
327373,Stuart Mountain,MT,47.0,-113.93,2255.5,20170626,50.72,77.18,64.4,,,,,0.0,0.0
327374,Stuart Mountain,MT,47.0,-113.93,2255.5,20170627,46.94,64.94,53.96,,,,,0.0,0.0
327375,Stuart Mountain,MT,47.0,-113.93,2255.5,20170628,44.78,61.34,51.98,,,,,0.0,0.0
327376,Stuart Mountain,MT,47.0,-113.93,2255.5,20170629,41.18,60.08,48.56,,,,,0.0,0.0
327377,Stuart Mountain,MT,47.0,-113.93,2255.5,20170630,45.32,67.1,56.66,,,,,0.0,0.0
327378,Stuart Mountain,MT,47.0,-113.93,2255.5,20170701,51.8,71.24,61.52,,,,,0.0,0.0
327379,Stuart Mountain,MT,47.0,-113.93,2255.5,20170702,55.04,73.76,64.4,,,,,0.0,0.0
327380,Stuart Mountain,MT,47.0,-113.93,2255.5,20170703,51.44,71.06,60.8,,,,,0.0,0.0
327381,Stuart Mountain,MT,47.0,-113.93,2255.5,20170704,50.72,74.48,62.24,,,,,0.0,0.0
327382,Stuart Mountain,MT,47.0,-113.93,2255.5,20170705,59.18,80.24,68.72,,,,,0.0,0.0
327383,Stuart Mountain,MT,47.0,-113.93,2255.5,20170706,60.08,78.8,69.44,,,,,0.0,0.0
327384,Stuart Mountain,MT,47.0,-113.93,2255.5,20170707,61.16,83.66,71.06,,,,,0.0,0.0
327385,Stuart Mountain,MT,47.0,-113.93,2255.5,20170708,61.7,80.78,70.88,,,,,0.0,0.0
327386,Stuart Mountain,MT,47.0,-113.93,2255.5,20170709,58.1,80.06,68.9,,,,,0.0,0.0
327387,Stuart Mountain,MT,47.0,-113.93,2255.5,20170710,50.72,69.08,59.9,,,,,0.0,0.09842525
327388,Stuart Mountain,MT,47.0,-113.93,2255.5,20170711,46.58,67.82,56.48,,,,,0.0,0.0
327389,Stuart Mountain,MT,47.0,-113.93,2255.5,20170712,49.1,72.14,61.52,,,,,0.0,0.0
327390,Stuart Mountain,MT,47.0,-113.93,2255.5,20170713,57.2,79.52,67.46,,,,,0.0,0.0
327391,Stuart Mountain,MT,47.0,-113.93,2255.5,20170714,55.22,80.78,68.18,,,,,0.0,0.0
327392,Stuart Mountain,MT,47.0,-113.93,2255.5,20170715,52.7,76.28,64.76,,,,,0.0,0.09842525
327393,Stuart Mountain,MT,47.0,-113.93,2255.5,20170716,48.74,64.58,57.2,,,,,0.0,0.0
327394,Stuart Mountain,MT,47.0,-113.93,2255.5,20170717,45.86,65.66,55.04,,,,,0.0,0.0
327395,Stuart Mountain,MT,47.0,-113.93,2255.5,20170718,49.64,72.32,61.16,,,,,0.0,0.0
327396,Stuart Mountain,MT,47.0,-113.93,2255.5,20170719,54.14,73.76,63.68,,,,,0.0,0.0
327397,Stuart Mountain,MT,47.0,-113.93,2255.5,20170720,50.36,71.6,61.34,,,,,0.0,0.0
327398,Stuart Mountain,MT,47.0,-113.93,2255.5,20170721,45.86,65.84,55.58,,,,,0.0,0.0
327399,Stuart Mountain,MT,47.0,-113.93,2255.5,20170722,49.64,71.06,59.72,,,,,0.0,0.0
327400,Stuart Mountain,MT,47.0,-113.93,2255.5,20170723,55.22,76.64,65.48,,,,,0.0,0.0
327401,Stuart Mountain,MT,47.0,-113.93,2255.5,20170724,55.76,73.76,62.78,,,,,0.0,0.0
327402,Stuart Mountain,MT,47.0,-113.93,2255.5,20170725,52.52,73.94,62.06,,,,,0.0,0.0
327403,Stuart Mountain,MT,47.0,-113.93,2255.5,20170726,55.58,74.3,63.86,,,,,0.0,0.0
327404,Stuart Mountain,MT,47.0,-113.93,2255.5,20170727,55.94,74.66,62.96,,,,,0.0,0.0
327405,Stuart Mountain,MT,47.0,-113.93,2255.5,20170728,53.42,73.76,62.96,,,,,0.0,0.0
327406,Stuart Mountain,MT,47.0,-113.93,2255.5,20170729,57.2,78.8,66.74,,,,,0.0,0.0
327407,Stuart Mountain,MT,47.0,-113.93,2255.5,20170730,59.72,77.72,66.38,,,,,0.0,0.0
327408,Stuart Mountain,MT,47.0,-113.93,2255.5,20170731,55.58,76.46,65.66,,,,,0.0,0.0
327409,Stuart Mountain,MT,47.0,-113.93,2255.5,20170801,57.56,76.1,65.84,,,,,0.0,0.0
327410,Stuart Mountain,MT,47.0,-113.93,2255.5,20170802,48.02,71.42,57.38,,,,,0.0,0.0
327411,Stuart Mountain,MT,47.0,-113.93,2255.5,20170803,48.02,74.3,60.98,,,,,0.0,0.0
327412,Stuart Mountain,MT,47.0,-113.93,2255.5,20170804,48.56,76.46,63.5,,,,,0.0,0.0
327413,Stuart Mountain,MT,47.0,-113.93,2255.5,20170805,46.04,65.12,53.6,,,,,0.0,0.0
327414,Stuart Mountain,MT,47.0,-113.93,2255.5,20170806,46.76,68.18,56.66,,,,,0.0,0.0
327415,Stuart Mountain,MT,47.0,-113.93,2255.5,20170807,53.24,74.48,62.78,,,,,0.0,0.0
327416,Stuart Mountain,MT,47.0,-113.93,2255.5,20170808,51.62,73.76,60.98,,,,,0.0,0.0
327417,Stuart Mountain,MT,47.0,-113.93,2255.5,20170809,50.0,70.34,59.0,,,,,0.0,0.0
327418,Stuart Mountain,MT,47.0,-113.93,2255.5,20170810,52.52,74.48,62.6,,,,,0.0,0.0
327419,Stuart Mountain,MT,47.0,-113.93,2255.5,20170811,55.22,73.58,63.68,,,,,0.0,0.0
327420,Stuart Mountain,MT,47.0,-113.93,2255.5,20170812,53.6,77.9,63.86,,,,,0.0,0.0
327421,Stuart Mountain,MT,47.0,-113.93,2255.5,20170813,44.42,60.08,51.44,,,,,0.0,0.09842525
327422,Stuart Mountain,MT,47.0,-113.93,2255.5,20170814,43.16,61.16,50.18,,,,,0.0,0.0
327423,Stuart Mountain,MT,47.0,-113.93,2255.5,20170815,41.9,65.3,53.42,,,,,0.0,0.0
327424,Stuart Mountain,MT,47.0,-113.93,2255.5,20170816,47.84,67.64,56.12,,,,,0.0,0.0
327425,Stuart Mountain,MT,47.0,-113.93,2255.5,20170817,46.94,68.9,57.02,,,,,0.0,0.0
327426,Stuart Mountain,MT,47.0,-113.93,2255.5,20170818,48.74,71.42,58.64,,,,,0.0,0.0
327427,Stuart Mountain,MT,47.0,-113.93,2255.5,20170819,46.4,62.6,53.78,,,,,0.0,0.0
327428,Stuart Mountain,MT,47.0,-113.93,2255.5,20170820,41.54,62.42,52.52,,,,,0.0,0.0
327429,Stuart Mountain,MT,47.0,-113.93,2255.5,20170821,47.84,67.82,57.02,,,,,0.0,0.0
327430,Stuart Mountain,MT,47.0,-113.93,2255.5,20170822,51.44,75.92,62.78,,,,,0.0,0.0
327431,Stuart Mountain,MT,47.0,-113.93,2255.5,20170823,57.02,71.96,63.68,,,,,0.0,0.0
327432,Stuart Mountain,MT,47.0,-113.93,2255.5,20170824,49.46,64.94,57.38,,,,,0.0,0.0
327433,Stuart Mountain,MT,47.0,-113.93,2255.5,20170825,46.76,70.52,57.02,,,,,0.0,0.0
327434,Stuart Mountain,MT,47.0,-113.93,2255.5,20170826,49.1,73.76,60.62,,,,,0.0,0.0
327435,Stuart Mountain,MT,47.0,-113.93,2255.5,20170827,55.04,83.66,67.64,,,,,0.0,0.0
327436,Stuart Mountain,MT,47.0,-113.93,2255.5,20170828,61.34,78.08,68.54,,,,,0.0,0.0
327437,Stuart Mountain,MT,47.0,-113.93,2255.5,20170829,62.24,,70.7,,,,,0.0,0.0
327438,Stuart Mountain,MT,47.0,-113.93,2255.5,20170830,57.02,75.92,65.3,,,,,0.0,0.0
327439,Stuart Mountain,MT,47.0,-113.93,2255.5,20170831,48.92,68.18,58.1,,,,,0.0,0.0
327440,Stuart Mountain,MT,47.0,-113.93,2255.5,20170901,47.66,70.34,58.1,,,,,0.0,0.0
327441,Stuart Mountain,MT,47.0,-113.93,2255.5,20170902,54.14,79.34,65.66,,,,,0.0,0.0
327442,Stuart Mountain,MT,47.0,-113.93,2255.5,20170903,59.18,79.16,67.28,,,,,0.0,0.0
327443,Stuart Mountain,MT,47.0,-113.93,2255.5,20170904,47.3,61.7,53.42,,,,,0.0,0.0
327444,Stuart Mountain,MT,47.0,-113.93,2255.5,20170905,46.58,69.98,57.74,,,,,0.0,0.0
327445,Stuart Mountain,MT,47.0,-113.93,2255.5,20170906,55.94,74.84,65.12,,,,,0.0,0.0
327446,Stuart Mountain,MT,47.0,-113.93,2255.5,20170907,58.64,76.82,66.92,,,,,0.0,0.0
327447,Stuart Mountain,MT,47.0,-113.93,2255.5,20170908,57.38,72.14,63.32,,,,,0.0,0.0
327448,Stuart Mountain,MT,47.0,-113.93,2255.5,20170909,52.88,70.7,60.8,,,,,0.0,0.0
327449,Stuart Mountain,MT,47.0,-113.93,2255.5,20170910,47.12,62.78,53.42,,,,,0.0,0.0
327450,Stuart Mountain,MT,47.0,-113.93,2255.5,20170911,46.76,71.6,59.18,,,,,0.0,0.0
327451,Stuart Mountain,MT,47.0,-113.93,2255.5,20170912,54.86,72.32,62.78,,,,,0.0,0.0
327452,Stuart Mountain,MT,47.0,-113.93,2255.5,20170913,46.22,62.78,55.04,,,,,0.0,0.09842525
327453,Stuart Mountain,MT,47.0,-113.93,2255.5,20170914,31.46,46.22,38.3,,,,,0.0,0.29921276
327454,Stuart Mountain,MT,47.0,-113.93,2255.5,20170915,30.38,33.62,31.46,,,,,4.0157502,0.50000027
327455,Stuart Mountain,MT,47.0,-113.93,2255.5,20170916,30.2,41.36,34.7,,,,,2.0078751,0.09842525
327456,Stuart Mountain,MT,47.0,-113.93,2255.5,20170917,33.08,50.9,42.08,,,,,0.0,0.0
327457,Stuart Mountain,MT,47.0,-113.93,2255.5,20170918,31.46,46.58,38.12,,,,,0.9842525,0.20078751
327458,Stuart Mountain,MT,47.0,-113.93,2255.5,20170919,30.2,34.7,31.64,,,,,5.0000027000000005,0.79921303
327459,Stuart Mountain,MT,47.0,-113.93,2255.5,20170920,29.84,36.32,31.46,,,,,7.007877799999999,0.40157502
327460,Stuart Mountain,MT,47.0,-113.93,2255.5,20170921,29.48,43.52,33.26,,,,,5.0000027000000005,0.0
327461,Skalkaho Summit,MT,46.24,-113.77,2209.8,20170101,-5.26,17.24,8.6,,,,,32.0078913,0.09842525
327462,Skalkaho Summit,MT,46.24,-113.77,2209.8,20170102,-12.64,3.38,-4.36,,,,,30.984268699999998,0.0
327463,Skalkaho Summit,MT,46.24,-113.77,2209.8,20170103,-11.02,15.98,3.92,,,,,30.0000162,0.0
327464,Skalkaho Summit,MT,46.24,-113.77,2209.8,20170104,-8.5,9.68,-2.2,,,,,30.0000162,0.0
327465,Skalkaho Summit,MT,46.24,-113.77,2209.8,20170105,-11.02,20.12,-0.22,,,,,29.015763699999997,0.09842525
327466,Skalkaho Summit,MT,46.24,-113.77,2209.8,20170106,4.1,23.0,9.14,,,,,29.015763699999997,0.0
327467,Skalkaho Summit,MT,46.24,-113.77,2209.8,20170107,4.46,26.24,15.26,,,,,30.0000162,0.29921276
327468,Skalkaho Summit,MT,46.24,-113.77,2209.8,20170108,23.0,33.62,29.66,,,,,35.0000189,0.50000027
327469,Skalkaho Summit,MT,46.24,-113.77,2209.8,20170109,16.88,33.44,26.24,,,,,37.007894,0.50000027
327470,Skalkaho Summit,MT,46.24,-113.77,2209.8,20170110,15.44,23.72,19.94,,,,,40.9842741,0.29921276
327471,Skalkaho Summit,MT,46.24,-113.77,2209.8,20170111,11.48,21.92,16.16,,,,,40.9842741,0.0
327472,Skalkaho Summit,MT,46.24,-113.77,2209.8,20170112,4.28,23.9,12.74,,,,,40.9842741,0.0
327473,Skalkaho Summit,MT,46.24,-113.77,2209.8,20170113,3.56,31.28,10.58,,,,,40.000021600000004,0.0
327474,Skalkaho Summit,MT,46.24,-113.77,2209.8,20170114,8.06,36.68,14.54,,,,,37.992146500000004,0.0
327475,Skalkaho Summit,MT,46.24,-113.77,2209.8,20170115,10.04,34.16,16.16,,,,,37.007894,0.0
327476,Skalkaho Summit,MT,46.24,-113.77,2209.8,20170116,7.16,35.06,17.6,,,,,35.9842714,0.09842525
327477,Skalkaho Summit,MT,46.24,-113.77,2209.8,20170117,18.86,42.26,27.32,,,,,35.9842714,0.0
327478,Skalkaho Summit,MT,46.24,-113.77,2209.8,20170118,28.58,40.28,33.8,,,,,35.0000189,0.0
327479,Skalkaho Summit,MT,46.24,-113.77,2209.8,20170119,25.7,35.42,30.56,,,,,37.992146500000004,0.20078751
327480,Skalkaho Summit,MT,46.24,-113.77,2209.8,20170120,12.56,35.06,21.38,,,,,37.007894,0.0
327481,Skalkaho Summit,MT,46.24,-113.77,2209.8,20170121,12.38,30.56,21.2,,,,,37.007894,0.0
327482,Skalkaho Summit,MT,46.24,-113.77,2209.8,20170122,14.36,34.16,22.82,,,,,37.992146500000004,0.09842525
327483,Skalkaho Summit,MT,46.24,-113.77,2209.8,20170123,9.32,30.2,18.68,,,,,37.007894,0.0
327484,Skalkaho Summit,MT,46.24,-113.77,2209.8,20170124,4.64,29.66,14.9,,,,,37.007894,0.0
327485,Skalkaho Summit,MT,46.24,-113.77,2209.8,20170125,12.56,21.2,15.98,,,,,35.9842714,0.0
327486,Skalkaho Summit,MT,46.24,-113.77,2209.8,20170126,5.0,19.94,13.64,,,,,37.007894,0.0
327487,Skalkaho Summit,MT,46.24,-113.77,2209.8,20170127,5.18,31.64,17.42,,,,,35.9842714,0.09842525
327488,Skalkaho Summit,MT,46.24,-113.77,2209.8,20170128,15.98,39.38,24.8,,,,,35.9842714,0.09842525
327489,Skalkaho Summit,MT,46.24,-113.77,2209.8,20170129,23.18,45.14,30.56,,,,,35.0000189,0.0
327490,Skalkaho Summit,MT,46.24,-113.77,2209.8,20170130,20.66,37.58,27.68,,,,,35.0000189,0.0
327491,Skalkaho Summit,MT,46.24,-113.77,2209.8,20170131,7.52,26.24,21.02,,,,,40.000021600000004,0.09842525
327492,Skalkaho Summit,MT,46.24,-113.77,2209.8,20170201,-2.92,12.92,4.46,,,,,39.0157691,0.0
327493,Skalkaho Summit,MT,46.24,-113.77,2209.8,20170202,-1.48,22.28,3.92,,,,,37.992146500000004,0.0
327494,Skalkaho Summit,MT,46.24,-113.77,2209.8,20170203,2.48,33.26,26.24,,,,,40.9842741,0.40157502
327495,Skalkaho Summit,MT,46.24,-113.77,2209.8,20170204,28.94,33.08,30.56,,,,,47.0078994,0.79921303
327496,Skalkaho Summit,MT,46.24,-113.77,2209.8,20170205,29.3,33.8,31.1,,,,,47.992151899999996,0.29921276
327497,Skalkaho Summit,MT,46.24,-113.77,2209.8,20170206,17.42,34.88,26.42,,,,,52.0079021,0.29921276
327498,Skalkaho Summit,MT,46.24,-113.77,2209.8,20170207,7.88,25.88,17.6,,,,,52.0079021,0.20078751
327499,Skalkaho Summit,MT,46.24,-113.77,2209.8,20170208,19.58,33.8,26.6,,,,,55.9842822,0.70078778
327500,Skalkaho Summit,MT,46.24,-113.77,2209.8,20170209,33.62,37.4,35.6,,,,,55.0000297,1.50000081
327501,Skalkaho Summit,MT,46.24,-113.77,2209.8,20170210,21.74,34.7,29.84,,,,,64.0157826,0.79921303
327502,Skalkaho Summit,MT,46.24,-113.77,2209.8,20170211,9.32,28.22,19.22,,,,,59.0157799,0.09842525
327503,Skalkaho Summit,MT,46.24,-113.77,2209.8,20170212,8.78,38.66,19.4,,,,,57.992157299999995,0.0
327504,Skalkaho Summit,MT,46.24,-113.77,2209.8,20170213,14.72,46.58,24.98,,,,,55.9842822,0.0
327505,Skalkaho Summit,MT,46.24,-113.77,2209.8,20170214,22.28,53.96,30.92,,,,,55.0000297,0.09842525
327506,Skalkaho Summit,MT,46.24,-113.77,2209.8,20170215,24.44,51.08,34.34,,,,,54.0157772,0.0
327507,Skalkaho Summit,MT,46.24,-113.77,2209.8,20170216,27.5,42.62,36.86,,,,,54.0157772,0.0
327508,Skalkaho Summit,MT,46.24,-113.77,2209.8,20170217,27.14,38.3,30.74,,,,,55.0000297,0.09842525
327509,Skalkaho Summit,MT,46.24,-113.77,2209.8,20170218,26.42,41.18,34.34,,,,,54.0157772,0.0
327510,Skalkaho Summit,MT,46.24,-113.77,2209.8,20170219,20.84,40.28,29.84,,,,,55.0000297,0.0
327511,Skalkaho Summit,MT,46.24,-113.77,2209.8,20170220,23.9,36.14,30.74,,,,,57.0079048,0.20078751
327512,Skalkaho Summit,MT,46.24,-113.77,2209.8,20170221,23.9,35.6,30.56,,,,,59.0157799,0.29921276
327513,Skalkaho Summit,MT,46.24,-113.77,2209.8,20170222,15.98,35.24,23.54,,,,,57.992157299999995,0.0
327514,Skalkaho Summit,MT,46.24,-113.77,2209.8,20170223,9.5,26.24,19.22,,,,,57.992157299999995,0.0
327515,Skalkaho Summit,MT,46.24,-113.77,2209.8,20170224,6.08,22.82,14.54,,,,,57.0079048,0.0
327516,Skalkaho Summit,MT,46.24,-113.77,2209.8,20170225,6.08,18.68,12.92,,,,,55.9842822,0.0
327517,Skalkaho Summit,MT,46.24,-113.77,2209.8,20170226,14.18,23.72,17.78,,,,,60.98428489999999,0.29921276
327518,Skalkaho Summit,MT,46.24,-113.77,2209.8,20170227,11.3,28.94,16.52,,,,,60.98428489999999,0.09842525
327519,Skalkaho Summit,MT,46.24,-113.77,2209.8,20170228,12.92,23.36,15.44,,,,,62.99216,0.09842525
327520,Skalkaho Summit,MT,46.24,-113.77,2209.8,20170301,15.08,29.12,21.92,,,,,65.0000351,0.29921276
327521,Skalkaho Summit,MT,46.24,-113.77,2209.8,20170302,17.6,39.38,26.96,,,,,62.007907499999995,0.0
327522,Skalkaho Summit,MT,46.24,-113.77,2209.8,20170303,23.9,45.32,33.26,,,,,59.0157799,0.0
327523,Skalkaho Summit,MT,46.24,-113.77,2209.8,20170304,26.24,37.58,31.1,,,,,62.007907499999995,0.20078751
327524,Skalkaho Summit,MT,46.24,-113.77,2209.8,20170305,13.1,33.8,23.9,,,,,65.9842876,0.29921276
327525,Skalkaho Summit,MT,46.24,-113.77,2209.8,20170306,7.88,25.88,15.8,,,,,65.0000351,0.09842525
327526,Skalkaho Summit,MT,46.24,-113.77,2209.8,20170307,13.46,30.74,21.56,,,,,67.9921627,0.40157502
327527,Skalkaho Summit,MT,46.24,-113.77,2209.8,20170308,27.32,30.74,28.94,,,,,77.9921681,1.70078832
327528,Skalkaho Summit,MT,46.24,-113.77,2209.8,20170309,26.06,36.32,32.18,,,,,79.0157907,0.70078778
327529,Skalkaho Summit,MT,46.24,-113.77,2209.8,20170310,26.78,40.1,34.52,,,,,75.98429300000001,0.20078751
327530,Skalkaho Summit,MT,46.24,-113.77,2209.8,20170311,24.08,44.96,32.54,,,,,75.0000405,0.09842525
327531,Skalkaho Summit,MT,46.24,-113.77,2209.8,20170312,26.6,40.82,31.1,,,,,72.9921654,0.0
327532,Skalkaho Summit,MT,46.24,-113.77,2209.8,20170313,29.3,48.2,36.5,,,,,72.9921654,0.09842525
327533,Skalkaho Summit,MT,46.24,-113.77,2209.8,20170314,33.8,47.48,38.48,,,,,70.0000378,0.09842525
327534,Skalkaho Summit,MT,46.24,-113.77,2209.8,20170315,35.06,47.48,39.38,,,,,67.9921627,0.20078751
327535,Skalkaho Summit,MT,46.24,-113.77,2209.8,20170316,21.56,37.76,30.74,,,,,70.0000378,0.40157502
327536,Skalkaho Summit,MT,46.24,-113.77,2209.8,20170317,21.38,45.32,33.62,,,,,67.9921627,0.0
327537,Skalkaho Summit,MT,46.24,-113.77,2209.8,20170318,34.34,55.76,42.26,,,,,65.9842876,0.20078751
327538,Skalkaho Summit,MT,46.24,-113.77,2209.8,20170319,26.96,40.82,33.26,,,,,65.0000351,0.0
327539,Skalkaho Summit,MT,46.24,-113.77,2209.8,20170320,25.52,42.26,32.9,,,,,65.0000351,0.09842525
327540,Skalkaho Summit,MT,46.24,-113.77,2209.8,20170321,28.22,51.8,38.3,,,,,64.0157826,0.20078751
327541,Skalkaho Summit,MT,46.24,-113.77,2209.8,20170322,28.94,46.94,35.24,,,,,62.99216,0.09842525
327542,Skalkaho Summit,MT,46.24,-113.77,2209.8,20170323,22.64,43.16,31.1,,,,,62.99216,0.0
327543,Skalkaho Summit,MT,46.24,-113.77,2209.8,20170324,22.64,50.36,34.7,,,,,62.99216,0.09842525
327544,Skalkaho Summit,MT,46.24,-113.77,2209.8,20170325,22.64,42.98,30.74,,,,,62.99216,0.09842525
327545,Skalkaho Summit,MT,46.24,-113.77,2209.8,20170326,22.64,47.84,32.54,,,,,62.99216,0.0
327546,Skalkaho Summit,MT,46.24,-113.77,2209.8,20170327,26.24,37.22,31.28,,,,,62.99216,0.20078751
327547,Skalkaho Summit,MT,46.24,-113.77,2209.8,20170328,19.94,44.6,31.1,,,,,60.98428489999999,0.0
327548,Skalkaho Summit,MT,46.24,-113.77,2209.8,20170329,30.74,42.08,34.7,,,,,62.007907499999995,0.20078751
327549,Skalkaho Summit,MT,46.24,-113.77,2209.8,20170330,29.48,41.0,33.44,,,,,62.99216,0.09842525
327550,Skalkaho Summit,MT,46.24,-113.77,2209.8,20170331,25.7,46.22,33.08,,,,,62.007907499999995,0.09842525
327551,Skalkaho Summit,MT,46.24,-113.77,2209.8,20170401,24.44,50.9,35.24,,,,,60.98428489999999,0.09842525
327552,Skalkaho Summit,MT,46.24,-113.77,2209.8,20170402,22.82,42.44,30.02,,,,,60.98428489999999,0.0
327553,Skalkaho Summit,MT,46.24,-113.77,2209.8,20170403,15.98,32.36,23.0,,,,,62.007907499999995,0.09842525
327554,Skalkaho Summit,MT,46.24,-113.77,2209.8,20170404,9.68,43.7,26.24,,,,,60.98428489999999,0.09842525
327555,Skalkaho Summit,MT,46.24,-113.77,2209.8,20170405,24.8,47.84,35.24,,,,,60.98428489999999,0.09842525
327556,Skalkaho Summit,MT,46.24,-113.77,2209.8,20170406,32.72,57.74,41.9,,,,,60.0000324,0.0
327557,Skalkaho Summit,MT,46.24,-113.77,2209.8,20170407,28.04,46.4,37.58,,,,,60.0000324,0.0
327558,Skalkaho Summit,MT,46.24,-113.77,2209.8,20170408,24.62,46.22,31.28,,,,,62.007907499999995,0.09842525
327559,Skalkaho Summit,MT,46.24,-113.77,2209.8,20170409,15.44,36.68,24.44,,,,,62.007907499999995,0.29921276
327560,Skalkaho Summit,MT,46.24,-113.77,2209.8,20170410,16.7,39.38,25.52,,,,,60.98428489999999,0.09842525
327561,Skalkaho Summit,MT,46.24,-113.77,2209.8,20170411,13.64,50.0,31.64,,,,,60.0000324,0.0
327562,Skalkaho Summit,MT,46.24,-113.77,2209.8,20170412,32.0,49.64,38.84,,,,,59.0157799,0.0
327563,Skalkaho Summit,MT,46.24,-113.77,2209.8,20170413,26.96,45.14,35.6,,,,,65.0000351,0.50000027
327564,Skalkaho Summit,MT,46.24,-113.77,2209.8,20170414,22.1,37.94,28.04,,,,,62.99216,0.0
327565,Skalkaho Summit,MT,46.24,-113.77,2209.8,20170415,21.56,38.48,26.78,,,,,62.99216,0.20078751
327566,Skalkaho Summit,MT,46.24,-113.77,2209.8,20170416,15.98,52.52,33.08,,,,,60.98428489999999,0.09842525
327567,Skalkaho Summit,MT,46.24,-113.77,2209.8,20170417,29.84,47.48,35.78,,,,,60.98428489999999,0.09842525
327568,Skalkaho Summit,MT,46.24,-113.77,2209.8,20170418,29.3,50.54,36.5,,,,,60.0000324,0.0
327569,Skalkaho Summit,MT,46.24,-113.77,2209.8,20170419,26.96,50.36,35.42,,,,,59.0157799,0.09842525
327570,Skalkaho Summit,MT,46.24,-113.77,2209.8,20170420,26.6,42.62,32.54,,,,,60.0000324,0.0
327571,Skalkaho Summit,MT,46.24,-113.77,2209.8,20170421,23.9,42.8,32.18,,,,,60.0000324,0.09842525
327572,Skalkaho Summit,MT,46.24,-113.77,2209.8,20170422,22.82,55.04,37.76,,,,,57.992157299999995,0.0
327573,Skalkaho Summit,MT,46.24,-113.77,2209.8,20170423,32.18,44.96,36.32,,,,,60.98428489999999,0.20078751
327574,Skalkaho Summit,MT,46.24,-113.77,2209.8,20170424,30.38,45.5,34.7,,,,,62.007907499999995,0.29921276
327575,Skalkaho Summit,MT,46.24,-113.77,2209.8,20170425,29.66,40.82,33.44,,,,,62.99216,0.09842525
327576,Skalkaho Summit,MT,46.24,-113.77,2209.8,20170426,28.76,43.16,34.16,,,,,62.007907499999995,0.20078751
327577,Skalkaho Summit,MT,46.24,-113.77,2209.8,20170427,18.32,37.04,27.86,,,,,60.98428489999999,0.09842525
327578,Skalkaho Summit,MT,46.24,-113.77,2209.8,20170428,17.96,38.12,29.12,,,,,60.98428489999999,0.0
327579,Skalkaho Summit,MT,46.24,-113.77,2209.8,20170429,18.68,49.1,33.44,,,,,59.0157799,0.20078751
327580,Skalkaho Summit,MT,46.24,-113.77,2209.8,20170430,31.1,46.22,36.14,,,,,59.0157799,0.09842525
327581,Skalkaho Summit,MT,46.24,-113.77,2209.8,20170501,28.76,48.38,35.06,,,,,59.0157799,0.0
327582,Skalkaho Summit,MT,46.24,-113.77,2209.8,20170502,25.34,42.26,33.08,,,,,59.0157799,0.0
327583,Skalkaho Summit,MT,46.24,-113.77,2209.8,20170503,24.44,57.56,39.38,,,,,57.0079048,0.09842525
327584,Skalkaho Summit,MT,46.24,-113.77,2209.8,20170504,34.34,70.7,48.2,,,,,54.0157772,0.0
327585,Skalkaho Summit,MT,46.24,-113.77,2209.8,20170505,38.84,67.28,49.64,,,,,50.000027,0.0
327586,Skalkaho Summit,MT,46.24,-113.77,2209.8,20170506,37.4,59.72,44.42,,,,,47.992151899999996,0.20078751
327587,Skalkaho Summit,MT,46.24,-113.77,2209.8,20170507,24.8,38.66,34.7,,,,,47.992151899999996,0.09842525
327588,Skalkaho Summit,MT,46.24,-113.77,2209.8,20170508,23.18,57.2,37.4,,,,,45.984276799999996,0.29921276
327589,Skalkaho Summit,MT,46.24,-113.77,2209.8,20170509,29.66,58.1,41.18,,,,,44.015771799999996,0.09842525
327590,Skalkaho Summit,MT,46.24,-113.77,2209.8,20170510,31.1,65.66,45.14,,,,,42.0078967,0.0
327591,Skalkaho Summit,MT,46.24,-113.77,2209.8,20170511,36.14,67.64,47.3,,,,,40.000021600000004,0.0
327592,Skalkaho Summit,MT,46.24,-113.77,2209.8,20170512,29.48,57.92,41.18,,,,,42.9921492,0.09842525
327593,Skalkaho Summit,MT,46.24,-113.77,2209.8,20170513,24.8,38.48,30.38,,,,,44.015771799999996,0.20078751
327594,Skalkaho Summit,MT,46.24,-113.77,2209.8,20170514,23.72,46.4,32.36,,,,,40.9842741,0.40157502
327595,Skalkaho Summit,MT,46.24,-113.77,2209.8,20170515,23.18,48.74,33.98,,,,,40.000021600000004,0.0
327596,Skalkaho Summit,MT,46.24,-113.77,2209.8,20170516,26.06,43.7,34.16,,,,,42.0078967,0.09842525
327597,Skalkaho Summit,MT,46.24,-113.77,2209.8,20170517,25.52,35.78,30.92,,,,,49.0157745,0.70078778
327598,Skalkaho Summit,MT,46.24,-113.77,2209.8,20170518,31.82,45.32,36.86,,,,,45.984276799999996,0.20078751
327599,Skalkaho Summit,MT,46.24,-113.77,2209.8,20170519,29.3,57.38,38.66,,,,,44.015771799999996,0.09842525
327600,Skalkaho Summit,MT,46.24,-113.77,2209.8,20170520,31.82,53.24,40.64,,,,,42.9921492,0.0
327601,Skalkaho Summit,MT,46.24,-113.77,2209.8,20170521,31.64,59.72,42.62,,,,,40.9842741,0.09842525
327602,Skalkaho Summit,MT,46.24,-113.77,2209.8,20170522,34.34,64.76,46.58,,,,,37.992146500000004,0.0
327603,Skalkaho Summit,MT,46.24,-113.77,2209.8,20170523,36.32,67.64,49.82,,,,,35.0000189,0.0
327604,Skalkaho Summit,MT,46.24,-113.77,2209.8,20170524,33.8,50.54,42.08,,,,,32.0078913,0.0
327605,Skalkaho Summit,MT,46.24,-113.77,2209.8,20170525,30.38,46.22,39.02,,,,,32.0078913,0.0
327606,Skalkaho Summit,MT,46.24,-113.77,2209.8,20170526,32.0,57.74,42.26,,,,,30.0000162,0.0
327607,Skalkaho Summit,MT,46.24,-113.77,2209.8,20170527,32.18,59.18,43.34,,,,,29.015763699999997,0.0
327608,Skalkaho Summit,MT,46.24,-113.77,2209.8,20170528,35.96,65.3,47.66,,,,,25.984266,0.0
327609,Skalkaho Summit,MT,46.24,-113.77,2209.8,20170529,36.32,68.54,49.82,,,,,24.015760999999998,0.0
327610,Skalkaho Summit,MT,46.24,-113.77,2209.8,20170530,38.84,71.78,52.16,,,,,20.9842633,0.0
327611,Skalkaho Summit,MT,46.24,-113.77,2209.8,20170531,40.28,74.3,52.52,,,,,19.0157583,0.0
327612,Skalkaho Summit,MT,46.24,-113.77,2209.8,20170601,39.38,58.64,45.5,,,,,15.9842606,0.09842525
327613,Skalkaho Summit,MT,46.24,-113.77,2209.8,20170602,36.5,58.46,45.32,,,,,14.015755599999999,0.09842525
327614,Skalkaho Summit,MT,46.24,-113.77,2209.8,20170603,36.32,68.72,50.54,,,,,10.9842579,0.0
327615,Skalkaho Summit,MT,46.24,-113.77,2209.8,20170604,39.02,72.5,53.24,,,,,7.9921303,0.09842525
327616,Skalkaho Summit,MT,46.24,-113.77,2209.8,20170605,38.12,58.82,45.68,,,,,2.9921276000000003,0.09842525
327617,Skalkaho Summit,MT,46.24,-113.77,2209.8,20170606,37.22,67.46,51.62,,,,,0.0,0.20078751
327618,Skalkaho Summit,MT,46.24,-113.77,2209.8,20170607,42.26,75.38,56.48,,,,,0.0,0.0
327619,Skalkaho Summit,MT,46.24,-113.77,2209.8,20170608,41.9,70.34,54.14,,,,,0.0,0.0
327620,Skalkaho Summit,MT,46.24,-113.77,2209.8,20170609,32.36,51.62,41.0,,,,,0.0,0.0
327621,Skalkaho Summit,MT,46.24,-113.77,2209.8,20170610,28.4,44.6,35.42,,,,,0.0,0.0
327622,Skalkaho Summit,MT,46.24,-113.77,2209.8,20170611,26.24,58.1,42.44,,,,,0.0,0.40157502
327623,Skalkaho Summit,MT,46.24,-113.77,2209.8,20170612,38.48,60.98,47.66,,,,,0.0,0.70078778
327624,Skalkaho Summit,MT,46.24,-113.77,2209.8,20170613,34.88,42.08,37.4,,,,,0.0,1.59842606
327625,Skalkaho Summit,MT,46.24,-113.77,2209.8,20170614,34.34,54.32,43.16,,,,,0.0,0.29921276
327626,Skalkaho Summit,MT,46.24,-113.77,2209.8,20170615,36.14,50.0,44.6,,,,,0.0,0.09842525
327627,Skalkaho Summit,MT,46.24,-113.77,2209.8,20170616,38.48,50.9,43.16,,,,,0.0,0.0
327628,Skalkaho Summit,MT,46.24,-113.77,2209.8,20170617,37.58,54.32,44.42,,,,,0.0,0.29921276
327629,Skalkaho Summit,MT,46.24,-113.77,2209.8,20170618,40.46,51.26,45.86,,,,,0.0,0.0
327630,Skalkaho Summit,MT,46.24,-113.77,2209.8,20170619,39.2,71.78,55.4,,,,,0.0,0.20078751
327631,Skalkaho Summit,MT,46.24,-113.77,2209.8,20170620,49.82,71.24,59.18,,,,,0.0,0.0
327632,Skalkaho Summit,MT,46.24,-113.77,2209.8,20170621,39.2,63.68,52.16,,,,,0.0,0.0
327633,Skalkaho Summit,MT,46.24,-113.77,2209.8,20170622,33.98,56.48,44.96,,,,,0.0,0.0
327634,Skalkaho Summit,MT,46.24,-113.77,2209.8,20170623,33.44,62.24,47.66,,,,,0.0,0.0
327635,Skalkaho Summit,MT,46.24,-113.77,2209.8,20170624,36.68,66.38,52.34,,,,,0.0,0.0
327636,Skalkaho Summit,MT,46.24,-113.77,2209.8,20170625,39.74,75.56,57.74,,,,,0.0,0.0
327637,Skalkaho Summit,MT,46.24,-113.77,2209.8,20170626,48.02,78.98,61.34,,,,,0.0,0.09842525
327638,Skalkaho Summit,MT,46.24,-113.77,2209.8,20170627,42.98,63.86,52.88,,,,,0.0,0.0
327639,Skalkaho Summit,MT,46.24,-113.77,2209.8,20170628,40.1,61.7,50.72,,,,,0.0,0.0
327640,Skalkaho Summit,MT,46.24,-113.77,2209.8,20170629,37.94,59.18,46.76,,,,,0.0,0.0
327641,Skalkaho Summit,MT,46.24,-113.77,2209.8,20170630,38.48,69.62,53.24,,,,,0.0,0.0
327642,Skalkaho Summit,MT,46.24,-113.77,2209.8,20170701,44.24,73.58,57.92,,,,,0.0,0.0
327643,Skalkaho Summit,MT,46.24,-113.77,2209.8,20170702,47.3,75.56,60.08,,,,,0.0,0.0
327644,Skalkaho Summit,MT,46.24,-113.77,2209.8,20170703,44.96,73.76,59.18,,,,,0.0,0.0
327645,Skalkaho Summit,MT,46.24,-113.77,2209.8,20170704,41.18,76.1,58.64,,,,,0.0,0.0
327646,Skalkaho Summit,MT,46.24,-113.77,2209.8,20170705,48.92,82.22,64.76,,,,,0.0,0.0
327647,Skalkaho Summit,MT,46.24,-113.77,2209.8,20170706,50.72,81.5,65.48,,,,,0.0,0.0
327648,Skalkaho Summit,MT,46.24,-113.77,2209.8,20170707,57.2,81.5,68.0,,,,,0.0,0.0
327649,Skalkaho Summit,MT,46.24,-113.77,2209.8,20170708,52.7,83.3,66.2,,,,,0.0,0.0
327650,Skalkaho Summit,MT,46.24,-113.77,2209.8,20170709,52.34,80.6,63.86,,,,,0.0,0.0
327651,Skalkaho Summit,MT,46.24,-113.77,2209.8,20170710,48.92,73.04,58.64,,,,,0.0,0.0
327652,Skalkaho Summit,MT,46.24,-113.77,2209.8,20170711,45.14,69.08,55.22,,,,,0.0,0.0
327653,Skalkaho Summit,MT,46.24,-113.77,2209.8,20170712,42.08,73.76,57.2,,,,,0.0,0.0
327654,Skalkaho Summit,MT,46.24,-113.77,2209.8,20170713,46.22,80.6,63.32,,,,,0.0,0.0
327655,Skalkaho Summit,MT,46.24,-113.77,2209.8,20170714,49.28,82.4,63.14,,,,,0.0,0.0
327656,Skalkaho Summit,MT,46.24,-113.77,2209.8,20170715,50.54,82.22,61.7,,,,,0.0,0.0
327657,Skalkaho Summit,MT,46.24,-113.77,2209.8,20170716,42.62,69.44,56.84,,,,,0.0,0.0
327658,Skalkaho Summit,MT,46.24,-113.77,2209.8,20170717,39.02,69.44,53.6,,,,,0.0,0.0
327659,Skalkaho Summit,MT,46.24,-113.77,2209.8,20170718,41.0,74.48,57.92,,,,,0.0,0.0
327660,Skalkaho Summit,MT,46.24,-113.77,2209.8,20170719,45.68,76.28,60.44,,,,,0.0,0.0
327661,Skalkaho Summit,MT,46.24,-113.77,2209.8,20170720,46.58,73.58,59.72,,,,,0.0,0.0
327662,Skalkaho Summit,MT,46.24,-113.77,2209.8,20170721,40.1,69.08,54.14,,,,,0.0,0.0
327663,Skalkaho Summit,MT,46.24,-113.77,2209.8,20170722,41.54,71.42,56.48,,,,,0.0,0.0
327664,Skalkaho Summit,MT,46.24,-113.77,2209.8,20170723,46.58,78.8,61.52,,,,,0.0,0.0
327665,Skalkaho Summit,MT,46.24,-113.77,2209.8,20170724,48.02,75.38,60.26,,,,,0.0,0.0
327666,Skalkaho Summit,MT,46.24,-113.77,2209.8,20170725,47.3,76.28,60.08,,,,,0.0,0.0
327667,Skalkaho Summit,MT,46.24,-113.77,2209.8,20170726,46.04,75.02,59.0,,,,,0.0,0.0
327668,Skalkaho Summit,MT,46.24,-113.77,2209.8,20170727,50.0,74.3,60.08,,,,,0.0,0.0
327669,Skalkaho Summit,MT,46.24,-113.77,2209.8,20170728,46.76,76.82,57.38,,,,,0.0,0.0
327670,Skalkaho Summit,MT,46.24,-113.77,2209.8,20170729,47.48,77.9,61.34,,,,,0.0,0.0
327671,Skalkaho Summit,MT,46.24,-113.77,2209.8,20170730,49.82,78.08,62.42,,,,,0.0,0.0
327672,Skalkaho Summit,MT,46.24,-113.77,2209.8,20170731,46.58,77.54,60.08,,,,,0.0,0.0
327673,Skalkaho Summit,MT,46.24,-113.77,2209.8,20170801,46.22,77.54,59.9,,,,,0.0,0.0
327674,Skalkaho Summit,MT,46.24,-113.77,2209.8,20170802,44.78,74.84,58.46,,,,,0.0,0.0
327675,Skalkaho Summit,MT,46.24,-113.77,2209.8,20170803,42.62,73.94,58.28,,,,,0.0,0.0
327676,Skalkaho Summit,MT,46.24,-113.77,2209.8,20170804,47.66,75.2,59.72,,,,,0.0,0.0
327677,Skalkaho Summit,MT,46.24,-113.77,2209.8,20170805,42.98,67.1,54.5,,,,,0.0,0.0
327678,Skalkaho Summit,MT,46.24,-113.77,2209.8,20170806,40.46,68.72,54.32,,,,,0.0,0.0
327679,Skalkaho Summit,MT,46.24,-113.77,2209.8,20170807,41.72,72.5,56.12,,,,,0.0,0.0
327680,Skalkaho Summit,MT,46.24,-113.77,2209.8,20170808,45.68,71.78,57.92,,,,,0.0,0.0
327681,Skalkaho Summit,MT,46.24,-113.77,2209.8,20170809,43.34,70.7,56.12,,,,,0.0,0.0
327682,Skalkaho Summit,MT,46.24,-113.77,2209.8,20170810,43.7,72.86,58.28,,,,,0.0,0.0
327683,Skalkaho Summit,MT,46.24,-113.77,2209.8,20170811,44.96,74.12,58.82,,,,,0.0,0.0
327684,Skalkaho Summit,MT,46.24,-113.77,2209.8,20170812,46.04,75.2,60.08,,,,,0.0,0.0
327685,Skalkaho Summit,MT,46.24,-113.77,2209.8,20170813,44.96,61.52,50.9,,,,,0.0,0.0
327686,Skalkaho Summit,MT,46.24,-113.77,2209.8,20170814,37.94,61.88,49.28,,,,,0.0,0.0
327687,Skalkaho Summit,MT,46.24,-113.77,2209.8,20170815,35.96,68.0,50.0,,,,,0.0,0.09842525
327688,Skalkaho Summit,MT,46.24,-113.77,2209.8,20170816,40.28,68.36,52.88,,,,,0.0,0.0
327689,Skalkaho Summit,MT,46.24,-113.77,2209.8,20170817,42.08,68.9,53.42,,,,,0.0,0.0
327690,Skalkaho Summit,MT,46.24,-113.77,2209.8,20170818,42.08,73.22,56.3,,,,,0.0,0.0
327691,Skalkaho Summit,MT,46.24,-113.77,2209.8,20170819,39.92,66.38,53.24,,,,,0.0,0.0
327692,Skalkaho Summit,MT,46.24,-113.77,2209.8,20170820,35.6,64.4,49.46,,,,,0.0,0.0
327693,Skalkaho Summit,MT,46.24,-113.77,2209.8,20170821,39.74,67.82,52.16,,,,,0.0,0.0
327694,Skalkaho Summit,MT,46.24,-113.77,2209.8,20170822,42.98,76.82,57.38,,,,,0.0,0.09842525
327695,Skalkaho Summit,MT,46.24,-113.77,2209.8,20170823,48.2,77.36,61.34,,,,,0.0,0.09842525
327696,Skalkaho Summit,MT,46.24,-113.77,2209.8,20170824,45.32,67.46,54.86,,,,,0.0,0.0
327697,Skalkaho Summit,MT,46.24,-113.77,2209.8,20170825,42.62,68.9,54.32,,,,,0.0,0.0
327698,Skalkaho Summit,MT,46.24,-113.77,2209.8,20170826,41.54,73.04,55.22,,,,,0.0,0.0
327699,Skalkaho Summit,MT,46.24,-113.77,2209.8,20170827,45.32,78.8,59.18,,,,,0.0,0.0
327700,Skalkaho Summit,MT,46.24,-113.77,2209.8,20170828,46.94,76.82,61.88,,,,,0.0,0.0
327701,Skalkaho Summit,MT,46.24,-113.77,2209.8,20170829,53.78,79.7,64.4,,,,,0.0,0.0
327702,Skalkaho Summit,MT,46.24,-113.77,2209.8,20170830,47.3,78.8,60.98,,,,,0.0,0.0
327703,Skalkaho Summit,MT,46.24,-113.77,2209.8,20170831,46.22,70.88,56.12,,,,,0.0,0.0
327704,Skalkaho Summit,MT,46.24,-113.77,2209.8,20170901,39.74,72.14,54.86,,,,,0.0,0.0
327705,Skalkaho Summit,MT,46.24,-113.77,2209.8,20170902,44.96,79.34,61.16,,,,,0.0,0.0
327706,Skalkaho Summit,MT,46.24,-113.77,2209.8,20170903,51.98,83.48,64.22,,,,,0.0,0.0
327707,Skalkaho Summit,MT,46.24,-113.77,2209.8,20170904,44.24,65.12,53.96,,,,,0.0,0.0
327708,Skalkaho Summit,MT,46.24,-113.77,2209.8,20170905,37.94,75.2,55.58,,,,,0.0,0.0
327709,Skalkaho Summit,MT,46.24,-113.77,2209.8,20170906,48.2,77.72,60.44,,,,,0.0,0.0
327710,Skalkaho Summit,MT,46.24,-113.77,2209.8,20170907,49.1,78.62,61.7,,,,,0.0,0.0
327711,Skalkaho Summit,MT,46.24,-113.77,2209.8,20170908,48.2,73.22,59.72,,,,,0.0,0.0
327712,Skalkaho Summit,MT,46.24,-113.77,2209.8,20170909,47.66,75.38,58.1,,,,,0.0,0.0
327713,Skalkaho Summit,MT,46.24,-113.77,2209.8,20170910,43.7,69.44,54.86,,,,,0.0,0.0
327714,Skalkaho Summit,MT,46.24,-113.77,2209.8,20170911,40.46,76.46,55.04,,,,,0.0,0.0
327715,Skalkaho Summit,MT,46.24,-113.77,2209.8,20170912,45.32,75.02,58.46,,,,,0.0,0.0
327716,Skalkaho Summit,MT,46.24,-113.77,2209.8,20170913,46.58,67.1,55.76,,,,,0.0,0.0
327717,Skalkaho Summit,MT,46.24,-113.77,2209.8,20170914,32.54,46.58,40.46,,,,,0.0,0.0
327718,Skalkaho Summit,MT,46.24,-113.77,2209.8,20170915,30.74,33.8,31.82,,,,,2.0078751,0.20078751
327719,Skalkaho Summit,MT,46.24,-113.77,2209.8,20170916,30.02,44.06,33.62,,,,,0.9842525,0.0
327720,Skalkaho Summit,MT,46.24,-113.77,2209.8,20170917,30.92,52.7,39.92,,,,,0.0,0.09842525
327721,Skalkaho Summit,MT,46.24,-113.77,2209.8,20170918,32.36,47.12,38.84,,,,,0.0,0.0
327722,Skalkaho Summit,MT,46.24,-113.77,2209.8,20170919,30.56,37.22,32.72,,,,,0.0,0.09842525
327723,Skalkaho Summit,MT,46.24,-113.77,2209.8,20170920,26.06,37.22,32.18,,,,,5.984255200000001,0.59842552
327724,Skalkaho Summit,MT,46.24,-113.77,2209.8,20170921,25.16,47.66,32.36,,,,,2.9921276000000003,0.09842525
327725,Black Pine,MT,46.41,-113.43,2197.6,20170101,-8.14,21.02,8.78,,,,,25.0000135,0.0
327726,Black Pine,MT,46.41,-113.43,2197.6,20170102,-9.04,-0.04,-5.98,,,,,25.0000135,0.0
327727,Black Pine,MT,46.41,-113.43,2197.6,20170103,-6.7,16.16,6.44,,,,,24.015760999999998,0.0
327728,Black Pine,MT,46.41,-113.43,2197.6,20170104,-5.98,6.98,-0.04,,,,,24.015760999999998,0.0
327729,Black Pine,MT,46.41,-113.43,2197.6,20170105,-1.3,15.26,6.8,,,,,22.992138399999998,0.0
327730,Black Pine,MT,46.41,-113.43,2197.6,20170106,7.88,24.44,16.16,,,,,22.992138399999998,0.09842525
327731,Black Pine,MT,46.41,-113.43,2197.6,20170107,15.44,28.04,22.28,,,,,22.992138399999998,0.29921276
327732,Black Pine,MT,46.41,-113.43,2197.6,20170108,22.82,33.44,29.3,,,,,25.984266,0.40157502
327733,Black Pine,MT,46.41,-113.43,2197.6,20170109,17.24,33.62,26.42,,,,,27.9921411,0.0
327734,Black Pine,MT,46.41,-113.43,2197.6,20170110,9.14,24.62,19.22,,,,,29.015763699999997,0.09842525
327735,Black Pine,MT,46.41,-113.43,2197.6,20170111,-0.58,19.22,12.92,,,,,27.9921411,0.09842525
327736,Black Pine,MT,46.41,-113.43,2197.6,20170112,17.06,29.48,24.98,,,,,25.0000135,
327737,Black Pine,MT,46.41,-113.43,2197.6,20170113,11.48,28.94,17.78,,,,,27.9921411,
327738,Black Pine,MT,46.41,-113.43,2197.6,20170114,19.94,33.98,25.34,,,,,27.0078886,0.09842525
327739,Black Pine,MT,46.41,-113.43,2197.6,20170115,21.56,35.06,26.24,,,,,25.984266,0.0
327740,Black Pine,MT,46.41,-113.43,2197.6,20170116,18.68,35.06,27.86,,,,,25.984266,0.09842525
327741,Black Pine,MT,46.41,-113.43,2197.6,20170117,32.9,44.96,38.12,,,,,25.984266,0.09842525
327742,Black Pine,MT,46.41,-113.43,2197.6,20170118,32.9,43.52,37.4,,,,,25.0000135,0.0
327743,Black Pine,MT,46.41,-113.43,2197.6,20170119,25.7,38.12,31.82,,,,,25.984266,0.09842525
327744,Black Pine,MT,46.41,-113.43,2197.6,20170120,19.76,33.08,25.52,,,,,25.984266,0.0
327745,Black Pine,MT,46.41,-113.43,2197.6,20170121,19.58,30.74,24.98,,,,,25.984266,0.0
327746,Black Pine,MT,46.41,-113.43,2197.6,20170122,21.74,34.34,26.06,,,,,25.984266,0.0
327747,Black Pine,MT,46.41,-113.43,2197.6,20170123,12.74,27.68,20.48,,,,,25.984266,0.0
327748,Black Pine,MT,46.41,-113.43,2197.6,20170124,10.58,24.44,16.52,,,,,25.984266,0.0
327749,Black Pine,MT,46.41,-113.43,2197.6,20170125,14.36,21.92,17.24,,,,,25.984266,0.0
327750,Black Pine,MT,46.41,-113.43,2197.6,20170126,11.84,22.46,16.16,,,,,25.984266,0.0
327751,Black Pine,MT,46.41,-113.43,2197.6,20170127,10.4,30.38,20.84,,,,,25.984266,0.0
327752,Black Pine,MT,46.41,-113.43,2197.6,20170128,24.8,40.1,32.72,,,,,25.984266,0.09842525
327753,Black Pine,MT,46.41,-113.43,2197.6,20170129,31.82,44.42,37.58,,,,,25.0000135,0.0
327754,Black Pine,MT,46.41,-113.43,2197.6,20170130,25.7,37.4,31.28,,,,,25.0000135,0.0
327755,Black Pine,MT,46.41,-113.43,2197.6,20170131,4.46,25.88,17.24,,,,,30.984268699999998,0.40157502
327756,Black Pine,MT,46.41,-113.43,2197.6,20170201,-4.54,9.5,2.12,,,,,30.984268699999998,0.0
327757,Black Pine,MT,46.41,-113.43,2197.6,20170202,-3.1,12.38,3.56,,,,,29.015763699999997,0.0
327758,Black Pine,MT,46.41,-113.43,2197.6,20170203,9.5,32.9,27.5,,,,,30.0000162,0.20078751
327759,Black Pine,MT,46.41,-113.43,2197.6,20170204,28.4,32.9,30.38,,,,,35.0000189,0.40157502
327760,Black Pine,MT,46.41,-113.43,2197.6,20170205,29.3,35.06,31.64,,,,,34.0157664,0.09842525
327761,Black Pine,MT,46.41,-113.43,2197.6,20170206,16.7,34.7,27.14,,,,,35.9842714,0.20078751
327762,Black Pine,MT,46.41,-113.43,2197.6,20170207,12.02,25.52,18.5,,,,,35.0000189,0.0
327763,Black Pine,MT,46.41,-113.43,2197.6,20170208,18.86,33.62,25.7,,,,,37.007894,0.40157502
327764,Black Pine,MT,46.41,-113.43,2197.6,20170209,33.44,37.76,35.96,,,,,32.9921438,0.29921276
327765,Black Pine,MT,46.41,-113.43,2197.6,20170210,21.74,34.7,29.66,,,,,37.007894,0.29921276
327766,Black Pine,MT,46.41,-113.43,2197.6,20170211,16.7,26.42,20.66,,,,,35.9842714,0.0
327767,Black Pine,MT,46.41,-113.43,2197.6,20170212,16.88,36.68,27.14,,,,,35.9842714,0.09842525
327768,Black Pine,MT,46.41,-113.43,2197.6,20170213,25.16,42.62,33.26,,,,,35.9842714,0.0
327769,Black Pine,MT,46.41,-113.43,2197.6,20170214,30.92,51.98,40.46,,,,,35.0000189,0.09842525
327770,Black Pine,MT,46.41,-113.43,2197.6,20170215,37.94,50.54,43.34,,,,,34.0157664,0.0
327771,Black Pine,MT,46.41,-113.43,2197.6,20170216,28.76,46.4,38.3,,,,,32.9921438,0.0
327772,Black Pine,MT,46.41,-113.43,2197.6,20170217,28.76,40.28,32.18,,,,,32.9921438,0.0
327773,Black Pine,MT,46.41,-113.43,2197.6,20170218,30.02,42.8,36.32,,,,,32.0078913,0.0
327774,Black Pine,MT,46.41,-113.43,2197.6,20170219,25.88,40.82,31.64,,,,,32.9921438,0.09842525
327775,Black Pine,MT,46.41,-113.43,2197.6,20170220,25.88,36.5,31.82,,,,,34.0157664,0.09842525
327776,Black Pine,MT,46.41,-113.43,2197.6,20170221,24.44,36.32,31.1,,,,,35.9842714,0.09842525
327777,Black Pine,MT,46.41,-113.43,2197.6,20170222,16.52,36.5,24.26,,,,,35.0000189,0.09842525
327778,Black Pine,MT,46.41,-113.43,2197.6,20170223,12.74,26.96,19.4,,,,,35.9842714,0.09842525
327779,Black Pine,MT,46.41,-113.43,2197.6,20170224,9.14,24.08,15.62,,,,,37.007894,0.09842525
327780,Black Pine,MT,46.41,-113.43,2197.6,20170225,9.14,19.04,13.64,,,,,37.992146500000004,0.09842525
327781,Black Pine,MT,46.41,-113.43,2197.6,20170226,14.0,23.18,17.6,,,,,40.000021600000004,0.20078751
327782,Black Pine,MT,46.41,-113.43,2197.6,20170227,12.56,28.4,17.42,,,,,37.992146500000004,0.09842525
327783,Black Pine,MT,46.41,-113.43,2197.6,20170228,12.38,24.44,15.98,,,,,37.992146500000004,0.09842525
327784,Black Pine,MT,46.41,-113.43,2197.6,20170301,15.26,30.56,22.82,,,,,37.007894,0.09842525
327785,Black Pine,MT,46.41,-113.43,2197.6,20170302,21.92,39.02,29.66,,,,,37.007894,0.09842525
327786,Black Pine,MT,46.41,-113.43,2197.6,20170303,28.04,42.08,34.7,,,,,35.9842714,0.0
327787,Black Pine,MT,46.41,-113.43,2197.6,20170304,27.5,36.5,31.64,,,,,37.007894,0.09842525
327788,Black Pine,MT,46.41,-113.43,2197.6,20170305,15.26,33.44,24.98,,,,,37.992146500000004,0.09842525
327789,Black Pine,MT,46.41,-113.43,2197.6,20170306,12.74,27.14,17.6,,,,,37.992146500000004,0.0
327790,Black Pine,MT,46.41,-113.43,2197.6,20170307,13.1,29.12,21.2,,,,,40.000021600000004,0.29921276
327791,Black Pine,MT,46.41,-113.43,2197.6,20170308,24.44,30.38,28.22,,,,,47.992151899999996,0.90157529
327792,Black Pine,MT,46.41,-113.43,2197.6,20170309,22.28,35.06,30.74,,,,,50.9842795,0.59842552
327793,Black Pine,MT,46.41,-113.43,2197.6,20170310,30.74,42.08,35.42,,,,,47.0078994,0.0
327794,Black Pine,MT,46.41,-113.43,2197.6,20170311,30.02,44.06,35.6,,,,,45.984276799999996,0.0
327795,Black Pine,MT,46.41,-113.43,2197.6,20170312,29.12,38.66,32.18,,,,,45.00002429999999,0.0
327796,Black Pine,MT,46.41,-113.43,2197.6,20170313,30.74,47.48,37.4,,,,,44.015771799999996,0.09842525
327797,Black Pine,MT,46.41,-113.43,2197.6,20170314,33.98,47.84,39.92,,,,,42.0078967,0.20078751
327798,Black Pine,MT,46.41,-113.43,2197.6,20170315,35.24,46.4,41.0,,,,,39.0157691,0.09842525
327799,Black Pine,MT,46.41,-113.43,2197.6,20170316,26.96,37.22,32.18,,,,,39.0157691,0.0
327800,Black Pine,MT,46.41,-113.43,2197.6,20170317,27.68,48.02,37.94,,,,,37.992146500000004,0.20078751
327801,Black Pine,MT,46.41,-113.43,2197.6,20170318,33.98,53.24,43.88,,,,,35.9842714,0.0
327802,Black Pine,MT,46.41,-113.43,2197.6,20170319,31.28,41.9,35.06,,,,,35.9842714,0.0
327803,Black Pine,MT,46.41,-113.43,2197.6,20170320,26.96,37.94,31.28,,,,,35.0000189,0.0
327804,Black Pine,MT,46.41,-113.43,2197.6,20170321,27.14,51.08,39.56,,,,,35.0000189,0.20078751
327805,Black Pine,MT,46.41,-113.43,2197.6,20170322,32.18,48.56,37.4,,,,,35.0000189,0.0
327806,Black Pine,MT,46.41,-113.43,2197.6,20170323,27.68,43.7,33.26,,,,,35.0000189,0.0
327807,Black Pine,MT,46.41,-113.43,2197.6,20170324,30.56,50.54,37.76,,,,,32.9921438,0.0
327808,Black Pine,MT,46.41,-113.43,2197.6,20170325,25.7,41.36,31.64,,,,,30.984268699999998,0.0
327809,Black Pine,MT,46.41,-113.43,2197.6,20170326,26.42,46.4,34.34,,,,,32.9921438,0.09842525
327810,Black Pine,MT,46.41,-113.43,2197.6,20170327,26.42,39.02,31.82,,,,,34.0157664,0.09842525
327811,Black Pine,MT,46.41,-113.43,2197.6,20170328,24.26,43.16,31.82,,,,,32.9921438,0.09842525
327812,Black Pine,MT,46.41,-113.43,2197.6,20170329,31.46,41.72,34.7,,,,,34.0157664,0.20078751
327813,Black Pine,MT,46.41,-113.43,2197.6,20170330,30.2,42.26,34.34,,,,,32.9921438,0.0
327814,Black Pine,MT,46.41,-113.43,2197.6,20170331,29.84,45.68,34.7,,,,,32.9921438,0.09842525
327815,Black Pine,MT,46.41,-113.43,2197.6,20170401,30.38,51.44,38.84,,,,,32.9921438,0.0
327816,Black Pine,MT,46.41,-113.43,2197.6,20170402,22.28,43.16,31.46,,,,,32.0078913,0.0
327817,Black Pine,MT,46.41,-113.43,2197.6,20170403,18.68,36.32,23.54,,,,,35.0000189,0.20078751
327818,Black Pine,MT,46.41,-113.43,2197.6,20170404,17.78,44.6,30.56,,,,,32.9921438,0.09842525
327819,Black Pine,MT,46.41,-113.43,2197.6,20170405,30.92,45.5,37.94,,,,,32.9921438,0.09842525
327820,Black Pine,MT,46.41,-113.43,2197.6,20170406,36.68,53.42,42.98,,,,,32.0078913,0.20078751
327821,Black Pine,MT,46.41,-113.43,2197.6,20170407,30.02,46.76,39.02,,,,,32.0078913,0.0
327822,Black Pine,MT,46.41,-113.43,2197.6,20170408,24.8,46.94,33.26,,,,,30.984268699999998,0.0
327823,Black Pine,MT,46.41,-113.43,2197.6,20170409,21.2,35.42,26.6,,,,,32.0078913,0.09842525
327824,Black Pine,MT,46.41,-113.43,2197.6,20170410,24.08,40.64,29.48,,,,,32.0078913,0.0
327825,Black Pine,MT,46.41,-113.43,2197.6,20170411,20.66,46.76,33.98,,,,,30.984268699999998,0.20078751
327826,Black Pine,MT,46.41,-113.43,2197.6,20170412,32.0,45.5,38.48,,,,,30.0000162,0.0
327827,Black Pine,MT,46.41,-113.43,2197.6,20170413,27.32,47.84,36.68,,,,,35.0000189,0.40157502
327828,Black Pine,MT,46.41,-113.43,2197.6,20170414,23.36,38.66,29.12,,,,,32.9921438,0.0
327829,Black Pine,MT,46.41,-113.43,2197.6,20170415,21.02,38.48,28.04,,,,,29.015763699999997,0.0
327830,Black Pine,MT,46.41,-113.43,2197.6,20170416,22.46,49.64,36.32,,,,,30.984268699999998,0.20078751
327831,Black Pine,MT,46.41,-113.43,2197.6,20170417,33.08,44.96,37.58,,,,,30.0000162,0.0
327832,Black Pine,MT,46.41,-113.43,2197.6,20170418,31.46,50.9,38.48,,,,,30.0000162,0.09842525
327833,Black Pine,MT,46.41,-113.43,2197.6,20170419,28.04,49.46,37.94,,,,,29.015763699999997,0.09842525
327834,Black Pine,MT,46.41,-113.43,2197.6,20170420,28.76,44.96,34.7,,,,,30.984268699999998,0.29921276
327835,Black Pine,MT,46.41,-113.43,2197.6,20170421,28.4,42.62,33.26,,,,,29.015763699999997,0.0
327836,Black Pine,MT,46.41,-113.43,2197.6,20170422,27.86,53.06,41.0,,,,,29.015763699999997,0.20078751
327837,Black Pine,MT,46.41,-113.43,2197.6,20170423,32.36,45.14,37.58,,,,,27.0078886,0.09842525
327838,Black Pine,MT,46.41,-113.43,2197.6,20170424,29.66,45.68,34.7,,,,,30.984268699999998,0.29921276
327839,Black Pine,MT,46.41,-113.43,2197.6,20170425,29.48,41.54,33.98,,,,,29.015763699999997,0.0
327840,Black Pine,MT,46.41,-113.43,2197.6,20170426,29.12,43.52,34.7,,,,,30.0000162,0.20078751
327841,Black Pine,MT,46.41,-113.43,2197.6,20170427,24.62,38.3,29.66,,,,,25.984266,0.0
327842,Black Pine,MT,46.41,-113.43,2197.6,20170428,22.46,39.2,31.1,,,,,27.9921411,0.09842525
327843,Black Pine,MT,46.41,-113.43,2197.6,20170429,25.7,50.0,37.04,,,,,27.9921411,0.0
327844,Black Pine,MT,46.41,-113.43,2197.6,20170430,30.74,47.48,36.32,,,,,27.9921411,0.0
327845,Black Pine,MT,46.41,-113.43,2197.6,20170501,29.48,47.12,35.6,,,,,27.0078886,0.09842525
327846,Black Pine,MT,46.41,-113.43,2197.6,20170502,29.3,42.98,33.44,,,,,27.9921411,0.09842525
327847,Black Pine,MT,46.41,-113.43,2197.6,20170503,29.66,58.1,44.42,,,,,25.0000135,0.09842525
327848,Black Pine,MT,46.41,-113.43,2197.6,20170504,42.8,70.34,55.22,,,,,22.007885899999998,0.0
327849,Black Pine,MT,46.41,-113.43,2197.6,20170505,46.58,72.32,56.3,,,,,19.0157583,0.0
327850,Black Pine,MT,46.41,-113.43,2197.6,20170506,41.54,64.04,47.3,,,,,17.0078832,0.50000027
327851,Black Pine,MT,46.41,-113.43,2197.6,20170507,29.3,42.44,36.68,,,,,15.9842606,0.09842525
327852,Black Pine,MT,46.41,-113.43,2197.6,20170508,27.32,55.76,40.64,,,,,14.015755599999999,0.09842525
327853,Black Pine,MT,46.41,-113.43,2197.6,20170509,38.12,59.0,46.4,,,,,12.992133,0.0
327854,Black Pine,MT,46.41,-113.43,2197.6,20170510,39.92,66.38,52.34,,,,,10.000005400000001,0.0
327855,Black Pine,MT,46.41,-113.43,2197.6,20170511,45.5,71.06,55.76,,,,,5.984255200000001,0.0
327856,Black Pine,MT,46.41,-113.43,2197.6,20170512,30.02,63.5,44.78,,,,,5.984255200000001,0.50000027
327857,Black Pine,MT,46.41,-113.43,2197.6,20170513,27.5,35.96,30.74,,,,,7.9921303,0.20078751
327858,Black Pine,MT,46.41,-113.43,2197.6,20170514,26.06,40.82,32.72,,,,,5.0000027000000005,0.09842525
327859,Black Pine,MT,46.41,-113.43,2197.6,20170515,28.76,46.76,37.04,,,,,4.0157502,0.09842525
327860,Black Pine,MT,46.41,-113.43,2197.6,20170516,31.82,45.14,36.32,,,,,5.0000027000000005,0.29921276
327861,Black Pine,MT,46.41,-113.43,2197.6,20170517,27.14,34.7,31.64,,,,,17.0078832,1.2992133
327862,Black Pine,MT,46.41,-113.43,2197.6,20170518,32.72,45.32,36.5,,,,,12.007880499999999,0.09842525
327863,Black Pine,MT,46.41,-113.43,2197.6,20170519,33.62,55.04,41.72,,,,,10.000005400000001,0.09842525
327864,Black Pine,MT,46.41,-113.43,2197.6,20170520,38.48,52.7,43.88,,,,,7.9921303,0.0
327865,Black Pine,MT,46.41,-113.43,2197.6,20170521,38.12,60.08,47.3,,,,,5.0000027000000005,0.0
327866,Black Pine,MT,46.41,-113.43,2197.6,20170522,41.72,61.88,51.62,,,,,2.9921276000000003,0.0
327867,Black Pine,MT,46.41,-113.43,2197.6,20170523,45.86,69.98,57.74,,,,,0.0,0.0
327868,Black Pine,MT,46.41,-113.43,2197.6,20170524,34.34,54.68,44.24,,,,,0.0,0.0
327869,Black Pine,MT,46.41,-113.43,2197.6,20170525,32.18,48.2,39.2,,,,,0.0,0.0
327870,Black Pine,MT,46.41,-113.43,2197.6,20170526,33.62,55.4,43.88,,,,,0.0,0.09842525
327871,Black Pine,MT,46.41,-113.43,2197.6,20170527,39.74,62.06,49.64,,,,,0.0,0.0
327872,Black Pine,MT,46.41,-113.43,2197.6,20170528,42.98,64.94,52.52,,,,,0.0,0.09842525
327873,Black Pine,MT,46.41,-113.43,2197.6,20170529,46.04,67.46,55.76,,,,,0.0,0.0
327874,Black Pine,MT,46.41,-113.43,2197.6,20170530,48.2,71.24,58.46,,,,,0.0,0.0
327875,Black Pine,MT,46.41,-113.43,2197.6,20170531,50.0,76.46,59.54,,,,,0.0,0.0
327876,Black Pine,MT,46.41,-113.43,2197.6,20170601,42.26,59.9,48.74,,,,,0.0,0.70078778
327877,Black Pine,MT,46.41,-113.43,2197.6,20170602,40.64,59.54,49.64,,,,,0.0,0.0
327878,Black Pine,MT,46.41,-113.43,2197.6,20170603,44.96,70.16,57.56,,,,,0.0,0.09842525
327879,Black Pine,MT,46.41,-113.43,2197.6,20170604,39.92,74.48,57.92,,,,,0.0,0.29921276
327880,Black Pine,MT,46.41,-113.43,2197.6,20170605,39.2,57.56,46.58,,,,,0.0,0.0
327881,Black Pine,MT,46.41,-113.43,2197.6,20170606,42.26,66.2,54.32,,,,,0.0,0.09842525
327882,Black Pine,MT,46.41,-113.43,2197.6,20170607,50.9,75.74,61.88,,,,,0.9842525,0.0
327883,Black Pine,MT,46.41,-113.43,2197.6,20170608,44.24,74.66,58.82,,,,,0.0,0.0
327884,Black Pine,MT,46.41,-113.43,2197.6,20170609,35.6,54.86,43.16,,,,,0.0,0.09842525
327885,Black Pine,MT,46.41,-113.43,2197.6,20170610,31.46,47.84,37.04,,,,,0.0,0.09842525
327886,Black Pine,MT,46.41,-113.43,2197.6,20170611,30.56,57.92,44.6,,,,,0.0,0.09842525
327887,Black Pine,MT,46.41,-113.43,2197.6,20170612,41.0,63.14,48.56,,,,,0.9842525,1.40157556
327888,Black Pine,MT,46.41,-113.43,2197.6,20170613,35.96,44.78,39.38,,,,,0.0,1.50000081
327889,Black Pine,MT,46.41,-113.43,2197.6,20170614,35.06,54.68,45.14,,,,,0.0,0.0
327890,Black Pine,MT,46.41,-113.43,2197.6,20170615,40.64,52.52,46.22,,,,,0.0,0.09842525
327891,Black Pine,MT,46.41,-113.43,2197.6,20170616,40.46,54.14,45.32,,,,,0.0,0.0
327892,Black Pine,MT,46.41,-113.43,2197.6,20170617,38.12,55.4,45.86,,,,,0.0,0.0
327893,Black Pine,MT,46.41,-113.43,2197.6,20170618,43.7,51.44,46.94,,,,,0.0,0.0
327894,Black Pine,MT,46.41,-113.43,2197.6,20170619,43.7,73.58,60.08,,,,,0.0,0.0
327895,Black Pine,MT,46.41,-113.43,2197.6,20170620,53.6,74.3,62.6,,,,,0.0,0.0
327896,Black Pine,MT,46.41,-113.43,2197.6,20170621,43.34,65.12,54.68,,,,,0.0,0.0
327897,Black Pine,MT,46.41,-113.43,2197.6,20170622,40.28,58.82,48.2,,,,,0.0,0.0
327898,Black Pine,MT,46.41,-113.43,2197.6,20170623,42.08,64.04,51.62,,,,,0.0,0.0
327899,Black Pine,MT,46.41,-113.43,2197.6,20170624,42.8,67.64,54.68,,,,,0.0,0.09842525
327900,Black Pine,MT,46.41,-113.43,2197.6,20170625,47.12,74.12,61.34,,,,,0.0,0.0
327901,Black Pine,MT,46.41,-113.43,2197.6,20170626,49.64,81.86,65.48,,,,,0.0,0.09842525
327902,Black Pine,MT,46.41,-113.43,2197.6,20170627,47.66,65.3,54.5,,,,,0.0,0.09842525
327903,Black Pine,MT,46.41,-113.43,2197.6,20170628,43.88,65.12,53.96,,,,,0.0,0.0
327904,Black Pine,MT,46.41,-113.43,2197.6,20170629,42.98,56.48,48.74,,,,,0.0,0.09842525
327905,Black Pine,MT,46.41,-113.43,2197.6,20170630,46.04,70.34,57.56,,,,,0.0,0.0
327906,Black Pine,MT,46.41,-113.43,2197.6,20170701,53.42,75.56,63.32,,,,,0.0,0.0
327907,Black Pine,MT,46.41,-113.43,2197.6,20170702,55.58,76.64,64.76,,,,,0.0,0.0
327908,Black Pine,MT,46.41,-113.43,2197.6,20170703,55.22,75.2,64.58,,,,,0.0,0.0
327909,Black Pine,MT,46.41,-113.43,2197.6,20170704,52.16,78.62,64.4,,,,,0.0,0.0
327910,Black Pine,MT,46.41,-113.43,2197.6,20170705,59.9,85.1,69.98,,,,,0.0,0.0
327911,Black Pine,MT,46.41,-113.43,2197.6,20170706,59.18,84.38,70.52,,,,,0.0,0.0
327912,Black Pine,MT,46.41,-113.43,2197.6,20170707,57.38,83.3,70.7,,,,,0.0,0.0
327913,Black Pine,MT,46.41,-113.43,2197.6,20170708,62.42,85.46,72.14,,,,,0.0,0.0
327914,Black Pine,MT,46.41,-113.43,2197.6,20170709,58.46,82.94,68.36,,,,,0.0,0.0
327915,Black Pine,MT,46.41,-113.43,2197.6,20170710,54.32,74.66,61.16,,,,,0.0,0.0
327916,Black Pine,MT,46.41,-113.43,2197.6,20170711,51.26,70.7,59.0,,,,,0.0,0.0
327917,Black Pine,MT,46.41,-113.43,2197.6,20170712,59.18,76.64,67.64,,,,,0.0,0.0
327918,Black Pine,MT,46.41,-113.43,2197.6,20170713,56.66,84.38,69.26,,,,,0.0,0.0
327919,Black Pine,MT,46.41,-113.43,2197.6,20170714,58.28,85.28,69.8,,,,,0.0,0.0
327920,Black Pine,MT,46.41,-113.43,2197.6,20170715,55.4,85.1,66.56,,,,,0.0,0.0
327921,Black Pine,MT,46.41,-113.43,2197.6,20170716,50.54,73.4,61.52,,,,,0.0,0.0
327922,Black Pine,MT,46.41,-113.43,2197.6,20170717,48.92,73.22,59.0,,,,,0.0,0.0
327923,Black Pine,MT,46.41,-113.43,2197.6,20170718,51.44,75.92,63.5,,,,,0.0,0.0
327924,Black Pine,MT,46.41,-113.43,2197.6,20170719,53.42,78.98,64.76,,,,,0.0,0.0
327925,Black Pine,MT,46.41,-113.43,2197.6,20170720,54.14,77.54,65.12,,,,,0.0,0.0
327926,Black Pine,MT,46.41,-113.43,2197.6,20170721,48.92,72.68,59.36,,,,,0.0,0.0
327927,Black Pine,MT,46.41,-113.43,2197.6,20170722,51.62,74.48,61.88,,,,,0.0,0.0
327928,Black Pine,MT,46.41,-113.43,2197.6,20170723,57.02,81.14,68.0,,,,,0.0,0.0
327929,Black Pine,MT,46.41,-113.43,2197.6,20170724,55.04,79.7,65.84,,,,,0.0,0.0
327930,Black Pine,MT,46.41,-113.43,2197.6,20170725,53.06,78.62,63.86,,,,,0.0,0.0
327931,Black Pine,MT,46.41,-113.43,2197.6,20170726,57.38,80.42,64.94,,,,,0.0,0.0
327932,Black Pine,MT,46.41,-113.43,2197.6,20170727,56.12,75.74,63.5,,,,,0.0,0.0
327933,Black Pine,MT,46.41,-113.43,2197.6,20170728,55.22,76.28,62.42,,,,,0.0,0.0
327934,Black Pine,MT,46.41,-113.43,2197.6,20170729,57.02,80.6,66.92,,,,,0.0,0.0
327935,Black Pine,MT,46.41,-113.43,2197.6,20170730,57.74,81.5,68.72,,,,,0.0,0.0
327936,Black Pine,MT,46.41,-113.43,2197.6,20170731,56.84,80.06,66.74,,,,,0.0,0.0
327937,Black Pine,MT,46.41,-113.43,2197.6,20170801,55.58,78.62,65.66,,,,,0.0,0.0
327938,Black Pine,MT,46.41,-113.43,2197.6,20170802,47.3,68.9,56.84,,,,,0.0,0.0
327939,Black Pine,MT,46.41,-113.43,2197.6,20170803,46.04,74.48,60.44,,,,,0.0,0.0
327940,Black Pine,MT,46.41,-113.43,2197.6,20170804,47.66,76.82,63.5,,,,,0.0,0.0
327941,Black Pine,MT,46.41,-113.43,2197.6,20170805,44.06,64.94,53.06,,,,,0.0,0.0
327942,Black Pine,MT,46.41,-113.43,2197.6,20170806,45.5,68.9,56.84,,,,,0.0,0.0
327943,Black Pine,MT,46.41,-113.43,2197.6,20170807,50.9,72.14,61.34,,,,,0.0,0.0
327944,Black Pine,MT,46.41,-113.43,2197.6,20170808,49.82,70.88,59.9,,,,,0.0,0.0
327945,Black Pine,MT,46.41,-113.43,2197.6,20170809,49.28,70.34,58.64,,,,,0.0,0.0
327946,Black Pine,MT,46.41,-113.43,2197.6,20170810,51.98,73.22,61.7,,,,,0.0,0.0
327947,Black Pine,MT,46.41,-113.43,2197.6,20170811,52.7,74.66,62.78,,,,,0.0,0.0
327948,Black Pine,MT,46.41,-113.43,2197.6,20170812,50.9,75.56,63.14,,,,,0.0,0.0
327949,Black Pine,MT,46.41,-113.43,2197.6,20170813,46.76,66.92,55.22,,,,,0.0,0.0
327950,Black Pine,MT,46.41,-113.43,2197.6,20170814,45.5,63.32,52.7,,,,,0.0,0.0
327951,Black Pine,MT,46.41,-113.43,2197.6,20170815,43.7,67.82,55.4,,,,,0.0,0.0
327952,Black Pine,MT,46.41,-113.43,2197.6,20170816,50.18,67.82,58.46,,,,,0.0,0.0
327953,Black Pine,MT,46.41,-113.43,2197.6,20170817,49.82,68.54,58.46,,,,,0.0,0.0
327954,Black Pine,MT,46.41,-113.43,2197.6,20170818,51.98,70.88,61.52,,,,,0.0,0.0
327955,Black Pine,MT,46.41,-113.43,2197.6,20170819,46.22,68.72,57.56,,,,,0.0,0.0
327956,Black Pine,MT,46.41,-113.43,2197.6,20170820,43.88,65.66,54.14,,,,,0.0,0.0
327957,Black Pine,MT,46.41,-113.43,2197.6,20170821,47.84,70.34,57.38,,,,,0.0,0.0
327958,Black Pine,MT,46.41,-113.43,2197.6,20170822,52.34,78.62,64.4,,,,,0.0,0.0
327959,Black Pine,MT,46.41,-113.43,2197.6,20170823,59.36,77.54,65.48,,,,,0.0,0.0
327960,Black Pine,MT,46.41,-113.43,2197.6,20170824,51.62,68.72,59.9,,,,,0.0,0.0
327961,Black Pine,MT,46.41,-113.43,2197.6,20170825,49.1,70.34,59.18,,,,,0.0,0.0
327962,Black Pine,MT,46.41,-113.43,2197.6,20170826,50.9,73.22,61.16,,,,,0.0,0.0
327963,Black Pine,MT,46.41,-113.43,2197.6,20170827,55.76,80.6,67.1,,,,,0.0,0.0
327964,Black Pine,MT,46.41,-113.43,2197.6,20170828,58.82,80.42,68.54,,,,,0.0,0.0
327965,Black Pine,MT,46.41,-113.43,2197.6,20170829,62.24,79.7,68.9,,,,,0.0,0.0
327966,Black Pine,MT,46.41,-113.43,2197.6,20170830,56.48,80.42,66.74,,,,,0.0,0.0
327967,Black Pine,MT,46.41,-113.43,2197.6,20170831,50.9,73.58,61.7,,,,,0.0,0.0
327968,Black Pine,MT,46.41,-113.43,2197.6,20170901,49.1,74.3,60.8,,,,,0.0,0.0
327969,Black Pine,MT,46.41,-113.43,2197.6,20170902,57.02,80.24,67.82,,,,,0.0,0.0
327970,Black Pine,MT,46.41,-113.43,2197.6,20170903,60.08,82.94,70.52,,,,,0.0,0.0
327971,Black Pine,MT,46.41,-113.43,2197.6,20170904,45.5,60.8,52.7,,,,,0.0,0.0
327972,Black Pine,MT,46.41,-113.43,2197.6,20170905,44.06,74.3,58.82,,,,,0.0,0.0
327973,Black Pine,MT,46.41,-113.43,2197.6,20170906,58.82,77.36,66.2,,,,,0.0,0.0
327974,Black Pine,MT,46.41,-113.43,2197.6,20170907,59.36,78.26,67.1,,,,,0.0,0.0
327975,Black Pine,MT,46.41,-113.43,2197.6,20170908,52.88,76.82,64.4,,,,,0.0,0.0
327976,Black Pine,MT,46.41,-113.43,2197.6,20170909,54.86,75.56,63.5,,,,,0.0,0.0
327977,Black Pine,MT,46.41,-113.43,2197.6,20170910,50.0,69.98,58.46,,,,,0.0,0.0
327978,Black Pine,MT,46.41,-113.43,2197.6,20170911,48.74,78.44,62.06,,,,,0.0,0.0
327979,Black Pine,MT,46.41,-113.43,2197.6,20170912,56.84,77.18,65.3,,,,,0.0,0.0
327980,Black Pine,MT,46.41,-113.43,2197.6,20170913,44.78,68.0,57.92,,,,,0.0,0.0
327981,Black Pine,MT,46.41,-113.43,2197.6,20170914,31.64,44.78,38.12,,,,,0.0,0.40157502
327982,Black Pine,MT,46.41,-113.43,2197.6,20170915,30.2,32.9,31.28,,,,,7.007877799999999,0.79921303
327983,Black Pine,MT,46.41,-113.43,2197.6,20170916,29.84,43.34,34.34,,,,,5.0000027000000005,0.20078751
327984,Black Pine,MT,46.41,-113.43,2197.6,20170917,32.72,51.8,43.52,,,,,2.0078751,0.09842525
327985,Black Pine,MT,46.41,-113.43,2197.6,20170918,32.36,47.48,40.82,,,,,0.0,0.0
327986,Black Pine,MT,46.41,-113.43,2197.6,20170919,30.92,41.72,33.62,,,,,0.0,0.0
327987,Black Pine,MT,46.41,-113.43,2197.6,20170920,29.12,35.42,32.54,,,,,2.9921276000000003,0.50000027
327988,Black Pine,MT,46.41,-113.43,2197.6,20170921,28.4,41.0,33.62,,,,,2.0078751,0.09842525
327989,N Fk Elk Creek,MT,46.87,-113.28,1905.0,20170101,-3.64,17.78,8.78,,,,,17.0078832,0.09842525
327990,N Fk Elk Creek,MT,46.87,-113.28,1905.0,20170102,-5.44,1.76,-3.1,,,,,17.0078832,0.0
327991,N Fk Elk Creek,MT,46.87,-113.28,1905.0,20170103,-5.8,8.06,-0.04,,,,,15.9842606,0.0
327992,N Fk Elk Creek,MT,46.87,-113.28,1905.0,20170104,-9.58,7.52,-3.46,,,,,15.0000081,0.0
327993,N Fk Elk Creek,MT,46.87,-113.28,1905.0,20170105,-7.96,8.78,0.68,,,,,15.0000081,0.09842525
327994,N Fk Elk Creek,MT,46.87,-113.28,1905.0,20170106,3.56,17.6,9.32,,,,,15.9842606,0.0
327995,N Fk Elk Creek,MT,46.87,-113.28,1905.0,20170107,5.72,22.82,14.54,,,,,17.9921357,0.09842525
327996,N Fk Elk Creek,MT,46.87,-113.28,1905.0,20170108,18.86,33.44,27.68,,,,,20.9842633,0.09842525
327997,N Fk Elk Creek,MT,46.87,-113.28,1905.0,20170109,19.04,34.52,27.86,,,,,20.9842633,0.20078751
327998,N Fk Elk Creek,MT,46.87,-113.28,1905.0,20170110,-1.84,25.34,17.6,,,,,20.9842633,0.0
327999,N Fk Elk Creek,MT,46.87,-113.28,1905.0,20170111,-3.1,13.1,5.72,,,,,22.007885899999998,0.09842525
328000,N Fk Elk Creek,MT,46.87,-113.28,1905.0,20170112,9.14,20.3,14.18,,,,,20.9842633,0.0
328001,N Fk Elk Creek,MT,46.87,-113.28,1905.0,20170113,8.42,22.28,13.82,,,,,20.000010800000002,0.09842525
328002,N Fk Elk Creek,MT,46.87,-113.28,1905.0,20170114,10.58,23.9,15.44,,,,,20.000010800000002,0.0
328003,N Fk Elk Creek,MT,46.87,-113.28,1905.0,20170115,13.28,26.96,17.96,,,,,20.000010800000002,0.0
328004,N Fk Elk Creek,MT,46.87,-113.28,1905.0,20170116,13.82,29.12,19.94,,,,,20.000010800000002,0.0
328005,N Fk Elk Creek,MT,46.87,-113.28,1905.0,20170117,20.66,38.3,28.4,,,,,19.0157583,0.0
328006,N Fk Elk Creek,MT,46.87,-113.28,1905.0,20170118,30.2,41.0,34.7,,,,,19.0157583,0.0
328007,N Fk Elk Creek,MT,46.87,-113.28,1905.0,20170119,28.58,36.32,32.72,,,,,20.000010800000002,0.09842525
328008,N Fk Elk Creek,MT,46.87,-113.28,1905.0,20170120,20.48,32.9,27.14,,,,,17.9921357,0.0
328009,N Fk Elk Creek,MT,46.87,-113.28,1905.0,20170121,17.42,30.74,24.44,,,,,17.9921357,0.0
328010,N Fk Elk Creek,MT,46.87,-113.28,1905.0,20170122,21.38,35.24,27.32,,,,,20.000010800000002,0.0
328011,N Fk Elk Creek,MT,46.87,-113.28,1905.0,20170123,13.82,29.3,22.28,,,,,17.9921357,0.0
328012,N Fk Elk Creek,MT,46.87,-113.28,1905.0,20170124,8.42,23.9,16.88,,,,,17.9921357,0.0
328013,N Fk Elk Creek,MT,46.87,-113.28,1905.0,20170125,17.24,23.18,19.76,,,,,20.000010800000002,0.09842525
328014,N Fk Elk Creek,MT,46.87,-113.28,1905.0,20170126,17.42,23.18,19.4,,,,,20.000010800000002,0.0
328015,N Fk Elk Creek,MT,46.87,-113.28,1905.0,20170127,16.7,26.78,20.84,,,,,20.000010800000002,0.0
328016,N Fk Elk Creek,MT,46.87,-113.28,1905.0,20170128,18.32,34.7,26.24,,,,,19.0157583,0.0
328017,N Fk Elk Creek,MT,46.87,-113.28,1905.0,20170129,26.6,41.0,33.08,,,,,19.0157583,0.0
328018,N Fk Elk Creek,MT,46.87,-113.28,1905.0,20170130,25.88,36.14,30.74,,,,,19.0157583,0.0
328019,N Fk Elk Creek,MT,46.87,-113.28,1905.0,20170131,8.06,26.24,15.98,,,,,24.015760999999998,0.29921276
328020,N Fk Elk Creek,MT,46.87,-113.28,1905.0,20170201,1.22,10.94,5.18,,,,,22.992138399999998,0.0
328021,N Fk Elk Creek,MT,46.87,-113.28,1905.0,20170202,-0.58,11.84,4.1,,,,,22.992138399999998,0.09842525
328022,N Fk Elk Creek,MT,46.87,-113.28,1905.0,20170203,-1.3,32.9,21.02,,,,,22.007885899999998,0.09842525
328023,N Fk Elk Creek,MT,46.87,-113.28,1905.0,20170204,29.66,35.24,32.0,,,,,27.0078886,0.09842525
328024,N Fk Elk Creek,MT,46.87,-113.28,1905.0,20170205,30.74,37.04,33.98,,,,,27.0078886,0.0
328025,N Fk Elk Creek,MT,46.87,-113.28,1905.0,20170206,17.06,36.86,28.58,,,,,27.9921411,0.20078751
328026,N Fk Elk Creek,MT,46.87,-113.28,1905.0,20170207,14.18,25.16,19.94,,,,,29.015763699999997,0.09842525
328027,N Fk Elk Creek,MT,46.87,-113.28,1905.0,20170208,20.12,33.26,25.52,,,,,32.9921438,0.40157502
328028,N Fk Elk Creek,MT,46.87,-113.28,1905.0,20170209,33.44,41.72,37.76,,,,,27.0078886,0.09842525
328029,N Fk Elk Creek,MT,46.87,-113.28,1905.0,20170210,25.52,34.34,31.1,,,,,30.0000162,0.29921276
328030,N Fk Elk Creek,MT,46.87,-113.28,1905.0,20170211,18.14,27.32,22.46,,,,,29.015763699999997,0.29921276
328031,N Fk Elk Creek,MT,46.87,-113.28,1905.0,20170212,14.72,30.56,22.28,,,,,27.9921411,0.0
328032,N Fk Elk Creek,MT,46.87,-113.28,1905.0,20170213,20.48,36.68,27.86,,,,,27.9921411,0.0
328033,N Fk Elk Creek,MT,46.87,-113.28,1905.0,20170214,24.62,41.72,32.18,,,,,27.0078886,0.0
328034,N Fk Elk Creek,MT,46.87,-113.28,1905.0,20170215,29.3,46.94,37.4,,,,,27.0078886,0.0
328035,N Fk Elk Creek,MT,46.87,-113.28,1905.0,20170216,32.36,48.38,40.46,,,,,25.0000135,0.0
328036,N Fk Elk Creek,MT,46.87,-113.28,1905.0,20170217,30.74,37.76,33.08,,,,,25.984266,0.0
328037,N Fk Elk Creek,MT,46.87,-113.28,1905.0,20170218,32.36,45.68,38.84,,,,,25.984266,0.0
328038,N Fk Elk Creek,MT,46.87,-113.28,1905.0,20170219,27.68,39.74,33.44,,,,,25.0000135,0.0
328039,N Fk Elk Creek,MT,46.87,-113.28,1905.0,20170220,25.52,39.02,32.36,,,,,27.0078886,0.09842525
328040,N Fk Elk Creek,MT,46.87,-113.28,1905.0,20170221,27.5,37.22,32.54,,,,,30.0000162,0.20078751
328041,N Fk Elk Creek,MT,46.87,-113.28,1905.0,20170222,20.48,31.82,26.06,,,,,30.0000162,0.20078751
328042,N Fk Elk Creek,MT,46.87,-113.28,1905.0,20170223,16.88,30.38,21.38,,,,,30.0000162,0.0
328043,N Fk Elk Creek,MT,46.87,-113.28,1905.0,20170224,9.68,25.16,17.6,,,,,30.0000162,0.09842525
328044,N Fk Elk Creek,MT,46.87,-113.28,1905.0,20170225,12.56,21.2,16.34,,,,,30.0000162,0.09842525
328045,N Fk Elk Creek,MT,46.87,-113.28,1905.0,20170226,11.84,25.16,18.14,,,,,30.984268699999998,0.09842525
328046,N Fk Elk Creek,MT,46.87,-113.28,1905.0,20170227,11.12,28.4,18.32,,,,,32.0078913,0.0
328047,N Fk Elk Creek,MT,46.87,-113.28,1905.0,20170228,15.08,24.26,18.14,,,,,32.0078913,0.0
328048,N Fk Elk Creek,MT,46.87,-113.28,1905.0,20170301,15.98,30.38,24.08,,,,,30.984268699999998,0.09842525
328049,N Fk Elk Creek,MT,46.87,-113.28,1905.0,20170302,24.98,37.4,30.38,,,,,30.984268699999998,0.0
328050,N Fk Elk Creek,MT,46.87,-113.28,1905.0,20170303,29.12,41.72,34.88,,,,,30.0000162,0.0
328051,N Fk Elk Creek,MT,46.87,-113.28,1905.0,20170304,29.48,40.46,34.7,,,,,30.984268699999998,0.09842525
328052,N Fk Elk Creek,MT,46.87,-113.28,1905.0,20170305,19.94,32.0,26.78,,,,,34.0157664,0.29921276
328053,N Fk Elk Creek,MT,46.87,-113.28,1905.0,20170306,15.62,27.68,20.3,,,,,35.0000189,0.09842525
328054,N Fk Elk Creek,MT,46.87,-113.28,1905.0,20170307,16.34,28.76,23.0,,,,,35.9842714,0.20078751
328055,N Fk Elk Creek,MT,46.87,-113.28,1905.0,20170308,22.82,32.54,28.22,,,,,45.00002429999999,0.59842552
328056,N Fk Elk Creek,MT,46.87,-113.28,1905.0,20170309,22.46,35.24,29.12,,,,,47.992151899999996,0.59842552
328057,N Fk Elk Creek,MT,46.87,-113.28,1905.0,20170310,32.0,39.56,35.06,,,,,42.9921492,0.29921276
328058,N Fk Elk Creek,MT,46.87,-113.28,1905.0,20170311,29.66,46.4,36.14,,,,,40.000021600000004,0.0
328059,N Fk Elk Creek,MT,46.87,-113.28,1905.0,20170312,30.38,40.46,33.62,,,,,40.000021600000004,0.0
328060,N Fk Elk Creek,MT,46.87,-113.28,1905.0,20170313,31.46,44.6,36.68,,,,,39.0157691,0.0
328061,N Fk Elk Creek,MT,46.87,-113.28,1905.0,20170314,34.52,47.3,39.02,,,,,37.007894,0.09842525
328062,N Fk Elk Creek,MT,46.87,-113.28,1905.0,20170315,36.14,47.48,40.46,,,,,35.0000189,0.09842525
328063,N Fk Elk Creek,MT,46.87,-113.28,1905.0,20170316,25.34,37.94,33.26,,,,,35.0000189,0.09842525
328064,N Fk Elk Creek,MT,46.87,-113.28,1905.0,20170317,23.36,46.94,35.96,,,,,34.0157664,0.09842525
328065,N Fk Elk Creek,MT,46.87,-113.28,1905.0,20170318,33.62,50.36,41.36,,,,,32.9921438,0.0
328066,N Fk Elk Creek,MT,46.87,-113.28,1905.0,20170319,28.22,42.62,34.7,,,,,32.0078913,0.09842525
328067,N Fk Elk Creek,MT,46.87,-113.28,1905.0,20170320,24.44,38.84,30.92,,,,,32.0078913,0.0
328068,N Fk Elk Creek,MT,46.87,-113.28,1905.0,20170321,26.78,48.92,38.12,,,,,32.0078913,0.0
328069,N Fk Elk Creek,MT,46.87,-113.28,1905.0,20170322,32.18,46.76,38.12,,,,,30.984268699999998,0.09842525
328070,N Fk Elk Creek,MT,46.87,-113.28,1905.0,20170323,24.8,42.26,33.26,,,,,30.984268699999998,0.0
328071,N Fk Elk Creek,MT,46.87,-113.28,1905.0,20170324,24.8,50.72,36.5,,,,,30.0000162,0.0
328072,N Fk Elk Creek,MT,46.87,-113.28,1905.0,20170325,28.94,41.54,33.44,,,,,30.0000162,0.09842525
328073,N Fk Elk Creek,MT,46.87,-113.28,1905.0,20170326,24.8,46.22,34.88,,,,,30.0000162,0.0
328074,N Fk Elk Creek,MT,46.87,-113.28,1905.0,20170327,29.48,37.4,32.9,,,,,32.0078913,0.20078751
328075,N Fk Elk Creek,MT,46.87,-113.28,1905.0,20170328,27.86,38.48,32.54,,,,,30.984268699999998,0.0
328076,N Fk Elk Creek,MT,46.87,-113.28,1905.0,20170329,31.82,42.8,35.78,,,,,30.984268699999998,0.0
328077,N Fk Elk Creek,MT,46.87,-113.28,1905.0,20170330,32.36,47.3,37.04,,,,,30.0000162,0.0
328078,N Fk Elk Creek,MT,46.87,-113.28,1905.0,20170331,31.82,46.04,36.5,,,,,29.015763699999997,0.09842525
328079,N Fk Elk Creek,MT,46.87,-113.28,1905.0,20170401,30.38,50.36,38.3,,,,,29.015763699999997,0.0
328080,N Fk Elk Creek,MT,46.87,-113.28,1905.0,20170402,26.24,42.98,33.44,,,,,29.015763699999997,0.0
328081,N Fk Elk Creek,MT,46.87,-113.28,1905.0,20170403,23.72,34.16,27.5,,,,,30.0000162,0.09842525
328082,N Fk Elk Creek,MT,46.87,-113.28,1905.0,20170404,18.68,42.26,30.74,,,,,30.0000162,0.09842525
328083,N Fk Elk Creek,MT,46.87,-113.28,1905.0,20170405,31.64,47.3,39.02,,,,,30.0000162,0.0
328084,N Fk Elk Creek,MT,46.87,-113.28,1905.0,20170406,33.98,55.04,44.6,,,,,27.9921411,0.0
328085,N Fk Elk Creek,MT,46.87,-113.28,1905.0,20170407,30.02,50.54,40.64,,,,,27.9921411,0.0
328086,N Fk Elk Creek,MT,46.87,-113.28,1905.0,20170408,27.68,48.02,33.26,,,,,34.0157664,0.70078778
328087,N Fk Elk Creek,MT,46.87,-113.28,1905.0,20170409,20.48,36.32,27.68,,,,,32.9921438,0.29921276
328088,N Fk Elk Creek,MT,46.87,-113.28,1905.0,20170410,20.48,42.44,28.58,,,,,34.0157664,0.09842525
328089,N Fk Elk Creek,MT,46.87,-113.28,1905.0,20170411,21.02,45.5,33.44,,,,,30.984268699999998,0.0
328090,N Fk Elk Creek,MT,46.87,-113.28,1905.0,20170412,33.62,45.86,39.56,,,,,30.984268699999998,0.0
328091,N Fk Elk Creek,MT,46.87,-113.28,1905.0,20170413,31.28,42.8,36.32,,,,,32.0078913,0.40157502
328092,N Fk Elk Creek,MT,46.87,-113.28,1905.0,20170414,26.6,37.58,31.28,,,,,32.0078913,0.09842525
328093,N Fk Elk Creek,MT,46.87,-113.28,1905.0,20170415,24.44,38.3,30.02,,,,,32.0078913,0.09842525
328094,N Fk Elk Creek,MT,46.87,-113.28,1905.0,20170416,22.46,48.38,36.68,,,,,30.984268699999998,0.0
328095,N Fk Elk Creek,MT,46.87,-113.28,1905.0,20170417,32.36,42.08,37.04,,,,,30.984268699999998,0.09842525
328096,N Fk Elk Creek,MT,46.87,-113.28,1905.0,20170418,30.92,51.8,39.2,,,,,30.0000162,0.0
328097,N Fk Elk Creek,MT,46.87,-113.28,1905.0,20170419,30.56,49.64,38.84,,,,,29.015763699999997,0.09842525
328098,N Fk Elk Creek,MT,46.87,-113.28,1905.0,20170420,31.46,50.54,37.22,,,,,29.015763699999997,0.09842525
328099,N Fk Elk Creek,MT,46.87,-113.28,1905.0,20170421,31.28,45.86,35.42,,,,,29.015763699999997,0.09842525
328100,N Fk Elk Creek,MT,46.87,-113.28,1905.0,20170422,29.84,54.14,41.54,,,,,27.9921411,0.0
328101,N Fk Elk Creek,MT,46.87,-113.28,1905.0,20170423,32.9,45.68,37.94,,,,,27.9921411,0.0
328102,N Fk Elk Creek,MT,46.87,-113.28,1905.0,20170424,31.1,44.6,36.68,,,,,27.9921411,0.0
328103,N Fk Elk Creek,MT,46.87,-113.28,1905.0,20170425,32.54,45.68,36.68,,,,,27.0078886,0.0
328104,N Fk Elk Creek,MT,46.87,-113.28,1905.0,20170426,31.64,44.06,35.42,,,,,27.0078886,0.09842525
328105,N Fk Elk Creek,MT,46.87,-113.28,1905.0,20170427,29.12,39.74,32.18,,,,,25.984266,0.09842525
328106,N Fk Elk Creek,MT,46.87,-113.28,1905.0,20170428,25.16,45.32,34.34,,,,,27.0078886,0.20078751
328107,N Fk Elk Creek,MT,46.87,-113.28,1905.0,20170429,27.68,49.28,37.76,,,,,27.0078886,0.0
328108,N Fk Elk Creek,MT,46.87,-113.28,1905.0,20170430,33.8,47.12,38.12,,,,,25.984266,0.0
328109,N Fk Elk Creek,MT,46.87,-113.28,1905.0,20170501,31.82,48.56,37.04,,,,,25.0000135,0.0
328110,N Fk Elk Creek,MT,46.87,-113.28,1905.0,20170502,30.56,41.54,34.52,,,,,25.0000135,0.09842525
328111,N Fk Elk Creek,MT,46.87,-113.28,1905.0,20170503,29.66,57.2,43.52,,,,,22.992138399999998,0.0
328112,N Fk Elk Creek,MT,46.87,-113.28,1905.0,20170504,38.84,71.6,55.04,,,,,20.000010800000002,0.0
328113,N Fk Elk Creek,MT,46.87,-113.28,1905.0,20170505,44.78,71.24,57.02,,,,,15.9842606,0.0
328114,N Fk Elk Creek,MT,46.87,-113.28,1905.0,20170506,41.36,62.06,48.92,,,,,14.015755599999999,0.0
328115,N Fk Elk Creek,MT,46.87,-113.28,1905.0,20170507,31.46,41.36,36.32,,,,,14.015755599999999,0.40157502
328116,N Fk Elk Creek,MT,46.87,-113.28,1905.0,20170508,28.94,56.48,40.82,,,,,12.007880499999999,0.0
328117,N Fk Elk Creek,MT,46.87,-113.28,1905.0,20170509,34.16,61.34,47.12,,,,,10.000005400000001,0.0
328118,N Fk Elk Creek,MT,46.87,-113.28,1905.0,20170510,40.28,68.0,53.06,,,,,7.9921303,0.0
328119,N Fk Elk Creek,MT,46.87,-113.28,1905.0,20170511,44.24,72.14,56.48,,,,,4.0157502,0.0
328120,N Fk Elk Creek,MT,46.87,-113.28,1905.0,20170512,32.0,60.08,45.68,,,,,2.0078751,0.50000027
328121,N Fk Elk Creek,MT,46.87,-113.28,1905.0,20170513,30.02,38.3,32.54,,,,,0.9842525,0.20078751
328122,N Fk Elk Creek,MT,46.87,-113.28,1905.0,20170514,29.12,44.78,34.34,,,,,0.0,0.0
328123,N Fk Elk Creek,MT,46.87,-113.28,1905.0,20170515,27.86,50.72,38.3,,,,,0.0,0.09842525
328124,N Fk Elk Creek,MT,46.87,-113.28,1905.0,20170516,32.54,47.48,38.3,,,,,2.0078751,0.29921276
328125,N Fk Elk Creek,MT,46.87,-113.28,1905.0,20170517,29.48,38.66,33.44,,,,,10.9842579,1.50000081
328126,N Fk Elk Creek,MT,46.87,-113.28,1905.0,20170518,33.8,51.8,40.28,,,,,5.984255200000001,0.09842525
328127,N Fk Elk Creek,MT,46.87,-113.28,1905.0,20170519,32.54,58.82,43.52,,,,,2.0078751,0.0
328128,N Fk Elk Creek,MT,46.87,-113.28,1905.0,20170520,37.4,55.76,44.42,,,,,0.0,0.0
328129,N Fk Elk Creek,MT,46.87,-113.28,1905.0,20170521,36.14,62.6,48.74,,,,,0.0,0.0
328130,N Fk Elk Creek,MT,46.87,-113.28,1905.0,20170522,42.26,67.82,54.14,,,,,0.0,0.09842525
328131,N Fk Elk Creek,MT,46.87,-113.28,1905.0,20170523,42.98,73.4,58.46,,,,,0.0,0.09842525
328132,N Fk Elk Creek,MT,46.87,-113.28,1905.0,20170524,37.4,55.76,46.4,,,,,0.0,0.0
328133,N Fk Elk Creek,MT,46.87,-113.28,1905.0,20170525,36.32,53.78,43.34,,,,,0.0,0.09842525
328134,N Fk Elk Creek,MT,46.87,-113.28,1905.0,20170526,39.2,60.08,47.3,,,,,0.0,0.09842525
328135,N Fk Elk Creek,MT,46.87,-113.28,1905.0,20170527,40.28,66.38,51.8,,,,,0.0,0.0
328136,N Fk Elk Creek,MT,46.87,-113.28,1905.0,20170528,42.98,70.88,56.12,,,,,0.0,0.0
328137,N Fk Elk Creek,MT,46.87,-113.28,1905.0,20170529,44.24,71.96,58.46,,,,,0.0,0.0
328138,N Fk Elk Creek,MT,46.87,-113.28,1905.0,20170530,50.0,76.28,62.24,,,,,0.0,0.0
328139,N Fk Elk Creek,MT,46.87,-113.28,1905.0,20170531,49.64,76.64,60.44,,,,,0.0,0.0
328140,N Fk Elk Creek,MT,46.87,-113.28,1905.0,20170601,43.52,62.6,51.08,,,,,0.0,0.0
328141,N Fk Elk Creek,MT,46.87,-113.28,1905.0,20170602,42.98,62.24,50.36,,,,,0.0,0.0
328142,N Fk Elk Creek,MT,46.87,-113.28,1905.0,20170603,42.44,73.4,58.82,,,,,0.0,0.0
328143,N Fk Elk Creek,MT,46.87,-113.28,1905.0,20170604,42.08,73.76,56.66,,,,,0.0,0.0
328144,N Fk Elk Creek,MT,46.87,-113.28,1905.0,20170605,41.18,62.6,49.1,,,,,0.0,0.0
328145,N Fk Elk Creek,MT,46.87,-113.28,1905.0,20170606,44.6,68.72,56.84,,,,,0.0,0.0
328146,N Fk Elk Creek,MT,46.87,-113.28,1905.0,20170607,50.72,80.24,64.94,,,,,0.0,0.0
328147,N Fk Elk Creek,MT,46.87,-113.28,1905.0,20170608,44.24,71.42,59.0,,,,,0.0,0.0
328148,N Fk Elk Creek,MT,46.87,-113.28,1905.0,20170609,35.96,56.3,45.32,,,,,0.0,0.0
328149,N Fk Elk Creek,MT,46.87,-113.28,1905.0,20170610,33.08,49.64,40.28,,,,,0.0,0.0
328150,N Fk Elk Creek,MT,46.87,-113.28,1905.0,20170611,31.46,62.6,45.5,,,,,0.0,0.20078751
328151,N Fk Elk Creek,MT,46.87,-113.28,1905.0,20170612,41.72,67.1,53.6,,,,,0.0,0.29921276
328152,N Fk Elk Creek,MT,46.87,-113.28,1905.0,20170613,38.84,47.12,41.9,,,,,0.0,2.5984266
328153,N Fk Elk Creek,MT,46.87,-113.28,1905.0,20170614,37.4,58.1,45.68,,,,,0.0,0.0
328154,N Fk Elk Creek,MT,46.87,-113.28,1905.0,20170615,41.18,55.94,47.66,,,,,0.0,0.0
328155,N Fk Elk Creek,MT,46.87,-113.28,1905.0,20170616,41.72,51.62,45.86,,,,,0.0,0.0
328156,N Fk Elk Creek,MT,46.87,-113.28,1905.0,20170617,40.1,58.46,47.12,,,,,0.0,0.0
328157,N Fk Elk Creek,MT,46.87,-113.28,1905.0,20170618,42.62,51.8,46.58,,,,,0.0,0.0
328158,N Fk Elk Creek,MT,46.87,-113.28,1905.0,20170619,46.04,75.56,59.54,,,,,0.0,0.0
328159,N Fk Elk Creek,MT,46.87,-113.28,1905.0,20170620,53.42,73.4,62.24,,,,,0.0,0.0
328160,N Fk Elk Creek,MT,46.87,-113.28,1905.0,20170621,45.5,66.92,56.3,,,,,0.0,0.0
328161,N Fk Elk Creek,MT,46.87,-113.28,1905.0,20170622,41.36,61.52,50.0,,,,,0.0,0.0
328162,N Fk Elk Creek,MT,46.87,-113.28,1905.0,20170623,37.58,66.74,52.16,,,,,0.0,0.0
328163,N Fk Elk Creek,MT,46.87,-113.28,1905.0,20170624,46.4,71.06,57.56,,,,,0.0,0.0
328164,N Fk Elk Creek,MT,46.87,-113.28,1905.0,20170625,46.94,78.8,62.96,,,,,0.0,0.0
328165,N Fk Elk Creek,MT,46.87,-113.28,1905.0,20170626,53.42,84.02,67.64,,,,,0.0,0.0
328166,N Fk Elk Creek,MT,46.87,-113.28,1905.0,20170627,49.28,70.34,57.38,,,,,0.0,0.0
328167,N Fk Elk Creek,MT,46.87,-113.28,1905.0,20170628,44.96,67.64,54.86,,,,,0.0,0.0
328168,N Fk Elk Creek,MT,46.87,-113.28,1905.0,20170629,42.98,62.42,50.0,,,,,0.0,0.0
328169,N Fk Elk Creek,MT,46.87,-113.28,1905.0,20170630,44.42,72.68,57.38,,,,,0.0,0.0
328170,N Fk Elk Creek,MT,46.87,-113.28,1905.0,20170701,50.9,77.0,62.96,,,,,0.0,0.0
328171,N Fk Elk Creek,MT,46.87,-113.28,1905.0,20170702,52.52,80.96,65.12,,,,,0.0,0.0
328172,N Fk Elk Creek,MT,46.87,-113.28,1905.0,20170703,52.7,77.9,64.58,,,,,0.0,0.0
328173,N Fk Elk Creek,MT,46.87,-113.28,1905.0,20170704,47.12,78.8,62.96,,,,,0.0,0.0
328174,N Fk Elk Creek,MT,46.87,-113.28,1905.0,20170705,54.32,86.36,69.98,,,,,0.0,0.0
328175,N Fk Elk Creek,MT,46.87,-113.28,1905.0,20170706,56.84,84.56,69.62,,,,,0.0,0.0
328176,N Fk Elk Creek,MT,46.87,-113.28,1905.0,20170707,59.72,86.72,71.78,,,,,0.0,0.0
328177,N Fk Elk Creek,MT,46.87,-113.28,1905.0,20170708,58.46,87.62,71.78,,,,,0.0,0.0
328178,N Fk Elk Creek,MT,46.87,-113.28,1905.0,20170709,57.74,86.9,69.98,,,,,0.0,0.0
328179,N Fk Elk Creek,MT,46.87,-113.28,1905.0,20170710,55.04,74.48,62.78,,,,,0.0,0.0
328180,N Fk Elk Creek,MT,46.87,-113.28,1905.0,20170711,49.28,73.22,59.72,,,,,0.0,0.0
328181,N Fk Elk Creek,MT,46.87,-113.28,1905.0,20170712,50.0,78.8,63.14,,,,,0.0,0.0
328182,N Fk Elk Creek,MT,46.87,-113.28,1905.0,20170713,53.42,86.36,69.44,,,,,0.0,0.0
328183,N Fk Elk Creek,MT,46.87,-113.28,1905.0,20170714,54.86,88.34,70.52,,,,,0.0,0.0
328184,N Fk Elk Creek,MT,46.87,-113.28,1905.0,20170715,53.42,84.92,68.36,,,,,0.0,0.0
328185,N Fk Elk Creek,MT,46.87,-113.28,1905.0,20170716,50.18,73.94,61.7,,,,,0.0,0.0
328186,N Fk Elk Creek,MT,46.87,-113.28,1905.0,20170717,44.06,72.5,57.74,,,,,0.0,0.0
328187,N Fk Elk Creek,MT,46.87,-113.28,1905.0,20170718,48.2,78.8,63.14,,,,,0.0,0.0
328188,N Fk Elk Creek,MT,46.87,-113.28,1905.0,20170719,51.8,81.32,64.94,,,,,0.0,0.0
328189,N Fk Elk Creek,MT,46.87,-113.28,1905.0,20170720,53.06,78.44,65.3,,,,,0.0,0.0
328190,N Fk Elk Creek,MT,46.87,-113.28,1905.0,20170721,48.74,73.4,59.9,,,,,0.0,0.0
328191,N Fk Elk Creek,MT,46.87,-113.28,1905.0,20170722,48.74,77.54,61.88,,,,,0.0,0.0
328192,N Fk Elk Creek,MT,46.87,-113.28,1905.0,20170723,52.52,83.66,67.46,,,,,0.0,0.0
328193,N Fk Elk Creek,MT,46.87,-113.28,1905.0,20170724,53.6,80.06,66.56,,,,,0.0,0.0
328194,N Fk Elk Creek,MT,46.87,-113.28,1905.0,20170725,49.1,78.8,63.68,,,,,0.0,0.0
328195,N Fk Elk Creek,MT,46.87,-113.28,1905.0,20170726,52.16,81.5,66.38,,,,,0.0,0.0
328196,N Fk Elk Creek,MT,46.87,-113.28,1905.0,20170727,57.2,80.24,66.02,,,,,0.0,0.0
328197,N Fk Elk Creek,MT,46.87,-113.28,1905.0,20170728,53.24,81.14,64.94,,,,,0.0,0.0
328198,N Fk Elk Creek,MT,46.87,-113.28,1905.0,20170729,55.04,83.48,67.64,,,,,0.0,0.0
328199,N Fk Elk Creek,MT,46.87,-113.28,1905.0,20170730,56.84,83.3,68.36,,,,,0.0,0.0
328200,N Fk Elk Creek,MT,46.87,-113.28,1905.0,20170731,52.88,82.4,66.56,,,,,0.0,0.0
328201,N Fk Elk Creek,MT,46.87,-113.28,1905.0,20170801,53.78,81.86,66.38,,,,,0.0,0.0
328202,N Fk Elk Creek,MT,46.87,-113.28,1905.0,20170802,48.56,68.72,56.66,,,,,0.0,0.0
328203,N Fk Elk Creek,MT,46.87,-113.28,1905.0,20170803,47.66,78.44,61.52,,,,,0.0,0.0
328204,N Fk Elk Creek,MT,46.87,-113.28,1905.0,20170804,50.72,80.6,62.78,,,,,0.0,0.0
328205,N Fk Elk Creek,MT,46.87,-113.28,1905.0,20170805,48.38,66.2,55.04,,,,,0.0,0.0
328206,N Fk Elk Creek,MT,46.87,-113.28,1905.0,20170806,49.1,73.58,59.18,,,,,0.0,0.0
328207,N Fk Elk Creek,MT,46.87,-113.28,1905.0,20170807,48.74,77.18,63.86,,,,,0.0,0.0
328208,N Fk Elk Creek,MT,46.87,-113.28,1905.0,20170808,53.42,75.38,61.88,,,,,0.0,0.0
328209,N Fk Elk Creek,MT,46.87,-113.28,1905.0,20170809,51.8,75.38,60.8,,,,,0.0,0.0
328210,N Fk Elk Creek,MT,46.87,-113.28,1905.0,20170810,49.46,77.36,63.5,,,,,0.0,0.0
328211,N Fk Elk Creek,MT,46.87,-113.28,1905.0,20170811,50.9,78.08,63.32,,,,,0.0,0.0
328212,N Fk Elk Creek,MT,46.87,-113.28,1905.0,20170812,54.86,80.06,66.38,,,,,0.0,0.0
328213,N Fk Elk Creek,MT,46.87,-113.28,1905.0,20170813,47.84,70.88,56.66,,,,,0.0,0.0
328214,N Fk Elk Creek,MT,46.87,-113.28,1905.0,20170814,44.6,66.02,53.78,,,,,0.0,0.0
328215,N Fk Elk Creek,MT,46.87,-113.28,1905.0,20170815,41.36,69.62,54.86,,,,,0.0,0.0
328216,N Fk Elk Creek,MT,46.87,-113.28,1905.0,20170816,46.22,71.42,58.46,,,,,0.0,0.0
328217,N Fk Elk Creek,MT,46.87,-113.28,1905.0,20170817,49.46,72.86,60.26,,,,,0.0,0.0
328218,N Fk Elk Creek,MT,46.87,-113.28,1905.0,20170818,48.74,75.38,61.88,,,,,0.0,0.0
328219,N Fk Elk Creek,MT,46.87,-113.28,1905.0,20170819,47.48,68.36,58.1,,,,,0.0,0.0
328220,N Fk Elk Creek,MT,46.87,-113.28,1905.0,20170820,43.88,67.1,54.5,,,,,0.0,0.0
328221,N Fk Elk Creek,MT,46.87,-113.28,1905.0,20170821,45.32,71.78,56.66,,,,,0.0,0.0
328222,N Fk Elk Creek,MT,46.87,-113.28,1905.0,20170822,49.28,78.62,62.6,,,,,0.0,0.0
328223,N Fk Elk Creek,MT,46.87,-113.28,1905.0,20170823,53.6,80.6,66.2,,,,,0.0,0.0
328224,N Fk Elk Creek,MT,46.87,-113.28,1905.0,20170824,51.62,69.98,59.72,,,,,0.0,0.0
328225,N Fk Elk Creek,MT,46.87,-113.28,1905.0,20170825,46.04,72.5,57.92,,,,,0.0,0.0
328226,N Fk Elk Creek,MT,46.87,-113.28,1905.0,20170826,46.76,75.38,59.36,,,,,0.0,0.0
328227,N Fk Elk Creek,MT,46.87,-113.28,1905.0,20170827,51.44,79.88,64.04,,,,,0.0,0.0
328228,N Fk Elk Creek,MT,46.87,-113.28,1905.0,20170828,54.5,80.42,66.56,,,,,0.0,0.0
328229,N Fk Elk Creek,MT,46.87,-113.28,1905.0,20170829,60.08,81.86,69.44,,,,,0.0,0.0
328230,N Fk Elk Creek,MT,46.87,-113.28,1905.0,20170830,57.92,80.42,67.1,,,,,0.0,0.0
328231,N Fk Elk Creek,MT,46.87,-113.28,1905.0,20170831,51.98,73.76,61.34,,,,,0.0,0.0
328232,N Fk Elk Creek,MT,46.87,-113.28,1905.0,20170901,47.66,73.22,60.8,,,,,0.0,0.0
328233,N Fk Elk Creek,MT,46.87,-113.28,1905.0,20170902,53.6,81.68,66.92,,,,,0.0,0.0
328234,N Fk Elk Creek,MT,46.87,-113.28,1905.0,20170903,57.02,83.3,69.08,,,,,0.0,0.0
328235,N Fk Elk Creek,MT,46.87,-113.28,1905.0,20170904,48.56,63.68,53.78,,,,,0.0,0.0
328236,N Fk Elk Creek,MT,46.87,-113.28,1905.0,20170905,43.34,71.6,57.56,,,,,0.0,0.0
328237,N Fk Elk Creek,MT,46.87,-113.28,1905.0,20170906,50.72,75.02,62.24,,,,,0.0,0.0
328238,N Fk Elk Creek,MT,46.87,-113.28,1905.0,20170907,54.32,78.08,66.92,,,,,0.0,0.0
328239,N Fk Elk Creek,MT,46.87,-113.28,1905.0,20170908,55.22,74.3,64.22,,,,,0.0,0.0
328240,N Fk Elk Creek,MT,46.87,-113.28,1905.0,20170909,52.88,75.56,63.5,,,,,0.0,0.0
328241,N Fk Elk Creek,MT,46.87,-113.28,1905.0,20170910,50.72,68.72,58.64,,,,,0.0,0.0
328242,N Fk Elk Creek,MT,46.87,-113.28,1905.0,20170911,46.58,75.2,60.08,,,,,0.0,0.0
328243,N Fk Elk Creek,MT,46.87,-113.28,1905.0,20170912,53.24,77.0,63.86,,,,,0.0,0.0
328244,N Fk Elk Creek,MT,46.87,-113.28,1905.0,20170913,45.14,68.72,58.46,,,,,0.0,0.0
328245,N Fk Elk Creek,MT,46.87,-113.28,1905.0,20170914,33.8,45.14,37.94,,,,,0.0,0.20078751
328246,N Fk Elk Creek,MT,46.87,-113.28,1905.0,20170915,32.54,35.06,33.8,,,,,0.0,0.29921276
328247,N Fk Elk Creek,MT,46.87,-113.28,1905.0,20170916,31.1,40.28,35.24,,,,,0.0,0.0
328248,N Fk Elk Creek,MT,46.87,-113.28,1905.0,20170917,32.36,53.06,42.62,,,,,0.0,0.0
328249,N Fk Elk Creek,MT,46.87,-113.28,1905.0,20170918,34.7,52.16,41.54,,,,,0.0,0.0
328250,N Fk Elk Creek,MT,46.87,-113.28,1905.0,20170919,32.18,41.36,34.88,,,,,0.0,0.09842525
328251,N Fk Elk Creek,MT,46.87,-113.28,1905.0,20170920,32.0,36.86,34.34,,,,,0.0,0.09842525
328252,N Fk Elk Creek,MT,46.87,-113.28,1905.0,20170921,31.1,41.0,35.24,,,,,0.0,0.29921276
328253,Combination,MT,46.47,-113.39,1706.9,20170101,-2.92,19.22,9.32,,,,,14.015755599999999,0.0
328254,Combination,MT,46.47,-113.39,1706.9,20170102,-9.94,5.18,-2.02,,,,,14.015755599999999,0.0
328255,Combination,MT,46.47,-113.39,1706.9,20170103,-11.74,7.88,-0.58,,,,,14.015755599999999,0.0
328256,Combination,MT,46.47,-113.39,1706.9,20170104,-16.42,10.94,-7.06,,,,,14.015755599999999,0.0
328257,Combination,MT,46.47,-113.39,1706.9,20170105,-14.26,10.58,-1.48,,,,,14.015755599999999,0.0
328258,Combination,MT,46.47,-113.39,1706.9,20170106,5.0,20.84,11.48,,,,,14.015755599999999,0.0
328259,Combination,MT,46.47,-113.39,1706.9,20170107,-3.64,19.22,9.86,,,,,14.015755599999999,0.20078751
328260,Combination,MT,46.47,-113.39,1706.9,20170108,16.34,37.76,29.12,,,,,15.9842606,0.20078751
328261,Combination,MT,46.47,-113.39,1706.9,20170109,21.92,39.2,32.36,,,,,17.9921357,0.20078751
328262,Combination,MT,46.47,-113.39,1706.9,20170110,5.36,32.54,24.44,,,,,17.9921357,0.0
328263,Combination,MT,46.47,-113.39,1706.9,20170111,2.66,14.9,8.6,,,,,17.0078832,0.0
328264,Combination,MT,46.47,-113.39,1706.9,20170112,7.16,27.32,13.46,,,,,15.9842606,0.0
328265,Combination,MT,46.47,-113.39,1706.9,20170113,1.04,25.16,10.58,,,,,15.9842606,0.0
328266,Combination,MT,46.47,-113.39,1706.9,20170114,5.54,29.48,15.08,,,,,15.9842606,0.09842525
328267,Combination,MT,46.47,-113.39,1706.9,20170115,9.86,32.72,18.32,,,,,15.0000081,0.0
328268,Combination,MT,46.47,-113.39,1706.9,20170116,10.04,32.9,20.3,,,,,15.0000081,0.09842525
328269,Combination,MT,46.47,-113.39,1706.9,20170117,15.8,46.76,30.56,,,,,15.0000081,0.09842525
328270,Combination,MT,46.47,-113.39,1706.9,20170118,33.44,48.74,41.72,,,,,15.0000081,0.0
328271,Combination,MT,46.47,-113.39,1706.9,20170119,29.84,42.08,36.32,,,,,14.015755599999999,0.0
328272,Combination,MT,46.47,-113.39,1706.9,20170120,14.0,33.8,24.98,,,,,12.992133,0.0
328273,Combination,MT,46.47,-113.39,1706.9,20170121,13.28,32.72,23.36,,,,,15.0000081,0.0
328274,Combination,MT,46.47,-113.39,1706.9,20170122,19.22,37.58,26.6,,,,,15.0000081,0.0
328275,Combination,MT,46.47,-113.39,1706.9,20170123,6.62,30.92,20.48,,,,,15.0000081,0.0
328276,Combination,MT,46.47,-113.39,1706.9,20170124,3.38,29.48,16.16,,,,,15.0000081,0.0
328277,Combination,MT,46.47,-113.39,1706.9,20170125,15.98,28.58,21.56,,,,,15.0000081,0.0
328278,Combination,MT,46.47,-113.39,1706.9,20170126,8.06,29.66,19.22,,,,,15.0000081,0.0
328279,Combination,MT,46.47,-113.39,1706.9,20170127,7.16,34.34,19.76,,,,,15.0000081,0.0
328280,Combination,MT,46.47,-113.39,1706.9,20170128,19.76,45.86,31.64,,,,,15.0000081,0.09842525
328281,Combination,MT,46.47,-113.39,1706.9,20170129,27.86,51.8,38.12,,,,,15.0000081,0.0
328282,Combination,MT,46.47,-113.39,1706.9,20170130,24.98,44.96,35.24,,,,,15.0000081,0.0
328283,Combination,MT,46.47,-113.39,1706.9,20170131,11.84,32.18,22.1,,,,,22.007885899999998,0.40157502
328284,Combination,MT,46.47,-113.39,1706.9,20170201,-9.4,14.36,5.18,,,,,20.9842633,0.09842525
328285,Combination,MT,46.47,-113.39,1706.9,20170202,-12.82,13.28,1.22,,,,,20.000010800000002,0.0
328286,Combination,MT,46.47,-113.39,1706.9,20170203,-12.28,36.86,17.78,,,,,20.000010800000002,0.09842525
328287,Combination,MT,46.47,-113.39,1706.9,20170204,32.9,40.82,35.6,,,,,22.007885899999998,0.50000027
328288,Combination,MT,46.47,-113.39,1706.9,20170205,33.44,42.62,38.12,,,,,20.000010800000002,0.0
328289,Combination,MT,46.47,-113.39,1706.9,20170206,22.46,43.88,33.62,,,,,20.9842633,0.09842525
328290,Combination,MT,46.47,-113.39,1706.9,20170207,12.38,29.66,21.92,,,,,20.9842633,0.0
328291,Combination,MT,46.47,-113.39,1706.9,20170208,19.04,37.04,28.58,,,,,20.9842633,0.09842525
328292,Combination,MT,46.47,-113.39,1706.9,20170209,36.68,44.06,40.46,,,,,17.9921357,0.20078751
328293,Combination,MT,46.47,-113.39,1706.9,20170210,28.22,38.66,34.34,,,,,17.9921357,0.0
328294,Combination,MT,46.47,-113.39,1706.9,20170211,15.26,32.72,26.24,,,,,19.0157583,0.0
328295,Combination,MT,46.47,-113.39,1706.9,20170212,9.32,41.36,24.26,,,,,19.0157583,0.0
328296,Combination,MT,46.47,-113.39,1706.9,20170213,18.32,44.96,28.76,,,,,19.0157583,0.09842525
328297,Combination,MT,46.47,-113.39,1706.9,20170214,21.02,44.24,30.92,,,,,19.0157583,0.0
328298,Combination,MT,46.47,-113.39,1706.9,20170215,29.48,56.84,43.34,,,,,17.9921357,0.0
328299,Combination,MT,46.47,-113.39,1706.9,20170216,33.8,51.62,43.7,,,,,17.0078832,0.0
328300,Combination,MT,46.47,-113.39,1706.9,20170217,31.28,44.6,35.96,,,,,15.9842606,0.0
328301,Combination,MT,46.47,-113.39,1706.9,20170218,30.56,48.74,39.56,,,,,15.9842606,0.0
328302,Combination,MT,46.47,-113.39,1706.9,20170219,28.76,46.58,36.32,,,,,15.9842606,0.0
328303,Combination,MT,46.47,-113.39,1706.9,20170220,29.12,43.52,37.22,,,,,15.9842606,0.0
328304,Combination,MT,46.47,-113.39,1706.9,20170221,31.46,44.24,36.32,,,,,15.9842606,0.0
328305,Combination,MT,46.47,-113.39,1706.9,20170222,19.04,37.22,29.12,,,,,15.9842606,0.0
328306,Combination,MT,46.47,-113.39,1706.9,20170223,13.82,31.1,24.98,,,,,15.9842606,0.0
328307,Combination,MT,46.47,-113.39,1706.9,20170224,9.5,28.4,19.94,,,,,15.9842606,0.0
328308,Combination,MT,46.47,-113.39,1706.9,20170225,7.7,26.24,19.4,,,,,17.0078832,0.09842525
328309,Combination,MT,46.47,-113.39,1706.9,20170226,18.14,29.12,23.72,,,,,17.0078832,0.0
328310,Combination,MT,46.47,-113.39,1706.9,20170227,11.3,32.9,21.92,,,,,19.0157583,0.09842525
328311,Combination,MT,46.47,-113.39,1706.9,20170228,18.14,31.46,22.82,,,,,17.9921357,0.0
328312,Combination,MT,46.47,-113.39,1706.9,20170301,20.12,36.32,30.02,,,,,17.9921357,0.09842525
328313,Combination,MT,46.47,-113.39,1706.9,20170302,28.04,45.32,35.96,,,,,17.0078832,0.09842525
328314,Combination,MT,46.47,-113.39,1706.9,20170303,32.0,48.92,40.28,,,,,17.0078832,0.0
328315,Combination,MT,46.47,-113.39,1706.9,20170304,33.62,44.06,38.12,,,,,17.0078832,0.0
328316,Combination,MT,46.47,-113.39,1706.9,20170305,22.28,36.5,29.84,,,,,17.0078832,0.0
328317,Combination,MT,46.47,-113.39,1706.9,20170306,15.08,33.98,23.54,,,,,17.9921357,0.09842525
328318,Combination,MT,46.47,-113.39,1706.9,20170307,19.4,35.24,28.22,,,,,17.0078832,0.0
328319,Combination,MT,46.47,-113.39,1706.9,20170308,27.68,37.4,33.62,,,,,22.007885899999998,0.40157502
328320,Combination,MT,46.47,-113.39,1706.9,20170309,25.7,38.48,31.46,,,,,25.0000135,0.29921276
328321,Combination,MT,46.47,-113.39,1706.9,20170310,30.38,50.36,40.28,,,,,20.9842633,0.0
328322,Combination,MT,46.47,-113.39,1706.9,20170311,28.94,51.44,39.56,,,,,19.0157583,0.0
328323,Combination,MT,46.47,-113.39,1706.9,20170312,31.1,44.42,37.76,,,,,19.0157583,0.0
328324,Combination,MT,46.47,-113.39,1706.9,20170313,36.32,53.6,43.34,,,,,17.9921357,0.0
328325,Combination,MT,46.47,-113.39,1706.9,20170314,38.12,53.96,45.14,,,,,15.9842606,0.0
328326,Combination,MT,46.47,-113.39,1706.9,20170315,37.58,53.06,45.5,,,,,15.0000081,0.09842525
328327,Combination,MT,46.47,-113.39,1706.9,20170316,26.6,46.04,37.04,,,,,14.015755599999999,0.0
328328,Combination,MT,46.47,-113.39,1706.9,20170317,25.34,51.08,39.38,,,,,12.992133,0.0
328329,Combination,MT,46.47,-113.39,1706.9,20170318,34.88,61.34,45.14,,,,,10.9842579,0.0
328330,Combination,MT,46.47,-113.39,1706.9,20170319,29.3,49.28,38.84,,,,,10.9842579,0.0
328331,Combination,MT,46.47,-113.39,1706.9,20170320,26.24,40.64,33.08,,,,,10.9842579,0.0
328332,Combination,MT,46.47,-113.39,1706.9,20170321,25.7,51.26,38.66,,,,,10.000005400000001,0.09842525
328333,Combination,MT,46.47,-113.39,1706.9,20170322,31.1,52.34,39.74,,,,,9.0157529,0.0
328334,Combination,MT,46.47,-113.39,1706.9,20170323,26.42,48.74,36.14,,,,,9.0157529,0.0
328335,Combination,MT,46.47,-113.39,1706.9,20170324,25.16,55.94,38.84,,,,,7.9921303,0.0
328336,Combination,MT,46.47,-113.39,1706.9,20170325,29.84,48.38,36.86,,,,,7.007877799999999,0.0
328337,Combination,MT,46.47,-113.39,1706.9,20170326,26.6,52.16,38.12,,,,,5.984255200000001,0.09842525
328338,Combination,MT,46.47,-113.39,1706.9,20170327,30.74,44.06,36.5,,,,,5.984255200000001,0.0
328339,Combination,MT,46.47,-113.39,1706.9,20170328,27.14,46.94,37.04,,,,,5.0000027000000005,0.09842525
328340,Combination,MT,46.47,-113.39,1706.9,20170329,37.04,51.62,41.0,,,,,4.0157502,0.09842525
328341,Combination,MT,46.47,-113.39,1706.9,20170330,34.16,46.22,39.38,,,,,2.9921276000000003,0.09842525
328342,Combination,MT,46.47,-113.39,1706.9,20170331,30.38,47.66,37.94,,,,,2.0078751,0.0
328343,Combination,MT,46.47,-113.39,1706.9,20170401,29.12,58.46,42.26,,,,,0.0,0.0
328344,Combination,MT,46.47,-113.39,1706.9,20170402,28.04,48.38,37.22,,,,,0.0,0.0
328345,Combination,MT,46.47,-113.39,1706.9,20170403,24.08,35.96,28.94,,,,,0.0,0.0
328346,Combination,MT,46.47,-113.39,1706.9,20170404,15.98,46.22,32.36,,,,,0.0,0.09842525
328347,Combination,MT,46.47,-113.39,1706.9,20170405,29.66,52.88,40.46,,,,,0.0,0.20078751
328348,Combination,MT,46.47,-113.39,1706.9,20170406,33.62,61.88,45.68,,,,,0.0,0.20078751
328349,Combination,MT,46.47,-113.39,1706.9,20170407,29.66,54.14,41.18,,,,,0.0,0.0
328350,Combination,MT,46.47,-113.39,1706.9,20170408,29.3,48.74,35.6,,,,,0.0,0.0
328351,Combination,MT,46.47,-113.39,1706.9,20170409,22.82,38.84,32.0,,,,,0.0,0.09842525
328352,Combination,MT,46.47,-113.39,1706.9,20170410,21.02,46.58,32.54,,,,,0.0,0.0
328353,Combination,MT,46.47,-113.39,1706.9,20170411,22.82,49.28,37.58,,,,,0.0,0.09842525
328354,Combination,MT,46.47,-113.39,1706.9,20170412,33.08,50.9,41.54,,,,,0.0,0.09842525
328355,Combination,MT,46.47,-113.39,1706.9,20170413,32.72,48.2,37.22,,,,,0.9842525,0.20078751
328356,Combination,MT,46.47,-113.39,1706.9,20170414,30.74,42.98,35.42,,,,,0.0,0.0
328357,Combination,MT,46.47,-113.39,1706.9,20170415,28.04,43.16,33.44,,,,,0.0,0.0
328358,Combination,MT,46.47,-113.39,1706.9,20170416,24.08,52.34,37.76,,,,,0.0,0.0
328359,Combination,MT,46.47,-113.39,1706.9,20170417,32.0,52.16,41.18,,,,,0.0,0.09842525
328360,Combination,MT,46.47,-113.39,1706.9,20170418,30.2,56.12,41.0,,,,,0.0,0.0
328361,Combination,MT,46.47,-113.39,1706.9,20170419,30.92,53.78,40.28,,,,,0.0,0.0
328362,Combination,MT,46.47,-113.39,1706.9,20170420,29.84,52.16,37.58,,,,,0.0,0.0
328363,Combination,MT,46.47,-113.39,1706.9,20170421,30.56,48.02,38.3,,,,,0.0,0.0
328364,Combination,MT,46.47,-113.39,1706.9,20170422,28.4,58.1,43.34,,,,,0.0,0.09842525
328365,Combination,MT,46.47,-113.39,1706.9,20170423,36.68,51.98,41.72,,,,,0.0,0.0
328366,Combination,MT,46.47,-113.39,1706.9,20170424,32.36,46.58,38.12,,,,,0.0,0.09842525
328367,Combination,MT,46.47,-113.39,1706.9,20170425,33.98,48.02,39.02,,,,,0.0,0.0
328368,Combination,MT,46.47,-113.39,1706.9,20170426,33.62,48.92,39.74,,,,,0.0,0.09842525
328369,Combination,MT,46.47,-113.39,1706.9,20170427,30.92,44.96,36.32,,,,,0.0,0.0
328370,Combination,MT,46.47,-113.39,1706.9,20170428,29.12,44.42,36.86,,,,,0.0,0.0
328371,Combination,MT,46.47,-113.39,1706.9,20170429,28.76,53.78,41.36,,,,,0.0,0.29921276
328372,Combination,MT,46.47,-113.39,1706.9,20170430,34.7,53.6,43.16,,,,,0.0,0.0
328373,Combination,MT,46.47,-113.39,1706.9,20170501,35.06,52.7,41.36,,,,,0.0,0.09842525
328374,Combination,MT,46.47,-113.39,1706.9,20170502,29.66,47.66,37.76,,,,,0.0,0.09842525
328375,Combination,MT,46.47,-113.39,1706.9,20170503,28.22,63.68,46.58,,,,,0.0,0.09842525
328376,Combination,MT,46.47,-113.39,1706.9,20170504,37.58,72.68,54.14,,,,,0.0,0.29921276
328377,Combination,MT,46.47,-113.39,1706.9,20170505,42.8,75.02,57.74,,,,,0.0,0.40157502
328378,Combination,MT,46.47,-113.39,1706.9,20170506,44.42,65.48,51.62,,,,,0.0,0.0
328379,Combination,MT,46.47,-113.39,1706.9,20170507,32.0,46.58,41.0,,,,,0.0,0.0
328380,Combination,MT,46.47,-113.39,1706.9,20170508,29.12,57.02,42.26,,,,,0.0,0.0
328381,Combination,MT,46.47,-113.39,1706.9,20170509,32.9,62.24,46.58,,,,,0.0,0.0
328382,Combination,MT,46.47,-113.39,1706.9,20170510,33.26,69.26,50.9,,,,,0.0,0.0
328383,Combination,MT,46.47,-113.39,1706.9,20170511,37.58,72.68,55.22,,,,,0.0,0.20078751
328384,Combination,MT,46.47,-113.39,1706.9,20170512,35.24,65.3,47.84,,,,,0.0,0.20078751
328385,Combination,MT,46.47,-113.39,1706.9,20170513,31.46,42.8,36.68,,,,,0.0,0.20078751
328386,Combination,MT,46.47,-113.39,1706.9,20170514,28.4,50.0,37.94,,,,,0.0,0.40157502
328387,Combination,MT,46.47,-113.39,1706.9,20170515,29.3,53.42,40.28,,,,,0.0,0.0
328388,Combination,MT,46.47,-113.39,1706.9,20170516,30.02,50.9,40.46,,,,,0.0,0.20078751
328389,Combination,MT,46.47,-113.39,1706.9,20170517,32.72,36.68,34.88,,,,,5.984255200000001,1.40157556
328390,Combination,MT,46.47,-113.39,1706.9,20170518,33.08,50.72,39.92,,,,,0.9842525,0.20078751
328391,Combination,MT,46.47,-113.39,1706.9,20170519,31.64,55.94,42.26,,,,,0.0,0.0
328392,Combination,MT,46.47,-113.39,1706.9,20170520,36.14,57.92,46.04,,,,,0.0,0.0
328393,Combination,MT,46.47,-113.39,1706.9,20170521,32.54,63.86,47.66,,,,,0.0,0.0
328394,Combination,MT,46.47,-113.39,1706.9,20170522,39.38,69.26,53.42,,,,,0.0,0.0
328395,Combination,MT,46.47,-113.39,1706.9,20170523,40.64,76.46,59.0,,,,,0.0,0.0
328396,Combination,MT,46.47,-113.39,1706.9,20170524,41.0,61.16,51.08,,,,,0.0,0.0
328397,Combination,MT,46.47,-113.39,1706.9,20170525,33.98,54.32,44.06,,,,,0.0,0.0
328398,Combination,MT,46.47,-113.39,1706.9,20170526,31.82,58.28,45.86,,,,,0.0,0.09842525
328399,Combination,MT,46.47,-113.39,1706.9,20170527,41.72,65.66,52.7,,,,,0.0,0.0
328400,Combination,MT,46.47,-113.39,1706.9,20170528,39.38,70.16,52.88,,,,,0.0,0.0
328401,Combination,MT,46.47,-113.39,1706.9,20170529,40.64,71.24,55.4,,,,,0.0,0.0
328402,Combination,MT,46.47,-113.39,1706.9,20170530,40.1,75.2,57.74,,,,,0.0,0.0
328403,Combination,MT,46.47,-113.39,1706.9,20170531,45.14,76.82,59.18,,,,,0.0,0.09842525
328404,Combination,MT,46.47,-113.39,1706.9,20170601,43.7,64.4,52.16,,,,,0.0,0.20078751
328405,Combination,MT,46.47,-113.39,1706.9,20170602,41.0,66.02,51.98,,,,,0.0,0.50000027
328406,Combination,MT,46.47,-113.39,1706.9,20170603,38.66,76.82,57.2,,,,,0.0,0.09842525
328407,Combination,MT,46.47,-113.39,1706.9,20170604,44.6,74.84,58.82,,,,,0.0,0.0
328408,Combination,MT,46.47,-113.39,1706.9,20170605,39.02,62.96,50.54,,,,,0.0,0.0
328409,Combination,MT,46.47,-113.39,1706.9,20170606,36.86,69.8,54.32,,,,,0.0,0.0
328410,Combination,MT,46.47,-113.39,1706.9,20170607,43.7,78.8,61.52,,,,,0.0,0.09842525
328411,Combination,MT,46.47,-113.39,1706.9,20170608,46.94,79.16,59.54,,,,,0.0,0.0
328412,Combination,MT,46.47,-113.39,1706.9,20170609,37.76,58.82,48.2,,,,,0.0,0.09842525
328413,Combination,MT,46.47,-113.39,1706.9,20170610,31.82,52.88,41.9,,,,,0.0,0.20078751
328414,Combination,MT,46.47,-113.39,1706.9,20170611,30.38,60.62,46.4,,,,,0.0,0.0
328415,Combination,MT,46.47,-113.39,1706.9,20170612,37.58,65.3,51.26,,,,,0.0,0.90157529
328416,Combination,MT,46.47,-113.39,1706.9,20170613,42.44,49.64,44.96,,,,,0.0,0.79921303
328417,Combination,MT,46.47,-113.39,1706.9,20170614,35.78,61.7,49.46,,,,,0.0,0.0
328418,Combination,MT,46.47,-113.39,1706.9,20170615,39.74,59.9,51.8,,,,,0.0,0.0
328419,Combination,MT,46.47,-113.39,1706.9,20170616,45.14,61.34,52.34,,,,,0.0,0.0
328420,Combination,MT,46.47,-113.39,1706.9,20170617,41.9,61.88,51.08,,,,,0.0,0.0
328421,Combination,MT,46.47,-113.39,1706.9,20170618,46.04,61.34,53.24,,,,,0.0,0.0
328422,Combination,MT,46.47,-113.39,1706.9,20170619,42.8,78.8,61.34,,,,,0.0,0.0
328423,Combination,MT,46.47,-113.39,1706.9,20170620,52.52,78.98,65.12,,,,,0.0,0.0
328424,Combination,MT,46.47,-113.39,1706.9,20170621,43.34,70.88,58.82,,,,,0.0,0.09842525
328425,Combination,MT,46.47,-113.39,1706.9,20170622,37.04,65.84,50.72,,,,,0.0,0.0
328426,Combination,MT,46.47,-113.39,1706.9,20170623,33.8,68.36,51.62,,,,,0.0,0.0
328427,Combination,MT,46.47,-113.39,1706.9,20170624,37.94,71.96,54.86,,,,,0.0,0.0
328428,Combination,MT,46.47,-113.39,1706.9,20170625,39.56,77.18,59.0,,,,,0.0,0.0
328429,Combination,MT,46.47,-113.39,1706.9,20170626,46.76,86.72,66.56,,,,,0.0,0.0
328430,Combination,MT,46.47,-113.39,1706.9,20170627,47.66,71.96,58.82,,,,,0.0,0.20078751
328431,Combination,MT,46.47,-113.39,1706.9,20170628,42.08,70.7,56.66,,,,,0.0,0.0
328432,Combination,MT,46.47,-113.39,1706.9,20170629,41.18,62.96,50.72,,,,,0.0,0.0
328433,Combination,MT,46.47,-113.39,1706.9,20170630,40.64,73.58,57.92,,,,,0.0,0.0
328434,Combination,MT,46.47,-113.39,1706.9,20170701,45.86,80.96,63.68,,,,,0.0,0.0
328435,Combination,MT,46.47,-113.39,1706.9,20170702,49.28,80.06,62.96,,,,,0.0,0.09842525
328436,Combination,MT,46.47,-113.39,1706.9,20170703,46.58,80.96,64.04,,,,,0.0,0.0
328437,Combination,MT,46.47,-113.39,1706.9,20170704,41.9,83.66,62.6,,,,,0.0,0.0
328438,Combination,MT,46.47,-113.39,1706.9,20170705,48.92,87.26,69.08,,,,,0.0,0.0
328439,Combination,MT,46.47,-113.39,1706.9,20170706,52.52,86.18,69.44,,,,,0.0,0.0
328440,Combination,MT,46.47,-113.39,1706.9,20170707,56.66,86.18,70.16,,,,,0.0,0.0
328441,Combination,MT,46.47,-113.39,1706.9,20170708,52.52,90.32,71.24,,,,,0.0,0.0
328442,Combination,MT,46.47,-113.39,1706.9,20170709,52.52,86.0,67.82,,,,,0.0,0.0
328443,Combination,MT,46.47,-113.39,1706.9,20170710,49.82,74.12,61.88,,,,,0.0,0.09842525
328444,Combination,MT,46.47,-113.39,1706.9,20170711,46.04,75.02,59.72,,,,,0.0,0.0
328445,Combination,MT,46.47,-113.39,1706.9,20170712,42.8,80.78,61.16,,,,,0.0,0.0
328446,Combination,MT,46.47,-113.39,1706.9,20170713,46.58,89.42,68.0,,,,,0.0,0.0
328447,Combination,MT,46.47,-113.39,1706.9,20170714,50.54,87.08,69.26,,,,,0.0,0.0
328448,Combination,MT,46.47,-113.39,1706.9,20170715,50.72,84.92,65.12,,,,,0.0,0.0
328449,Combination,MT,46.47,-113.39,1706.9,20170716,45.86,79.7,62.6,,,,,0.0,0.09842525
328450,Combination,MT,46.47,-113.39,1706.9,20170717,40.28,76.64,58.1,,,,,0.0,0.0
328451,Combination,MT,46.47,-113.39,1706.9,20170718,41.54,82.4,62.6,,,,,0.0,0.0
328452,Combination,MT,46.47,-113.39,1706.9,20170719,50.18,82.22,65.12,,,,,0.0,0.0
328453,Combination,MT,46.47,-113.39,1706.9,20170720,48.2,84.02,65.3,,,,,0.0,0.0
328454,Combination,MT,46.47,-113.39,1706.9,20170721,43.34,75.74,59.9,,,,,0.0,0.0
328455,Combination,MT,46.47,-113.39,1706.9,20170722,41.72,79.7,61.52,,,,,0.0,0.0
328456,Combination,MT,46.47,-113.39,1706.9,20170723,47.84,87.44,66.2,,,,,0.0,0.0
328457,Combination,MT,46.47,-113.39,1706.9,20170724,48.74,83.3,66.02,,,,,0.0,0.0
328458,Combination,MT,46.47,-113.39,1706.9,20170725,44.42,81.68,62.24,,,,,0.0,0.0
328459,Combination,MT,46.47,-113.39,1706.9,20170726,46.04,81.86,64.4,,,,,0.0,0.0
328460,Combination,MT,46.47,-113.39,1706.9,20170727,51.62,80.6,64.76,,,,,0.0,0.0
328461,Combination,MT,46.47,-113.39,1706.9,20170728,48.74,81.86,62.24,,,,,0.0,0.0
328462,Combination,MT,46.47,-113.39,1706.9,20170729,48.02,85.82,65.66,,,,,0.0,0.0
328463,Combination,MT,46.47,-113.39,1706.9,20170730,50.0,86.18,67.28,,,,,0.0,0.0
328464,Combination,MT,46.47,-113.39,1706.9,20170731,46.22,85.28,65.3,,,,,0.0,0.0
328465,Combination,MT,46.47,-113.39,1706.9,20170801,45.86,84.02,63.86,,,,,0.0,0.09842525
328466,Combination,MT,46.47,-113.39,1706.9,20170802,45.86,72.86,59.72,,,,,0.0,0.0
328467,Combination,MT,46.47,-113.39,1706.9,20170803,43.16,79.16,60.62,,,,,0.0,0.0
328468,Combination,MT,46.47,-113.39,1706.9,20170804,50.0,82.22,65.48,,,,,0.0,0.0
328469,Combination,MT,46.47,-113.39,1706.9,20170805,44.24,69.44,57.38,,,,,0.0,0.0
328470,Combination,MT,46.47,-113.39,1706.9,20170806,40.64,74.66,57.2,,,,,0.0,0.0
328471,Combination,MT,46.47,-113.39,1706.9,20170807,41.0,77.18,59.54,,,,,0.0,0.0
328472,Combination,MT,46.47,-113.39,1706.9,20170808,42.08,76.64,61.16,,,,,0.0,0.0
328473,Combination,MT,46.47,-113.39,1706.9,20170809,47.12,76.1,60.44,,,,,0.0,0.0
328474,Combination,MT,46.47,-113.39,1706.9,20170810,44.42,78.62,61.52,,,,,0.0,0.0
328475,Combination,MT,46.47,-113.39,1706.9,20170811,45.68,80.78,62.42,,,,,0.0,0.0
328476,Combination,MT,46.47,-113.39,1706.9,20170812,45.32,79.16,63.5,,,,,0.0,0.0
328477,Combination,MT,46.47,-113.39,1706.9,20170813,47.48,71.78,59.18,,,,,0.0,0.09842525
328478,Combination,MT,46.47,-113.39,1706.9,20170814,41.54,68.9,54.68,,,,,0.0,0.0
328479,Combination,MT,46.47,-113.39,1706.9,20170815,38.3,72.32,54.86,,,,,0.0,0.0
328480,Combination,MT,46.47,-113.39,1706.9,20170816,40.28,75.38,57.56,,,,,0.0,0.0
328481,Combination,MT,46.47,-113.39,1706.9,20170817,44.42,75.38,59.36,,,,,0.0,0.0
328482,Combination,MT,46.47,-113.39,1706.9,20170818,43.34,80.06,62.6,,,,,0.0,0.0
328483,Combination,MT,46.47,-113.39,1706.9,20170819,43.16,73.94,60.08,,,,,0.0,0.0
328484,Combination,MT,46.47,-113.39,1706.9,20170820,38.84,71.6,55.4,,,,,0.0,0.0
328485,Combination,MT,46.47,-113.39,1706.9,20170821,40.64,74.12,56.84,,,,,0.0,0.0
328486,Combination,MT,46.47,-113.39,1706.9,20170822,42.44,81.86,61.88,,,,,0.0,0.0
328487,Combination,MT,46.47,-113.39,1706.9,20170823,49.82,83.48,64.76,,,,,0.0,0.0
328488,Combination,MT,46.47,-113.39,1706.9,20170824,50.0,73.4,61.7,,,,,0.0,0.0
328489,Combination,MT,46.47,-113.39,1706.9,20170825,43.52,77.18,59.18,,,,,0.0,0.0
328490,Combination,MT,46.47,-113.39,1706.9,20170826,40.82,80.42,59.18,,,,,0.0,0.0
328491,Combination,MT,46.47,-113.39,1706.9,20170827,44.42,82.58,62.42,,,,,0.0,0.0
328492,Combination,MT,46.47,-113.39,1706.9,20170828,47.66,84.56,66.74,,,,,0.0,0.0
328493,Combination,MT,46.47,-113.39,1706.9,20170829,56.12,83.66,67.1,,,,,0.0,0.0
328494,Combination,MT,46.47,-113.39,1706.9,20170830,52.7,84.02,66.38,,,,,0.0,0.0
328495,Combination,MT,46.47,-113.39,1706.9,20170831,47.12,80.6,62.24,,,,,0.0,0.0
328496,Combination,MT,46.47,-113.39,1706.9,20170901,43.88,79.7,60.8,,,,,0.0,0.0
328497,Combination,MT,46.47,-113.39,1706.9,20170902,47.3,86.9,66.38,,,,,0.0,0.0
328498,Combination,MT,46.47,-113.39,1706.9,20170903,50.18,90.86,68.54,,,,,0.0,0.0
328499,Combination,MT,46.47,-113.39,1706.9,20170904,42.62,65.48,54.5,,,,,0.0,0.0
328500,Combination,MT,46.47,-113.39,1706.9,20170905,37.22,73.76,55.04,,,,,0.0,0.0
328501,Combination,MT,46.47,-113.39,1706.9,20170906,45.5,79.7,60.44,,,,,0.0,0.0
328502,Combination,MT,46.47,-113.39,1706.9,20170907,46.22,80.42,61.34,,,,,0.0,0.0
328503,Combination,MT,46.47,-113.39,1706.9,20170908,48.74,78.26,62.78,,,,,0.0,0.0
328504,Combination,MT,46.47,-113.39,1706.9,20170909,48.02,82.04,62.96,,,,,0.0,0.0
328505,Combination,MT,46.47,-113.39,1706.9,20170910,47.3,74.84,60.44,,,,,0.0,0.0
328506,Combination,MT,46.47,-113.39,1706.9,20170911,41.9,78.8,59.0,,,,,0.0,0.0
328507,Combination,MT,46.47,-113.39,1706.9,20170912,45.32,82.22,61.88,,,,,0.0,0.0
328508,Combination,MT,46.47,-113.39,1706.9,20170913,49.1,74.84,62.24,,,,,0.0,0.0
328509,Combination,MT,46.47,-113.39,1706.9,20170914,35.06,49.1,41.9,,,,,0.0,0.50000027
328510,Combination,MT,46.47,-113.39,1706.9,20170915,34.7,36.32,35.06,,,,,7.007877799999999,0.90157529
328511,Combination,MT,46.47,-113.39,1706.9,20170916,32.9,49.28,37.76,,,,,2.9921276000000003,0.29921276
328512,Combination,MT,46.47,-113.39,1706.9,20170917,32.9,59.0,43.52,,,,,0.9842525,0.09842525
328513,Combination,MT,46.47,-113.39,1706.9,20170918,35.24,53.6,43.7,,,,,0.0,0.09842525
328514,Combination,MT,46.47,-113.39,1706.9,20170919,32.54,46.4,38.3,,,,,0.0,0.0
328515,Combination,MT,46.47,-113.39,1706.9,20170920,31.46,40.82,36.32,,,,,0.0,0.29921276
328516,Combination,MT,46.47,-113.39,1706.9,20170921,31.28,46.76,38.12,,,,,0.0,0.29921276
328517,Peterson Meadows,MT,46.13,-113.31,2194.6,20170101,-12.46,17.96,5.9,,,,,19.0157583,0.20078751
328518,Peterson Meadows,MT,46.13,-113.31,2194.6,20170102,-16.78,3.56,-6.7,,,,,19.0157583,0.0
328519,Peterson Meadows,MT,46.13,-113.31,2194.6,20170103,-9.04,15.26,1.94,,,,,17.9921357,0.0
328520,Peterson Meadows,MT,46.13,-113.31,2194.6,20170104,-22.54,9.32,-7.24,,,,,17.9921357,0.0
328521,Peterson Meadows,MT,46.13,-113.31,2194.6,20170105,-25.06,14.9,-5.8,,,,,17.9921357,0.0
328522,Peterson Meadows,MT,46.13,-113.31,2194.6,20170106,-6.16,24.98,11.84,,,,,17.9921357,0.0
328523,Peterson Meadows,MT,46.13,-113.31,2194.6,20170107,-9.58,29.66,12.2,,,,,20.000010800000002,0.29921276
328524,Peterson Meadows,MT,46.13,-113.31,2194.6,20170108,26.96,37.58,32.36,,,,,17.9921357,0.0
328525,Peterson Meadows,MT,46.13,-113.31,2194.6,20170109,18.14,36.68,28.04,,,,,20.000010800000002,0.09842525
328526,Peterson Meadows,MT,46.13,-113.31,2194.6,20170110,16.52,26.78,21.2,,,,,20.9842633,0.09842525
328527,Peterson Meadows,MT,46.13,-113.31,2194.6,20170111,7.52,19.94,15.26,,,,,22.007885899999998,0.09842525
328528,Peterson Meadows,MT,46.13,-113.31,2194.6,20170112,-7.24,23.9,10.94,,,,,20.9842633,0.0
328529,Peterson Meadows,MT,46.13,-113.31,2194.6,20170113,-9.4,29.66,4.1,,,,,20.9842633,0.0
328530,Peterson Meadows,MT,46.13,-113.31,2194.6,20170114,-4.54,33.26,10.04,,,,,20.9842633,0.0
328531,Peterson Meadows,MT,46.13,-113.31,2194.6,20170115,-0.58,35.06,12.56,,,,,20.000010800000002,0.0
328532,Peterson Meadows,MT,46.13,-113.31,2194.6,20170116,-0.76,37.76,15.62,,,,,20.000010800000002,0.0
328533,Peterson Meadows,MT,46.13,-113.31,2194.6,20170117,14.54,45.5,34.34,,,,,19.0157583,0.09842525
328534,Peterson Meadows,MT,46.13,-113.31,2194.6,20170118,33.08,45.14,40.28,,,,,19.0157583,0.0
328535,Peterson Meadows,MT,46.13,-113.31,2194.6,20170119,25.7,37.4,33.26,,,,,20.000010800000002,0.0
328536,Peterson Meadows,MT,46.13,-113.31,2194.6,20170120,6.8,33.44,22.28,,,,,20.000010800000002,0.0
328537,Peterson Meadows,MT,46.13,-113.31,2194.6,20170121,5.9,30.2,19.22,,,,,20.000010800000002,0.0
328538,Peterson Meadows,MT,46.13,-113.31,2194.6,20170122,11.66,32.36,23.0,,,,,20.000010800000002,0.0
328539,Peterson Meadows,MT,46.13,-113.31,2194.6,20170123,-0.4,26.42,15.26,,,,,20.000010800000002,0.0
328540,Peterson Meadows,MT,46.13,-113.31,2194.6,20170124,-1.48,24.62,11.66,,,,,20.000010800000002,0.0
328541,Peterson Meadows,MT,46.13,-113.31,2194.6,20170125,14.0,21.92,16.88,,,,,20.000010800000002,0.0
328542,Peterson Meadows,MT,46.13,-113.31,2194.6,20170126,-0.76,20.84,13.28,,,,,20.000010800000002,0.0
328543,Peterson Meadows,MT,46.13,-113.31,2194.6,20170127,-4.72,35.96,15.8,,,,,20.000010800000002,0.09842525
328544,Peterson Meadows,MT,46.13,-113.31,2194.6,20170128,22.28,39.74,30.38,,,,,20.000010800000002,0.0
328545,Peterson Meadows,MT,46.13,-113.31,2194.6,20170129,30.92,46.58,36.68,,,,,20.000010800000002,0.0
328546,Peterson Meadows,MT,46.13,-113.31,2194.6,20170130,27.68,41.72,32.18,,,,,20.000010800000002,0.09842525
328547,Peterson Meadows,MT,46.13,-113.31,2194.6,20170131,7.16,27.68,20.3,,,,,27.0078886,0.40157502
328548,Peterson Meadows,MT,46.13,-113.31,2194.6,20170201,-9.04,10.04,0.68,,,,,25.984266,0.0
328549,Peterson Meadows,MT,46.13,-113.31,2194.6,20170202,-20.56,17.78,-1.66,,,,,25.0000135,0.0
328550,Peterson Meadows,MT,46.13,-113.31,2194.6,20170203,-19.12,38.48,25.16,,,,,24.015760999999998,0.09842525
328551,Peterson Meadows,MT,46.13,-113.31,2194.6,20170204,28.94,35.42,31.64,,,,,25.0000135,0.09842525
328552,Peterson Meadows,MT,46.13,-113.31,2194.6,20170205,30.02,39.2,34.34,,,,,25.0000135,0.09842525
328553,Peterson Meadows,MT,46.13,-113.31,2194.6,20170206,19.04,39.92,29.66,,,,,27.0078886,0.09842525
328554,Peterson Meadows,MT,46.13,-113.31,2194.6,20170207,8.42,24.44,18.86,,,,,29.015763699999997,0.29921276
328555,Peterson Meadows,MT,46.13,-113.31,2194.6,20170208,20.3,36.68,28.4,,,,,27.9921411,0.09842525
328556,Peterson Meadows,MT,46.13,-113.31,2194.6,20170209,34.52,43.34,39.38,,,,,22.992138399999998,0.09842525
328557,Peterson Meadows,MT,46.13,-113.31,2194.6,20170210,22.82,34.88,30.2,,,,,34.0157664,1.09842579
328558,Peterson Meadows,MT,46.13,-113.31,2194.6,20170211,-0.94,29.66,18.5,,,,,32.0078913,0.0
328559,Peterson Meadows,MT,46.13,-113.31,2194.6,20170212,-2.38,37.94,17.24,,,,,30.984268699999998,0.09842525
328560,Peterson Meadows,MT,46.13,-113.31,2194.6,20170213,7.34,43.7,21.56,,,,,30.0000162,0.0
328561,Peterson Meadows,MT,46.13,-113.31,2194.6,20170214,13.64,51.26,28.4,,,,,30.0000162,0.0
328562,Peterson Meadows,MT,46.13,-113.31,2194.6,20170215,32.54,52.52,42.26,,,,,27.9921411,0.0
328563,Peterson Meadows,MT,46.13,-113.31,2194.6,20170216,27.86,47.12,40.1,,,,,27.9921411,0.09842525
328564,Peterson Meadows,MT,46.13,-113.31,2194.6,20170217,27.68,41.18,32.36,,,,,27.9921411,0.0
328565,Peterson Meadows,MT,46.13,-113.31,2194.6,20170218,29.12,43.88,36.14,,,,,27.9921411,0.0
328566,Peterson Meadows,MT,46.13,-113.31,2194.6,20170219,24.98,38.12,31.82,,,,,27.9921411,0.0
328567,Peterson Meadows,MT,46.13,-113.31,2194.6,20170220,26.24,41.54,33.8,,,,,29.015763699999997,0.09842525
328568,Peterson Meadows,MT,46.13,-113.31,2194.6,20170221,25.52,40.28,33.44,,,,,30.0000162,0.09842525
328569,Peterson Meadows,MT,46.13,-113.31,2194.6,20170222,20.84,32.54,25.16,,,,,30.0000162,0.0
328570,Peterson Meadows,MT,46.13,-113.31,2194.6,20170223,7.16,23.72,19.04,,,,,32.9921438,0.09842525
328571,Peterson Meadows,MT,46.13,-113.31,2194.6,20170224,6.98,25.7,15.62,,,,,34.0157664,0.09842525
328572,Peterson Meadows,MT,46.13,-113.31,2194.6,20170225,8.24,21.38,14.0,,,,,32.9921438,0.09842525
328573,Peterson Meadows,MT,46.13,-113.31,2194.6,20170226,14.72,26.6,19.22,,,,,32.9921438,0.09842525
328574,Peterson Meadows,MT,46.13,-113.31,2194.6,20170227,6.44,26.96,16.34,,,,,32.0078913,0.0
328575,Peterson Meadows,MT,46.13,-113.31,2194.6,20170228,12.38,23.72,16.52,,,,,32.9921438,0.09842525
328576,Peterson Meadows,MT,46.13,-113.31,2194.6,20170301,15.98,31.82,23.18,,,,,32.9921438,0.09842525
328577,Peterson Meadows,MT,46.13,-113.31,2194.6,20170302,21.74,38.48,29.66,,,,,32.0078913,0.0
328578,Peterson Meadows,MT,46.13,-113.31,2194.6,20170303,29.3,46.58,35.06,,,,,30.984268699999998,0.0
328579,Peterson Meadows,MT,46.13,-113.31,2194.6,20170304,29.48,39.74,33.8,,,,,32.0078913,0.09842525
328580,Peterson Meadows,MT,46.13,-113.31,2194.6,20170305,15.26,34.16,27.32,,,,,37.007894,0.20078751
328581,Peterson Meadows,MT,46.13,-113.31,2194.6,20170306,11.84,24.44,17.06,,,,,37.007894,0.20078751
328582,Peterson Meadows,MT,46.13,-113.31,2194.6,20170307,11.48,30.02,22.28,,,,,35.9842714,0.20078751
328583,Peterson Meadows,MT,46.13,-113.31,2194.6,20170308,25.52,33.26,30.38,,,,,45.984276799999996,0.70078778
328584,Peterson Meadows,MT,46.13,-113.31,2194.6,20170309,25.34,39.74,33.62,,,,,44.015771799999996,0.40157502
328585,Peterson Meadows,MT,46.13,-113.31,2194.6,20170310,30.2,43.34,37.04,,,,,40.9842741,0.0
328586,Peterson Meadows,MT,46.13,-113.31,2194.6,20170311,28.58,45.68,35.96,,,,,40.000021600000004,0.0
328587,Peterson Meadows,MT,46.13,-113.31,2194.6,20170312,26.42,39.74,32.18,,,,,40.000021600000004,0.0
328588,Peterson Meadows,MT,46.13,-113.31,2194.6,20170313,32.54,45.68,38.66,,,,,37.992146500000004,0.09842525
328589,Peterson Meadows,MT,46.13,-113.31,2194.6,20170314,35.6,52.52,42.08,,,,,35.9842714,0.0
328590,Peterson Meadows,MT,46.13,-113.31,2194.6,20170315,30.38,52.34,41.54,,,,,34.0157664,0.0
328591,Peterson Meadows,MT,46.13,-113.31,2194.6,20170316,22.46,39.74,31.46,,,,,37.007894,0.29921276
328592,Peterson Meadows,MT,46.13,-113.31,2194.6,20170317,20.84,46.76,34.7,,,,,35.0000189,0.09842525
328593,Peterson Meadows,MT,46.13,-113.31,2194.6,20170318,34.88,57.38,45.5,,,,,34.0157664,0.09842525
328594,Peterson Meadows,MT,46.13,-113.31,2194.6,20170319,29.84,41.9,35.42,,,,,34.0157664,0.09842525
328595,Peterson Meadows,MT,46.13,-113.31,2194.6,20170320,26.96,41.0,32.36,,,,,34.0157664,0.09842525
328596,Peterson Meadows,MT,46.13,-113.31,2194.6,20170321,29.12,50.0,38.12,,,,,32.9921438,0.09842525
328597,Peterson Meadows,MT,46.13,-113.31,2194.6,20170322,28.76,43.7,36.14,,,,,32.0078913,0.09842525
328598,Peterson Meadows,MT,46.13,-113.31,2194.6,20170323,19.04,43.34,32.18,,,,,32.0078913,0.0
328599,Peterson Meadows,MT,46.13,-113.31,2194.6,20170324,17.78,53.78,35.42,,,,,32.0078913,0.09842525
328600,Peterson Meadows,MT,46.13,-113.31,2194.6,20170325,25.16,40.28,32.36,,,,,32.0078913,0.0
328601,Peterson Meadows,MT,46.13,-113.31,2194.6,20170326,22.46,46.94,33.62,,,,,32.0078913,0.09842525
328602,Peterson Meadows,MT,46.13,-113.31,2194.6,20170327,25.88,38.84,32.0,,,,,32.9921438,0.09842525
328603,Peterson Meadows,MT,46.13,-113.31,2194.6,20170328,25.16,43.16,32.0,,,,,32.0078913,0.0
328604,Peterson Meadows,MT,46.13,-113.31,2194.6,20170329,29.66,46.22,36.68,,,,,30.984268699999998,0.0
328605,Peterson Meadows,MT,46.13,-113.31,2194.6,20170330,29.48,39.02,33.8,,,,,35.0000189,0.40157502
328606,Peterson Meadows,MT,46.13,-113.31,2194.6,20170331,25.88,44.24,33.08,,,,,34.0157664,0.09842525
328607,Peterson Meadows,MT,46.13,-113.31,2194.6,20170401,21.38,51.98,35.78,,,,,32.9921438,0.09842525
328608,Peterson Meadows,MT,46.13,-113.31,2194.6,20170402,21.92,41.9,31.46,,,,,32.0078913,0.0
328609,Peterson Meadows,MT,46.13,-113.31,2194.6,20170403,18.86,32.9,23.36,,,,,35.9842714,0.29921276
328610,Peterson Meadows,MT,46.13,-113.31,2194.6,20170404,5.36,41.0,25.88,,,,,35.0000189,0.0
328611,Peterson Meadows,MT,46.13,-113.31,2194.6,20170405,29.48,46.58,38.12,,,,,34.0157664,0.09842525
328612,Peterson Meadows,MT,46.13,-113.31,2194.6,20170406,32.18,55.58,43.16,,,,,32.9921438,0.0
328613,Peterson Meadows,MT,46.13,-113.31,2194.6,20170407,28.94,49.82,39.74,,,,,32.0078913,0.0
328614,Peterson Meadows,MT,46.13,-113.31,2194.6,20170408,24.98,47.48,32.36,,,,,35.9842714,0.29921276
328615,Peterson Meadows,MT,46.13,-113.31,2194.6,20170409,13.46,33.44,25.34,,,,,35.0000189,0.09842525
328616,Peterson Meadows,MT,46.13,-113.31,2194.6,20170410,13.64,43.16,27.5,,,,,35.0000189,0.0
328617,Peterson Meadows,MT,46.13,-113.31,2194.6,20170411,11.12,46.04,31.82,,,,,34.0157664,0.09842525
328618,Peterson Meadows,MT,46.13,-113.31,2194.6,20170412,29.3,50.36,39.74,,,,,32.9921438,0.0
328619,Peterson Meadows,MT,46.13,-113.31,2194.6,20170413,27.14,50.72,36.68,,,,,40.000021600000004,0.59842552
328620,Peterson Meadows,MT,46.13,-113.31,2194.6,20170414,21.74,38.66,29.12,,,,,40.9842741,0.29921276
328621,Peterson Meadows,MT,46.13,-113.31,2194.6,20170415,19.4,37.76,27.14,,,,,40.000021600000004,0.09842525
328622,Peterson Meadows,MT,46.13,-113.31,2194.6,20170416,12.56,49.64,33.44,,,,,37.007894,0.09842525
328623,Peterson Meadows,MT,46.13,-113.31,2194.6,20170417,29.3,45.5,36.5,,,,,37.007894,0.09842525
328624,Peterson Meadows,MT,46.13,-113.31,2194.6,20170418,28.94,50.0,37.76,,,,,37.007894,0.09842525
328625,Peterson Meadows,MT,46.13,-113.31,2194.6,20170419,25.34,47.84,35.6,,,,,35.9842714,0.09842525
328626,Peterson Meadows,MT,46.13,-113.31,2194.6,20170420,26.06,46.4,33.98,,,,,37.992146500000004,0.20078751
328627,Peterson Meadows,MT,46.13,-113.31,2194.6,20170421,21.74,40.82,31.64,,,,,37.007894,0.20078751
328628,Peterson Meadows,MT,46.13,-113.31,2194.6,20170422,17.78,54.14,36.32,,,,,37.007894,0.09842525
328629,Peterson Meadows,MT,46.13,-113.31,2194.6,20170423,32.0,45.32,37.22,,,,,35.9842714,0.09842525
328630,Peterson Meadows,MT,46.13,-113.31,2194.6,20170424,27.68,41.0,34.16,,,,,42.0078967,0.50000027
328631,Peterson Meadows,MT,46.13,-113.31,2194.6,20170425,30.2,41.9,34.7,,,,,40.000021600000004,0.20078751
328632,Peterson Meadows,MT,46.13,-113.31,2194.6,20170426,29.48,42.44,34.88,,,,,40.000021600000004,0.20078751
328633,Peterson Meadows,MT,46.13,-113.31,2194.6,20170427,25.16,36.68,29.66,,,,,40.000021600000004,0.09842525
328634,Peterson Meadows,MT,46.13,-113.31,2194.6,20170428,24.44,37.94,31.1,,,,,40.000021600000004,0.0
328635,Peterson Meadows,MT,46.13,-113.31,2194.6,20170429,21.2,50.18,35.24,,,,,39.0157691,0.09842525
328636,Peterson Meadows,MT,46.13,-113.31,2194.6,20170430,31.64,46.76,37.4,,,,,39.0157691,0.0
328637,Peterson Meadows,MT,46.13,-113.31,2194.6,20170501,29.12,47.3,35.96,,,,,39.0157691,0.09842525
328638,Peterson Meadows,MT,46.13,-113.31,2194.6,20170502,24.98,44.24,34.34,,,,,39.0157691,0.0
328639,Peterson Meadows,MT,46.13,-113.31,2194.6,20170503,21.38,57.2,40.1,,,,,37.007894,0.09842525
328640,Peterson Meadows,MT,46.13,-113.31,2194.6,20170504,30.56,69.26,47.84,,,,,35.0000189,0.0
328641,Peterson Meadows,MT,46.13,-113.31,2194.6,20170505,35.6,70.16,52.34,,,,,32.9921438,0.0
328642,Peterson Meadows,MT,46.13,-113.31,2194.6,20170506,37.76,61.7,45.5,,,,,30.984268699999998,0.29921276
328643,Peterson Meadows,MT,46.13,-113.31,2194.6,20170507,26.78,41.18,35.96,,,,,30.984268699999998,0.40157502
328644,Peterson Meadows,MT,46.13,-113.31,2194.6,20170508,22.28,52.7,36.68,,,,,30.984268699999998,0.09842525
328645,Peterson Meadows,MT,46.13,-113.31,2194.6,20170509,27.68,58.1,41.18,,,,,29.015763699999997,0.0
328646,Peterson Meadows,MT,46.13,-113.31,2194.6,20170510,26.78,65.48,44.96,,,,,27.0078886,0.0
328647,Peterson Meadows,MT,46.13,-113.31,2194.6,20170511,29.66,68.18,49.28,,,,,24.015760999999998,0.0
328648,Peterson Meadows,MT,46.13,-113.31,2194.6,20170512,30.38,60.62,43.16,,,,,24.015760999999998,0.29921276
328649,Peterson Meadows,MT,46.13,-113.31,2194.6,20170513,24.08,35.78,30.38,,,,,29.015763699999997,0.40157502
328650,Peterson Meadows,MT,46.13,-113.31,2194.6,20170514,20.3,44.42,32.9,,,,,25.0000135,0.09842525
328651,Peterson Meadows,MT,46.13,-113.31,2194.6,20170515,26.42,48.74,35.24,,,,,24.015760999999998,0.09842525
328652,Peterson Meadows,MT,46.13,-113.31,2194.6,20170516,23.9,46.22,35.78,,,,,27.0078886,0.09842525
328653,Peterson Meadows,MT,46.13,-113.31,2194.6,20170517,26.42,33.26,30.56,,,,,40.9842741,1.79921357
328654,Peterson Meadows,MT,46.13,-113.31,2194.6,20170518,29.12,42.98,35.6,,,,,37.992146500000004,0.20078751
328655,Peterson Meadows,MT,46.13,-113.31,2194.6,20170519,25.52,53.06,37.94,,,,,34.0157664,0.09842525
328656,Peterson Meadows,MT,46.13,-113.31,2194.6,20170520,30.74,53.06,39.56,,,,,32.0078913,0.0
328657,Peterson Meadows,MT,46.13,-113.31,2194.6,20170521,27.32,57.92,41.9,,,,,29.015763699999997,0.09842525
328658,Peterson Meadows,MT,46.13,-113.31,2194.6,20170522,31.28,60.62,45.14,,,,,27.0078886,0.0
328659,Peterson Meadows,MT,46.13,-113.31,2194.6,20170523,31.1,69.62,51.08,,,,,24.015760999999998,0.0
328660,Peterson Meadows,MT,46.13,-113.31,2194.6,20170524,34.34,52.34,44.78,,,,,22.007885899999998,0.0
328661,Peterson Meadows,MT,46.13,-113.31,2194.6,20170525,29.66,46.4,38.12,,,,,22.007885899999998,0.0
328662,Peterson Meadows,MT,46.13,-113.31,2194.6,20170526,28.22,53.78,41.18,,,,,20.000010800000002,0.0
328663,Peterson Meadows,MT,46.13,-113.31,2194.6,20170527,32.72,59.18,45.14,,,,,17.9921357,0.0
328664,Peterson Meadows,MT,46.13,-113.31,2194.6,20170528,31.1,64.94,48.02,,,,,15.9842606,0.0
328665,Peterson Meadows,MT,46.13,-113.31,2194.6,20170529,34.34,67.28,49.82,,,,,12.992133,0.0
328666,Peterson Meadows,MT,46.13,-113.31,2194.6,20170530,32.9,70.16,52.7,,,,,10.000005400000001,0.0
328667,Peterson Meadows,MT,46.13,-113.31,2194.6,20170531,43.16,75.02,59.54,,,,,7.007877799999999,0.09842525
328668,Peterson Meadows,MT,46.13,-113.31,2194.6,20170601,41.0,60.98,47.66,,,,,5.0000027000000005,0.0
328669,Peterson Meadows,MT,46.13,-113.31,2194.6,20170602,33.8,59.9,47.66,,,,,0.0,0.09842525
328670,Peterson Meadows,MT,46.13,-113.31,2194.6,20170603,31.28,70.88,53.6,,,,,0.0,0.20078751
328671,Peterson Meadows,MT,46.13,-113.31,2194.6,20170604,39.74,73.94,54.86,,,,,0.0,0.40157502
328672,Peterson Meadows,MT,46.13,-113.31,2194.6,20170605,33.98,56.84,45.68,,,,,0.0,0.0
328673,Peterson Meadows,MT,46.13,-113.31,2194.6,20170606,31.64,68.72,52.52,,,,,0.0,0.0
328674,Peterson Meadows,MT,46.13,-113.31,2194.6,20170607,36.32,76.46,55.76,,,,,0.0,0.09842525
328675,Peterson Meadows,MT,46.13,-113.31,2194.6,20170608,45.14,76.1,59.54,,,,,0.0,0.09842525
328676,Peterson Meadows,MT,46.13,-113.31,2194.6,20170609,32.18,54.5,43.34,,,,,0.0,0.09842525
328677,Peterson Meadows,MT,46.13,-113.31,2194.6,20170610,27.5,48.74,37.22,,,,,0.0,0.09842525
328678,Peterson Meadows,MT,46.13,-113.31,2194.6,20170611,23.36,56.12,42.98,,,,,0.0,0.0
328679,Peterson Meadows,MT,46.13,-113.31,2194.6,20170612,37.4,59.0,46.22,,,,,0.0,1.20078805
328680,Peterson Meadows,MT,46.13,-113.31,2194.6,20170613,35.06,42.26,37.76,,,,,0.9842525,2.50000135
328681,Peterson Meadows,MT,46.13,-113.31,2194.6,20170614,34.34,55.4,44.06,,,,,0.0,0.0
328682,Peterson Meadows,MT,46.13,-113.31,2194.6,20170615,33.62,53.78,46.94,,,,,0.0,0.0
328683,Peterson Meadows,MT,46.13,-113.31,2194.6,20170616,39.02,56.48,45.32,,,,,0.0,0.09842525
328684,Peterson Meadows,MT,46.13,-113.31,2194.6,20170617,37.76,54.86,45.86,,,,,0.0,0.0
328685,Peterson Meadows,MT,46.13,-113.31,2194.6,20170618,40.28,55.76,47.84,,,,,0.0,0.0
328686,Peterson Meadows,MT,46.13,-113.31,2194.6,20170619,37.58,73.4,57.2,,,,,0.0,0.0
328687,Peterson Meadows,MT,46.13,-113.31,2194.6,20170620,52.16,77.18,62.42,,,,,0.0,0.0
328688,Peterson Meadows,MT,46.13,-113.31,2194.6,20170621,43.34,66.92,54.68,,,,,0.0,0.0
328689,Peterson Meadows,MT,46.13,-113.31,2194.6,20170622,30.92,58.82,46.22,,,,,0.0,0.0
328690,Peterson Meadows,MT,46.13,-113.31,2194.6,20170623,28.94,62.96,46.4,,,,,0.0,0.0
328691,Peterson Meadows,MT,46.13,-113.31,2194.6,20170624,30.74,67.1,50.0,,,,,0.0,0.09842525
328692,Peterson Meadows,MT,46.13,-113.31,2194.6,20170625,32.72,73.58,55.04,,,,,0.0,0.09842525
328693,Peterson Meadows,MT,46.13,-113.31,2194.6,20170626,39.02,80.24,59.54,,,,,0.0,0.0
328694,Peterson Meadows,MT,46.13,-113.31,2194.6,20170627,41.54,65.3,53.24,,,,,0.0,0.0
328695,Peterson Meadows,MT,46.13,-113.31,2194.6,20170628,35.6,64.22,51.62,,,,,0.0,0.0
328696,Peterson Meadows,MT,46.13,-113.31,2194.6,20170629,33.8,58.82,46.04,,,,,0.0,0.0
328697,Peterson Meadows,MT,46.13,-113.31,2194.6,20170630,33.26,69.26,52.16,,,,,0.0,0.09842525
328698,Peterson Meadows,MT,46.13,-113.31,2194.6,20170701,38.84,74.12,56.84,,,,,0.0,0.20078751
328699,Peterson Meadows,MT,46.13,-113.31,2194.6,20170702,43.34,75.2,58.28,,,,,0.0,0.0
328700,Peterson Meadows,MT,46.13,-113.31,2194.6,20170703,40.1,75.56,58.82,,,,,0.0,0.0
328701,Peterson Meadows,MT,46.13,-113.31,2194.6,20170704,34.52,78.8,57.74,,,,,0.0,0.09842525
328702,Peterson Meadows,MT,46.13,-113.31,2194.6,20170705,40.82,83.12,61.52,,,,,0.0,0.0
328703,Peterson Meadows,MT,46.13,-113.31,2194.6,20170706,44.96,81.32,62.6,,,,,0.0,0.0
328704,Peterson Meadows,MT,46.13,-113.31,2194.6,20170707,46.4,78.62,62.6,,,,,0.0,0.0
328705,Peterson Meadows,MT,46.13,-113.31,2194.6,20170708,45.5,82.22,64.04,,,,,0.0,0.0
328706,Peterson Meadows,MT,46.13,-113.31,2194.6,20170709,43.88,81.68,59.0,,,,,0.0,0.0
328707,Peterson Meadows,MT,46.13,-113.31,2194.6,20170710,45.32,72.32,55.58,,,,,0.0,0.0
328708,Peterson Meadows,MT,46.13,-113.31,2194.6,20170711,40.82,68.72,55.22,,,,,0.0,0.0
328709,Peterson Meadows,MT,46.13,-113.31,2194.6,20170712,36.86,74.3,56.3,,,,,0.0,0.0
328710,Peterson Meadows,MT,46.13,-113.31,2194.6,20170713,38.66,82.4,61.34,,,,,0.0,0.0
328711,Peterson Meadows,MT,46.13,-113.31,2194.6,20170714,43.34,79.34,61.88,,,,,0.0,0.0
328712,Peterson Meadows,MT,46.13,-113.31,2194.6,20170715,44.78,83.3,60.26,,,,,0.0,0.0
328713,Peterson Meadows,MT,46.13,-113.31,2194.6,20170716,40.1,73.04,56.66,,,,,0.0,0.0
328714,Peterson Meadows,MT,46.13,-113.31,2194.6,20170717,34.34,69.62,52.88,,,,,0.0,0.0
328715,Peterson Meadows,MT,46.13,-113.31,2194.6,20170718,34.52,76.28,56.66,,,,,0.0,0.0
328716,Peterson Meadows,MT,46.13,-113.31,2194.6,20170719,39.02,75.56,57.92,,,,,0.0,0.0
328717,Peterson Meadows,MT,46.13,-113.31,2194.6,20170720,41.0,77.18,59.18,,,,,0.0,0.0
328718,Peterson Meadows,MT,46.13,-113.31,2194.6,20170721,38.12,71.24,54.5,,,,,0.0,0.0
328719,Peterson Meadows,MT,46.13,-113.31,2194.6,20170722,33.44,73.76,55.22,,,,,0.0,0.0
328720,Peterson Meadows,MT,46.13,-113.31,2194.6,20170723,40.1,79.16,60.44,,,,,0.0,0.0
328721,Peterson Meadows,MT,46.13,-113.31,2194.6,20170724,44.06,76.82,59.9,,,,,0.0,0.0
328722,Peterson Meadows,MT,46.13,-113.31,2194.6,20170725,41.0,75.92,57.92,,,,,0.0,0.0
328723,Peterson Meadows,MT,46.13,-113.31,2194.6,20170726,39.02,77.36,57.02,,,,,0.0,0.0
328724,Peterson Meadows,MT,46.13,-113.31,2194.6,20170727,44.96,72.68,57.38,,,,,0.0,0.0
328725,Peterson Meadows,MT,46.13,-113.31,2194.6,20170728,41.54,75.74,56.48,,,,,0.0,0.0
328726,Peterson Meadows,MT,46.13,-113.31,2194.6,20170729,39.74,78.44,59.0,,,,,0.0,0.0
328727,Peterson Meadows,MT,46.13,-113.31,2194.6,20170730,41.54,78.98,60.44,,,,,0.0,0.0
328728,Peterson Meadows,MT,46.13,-113.31,2194.6,20170731,38.48,79.16,58.82,,,,,0.0,0.0
328729,Peterson Meadows,MT,46.13,-113.31,2194.6,20170801,37.04,77.0,57.2,,,,,0.0,0.0
328730,Peterson Meadows,MT,46.13,-113.31,2194.6,20170802,36.32,70.7,53.42,,,,,0.0,0.0
328731,Peterson Meadows,MT,46.13,-113.31,2194.6,20170803,36.32,74.3,55.94,,,,,0.0,0.0
328732,Peterson Meadows,MT,46.13,-113.31,2194.6,20170804,40.82,76.82,59.0,,,,,0.0,0.0
328733,Peterson Meadows,MT,46.13,-113.31,2194.6,20170805,35.96,66.02,51.44,,,,,0.0,0.0
328734,Peterson Meadows,MT,46.13,-113.31,2194.6,20170806,33.8,68.0,51.62,,,,,0.0,0.0
328735,Peterson Meadows,MT,46.13,-113.31,2194.6,20170807,33.08,70.88,53.42,,,,,0.0,0.0
328736,Peterson Meadows,MT,46.13,-113.31,2194.6,20170808,37.58,71.96,55.58,,,,,0.0,0.0
328737,Peterson Meadows,MT,46.13,-113.31,2194.6,20170809,38.84,69.62,53.24,,,,,0.0,0.0
328738,Peterson Meadows,MT,46.13,-113.31,2194.6,20170810,34.88,72.14,54.14,,,,,0.0,0.0
328739,Peterson Meadows,MT,46.13,-113.31,2194.6,20170811,37.04,74.12,55.76,,,,,0.0,0.0
328740,Peterson Meadows,MT,46.13,-113.31,2194.6,20170812,38.3,74.48,57.56,,,,,0.0,0.0
328741,Peterson Meadows,MT,46.13,-113.31,2194.6,20170813,45.68,68.0,53.6,,,,,0.0,0.0
328742,Peterson Meadows,MT,46.13,-113.31,2194.6,20170814,37.4,65.12,50.9,,,,,0.0,0.0
328743,Peterson Meadows,MT,46.13,-113.31,2194.6,20170815,30.02,68.54,49.82,,,,,0.0,0.0
328744,Peterson Meadows,MT,46.13,-113.31,2194.6,20170816,33.62,71.06,53.06,,,,,0.0,0.0
328745,Peterson Meadows,MT,46.13,-113.31,2194.6,20170817,39.2,69.08,53.78,,,,,0.0,0.0
328746,Peterson Meadows,MT,46.13,-113.31,2194.6,20170818,35.78,74.84,55.4,,,,,0.0,0.0
328747,Peterson Meadows,MT,46.13,-113.31,2194.6,20170819,37.22,70.7,54.68,,,,,0.0,0.0
328748,Peterson Meadows,MT,46.13,-113.31,2194.6,20170820,31.1,66.02,49.82,,,,,0.0,0.0
328749,Peterson Meadows,MT,46.13,-113.31,2194.6,20170821,33.44,68.36,50.9,,,,,0.0,0.0
328750,Peterson Meadows,MT,46.13,-113.31,2194.6,20170822,34.88,77.0,56.48,,,,,0.0,0.0
328751,Peterson Meadows,MT,46.13,-113.31,2194.6,20170823,39.74,75.56,57.02,,,,,0.0,0.0
328752,Peterson Meadows,MT,46.13,-113.31,2194.6,20170824,42.08,68.54,55.22,,,,,0.0,0.0
328753,Peterson Meadows,MT,46.13,-113.31,2194.6,20170825,39.38,72.86,54.5,,,,,0.0,0.0
328754,Peterson Meadows,MT,46.13,-113.31,2194.6,20170826,34.88,73.76,54.32,,,,,0.0,0.0
328755,Peterson Meadows,MT,46.13,-113.31,2194.6,20170827,36.5,79.52,57.92,,,,,0.0,0.0
328756,Peterson Meadows,MT,46.13,-113.31,2194.6,20170828,39.38,79.52,60.26,,,,,0.0,0.0
328757,Peterson Meadows,MT,46.13,-113.31,2194.6,20170829,45.86,77.36,61.16,,,,,0.0,0.0
328758,Peterson Meadows,MT,46.13,-113.31,2194.6,20170830,46.22,78.8,60.62,,,,,0.0,0.0
328759,Peterson Meadows,MT,46.13,-113.31,2194.6,20170831,44.78,73.4,57.38,,,,,0.0,0.0
328760,Peterson Meadows,MT,46.13,-113.31,2194.6,20170901,38.12,73.76,55.58,,,,,0.0,0.0
328761,Peterson Meadows,MT,46.13,-113.31,2194.6,20170902,36.5,80.42,60.08,,,,,0.0,0.0
328762,Peterson Meadows,MT,46.13,-113.31,2194.6,20170903,48.2,83.12,66.2,,,,,0.0,0.0
328763,Peterson Meadows,MT,46.13,-113.31,2194.6,20170904,35.6,61.88,49.46,,,,,0.0,0.0
328764,Peterson Meadows,MT,46.13,-113.31,2194.6,20170905,30.74,76.1,51.8,,,,,0.0,0.0
328765,Peterson Meadows,MT,46.13,-113.31,2194.6,20170906,39.2,77.0,56.12,,,,,0.0,0.0
328766,Peterson Meadows,MT,46.13,-113.31,2194.6,20170907,38.84,77.18,56.48,,,,,0.0,0.0
328767,Peterson Meadows,MT,46.13,-113.31,2194.6,20170908,41.54,72.86,55.58,,,,,0.0,0.0
328768,Peterson Meadows,MT,46.13,-113.31,2194.6,20170909,41.0,73.76,56.48,,,,,0.0,0.0
328769,Peterson Meadows,MT,46.13,-113.31,2194.6,20170910,41.18,71.42,55.76,,,,,0.0,0.0
328770,Peterson Meadows,MT,46.13,-113.31,2194.6,20170911,34.16,73.94,53.24,,,,,0.0,0.0
328771,Peterson Meadows,MT,46.13,-113.31,2194.6,20170912,36.5,73.22,56.12,,,,,0.0,0.0
328772,Peterson Meadows,MT,46.13,-113.31,2194.6,20170913,46.76,68.72,56.84,,,,,0.0,0.09842525
328773,Peterson Meadows,MT,46.13,-113.31,2194.6,20170914,32.36,46.76,39.92,,,,,0.0,0.0
328774,Peterson Meadows,MT,46.13,-113.31,2194.6,20170915,30.02,33.98,31.82,,,,,7.007877799999999,0.40157502
328775,Peterson Meadows,MT,46.13,-113.31,2194.6,20170916,27.86,43.34,33.08,,,,,5.984255200000001,0.09842525
328776,Peterson Meadows,MT,46.13,-113.31,2194.6,20170917,26.6,52.16,37.4,,,,,2.9921276000000003,0.09842525
328777,Peterson Meadows,MT,46.13,-113.31,2194.6,20170918,30.92,51.98,40.46,,,,,0.9842525,0.20078751
328778,Peterson Meadows,MT,46.13,-113.31,2194.6,20170919,30.56,40.46,33.44,,,,,2.0078751,0.20078751
328779,Peterson Meadows,MT,46.13,-113.31,2194.6,20170920,28.58,40.46,33.26,,,,,4.0157502,0.29921276
328780,Peterson Meadows,MT,46.13,-113.31,2194.6,20170921,27.68,41.18,33.8,,,,,2.9921276000000003,0.09842525
328781,Lubrecht Flume,MT,46.88,-113.32,1426.5,20170101,0.32,19.04,11.12,,,,,12.007880499999999,0.09842525
328782,Lubrecht Flume,MT,46.88,-113.32,1426.5,20170102,-3.28,10.76,2.84,,,,,12.007880499999999,0.0
328783,Lubrecht Flume,MT,46.88,-113.32,1426.5,20170103,-2.56,11.3,4.1,,,,,12.007880499999999,0.0
328784,Lubrecht Flume,MT,46.88,-113.32,1426.5,20170104,-9.22,10.58,-2.02,,,,,12.007880499999999,0.0
328785,Lubrecht Flume,MT,46.88,-113.32,1426.5,20170105,-13.54,8.42,-3.46,,,,,10.9842579,0.0
328786,Lubrecht Flume,MT,46.88,-113.32,1426.5,20170106,-3.82,18.32,5.72,,,,,12.007880499999999,0.09842525
328787,Lubrecht Flume,MT,46.88,-113.32,1426.5,20170107,-2.2,18.14,8.96,,,,,10.9842579,0.0
328788,Lubrecht Flume,MT,46.88,-113.32,1426.5,20170108,15.62,26.78,21.74,,,,,15.0000081,0.29921276
328789,Lubrecht Flume,MT,46.88,-113.32,1426.5,20170109,21.38,36.5,29.66,,,,,15.0000081,0.09842525
328790,Lubrecht Flume,MT,46.88,-113.32,1426.5,20170110,4.46,32.0,22.64,,,,,17.0078832,0.09842525
328791,Lubrecht Flume,MT,46.88,-113.32,1426.5,20170111,2.3,15.8,8.6,,,,,15.9842606,0.0
328792,Lubrecht Flume,MT,46.88,-113.32,1426.5,20170112,7.16,26.96,14.54,,,,,15.0000081,0.0
328793,Lubrecht Flume,MT,46.88,-113.32,1426.5,20170113,3.92,25.7,11.66,,,,,15.0000081,0.0
328794,Lubrecht Flume,MT,46.88,-113.32,1426.5,20170114,1.76,21.2,10.04,,,,,15.0000081,0.0
328795,Lubrecht Flume,MT,46.88,-113.32,1426.5,20170115,2.3,22.28,10.94,,,,,15.0000081,0.0
328796,Lubrecht Flume,MT,46.88,-113.32,1426.5,20170116,3.38,27.68,14.18,,,,,15.0000081,0.0
328797,Lubrecht Flume,MT,46.88,-113.32,1426.5,20170117,11.48,33.08,21.38,,,,,14.015755599999999,0.0
328798,Lubrecht Flume,MT,46.88,-113.32,1426.5,20170118,22.82,39.74,32.54,,,,,14.015755599999999,0.0
328799,Lubrecht Flume,MT,46.88,-113.32,1426.5,20170119,31.1,42.44,35.24,,,,,14.015755599999999,0.0
328800,Lubrecht Flume,MT,46.88,-113.32,1426.5,20170120,20.66,37.94,29.12,,,,,14.015755599999999,0.0
328801,Lubrecht Flume,MT,46.88,-113.32,1426.5,20170121,16.7,34.88,25.7,,,,,12.992133,0.0
328802,Lubrecht Flume,MT,46.88,-113.32,1426.5,20170122,21.56,37.4,27.86,,,,,12.992133,0.0
328803,Lubrecht Flume,MT,46.88,-113.32,1426.5,20170123,15.8,34.52,26.78,,,,,14.015755599999999,0.09842525
328804,Lubrecht Flume,MT,46.88,-113.32,1426.5,20170124,9.32,28.94,19.4,,,,,14.015755599999999,0.0
328805,Lubrecht Flume,MT,46.88,-113.32,1426.5,20170125,19.22,30.38,24.26,,,,,14.015755599999999,0.0
328806,Lubrecht Flume,MT,46.88,-113.32,1426.5,20170126,21.02,31.28,25.7,,,,,14.015755599999999,0.0
328807,Lubrecht Flume,MT,46.88,-113.32,1426.5,20170127,20.48,34.16,26.06,,,,,14.015755599999999,0.0
328808,Lubrecht Flume,MT,46.88,-113.32,1426.5,20170128,19.04,42.62,28.76,,,,,14.015755599999999,0.0
328809,Lubrecht Flume,MT,46.88,-113.32,1426.5,20170129,22.82,49.82,33.8,,,,,12.992133,0.0
328810,Lubrecht Flume,MT,46.88,-113.32,1426.5,20170130,28.76,45.5,35.78,,,,,12.992133,0.0
328811,Lubrecht Flume,MT,46.88,-113.32,1426.5,20170131,13.28,32.0,22.28,,,,,17.0078832,0.29921276
328812,Lubrecht Flume,MT,46.88,-113.32,1426.5,20170201,1.22,22.82,10.4,,,,,15.9842606,0.09842525
328813,Lubrecht Flume,MT,46.88,-113.32,1426.5,20170202,-3.28,17.6,5.18,,,,,15.9842606,0.0
328814,Lubrecht Flume,MT,46.88,-113.32,1426.5,20170203,-5.26,20.66,10.94,,,,,15.9842606,0.0
328815,Lubrecht Flume,MT,46.88,-113.32,1426.5,20170204,18.68,39.02,31.46,,,,,20.000010800000002,0.29921276
328816,Lubrecht Flume,MT,46.88,-113.32,1426.5,20170205,32.9,45.5,36.86,,,,,17.9921357,0.0
328817,Lubrecht Flume,MT,46.88,-113.32,1426.5,20170206,22.28,42.44,32.54,,,,,19.0157583,0.20078751
328818,Lubrecht Flume,MT,46.88,-113.32,1426.5,20170207,20.12,32.18,24.98,,,,,20.000010800000002,0.09842525
328819,Lubrecht Flume,MT,46.88,-113.32,1426.5,20170208,24.26,32.36,27.86,,,,,22.992138399999998,0.29921276
328820,Lubrecht Flume,MT,46.88,-113.32,1426.5,20170209,27.86,43.34,35.78,,,,,20.000010800000002,0.29921276
328821,Lubrecht Flume,MT,46.88,-113.32,1426.5,20170210,30.2,44.06,35.6,,,,,20.9842633,0.09842525
328822,Lubrecht Flume,MT,46.88,-113.32,1426.5,20170211,19.4,38.3,28.94,,,,,20.000010800000002,0.0
328823,Lubrecht Flume,MT,46.88,-113.32,1426.5,20170212,15.98,42.26,26.78,,,,,20.000010800000002,0.0
328824,Lubrecht Flume,MT,46.88,-113.32,1426.5,20170213,19.4,47.84,30.02,,,,,20.000010800000002,0.0
328825,Lubrecht Flume,MT,46.88,-113.32,1426.5,20170214,20.84,51.62,31.28,,,,,20.000010800000002,0.0
328826,Lubrecht Flume,MT,46.88,-113.32,1426.5,20170215,24.98,55.4,36.32,,,,,19.0157583,0.0
328827,Lubrecht Flume,MT,46.88,-113.32,1426.5,20170216,34.88,50.54,40.28,,,,,19.0157583,0.0
328828,Lubrecht Flume,MT,46.88,-113.32,1426.5,20170217,30.92,47.48,37.04,,,,,17.9921357,0.0
328829,Lubrecht Flume,MT,46.88,-113.32,1426.5,20170218,31.28,53.24,38.84,,,,,17.9921357,0.0
328830,Lubrecht Flume,MT,46.88,-113.32,1426.5,20170219,31.1,49.28,37.94,,,,,17.0078832,0.0
328831,Lubrecht Flume,MT,46.88,-113.32,1426.5,20170220,29.12,43.16,34.52,,,,,17.0078832,0.20078751
328832,Lubrecht Flume,MT,46.88,-113.32,1426.5,20170221,32.36,43.7,35.96,,,,,17.0078832,0.20078751
328833,Lubrecht Flume,MT,46.88,-113.32,1426.5,20170222,25.52,40.46,31.28,,,,,17.0078832,0.09842525
328834,Lubrecht Flume,MT,46.88,-113.32,1426.5,20170223,24.26,37.94,28.04,,,,,17.0078832,0.09842525
328835,Lubrecht Flume,MT,46.88,-113.32,1426.5,20170224,15.08,35.78,24.44,,,,,17.0078832,0.0
328836,Lubrecht Flume,MT,46.88,-113.32,1426.5,20170225,16.16,31.46,23.36,,,,,17.0078832,0.0
328837,Lubrecht Flume,MT,46.88,-113.32,1426.5,20170226,17.96,32.0,24.26,,,,,17.9921357,0.09842525
328838,Lubrecht Flume,MT,46.88,-113.32,1426.5,20170227,10.94,37.4,22.64,,,,,17.9921357,0.09842525
328839,Lubrecht Flume,MT,46.88,-113.32,1426.5,20170228,17.6,34.34,24.44,,,,,17.9921357,0.0
328840,Lubrecht Flume,MT,46.88,-113.32,1426.5,20170301,21.92,39.02,30.92,,,,,17.0078832,0.0
328841,Lubrecht Flume,MT,46.88,-113.32,1426.5,20170302,28.58,47.48,36.14,,,,,17.0078832,0.0
328842,Lubrecht Flume,MT,46.88,-113.32,1426.5,20170303,33.44,51.8,39.02,,,,,17.0078832,0.0
328843,Lubrecht Flume,MT,46.88,-113.32,1426.5,20170304,31.46,49.82,37.94,,,,,15.9842606,0.0
328844,Lubrecht Flume,MT,46.88,-113.32,1426.5,20170305,24.44,36.32,31.46,,,,,19.0157583,0.29921276
328845,Lubrecht Flume,MT,46.88,-113.32,1426.5,20170306,20.12,38.84,26.24,,,,,17.9921357,0.0
328846,Lubrecht Flume,MT,46.88,-113.32,1426.5,20170307,20.84,35.96,28.58,,,,,19.0157583,0.09842525
328847,Lubrecht Flume,MT,46.88,-113.32,1426.5,20170308,27.68,38.66,32.36,,,,,25.0000135,0.50000027
328848,Lubrecht Flume,MT,46.88,-113.32,1426.5,20170309,27.5,35.78,31.1,,,,,29.015763699999997,0.50000027
328849,Lubrecht Flume,MT,46.88,-113.32,1426.5,20170310,29.66,48.74,36.32,,,,,24.015760999999998,0.20078751
328850,Lubrecht Flume,MT,46.88,-113.32,1426.5,20170311,31.28,59.18,38.84,,,,,22.992138399999998,0.0
328851,Lubrecht Flume,MT,46.88,-113.32,1426.5,20170312,32.72,47.3,38.12,,,,,20.9842633,0.0
328852,Lubrecht Flume,MT,46.88,-113.32,1426.5,20170313,34.34,53.24,40.82,,,,,20.000010800000002,0.0
328853,Lubrecht Flume,MT,46.88,-113.32,1426.5,20170314,35.6,52.52,39.92,,,,,19.0157583,0.09842525
328854,Lubrecht Flume,MT,46.88,-113.32,1426.5,20170315,37.94,55.94,42.8,,,,,17.0078832,0.20078751
328855,Lubrecht Flume,MT,46.88,-113.32,1426.5,20170316,28.4,49.46,37.94,,,,,15.9842606,0.09842525
328856,Lubrecht Flume,MT,46.88,-113.32,1426.5,20170317,26.06,51.98,37.94,,,,,15.0000081,0.0
328857,Lubrecht Flume,MT,46.88,-113.32,1426.5,20170318,35.6,57.56,43.34,,,,,12.992133,0.0
328858,Lubrecht Flume,MT,46.88,-113.32,1426.5,20170319,30.74,51.98,38.12,,,,,12.992133,0.0
328859,Lubrecht Flume,MT,46.88,-113.32,1426.5,20170320,25.88,46.76,35.78,,,,,12.992133,0.0
328860,Lubrecht Flume,MT,46.88,-113.32,1426.5,20170321,30.2,51.44,40.1,,,,,10.9842579,0.09842525
328861,Lubrecht Flume,MT,46.88,-113.32,1426.5,20170322,33.98,56.66,41.54,,,,,10.9842579,0.0
328862,Lubrecht Flume,MT,46.88,-113.32,1426.5,20170323,28.76,50.18,38.12,,,,,10.000005400000001,0.0
328863,Lubrecht Flume,MT,46.88,-113.32,1426.5,20170324,25.52,55.94,38.84,,,,,9.0157529,0.0
328864,Lubrecht Flume,MT,46.88,-113.32,1426.5,20170325,30.92,50.0,38.84,,,,,7.007877799999999,0.0
328865,Lubrecht Flume,MT,46.88,-113.32,1426.5,20170326,29.3,56.12,39.92,,,,,5.984255200000001,0.0
328866,Lubrecht Flume,MT,46.88,-113.32,1426.5,20170327,32.0,44.42,36.86,,,,,5.984255200000001,0.09842525
328867,Lubrecht Flume,MT,46.88,-113.32,1426.5,20170328,30.92,46.22,38.12,,,,,5.0000027000000005,0.0
328868,Lubrecht Flume,MT,46.88,-113.32,1426.5,20170329,36.5,44.96,40.1,,,,,2.9921276000000003,0.09842525
328869,Lubrecht Flume,MT,46.88,-113.32,1426.5,20170330,34.88,53.6,41.54,,,,,2.0078751,0.0
328870,Lubrecht Flume,MT,46.88,-113.32,1426.5,20170331,32.9,53.24,40.64,,,,,0.0,0.09842525
328871,Lubrecht Flume,MT,46.88,-113.32,1426.5,20170401,31.28,56.84,43.34,,,,,0.0,0.0
328872,Lubrecht Flume,MT,46.88,-113.32,1426.5,20170402,32.0,49.82,39.2,,,,,0.0,0.0
328873,Lubrecht Flume,MT,46.88,-113.32,1426.5,20170403,28.4,40.28,32.36,,,,,0.0,0.09842525
328874,Lubrecht Flume,MT,46.88,-113.32,1426.5,20170404,22.64,50.0,35.06,,,,,0.0,0.0
328875,Lubrecht Flume,MT,46.88,-113.32,1426.5,20170405,32.36,52.52,41.0,,,,,0.0,0.0
328876,Lubrecht Flume,MT,46.88,-113.32,1426.5,20170406,33.08,64.4,45.68,,,,,0.0,0.0
328877,Lubrecht Flume,MT,46.88,-113.32,1426.5,20170407,32.54,58.46,42.26,,,,,0.0,0.0
328878,Lubrecht Flume,MT,46.88,-113.32,1426.5,20170408,30.2,54.14,37.22,,,,,0.0,0.40157502
328879,Lubrecht Flume,MT,46.88,-113.32,1426.5,20170409,26.24,40.1,33.08,,,,,0.0,0.0
328880,Lubrecht Flume,MT,46.88,-113.32,1426.5,20170410,21.92,47.12,31.46,,,,,0.0,0.0
328881,Lubrecht Flume,MT,46.88,-113.32,1426.5,20170411,24.8,53.42,38.12,,,,,0.0,0.0
328882,Lubrecht Flume,MT,46.88,-113.32,1426.5,20170412,37.22,50.36,43.34,,,,,0.0,0.0
328883,Lubrecht Flume,MT,46.88,-113.32,1426.5,20170413,34.7,47.84,39.38,,,,,0.0,0.29921276
328884,Lubrecht Flume,MT,46.88,-113.32,1426.5,20170414,32.0,45.32,37.04,,,,,0.0,0.0
328885,Lubrecht Flume,MT,46.88,-113.32,1426.5,20170415,29.12,46.76,35.6,,,,,0.0,0.0
328886,Lubrecht Flume,MT,46.88,-113.32,1426.5,20170416,27.86,56.48,42.26,,,,,0.0,0.0
328887,Lubrecht Flume,MT,46.88,-113.32,1426.5,20170417,36.68,50.0,41.72,,,,,0.0,0.09842525
328888,Lubrecht Flume,MT,46.88,-113.32,1426.5,20170418,33.62,58.46,43.52,,,,,0.0,0.09842525
328889,Lubrecht Flume,MT,46.88,-113.32,1426.5,20170419,32.72,56.84,42.62,,,,,0.0,0.0
328890,Lubrecht Flume,MT,46.88,-113.32,1426.5,20170420,31.1,53.96,39.74,,,,,0.0,0.0
328891,Lubrecht Flume,MT,46.88,-113.32,1426.5,20170421,35.24,51.26,42.08,,,,,0.0,0.0
328892,Lubrecht Flume,MT,46.88,-113.32,1426.5,20170422,30.56,62.42,45.68,,,,,0.0,0.0
328893,Lubrecht Flume,MT,46.88,-113.32,1426.5,20170423,35.6,51.26,42.62,,,,,0.0,0.09842525
328894,Lubrecht Flume,MT,46.88,-113.32,1426.5,20170424,34.16,51.62,42.44,,,,,0.0,0.0
328895,Lubrecht Flume,MT,46.88,-113.32,1426.5,20170425,37.04,53.06,42.26,,,,,0.0,0.0
328896,Lubrecht Flume,MT,46.88,-113.32,1426.5,20170426,36.32,49.64,40.64,,,,,0.0,0.09842525
328897,Lubrecht Flume,MT,46.88,-113.32,1426.5,20170427,32.9,46.58,38.12,,,,,0.0,0.0
328898,Lubrecht Flume,MT,46.88,-113.32,1426.5,20170428,31.28,50.18,39.02,,,,,0.0,0.0
328899,Lubrecht Flume,MT,46.88,-113.32,1426.5,20170429,30.92,56.12,41.72,,,,,0.0,0.0
328900,Lubrecht Flume,MT,46.88,-113.32,1426.5,20170430,38.12,55.04,44.06,,,,,0.0,0.0
328901,Lubrecht Flume,MT,46.88,-113.32,1426.5,20170501,36.5,53.6,42.8,,,,,0.0,0.0
328902,Lubrecht Flume,MT,46.88,-113.32,1426.5,20170502,35.6,48.02,40.28,,,,,0.0,0.0
328903,Lubrecht Flume,MT,46.88,-113.32,1426.5,20170503,30.74,64.04,48.2,,,,,0.0,0.0
328904,Lubrecht Flume,MT,46.88,-113.32,1426.5,20170504,39.56,76.1,56.84,,,,,0.0,0.0
328905,Lubrecht Flume,MT,46.88,-113.32,1426.5,20170505,43.52,78.62,57.74,,,,,0.0,0.0
328906,Lubrecht Flume,MT,46.88,-113.32,1426.5,20170506,46.22,69.62,54.5,,,,,0.0,0.09842525
328907,Lubrecht Flume,MT,46.88,-113.32,1426.5,20170507,33.26,46.22,41.36,,,,,0.0,0.29921276
328908,Lubrecht Flume,MT,46.88,-113.32,1426.5,20170508,31.64,62.24,44.96,,,,,0.0,0.0
328909,Lubrecht Flume,MT,46.88,-113.32,1426.5,20170509,33.98,67.1,49.46,,,,,0.0,0.0
328910,Lubrecht Flume,MT,46.88,-113.32,1426.5,20170510,36.68,72.68,54.5,,,,,0.0,0.0
328911,Lubrecht Flume,MT,46.88,-113.32,1426.5,20170511,40.82,80.6,58.1,,,,,0.0,0.0
328912,Lubrecht Flume,MT,46.88,-113.32,1426.5,20170512,36.32,65.3,48.2,,,,,0.0,0.70078778
328913,Lubrecht Flume,MT,46.88,-113.32,1426.5,20170513,33.44,46.58,38.48,,,,,0.0,0.0
328914,Lubrecht Flume,MT,46.88,-113.32,1426.5,20170514,31.64,52.88,39.92,,,,,0.0,0.0
328915,Lubrecht Flume,MT,46.88,-113.32,1426.5,20170515,30.38,55.94,42.62,,,,,0.0,0.0
328916,Lubrecht Flume,MT,46.88,-113.32,1426.5,20170516,33.08,52.34,41.36,,,,,0.0,0.59842552
328917,Lubrecht Flume,MT,46.88,-113.32,1426.5,20170517,32.72,42.62,36.32,,,,,5.0000027000000005,1.00000054
328918,Lubrecht Flume,MT,46.88,-113.32,1426.5,20170518,34.7,57.92,43.7,,,,,0.0,0.0
328919,Lubrecht Flume,MT,46.88,-113.32,1426.5,20170519,33.44,62.78,46.58,,,,,0.0,0.0
328920,Lubrecht Flume,MT,46.88,-113.32,1426.5,20170520,37.94,61.88,47.84,,,,,0.0,0.0
328921,Lubrecht Flume,MT,46.88,-113.32,1426.5,20170521,36.32,68.72,51.62,,,,,0.0,0.0
328922,Lubrecht Flume,MT,46.88,-113.32,1426.5,20170522,42.44,74.12,56.3,,,,,0.0,0.0
328923,Lubrecht Flume,MT,46.88,-113.32,1426.5,20170523,42.44,77.54,59.54,,,,,0.0,0.0
328924,Lubrecht Flume,MT,46.88,-113.32,1426.5,20170524,42.98,59.54,51.98,,,,,0.0,0.0
328925,Lubrecht Flume,MT,46.88,-113.32,1426.5,20170525,41.54,58.64,48.74,,,,,0.0,0.0
328926,Lubrecht Flume,MT,46.88,-113.32,1426.5,20170526,39.38,64.04,50.72,,,,,0.0,0.0
328927,Lubrecht Flume,MT,46.88,-113.32,1426.5,20170527,42.44,70.52,55.04,,,,,0.0,0.0
328928,Lubrecht Flume,MT,46.88,-113.32,1426.5,20170528,42.44,75.38,59.36,,,,,0.0,0.0
328929,Lubrecht Flume,MT,46.88,-113.32,1426.5,20170529,44.78,77.54,61.52,,,,,0.0,0.0
328930,Lubrecht Flume,MT,46.88,-113.32,1426.5,20170530,45.86,82.04,63.68,,,,,0.0,0.0
328931,Lubrecht Flume,MT,46.88,-113.32,1426.5,20170531,49.28,83.84,63.14,,,,,0.0,0.0
328932,Lubrecht Flume,MT,46.88,-113.32,1426.5,20170601,45.86,68.36,55.04,,,,,0.0,0.0
328933,Lubrecht Flume,MT,46.88,-113.32,1426.5,20170602,44.6,67.46,54.14,,,,,0.0,0.0
328934,Lubrecht Flume,MT,46.88,-113.32,1426.5,20170603,41.72,77.54,59.36,,,,,0.0,0.0
328935,Lubrecht Flume,MT,46.88,-113.32,1426.5,20170604,46.58,80.42,59.72,,,,,0.0,0.59842552
328936,Lubrecht Flume,MT,46.88,-113.32,1426.5,20170605,44.78,66.2,52.88,,,,,0.0,0.0
328937,Lubrecht Flume,MT,46.88,-113.32,1426.5,20170606,43.88,74.66,60.8,,,,,0.0,0.0
328938,Lubrecht Flume,MT,46.88,-113.32,1426.5,20170607,49.1,84.56,66.56,,,,,0.0,0.0
328939,Lubrecht Flume,MT,46.88,-113.32,1426.5,20170608,47.48,75.38,60.8,,,,,0.0,0.09842525
328940,Lubrecht Flume,MT,46.88,-113.32,1426.5,20170609,39.74,62.78,50.36,,,,,0.0,0.20078751
328941,Lubrecht Flume,MT,46.88,-113.32,1426.5,20170610,33.8,54.68,44.96,,,,,0.0,0.0
328942,Lubrecht Flume,MT,46.88,-113.32,1426.5,20170611,33.44,66.02,49.46,,,,,0.0,0.0
328943,Lubrecht Flume,MT,46.88,-113.32,1426.5,20170612,39.92,74.3,56.12,,,,,0.0,0.70078778
328944,Lubrecht Flume,MT,46.88,-113.32,1426.5,20170613,42.8,50.72,46.22,,,,,0.0,2.5984266
328945,Lubrecht Flume,MT,46.88,-113.32,1426.5,20170614,38.3,63.5,52.52,,,,,0.0,0.09842525
328946,Lubrecht Flume,MT,46.88,-113.32,1426.5,20170615,41.0,60.98,52.16,,,,,0.0,0.0
328947,Lubrecht Flume,MT,46.88,-113.32,1426.5,20170616,46.04,58.82,51.8,,,,,0.0,0.0
328948,Lubrecht Flume,MT,46.88,-113.32,1426.5,20170617,42.98,62.42,51.8,,,,,0.0,0.0
328949,Lubrecht Flume,MT,46.88,-113.32,1426.5,20170618,46.76,65.84,52.7,,,,,0.0,0.0
328950,Lubrecht Flume,MT,46.88,-113.32,1426.5,20170619,48.92,78.8,62.96,,,,,0.0,0.0
328951,Lubrecht Flume,MT,46.88,-113.32,1426.5,20170620,53.78,78.8,65.12,,,,,0.0,0.0
328952,Lubrecht Flume,MT,46.88,-113.32,1426.5,20170621,45.68,72.68,59.72,,,,,0.0,0.0
328953,Lubrecht Flume,MT,46.88,-113.32,1426.5,20170622,42.08,66.92,53.06,,,,,0.0,0.0
328954,Lubrecht Flume,MT,46.88,-113.32,1426.5,20170623,37.76,71.78,55.76,,,,,0.0,0.0
328955,Lubrecht Flume,MT,46.88,-113.32,1426.5,20170624,43.7,75.38,60.26,,,,,0.0,0.0
328956,Lubrecht Flume,MT,46.88,-113.32,1426.5,20170625,45.32,82.04,62.78,,,,,0.0,0.0
328957,Lubrecht Flume,MT,46.88,-113.32,1426.5,20170626,49.64,88.16,68.0,,,,,0.0,0.0
328958,Lubrecht Flume,MT,46.88,-113.32,1426.5,20170627,48.56,75.02,61.7,,,,,0.0,0.29921276
328959,Lubrecht Flume,MT,46.88,-113.32,1426.5,20170628,45.68,73.58,58.64,,,,,0.0,0.0
328960,Lubrecht Flume,MT,46.88,-113.32,1426.5,20170629,46.04,68.54,54.68,,,,,0.0,0.0
328961,Lubrecht Flume,MT,46.88,-113.32,1426.5,20170630,43.88,76.28,59.9,,,,,0.0,0.0
328962,Lubrecht Flume,MT,46.88,-113.32,1426.5,20170701,49.1,83.3,65.3,,,,,0.0,0.0
328963,Lubrecht Flume,MT,46.88,-113.32,1426.5,20170702,51.62,85.64,67.1,,,,,0.0,0.0
328964,Lubrecht Flume,MT,46.88,-113.32,1426.5,20170703,52.16,82.76,66.2,,,,,0.0,0.0
328965,Lubrecht Flume,MT,46.88,-113.32,1426.5,20170704,47.66,84.38,65.12,,,,,0.0,0.0
328966,Lubrecht Flume,MT,46.88,-113.32,1426.5,20170705,52.34,90.68,70.34,,,,,0.0,0.0
328967,Lubrecht Flume,MT,46.88,-113.32,1426.5,20170706,55.22,90.5,70.52,,,,,0.0,0.0
328968,Lubrecht Flume,MT,46.88,-113.32,1426.5,20170707,57.2,92.3,72.5,,,,,0.0,0.0
328969,Lubrecht Flume,MT,46.88,-113.32,1426.5,20170708,57.74,92.66,72.68,,,,,0.0,0.0
328970,Lubrecht Flume,MT,46.88,-113.32,1426.5,20170709,55.94,91.22,71.78,,,,,0.0,0.0
328971,Lubrecht Flume,MT,46.88,-113.32,1426.5,20170710,53.78,79.7,64.94,,,,,0.0,0.09842525
328972,Lubrecht Flume,MT,46.88,-113.32,1426.5,20170711,50.18,78.62,63.5,,,,,0.0,0.0
328973,Lubrecht Flume,MT,46.88,-113.32,1426.5,20170712,50.54,83.66,65.48,,,,,0.0,0.0
328974,Lubrecht Flume,MT,46.88,-113.32,1426.5,20170713,50.36,91.4,69.8,,,,,0.0,0.0
328975,Lubrecht Flume,MT,46.88,-113.32,1426.5,20170714,55.04,93.56,72.68,,,,,0.0,0.0
328976,Lubrecht Flume,MT,46.88,-113.32,1426.5,20170715,55.58,91.22,68.9,,,,,0.0,0.0
328977,Lubrecht Flume,MT,46.88,-113.32,1426.5,20170716,50.18,79.7,64.22,,,,,0.0,0.0
328978,Lubrecht Flume,MT,46.88,-113.32,1426.5,20170717,45.32,78.08,60.26,,,,,0.0,0.0
328979,Lubrecht Flume,MT,46.88,-113.32,1426.5,20170718,45.68,83.48,64.4,,,,,0.0,0.0
328980,Lubrecht Flume,MT,46.88,-113.32,1426.5,20170719,51.8,85.82,67.64,,,,,0.0,0.0
328981,Lubrecht Flume,MT,46.88,-113.32,1426.5,20170720,51.98,85.1,66.74,,,,,0.0,0.0
328982,Lubrecht Flume,MT,46.88,-113.32,1426.5,20170721,48.38,79.34,62.42,,,,,0.0,0.0
328983,Lubrecht Flume,MT,46.88,-113.32,1426.5,20170722,47.12,81.32,64.22,,,,,0.0,0.0
328984,Lubrecht Flume,MT,46.88,-113.32,1426.5,20170723,52.16,89.78,69.08,,,,,0.0,0.0
328985,Lubrecht Flume,MT,46.88,-113.32,1426.5,20170724,54.5,85.82,68.72,,,,,0.0,0.0
328986,Lubrecht Flume,MT,46.88,-113.32,1426.5,20170725,53.24,84.38,67.82,,,,,0.0,0.0
328987,Lubrecht Flume,MT,46.88,-113.32,1426.5,20170726,51.98,87.8,68.9,,,,,0.0,0.0
328988,Lubrecht Flume,MT,46.88,-113.32,1426.5,20170727,58.1,86.72,69.62,,,,,0.0,0.0
328989,Lubrecht Flume,MT,46.88,-113.32,1426.5,20170728,53.42,87.62,67.64,,,,,0.0,0.0
328990,Lubrecht Flume,MT,46.88,-113.32,1426.5,20170729,53.24,90.32,69.8,,,,,0.0,0.0
328991,Lubrecht Flume,MT,46.88,-113.32,1426.5,20170730,55.04,89.24,70.16,,,,,0.0,0.0
328992,Lubrecht Flume,MT,46.88,-113.32,1426.5,20170731,52.34,88.52,68.72,,,,,0.0,0.0
328993,Lubrecht Flume,MT,46.88,-113.32,1426.5,20170801,50.18,88.16,69.08,,,,,0.0,0.0
328994,Lubrecht Flume,MT,46.88,-113.32,1426.5,20170802,55.04,74.66,63.14,,,,,0.0,0.0
328995,Lubrecht Flume,MT,46.88,-113.32,1426.5,20170803,48.2,84.02,64.4,,,,,0.0,0.0
328996,Lubrecht Flume,MT,46.88,-113.32,1426.5,20170804,51.08,86.72,66.56,,,,,0.0,0.0
328997,Lubrecht Flume,MT,46.88,-113.32,1426.5,20170805,51.08,72.68,60.62,,,,,0.0,0.0
328998,Lubrecht Flume,MT,46.88,-113.32,1426.5,20170806,46.04,80.06,63.14,,,,,0.0,0.0
328999,Lubrecht Flume,MT,46.88,-113.32,1426.5,20170807,47.84,84.92,65.84,,,,,0.0,0.0
329000,Lubrecht Flume,MT,46.88,-113.32,1426.5,20170808,53.42,83.84,66.92,,,,,0.0,0.0
329001,Lubrecht Flume,MT,46.88,-113.32,1426.5,20170809,51.8,81.32,64.58,,,,,0.0,0.0
329002,Lubrecht Flume,MT,46.88,-113.32,1426.5,20170810,48.56,84.56,66.02,,,,,0.0,0.0
329003,Lubrecht Flume,MT,46.88,-113.32,1426.5,20170811,49.28,84.74,66.38,,,,,0.0,0.0
329004,Lubrecht Flume,MT,46.88,-113.32,1426.5,20170812,53.42,85.82,67.64,,,,,0.0,0.0
329005,Lubrecht Flume,MT,46.88,-113.32,1426.5,20170813,51.8,74.84,61.7,,,,,0.0,0.0
329006,Lubrecht Flume,MT,46.88,-113.32,1426.5,20170814,48.2,72.14,58.1,,,,,0.0,0.0
329007,Lubrecht Flume,MT,46.88,-113.32,1426.5,20170815,43.34,76.28,58.82,,,,,0.0,0.0
329008,Lubrecht Flume,MT,46.88,-113.32,1426.5,20170816,45.5,78.26,61.16,,,,,0.0,0.0
329009,Lubrecht Flume,MT,46.88,-113.32,1426.5,20170817,49.1,79.88,63.14,,,,,0.0,0.0
329010,Lubrecht Flume,MT,46.88,-113.32,1426.5,20170818,47.66,82.58,64.22,,,,,0.0,0.0
329011,Lubrecht Flume,MT,46.88,-113.32,1426.5,20170819,49.64,75.2,60.98,,,,,0.0,0.0
329012,Lubrecht Flume,MT,46.88,-113.32,1426.5,20170820,45.32,71.78,58.46,,,,,0.0,0.0
329013,Lubrecht Flume,MT,46.88,-113.32,1426.5,20170821,46.4,77.72,60.08,,,,,0.0,0.0
329014,Lubrecht Flume,MT,46.88,-113.32,1426.5,20170822,46.76,85.28,64.4,,,,,0.0,0.0
329015,Lubrecht Flume,MT,46.88,-113.32,1426.5,20170823,51.08,86.9,67.82,,,,,0.0,0.0
329016,Lubrecht Flume,MT,46.88,-113.32,1426.5,20170824,50.9,74.66,62.96,,,,,0.0,0.0
329017,Lubrecht Flume,MT,46.88,-113.32,1426.5,20170825,47.84,79.7,60.98,,,,,0.0,0.0
329018,Lubrecht Flume,MT,46.88,-113.32,1426.5,20170826,44.06,82.4,61.34,,,,,0.0,0.0
329019,Lubrecht Flume,MT,46.88,-113.32,1426.5,20170827,47.48,86.72,64.58,,,,,0.0,0.0
329020,Lubrecht Flume,MT,46.88,-113.32,1426.5,20170828,49.64,90.14,67.82,,,,,0.0,0.0
329021,Lubrecht Flume,MT,46.88,-113.32,1426.5,20170829,57.92,90.32,69.62,,,,,0.0,0.0
329022,Lubrecht Flume,MT,46.88,-113.32,1426.5,20170830,56.12,88.16,68.36,,,,,0.0,0.0
329023,Lubrecht Flume,MT,46.88,-113.32,1426.5,20170831,52.88,83.12,64.94,,,,,0.0,0.0
329024,Lubrecht Flume,MT,46.88,-113.32,1426.5,20170901,48.02,82.4,63.86,,,,,0.0,0.0
329025,Lubrecht Flume,MT,46.88,-113.32,1426.5,20170902,51.44,89.24,68.36,,,,,0.0,0.0
329026,Lubrecht Flume,MT,46.88,-113.32,1426.5,20170903,54.5,92.12,70.52,,,,,0.0,0.0
329027,Lubrecht Flume,MT,46.88,-113.32,1426.5,20170904,51.08,72.5,60.62,,,,,0.0,0.0
329028,Lubrecht Flume,MT,46.88,-113.32,1426.5,20170905,43.88,79.52,59.36,,,,,0.0,0.0
329029,Lubrecht Flume,MT,46.88,-113.32,1426.5,20170906,48.38,80.24,61.52,,,,,0.0,0.0
329030,Lubrecht Flume,MT,46.88,-113.32,1426.5,20170907,49.82,84.74,64.04,,,,,0.0,0.0
329031,Lubrecht Flume,MT,46.88,-113.32,1426.5,20170908,51.8,82.04,65.48,,,,,0.0,0.0
329032,Lubrecht Flume,MT,46.88,-113.32,1426.5,20170909,53.24,84.02,66.2,,,,,0.0,0.0
329033,Lubrecht Flume,MT,46.88,-113.32,1426.5,20170910,51.98,77.0,62.78,,,,,0.0,0.0
329034,Lubrecht Flume,MT,46.88,-113.32,1426.5,20170911,46.76,84.2,62.42,,,,,0.0,0.0
329035,Lubrecht Flume,MT,46.88,-113.32,1426.5,20170912,48.74,84.38,64.94,,,,,0.0,0.09842525
329036,Lubrecht Flume,MT,46.88,-113.32,1426.5,20170913,49.1,77.36,63.32,,,,,0.0,0.0
329037,Lubrecht Flume,MT,46.88,-113.32,1426.5,20170914,38.48,49.28,43.34,,,,,0.0,0.40157502
329038,Lubrecht Flume,MT,46.88,-113.32,1426.5,20170915,36.5,41.54,38.66,,,,,0.0,0.50000027
329039,Lubrecht Flume,MT,46.88,-113.32,1426.5,20170916,35.06,50.72,40.46,,,,,0.0,0.09842525
329040,Lubrecht Flume,MT,46.88,-113.32,1426.5,20170917,33.26,61.88,46.22,,,,,0.0,0.0
329041,Lubrecht Flume,MT,46.88,-113.32,1426.5,20170918,38.12,58.1,45.5,,,,,0.0,0.29921276
329042,Lubrecht Flume,MT,46.88,-113.32,1426.5,20170919,34.88,48.02,39.38,,,,,0.0,0.29921276
329043,Lubrecht Flume,MT,46.88,-113.32,1426.5,20170920,34.34,43.88,38.84,,,,,0.0,0.20078751
329044,Lubrecht Flume,MT,46.88,-113.32,1426.5,20170921,32.9,52.52,40.28,,,,,0.0,0.0
329045,Daly Creek,MT,46.18,-113.85,1761.7,20170101,0.68,24.44,13.28,,,,,19.0157583,0.09842525
329046,Daly Creek,MT,46.18,-113.85,1761.7,20170102,-5.98,9.68,2.12,,,,,17.9921357,0.0
329047,Daly Creek,MT,46.18,-113.85,1761.7,20170103,-6.88,15.44,3.38,,,,,17.9921357,0.0
329048,Daly Creek,MT,46.18,-113.85,1761.7,20170104,-9.94,9.5,-3.46,,,,,17.9921357,0.0
329049,Daly Creek,MT,46.18,-113.85,1761.7,20170105,-12.1,8.24,-2.02,,,,,17.0078832,0.09842525
329050,Daly Creek,MT,46.18,-113.85,1761.7,20170106,4.64,20.12,10.04,,,,,17.0078832,0.0
329051,Daly Creek,MT,46.18,-113.85,1761.7,20170107,2.84,25.7,14.9,,,,,17.0078832,0.29921276
329052,Daly Creek,MT,46.18,-113.85,1761.7,20170108,23.36,36.32,30.74,,,,,20.9842633,0.29921276
329053,Daly Creek,MT,46.18,-113.85,1761.7,20170109,21.38,38.12,29.84,,,,,20.000010800000002,0.29921276
329054,Daly Creek,MT,46.18,-113.85,1761.7,20170110,19.22,31.28,24.62,,,,,20.9842633,0.09842525
329055,Daly Creek,MT,46.18,-113.85,1761.7,20170111,12.2,23.72,16.7,,,,,22.992138399999998,0.09842525
329056,Daly Creek,MT,46.18,-113.85,1761.7,20170112,4.64,19.58,13.1,,,,,22.992138399999998,0.0
329057,Daly Creek,MT,46.18,-113.85,1761.7,20170113,3.74,18.68,8.96,,,,,22.007885899999998,0.0
329058,Daly Creek,MT,46.18,-113.85,1761.7,20170114,6.26,20.66,12.38,,,,,22.007885899999998,0.0
329059,Daly Creek,MT,46.18,-113.85,1761.7,20170115,8.96,28.04,15.44,,,,,20.9842633,0.0
329060,Daly Creek,MT,46.18,-113.85,1761.7,20170116,7.52,24.62,15.44,,,,,20.9842633,0.0
329061,Daly Creek,MT,46.18,-113.85,1761.7,20170117,17.6,35.96,25.52,,,,,20.9842633,0.09842525
329062,Daly Creek,MT,46.18,-113.85,1761.7,20170118,28.4,36.86,33.62,,,,,20.9842633,0.0
329063,Daly Creek,MT,46.18,-113.85,1761.7,20170119,28.04,37.76,33.62,,,,,24.015760999999998,0.09842525
329064,Daly Creek,MT,46.18,-113.85,1761.7,20170120,15.26,30.02,24.62,,,,,22.992138399999998,0.0
329065,Daly Creek,MT,46.18,-113.85,1761.7,20170121,14.54,35.42,24.8,,,,,24.015760999999998,0.09842525
329066,Daly Creek,MT,46.18,-113.85,1761.7,20170122,17.96,30.92,25.16,,,,,22.992138399999998,0.0
329067,Daly Creek,MT,46.18,-113.85,1761.7,20170123,12.56,31.1,21.56,,,,,22.992138399999998,0.0
329068,Daly Creek,MT,46.18,-113.85,1761.7,20170124,6.44,27.86,16.7,,,,,22.007885899999998,0.0
329069,Daly Creek,MT,46.18,-113.85,1761.7,20170125,15.62,27.5,20.84,,,,,24.015760999999998,0.09842525
329070,Daly Creek,MT,46.18,-113.85,1761.7,20170126,7.88,27.32,18.5,,,,,22.992138399999998,0.0
329071,Daly Creek,MT,46.18,-113.85,1761.7,20170127,7.34,26.6,16.16,,,,,22.007885899999998,0.0
329072,Daly Creek,MT,46.18,-113.85,1761.7,20170128,14.9,33.62,23.72,,,,,22.007885899999998,0.09842525
329073,Daly Creek,MT,46.18,-113.85,1761.7,20170129,22.1,35.78,27.86,,,,,22.007885899999998,0.0
329074,Daly Creek,MT,46.18,-113.85,1761.7,20170130,21.92,38.48,29.66,,,,,22.007885899999998,0.0
329075,Daly Creek,MT,46.18,-113.85,1761.7,20170131,14.36,30.56,25.88,,,,,25.984266,0.09842525
329076,Daly Creek,MT,46.18,-113.85,1761.7,20170201,1.22,18.5,10.58,,,,,25.984266,0.0
329077,Daly Creek,MT,46.18,-113.85,1761.7,20170202,-1.3,16.16,6.8,,,,,25.0000135,0.0
329078,Daly Creek,MT,46.18,-113.85,1761.7,20170203,1.22,37.22,26.24,,,,,25.0000135,0.20078751
329079,Daly Creek,MT,46.18,-113.85,1761.7,20170204,31.82,37.04,33.8,,,,,27.9921411,0.40157502
329080,Daly Creek,MT,46.18,-113.85,1761.7,20170205,32.36,38.84,34.34,,,,,29.015763699999997,0.09842525
329081,Daly Creek,MT,46.18,-113.85,1761.7,20170206,22.28,38.48,30.38,,,,,32.0078913,0.20078751
329082,Daly Creek,MT,46.18,-113.85,1761.7,20170207,12.02,32.18,21.38,,,,,32.9921438,0.09842525
329083,Daly Creek,MT,46.18,-113.85,1761.7,20170208,22.28,35.96,29.84,,,,,32.9921438,0.29921276
329084,Daly Creek,MT,46.18,-113.85,1761.7,20170209,34.34,39.38,35.6,,,,,29.015763699999997,0.50000027
329085,Daly Creek,MT,46.18,-113.85,1761.7,20170210,26.96,37.76,33.44,,,,,37.992146500000004,0.79921303
329086,Daly Creek,MT,46.18,-113.85,1761.7,20170211,11.12,31.82,23.36,,,,,35.0000189,0.09842525
329087,Daly Creek,MT,46.18,-113.85,1761.7,20170212,10.4,33.08,20.3,,,,,32.9921438,0.09842525
329088,Daly Creek,MT,46.18,-113.85,1761.7,20170213,15.62,33.26,23.36,,,,,32.0078913,0.0
329089,Daly Creek,MT,46.18,-113.85,1761.7,20170214,21.56,36.86,28.22,,,,,32.0078913,0.0
329090,Daly Creek,MT,46.18,-113.85,1761.7,20170215,25.52,39.02,32.18,,,,,30.984268699999998,0.0
329091,Daly Creek,MT,46.18,-113.85,1761.7,20170216,31.1,46.22,37.4,,,,,29.015763699999997,0.09842525
329092,Daly Creek,MT,46.18,-113.85,1761.7,20170217,30.92,40.82,33.8,,,,,30.984268699999998,0.0
329093,Daly Creek,MT,46.18,-113.85,1761.7,20170218,30.2,44.96,35.06,,,,,30.984268699999998,0.09842525
329094,Daly Creek,MT,46.18,-113.85,1761.7,20170219,26.06,41.0,33.62,,,,,30.984268699999998,0.0
329095,Daly Creek,MT,46.18,-113.85,1761.7,20170220,28.04,42.8,34.16,,,,,30.984268699999998,0.0
329096,Daly Creek,MT,46.18,-113.85,1761.7,20170221,29.3,43.16,35.06,,,,,30.984268699999998,0.09842525
329097,Daly Creek,MT,46.18,-113.85,1761.7,20170222,23.54,38.66,29.66,,,,,30.984268699999998,0.0
329098,Daly Creek,MT,46.18,-113.85,1761.7,20170223,17.96,31.82,25.34,,,,,30.984268699999998,0.0
329099,Daly Creek,MT,46.18,-113.85,1761.7,20170224,12.56,28.94,21.02,,,,,32.0078913,0.0
329100,Daly Creek,MT,46.18,-113.85,1761.7,20170225,10.76,26.6,19.04,,,,,32.0078913,0.0
329101,Daly Creek,MT,46.18,-113.85,1761.7,20170226,17.96,31.64,23.36,,,,,32.9921438,0.09842525
329102,Daly Creek,MT,46.18,-113.85,1761.7,20170227,14.72,30.2,21.38,,,,,32.9921438,0.0
329103,Daly Creek,MT,46.18,-113.85,1761.7,20170228,17.06,28.04,21.2,,,,,34.0157664,0.09842525
329104,Daly Creek,MT,46.18,-113.85,1761.7,20170301,19.76,34.88,27.14,,,,,34.0157664,0.09842525
329105,Daly Creek,MT,46.18,-113.85,1761.7,20170302,19.76,44.6,30.56,,,,,32.9921438,0.0
329106,Daly Creek,MT,46.18,-113.85,1761.7,20170303,26.42,50.0,36.14,,,,,32.9921438,0.0
329107,Daly Creek,MT,46.18,-113.85,1761.7,20170304,30.2,43.16,35.24,,,,,32.9921438,0.09842525
329108,Daly Creek,MT,46.18,-113.85,1761.7,20170305,19.04,37.04,28.04,,,,,37.992146500000004,0.20078751
329109,Daly Creek,MT,46.18,-113.85,1761.7,20170306,12.92,31.28,20.84,,,,,40.000021600000004,0.09842525
329110,Daly Creek,MT,46.18,-113.85,1761.7,20170307,15.08,37.22,26.6,,,,,40.000021600000004,0.29921276
329111,Daly Creek,MT,46.18,-113.85,1761.7,20170308,29.66,37.4,32.9,,,,,50.000027,1.40157556
329112,Daly Creek,MT,46.18,-113.85,1761.7,20170309,28.22,41.18,34.34,,,,,47.992151899999996,0.50000027
329113,Daly Creek,MT,46.18,-113.85,1761.7,20170310,30.74,46.94,36.32,,,,,42.9921492,0.09842525
329114,Daly Creek,MT,46.18,-113.85,1761.7,20170311,27.86,46.94,35.24,,,,,40.9842741,0.0
329115,Daly Creek,MT,46.18,-113.85,1761.7,20170312,31.46,45.68,35.42,,,,,42.0078967,0.09842525
329116,Daly Creek,MT,46.18,-113.85,1761.7,20170313,30.92,53.42,38.48,,,,,40.9842741,0.0
329117,Daly Creek,MT,46.18,-113.85,1761.7,20170314,34.88,46.58,37.04,,,,,39.0157691,0.09842525
329118,Daly Creek,MT,46.18,-113.85,1761.7,20170315,34.16,51.62,38.48,,,,,37.007894,0.0
329119,Daly Creek,MT,46.18,-113.85,1761.7,20170316,26.96,48.38,35.24,,,,,37.007894,0.40157502
329120,Daly Creek,MT,46.18,-113.85,1761.7,20170317,25.7,47.66,35.24,,,,,35.9842714,0.09842525
329121,Daly Creek,MT,46.18,-113.85,1761.7,20170318,35.24,57.2,39.74,,,,,35.0000189,0.09842525
329122,Daly Creek,MT,46.18,-113.85,1761.7,20170319,29.3,45.32,36.68,,,,,34.0157664,0.0
329123,Daly Creek,MT,46.18,-113.85,1761.7,20170320,28.22,44.06,35.24,,,,,32.9921438,0.09842525
329124,Daly Creek,MT,46.18,-113.85,1761.7,20170321,32.18,50.18,37.94,,,,,32.0078913,0.09842525
329125,Daly Creek,MT,46.18,-113.85,1761.7,20170322,32.0,53.42,37.22,,,,,32.0078913,0.0
329126,Daly Creek,MT,46.18,-113.85,1761.7,20170323,26.06,50.36,35.42,,,,,30.984268699999998,0.0
329127,Daly Creek,MT,46.18,-113.85,1761.7,20170324,24.98,58.1,36.86,,,,,30.0000162,0.09842525
329128,Daly Creek,MT,46.18,-113.85,1761.7,20170325,27.86,53.96,35.6,,,,,30.0000162,0.09842525
329129,Daly Creek,MT,46.18,-113.85,1761.7,20170326,25.52,53.96,36.32,,,,,30.0000162,0.0
329130,Daly Creek,MT,46.18,-113.85,1761.7,20170327,30.2,47.48,35.6,,,,,30.0000162,0.0
329131,Daly Creek,MT,46.18,-113.85,1761.7,20170328,27.32,50.72,36.32,,,,,29.015763699999997,0.09842525
329132,Daly Creek,MT,46.18,-113.85,1761.7,20170329,34.7,47.66,37.94,,,,,29.015763699999997,0.0
329133,Daly Creek,MT,46.18,-113.85,1761.7,20170330,32.72,45.32,37.04,,,,,27.9921411,0.09842525
329134,Daly Creek,MT,46.18,-113.85,1761.7,20170331,29.84,52.16,36.14,,,,,27.9921411,0.0
329135,Daly Creek,MT,46.18,-113.85,1761.7,20170401,27.5,56.84,38.12,,,,,27.0078886,0.0
329136,Daly Creek,MT,46.18,-113.85,1761.7,20170402,27.32,49.82,34.52,,,,,27.0078886,0.0
329137,Daly Creek,MT,46.18,-113.85,1761.7,20170403,21.92,41.72,28.58,,,,,27.9921411,0.09842525
329138,Daly Creek,MT,46.18,-113.85,1761.7,20170404,15.98,52.88,31.64,,,,,25.984266,0.20078751
329139,Daly Creek,MT,46.18,-113.85,1761.7,20170405,29.66,53.24,38.12,,,,,25.984266,0.0
329140,Daly Creek,MT,46.18,-113.85,1761.7,20170406,33.62,60.44,41.54,,,,,25.0000135,0.09842525
329141,Daly Creek,MT,46.18,-113.85,1761.7,20170407,30.38,52.88,39.02,,,,,24.015760999999998,0.0
329142,Daly Creek,MT,46.18,-113.85,1761.7,20170408,28.94,52.7,34.88,,,,,25.984266,0.09842525
329143,Daly Creek,MT,46.18,-113.85,1761.7,20170409,21.02,46.76,31.1,,,,,25.0000135,0.0
329144,Daly Creek,MT,46.18,-113.85,1761.7,20170410,20.84,48.74,30.74,,,,,25.0000135,0.09842525
329145,Daly Creek,MT,46.18,-113.85,1761.7,20170411,18.86,56.12,35.24,,,,,24.015760999999998,0.20078751
329146,Daly Creek,MT,46.18,-113.85,1761.7,20170412,33.44,55.04,39.92,,,,,22.992138399999998,0.0
329147,Daly Creek,MT,46.18,-113.85,1761.7,20170413,31.46,41.54,36.14,,,,,25.984266,0.40157502
329148,Daly Creek,MT,46.18,-113.85,1761.7,20170414,26.96,46.4,33.62,,,,,25.984266,0.0
329149,Daly Creek,MT,46.18,-113.85,1761.7,20170415,24.8,46.4,33.08,,,,,24.015760999999998,0.09842525
329150,Daly Creek,MT,46.18,-113.85,1761.7,20170416,21.74,57.74,36.5,,,,,22.992138399999998,0.09842525
329151,Daly Creek,MT,46.18,-113.85,1761.7,20170417,32.72,52.88,39.38,,,,,20.9842633,0.0
329152,Daly Creek,MT,46.18,-113.85,1761.7,20170418,32.36,55.76,39.74,,,,,20.000010800000002,0.0
329153,Daly Creek,MT,46.18,-113.85,1761.7,20170419,30.02,55.94,38.48,,,,,19.0157583,0.0
329154,Daly Creek,MT,46.18,-113.85,1761.7,20170420,29.66,45.86,36.14,,,,,17.9921357,0.09842525
329155,Daly Creek,MT,46.18,-113.85,1761.7,20170421,29.66,50.36,37.22,,,,,17.9921357,0.0
329156,Daly Creek,MT,46.18,-113.85,1761.7,20170422,27.5,61.16,40.46,,,,,15.9842606,0.20078751
329157,Daly Creek,MT,46.18,-113.85,1761.7,20170423,34.7,52.16,39.02,,,,,14.015755599999999,0.09842525
329158,Daly Creek,MT,46.18,-113.85,1761.7,20170424,31.64,50.72,37.94,,,,,15.0000081,0.09842525
329159,Daly Creek,MT,46.18,-113.85,1761.7,20170425,33.26,48.02,38.12,,,,,14.015755599999999,0.09842525
329160,Daly Creek,MT,46.18,-113.85,1761.7,20170426,33.08,48.38,38.3,,,,,12.992133,0.09842525
329161,Daly Creek,MT,46.18,-113.85,1761.7,20170427,27.14,44.96,33.62,,,,,12.992133,0.0
329162,Daly Creek,MT,46.18,-113.85,1761.7,20170428,24.98,44.06,35.06,,,,,12.992133,0.09842525
329163,Daly Creek,MT,46.18,-113.85,1761.7,20170429,25.34,56.66,38.12,,,,,10.9842579,0.20078751
329164,Daly Creek,MT,46.18,-113.85,1761.7,20170430,35.24,52.88,40.82,,,,,10.000005400000001,0.0
329165,Daly Creek,MT,46.18,-113.85,1761.7,20170501,33.26,53.24,39.74,,,,,9.0157529,0.0
329166,Daly Creek,MT,46.18,-113.85,1761.7,20170502,29.84,51.44,38.12,,,,,7.9921303,0.0
329167,Daly Creek,MT,46.18,-113.85,1761.7,20170503,27.68,64.94,42.44,,,,,5.984255200000001,0.09842525
329168,Daly Creek,MT,46.18,-113.85,1761.7,20170504,34.7,75.2,47.66,,,,,2.9921276000000003,0.0
329169,Daly Creek,MT,46.18,-113.85,1761.7,20170505,37.22,74.12,49.1,,,,,0.0,0.59842552
329170,Daly Creek,MT,46.18,-113.85,1761.7,20170506,37.76,63.86,46.58,,,,,0.0,0.09842525
329171,Daly Creek,MT,46.18,-113.85,1761.7,20170507,30.74,43.16,38.66,,,,,0.0,0.0
329172,Daly Creek,MT,46.18,-113.85,1761.7,20170508,27.14,59.9,40.28,,,,,0.0,0.0
329173,Daly Creek,MT,46.18,-113.85,1761.7,20170509,31.1,63.32,44.06,,,,,0.0,0.09842525
329174,Daly Creek,MT,46.18,-113.85,1761.7,20170510,32.9,71.06,48.56,,,,,0.0,0.0
329175,Daly Creek,MT,46.18,-113.85,1761.7,20170511,36.5,74.3,50.72,,,,,0.0,0.0
329176,Daly Creek,MT,46.18,-113.85,1761.7,20170512,33.98,59.54,43.16,,,,,0.0,0.0
329177,Daly Creek,MT,46.18,-113.85,1761.7,20170513,29.12,47.84,35.78,,,,,0.9842525,0.09842525
329178,Daly Creek,MT,46.18,-113.85,1761.7,20170514,26.96,47.12,35.96,,,,,0.0,0.29921276
329179,Daly Creek,MT,46.18,-113.85,1761.7,20170515,28.58,53.06,38.48,,,,,0.0,0.0
329180,Daly Creek,MT,46.18,-113.85,1761.7,20170516,30.02,50.72,37.94,,,,,0.9842525,0.09842525
329181,Daly Creek,MT,46.18,-113.85,1761.7,20170517,29.66,37.76,33.62,,,,,4.0157502,0.79921303
329182,Daly Creek,MT,46.18,-113.85,1761.7,20170518,33.26,50.18,38.66,,,,,0.9842525,0.09842525
329183,Daly Creek,MT,46.18,-113.85,1761.7,20170519,32.0,60.08,39.74,,,,,0.0,0.09842525
329184,Daly Creek,MT,46.18,-113.85,1761.7,20170520,33.26,54.86,41.72,,,,,0.0,0.29921276
329185,Daly Creek,MT,46.18,-113.85,1761.7,20170521,33.08,64.94,45.32,,,,,0.0,0.29921276
329186,Daly Creek,MT,46.18,-113.85,1761.7,20170522,35.42,69.8,50.0,,,,,0.0,0.0
329187,Daly Creek,MT,46.18,-113.85,1761.7,20170523,37.94,75.92,55.04,,,,,0.0,0.0
329188,Daly Creek,MT,46.18,-113.85,1761.7,20170524,39.92,56.12,48.56,,,,,0.0,0.0
329189,Daly Creek,MT,46.18,-113.85,1761.7,20170525,33.62,52.7,43.52,,,,,0.0,0.09842525
329190,Daly Creek,MT,46.18,-113.85,1761.7,20170526,34.7,60.44,46.58,,,,,0.0,0.09842525
329191,Daly Creek,MT,46.18,-113.85,1761.7,20170527,34.7,67.64,47.84,,,,,0.0,0.0
329192,Daly Creek,MT,46.18,-113.85,1761.7,20170528,36.68,72.86,53.42,,,,,0.0,0.09842525
329193,Daly Creek,MT,46.18,-113.85,1761.7,20170529,40.46,77.0,56.48,,,,,0.0,0.0
329194,Daly Creek,MT,46.18,-113.85,1761.7,20170530,41.54,79.7,59.36,,,,,0.0,0.0
329195,Daly Creek,MT,46.18,-113.85,1761.7,20170531,44.96,83.66,60.26,,,,,0.0,0.0
329196,Daly Creek,MT,46.18,-113.85,1761.7,20170601,44.24,63.5,51.44,,,,,0.0,0.0
329197,Daly Creek,MT,46.18,-113.85,1761.7,20170602,40.46,66.92,51.26,,,,,0.0,0.09842525
329198,Daly Creek,MT,46.18,-113.85,1761.7,20170603,39.2,74.84,56.3,,,,,0.0,0.09842525
329199,Daly Creek,MT,46.18,-113.85,1761.7,20170604,43.7,77.36,57.92,,,,,0.0,0.0
329200,Daly Creek,MT,46.18,-113.85,1761.7,20170605,41.18,66.02,50.54,,,,,0.0,0.0
329201,Daly Creek,MT,46.18,-113.85,1761.7,20170606,39.2,74.12,55.76,,,,,0.0,0.0
329202,Daly Creek,MT,46.18,-113.85,1761.7,20170607,44.78,83.84,60.62,,,,,0.0,0.0
329203,Daly Creek,MT,46.18,-113.85,1761.7,20170608,46.4,80.06,58.82,,,,,0.0,0.0
329204,Daly Creek,MT,46.18,-113.85,1761.7,20170609,35.78,58.46,46.04,,,,,0.0,0.0
329205,Daly Creek,MT,46.18,-113.85,1761.7,20170610,30.74,49.64,39.92,,,,,0.0,0.0
329206,Daly Creek,MT,46.18,-113.85,1761.7,20170611,29.12,64.76,46.04,,,,,0.0,0.0
329207,Daly Creek,MT,46.18,-113.85,1761.7,20170612,39.74,64.4,49.1,,,,,0.0,0.40157502
329208,Daly Creek,MT,46.18,-113.85,1761.7,20170613,39.02,45.68,41.9,,,,,0.0,1.90157583
329209,Daly Creek,MT,46.18,-113.85,1761.7,20170614,34.7,63.5,47.84,,,,,0.0,0.50000027
329210,Daly Creek,MT,46.18,-113.85,1761.7,20170615,39.38,57.74,49.64,,,,,0.0,0.0
329211,Daly Creek,MT,46.18,-113.85,1761.7,20170616,41.72,57.92,48.38,,,,,0.0,0.0
329212,Daly Creek,MT,46.18,-113.85,1761.7,20170617,40.1,62.42,49.46,,,,,0.0,0.0
329213,Daly Creek,MT,46.18,-113.85,1761.7,20170618,42.62,59.36,51.62,,,,,0.0,0.0
329214,Daly Creek,MT,46.18,-113.85,1761.7,20170619,40.64,80.42,58.82,,,,,0.0,0.20078751
329215,Daly Creek,MT,46.18,-113.85,1761.7,20170620,51.08,80.06,63.14,,,,,0.0,0.0
329216,Daly Creek,MT,46.18,-113.85,1761.7,20170621,43.16,71.42,56.84,,,,,0.0,0.0
329217,Daly Creek,MT,46.18,-113.85,1761.7,20170622,37.04,65.12,50.54,,,,,0.0,0.0
329218,Daly Creek,MT,46.18,-113.85,1761.7,20170623,35.42,70.16,51.98,,,,,0.0,0.0
329219,Daly Creek,MT,46.18,-113.85,1761.7,20170624,39.38,75.2,55.76,,,,,0.0,0.09842525
329220,Daly Creek,MT,46.18,-113.85,1761.7,20170625,42.62,82.58,60.62,,,,,0.0,0.20078751
329221,Daly Creek,MT,46.18,-113.85,1761.7,20170626,47.66,87.8,64.58,,,,,0.0,0.09842525
329222,Daly Creek,MT,46.18,-113.85,1761.7,20170627,46.58,69.8,56.84,,,,,0.0,0.0
329223,Daly Creek,MT,46.18,-113.85,1761.7,20170628,42.8,69.8,54.86,,,,,0.0,0.0
329224,Daly Creek,MT,46.18,-113.85,1761.7,20170629,40.28,66.56,51.8,,,,,0.0,0.0
329225,Daly Creek,MT,46.18,-113.85,1761.7,20170630,41.18,74.3,56.3,,,,,0.0,0.0
329226,Daly Creek,MT,46.18,-113.85,1761.7,20170701,45.14,78.98,60.8,,,,,0.0,0.0
329227,Daly Creek,MT,46.18,-113.85,1761.7,20170702,48.02,81.14,62.6,,,,,0.0,0.0
329228,Daly Creek,MT,46.18,-113.85,1761.7,20170703,46.4,80.6,61.7,,,,,0.0,0.0
329229,Daly Creek,MT,46.18,-113.85,1761.7,20170704,42.62,82.4,61.16,,,,,0.0,0.0
329230,Daly Creek,MT,46.18,-113.85,1761.7,20170705,48.56,88.16,66.74,,,,,0.0,0.0
329231,Daly Creek,MT,46.18,-113.85,1761.7,20170706,51.62,87.98,67.46,,,,,0.0,0.0
329232,Daly Creek,MT,46.18,-113.85,1761.7,20170707,55.22,87.8,69.8,,,,,0.0,0.0
329233,Daly Creek,MT,46.18,-113.85,1761.7,20170708,53.06,89.6,68.0,,,,,0.0,0.0
329234,Daly Creek,MT,46.18,-113.85,1761.7,20170709,51.44,85.82,65.48,,,,,0.0,0.0
329235,Daly Creek,MT,46.18,-113.85,1761.7,20170710,51.26,78.62,61.88,,,,,0.0,0.0
329236,Daly Creek,MT,46.18,-113.85,1761.7,20170711,47.3,74.84,59.9,,,,,0.0,0.0
329237,Daly Creek,MT,46.18,-113.85,1761.7,20170712,43.88,80.24,60.08,,,,,0.0,0.09842525
329238,Daly Creek,MT,46.18,-113.85,1761.7,20170713,46.22,87.26,65.48,,,,,0.0,0.09842525
329239,Daly Creek,MT,46.18,-113.85,1761.7,20170714,50.0,87.98,63.5,,,,,0.0,0.0
329240,Daly Creek,MT,46.18,-113.85,1761.7,20170715,50.9,87.26,61.7,,,,,0.0,0.0
329241,Daly Creek,MT,46.18,-113.85,1761.7,20170716,45.5,77.0,60.08,,,,,0.0,0.0
329242,Daly Creek,MT,46.18,-113.85,1761.7,20170717,41.18,75.02,56.48,,,,,0.0,0.0
329243,Daly Creek,MT,46.18,-113.85,1761.7,20170718,41.36,80.6,60.26,,,,,0.0,0.09842525
329244,Daly Creek,MT,46.18,-113.85,1761.7,20170719,46.76,82.4,62.96,,,,,0.0,0.0
329245,Daly Creek,MT,46.18,-113.85,1761.7,20170720,47.3,79.52,62.06,,,,,0.0,0.0
329246,Daly Creek,MT,46.18,-113.85,1761.7,20170721,42.98,75.56,57.56,,,,,0.0,0.0
329247,Daly Creek,MT,46.18,-113.85,1761.7,20170722,41.54,78.8,58.82,,,,,0.0,0.0
329248,Daly Creek,MT,46.18,-113.85,1761.7,20170723,47.12,84.02,63.68,,,,,0.0,0.0
329249,Daly Creek,MT,46.18,-113.85,1761.7,20170724,49.46,82.94,63.14,,,,,0.0,0.0
329250,Daly Creek,MT,46.18,-113.85,1761.7,20170725,46.76,81.5,62.06,,,,,0.0,0.0
329251,Daly Creek,MT,46.18,-113.85,1761.7,20170726,47.12,81.86,61.88,,,,,0.0,0.0
329252,Daly Creek,MT,46.18,-113.85,1761.7,20170727,50.54,80.06,63.14,,,,,0.0,0.0
329253,Daly Creek,MT,46.18,-113.85,1761.7,20170728,47.48,80.6,59.54,,,,,0.0,0.0
329254,Daly Creek,MT,46.18,-113.85,1761.7,20170729,47.3,84.38,63.32,,,,,0.0,0.0
329255,Daly Creek,MT,46.18,-113.85,1761.7,20170730,48.56,84.2,64.04,,,,,0.0,0.0
329256,Daly Creek,MT,46.18,-113.85,1761.7,20170731,46.22,83.12,62.06,,,,,0.0,0.0
329257,Daly Creek,MT,46.18,-113.85,1761.7,20170801,45.32,82.76,61.34,,,,,0.0,0.0
329258,Daly Creek,MT,46.18,-113.85,1761.7,20170802,47.66,79.52,62.6,,,,,0.0,0.0
329259,Daly Creek,MT,46.18,-113.85,1761.7,20170803,47.12,81.32,61.88,,,,,0.0,0.0
329260,Daly Creek,MT,46.18,-113.85,1761.7,20170804,47.48,81.86,62.78,,,,,0.0,0.0
329261,Daly Creek,MT,46.18,-113.85,1761.7,20170805,49.1,73.94,60.44,,,,,0.0,0.0
329262,Daly Creek,MT,46.18,-113.85,1761.7,20170806,44.42,74.3,57.56,,,,,0.0,0.0
329263,Daly Creek,MT,46.18,-113.85,1761.7,20170807,43.16,76.82,58.46,,,,,0.0,0.0
329264,Daly Creek,MT,46.18,-113.85,1761.7,20170808,44.78,77.9,59.72,,,,,0.0,0.0
329265,Daly Creek,MT,46.18,-113.85,1761.7,20170809,47.12,77.72,60.26,,,,,0.0,0.0
329266,Daly Creek,MT,46.18,-113.85,1761.7,20170810,45.5,80.42,59.72,,,,,0.0,0.0
329267,Daly Creek,MT,46.18,-113.85,1761.7,20170811,46.4,79.52,60.98,,,,,0.0,0.0
329268,Daly Creek,MT,46.18,-113.85,1761.7,20170812,47.12,82.22,62.78,,,,,0.0,0.09842525
329269,Daly Creek,MT,46.18,-113.85,1761.7,20170813,47.12,66.74,53.96,,,,,0.0,0.0
329270,Daly Creek,MT,46.18,-113.85,1761.7,20170814,41.9,67.82,53.42,,,,,0.0,0.0
329271,Daly Creek,MT,46.18,-113.85,1761.7,20170815,37.04,72.68,52.88,,,,,0.0,0.20078751
329272,Daly Creek,MT,46.18,-113.85,1761.7,20170816,40.64,74.66,55.04,,,,,0.0,0.0
329273,Daly Creek,MT,46.18,-113.85,1761.7,20170817,43.16,75.2,57.74,,,,,0.0,0.0
329274,Daly Creek,MT,46.18,-113.85,1761.7,20170818,42.08,79.16,57.92,,,,,0.0,0.0
329275,Daly Creek,MT,46.18,-113.85,1761.7,20170819,42.98,73.22,56.48,,,,,0.0,0.0
329276,Daly Creek,MT,46.18,-113.85,1761.7,20170820,38.12,70.7,52.88,,,,,0.0,0.0
329277,Daly Creek,MT,46.18,-113.85,1761.7,20170821,40.46,73.4,53.78,,,,,0.0,0.0
329278,Daly Creek,MT,46.18,-113.85,1761.7,20170822,42.62,80.96,58.46,,,,,0.0,0.0
329279,Daly Creek,MT,46.18,-113.85,1761.7,20170823,46.4,82.04,61.7,,,,,0.0,0.0
329280,Daly Creek,MT,46.18,-113.85,1761.7,20170824,45.5,73.04,57.02,,,,,0.0,0.0
329281,Daly Creek,MT,46.18,-113.85,1761.7,20170825,43.88,73.94,56.48,,,,,0.0,0.0
329282,Daly Creek,MT,46.18,-113.85,1761.7,20170826,41.54,78.08,56.3,,,,,0.0,0.0
329283,Daly Creek,MT,46.18,-113.85,1761.7,20170827,43.16,83.84,59.18,,,,,0.0,0.0
329284,Daly Creek,MT,46.18,-113.85,1761.7,20170828,45.5,84.02,62.24,,,,,0.0,0.0
329285,Daly Creek,MT,46.18,-113.85,1761.7,20170829,52.88,84.74,64.58,,,,,0.0,0.0
329286,Daly Creek,MT,46.18,-113.85,1761.7,20170830,49.64,84.74,62.24,,,,,0.0,0.0
329287,Daly Creek,MT,46.18,-113.85,1761.7,20170831,46.4,75.92,57.56,,,,,0.0,0.0
329288,Daly Creek,MT,46.18,-113.85,1761.7,20170901,41.72,76.82,56.66,,,,,0.0,0.0
329289,Daly Creek,MT,46.18,-113.85,1761.7,20170902,44.6,86.0,61.34,,,,,0.0,0.0
329290,Daly Creek,MT,46.18,-113.85,1761.7,20170903,48.92,87.98,64.04,,,,,0.0,0.0
329291,Daly Creek,MT,46.18,-113.85,1761.7,20170904,46.04,69.8,56.12,,,,,0.0,0.0
329292,Daly Creek,MT,46.18,-113.85,1761.7,20170905,41.54,78.98,56.3,,,,,0.0,0.0
329293,Daly Creek,MT,46.18,-113.85,1761.7,20170906,45.68,77.36,58.1,,,,,0.0,0.0
329294,Daly Creek,MT,46.18,-113.85,1761.7,20170907,46.58,80.6,59.9,,,,,0.0,0.0
329295,Daly Creek,MT,46.18,-113.85,1761.7,20170908,49.64,78.08,60.8,,,,,0.0,0.0
329296,Daly Creek,MT,46.18,-113.85,1761.7,20170909,47.66,78.98,60.44,,,,,0.0,0.0
329297,Daly Creek,MT,46.18,-113.85,1761.7,20170910,46.04,73.4,57.38,,,,,0.0,0.0
329298,Daly Creek,MT,46.18,-113.85,1761.7,20170911,42.08,79.88,55.94,,,,,0.0,0.0
329299,Daly Creek,MT,46.18,-113.85,1761.7,20170912,43.88,80.6,59.36,,,,,0.0,0.0
329300,Daly Creek,MT,46.18,-113.85,1761.7,20170913,49.64,72.86,59.54,,,,,0.0,0.0
329301,Daly Creek,MT,46.18,-113.85,1761.7,20170914,37.4,53.96,45.5,,,,,0.0,0.0
329302,Daly Creek,MT,46.18,-113.85,1761.7,20170915,34.7,38.3,36.32,,,,,0.0,0.09842525
329303,Daly Creek,MT,46.18,-113.85,1761.7,20170916,31.64,46.58,37.04,,,,,0.0,0.0
329304,Daly Creek,MT,46.18,-113.85,1761.7,20170917,32.36,59.0,43.16,,,,,0.0,0.0
329305,Daly Creek,MT,46.18,-113.85,1761.7,20170918,33.8,52.34,41.9,,,,,0.0,0.0
329306,Daly Creek,MT,46.18,-113.85,1761.7,20170919,33.62,45.5,36.32,,,,,0.0,0.0
329307,Daly Creek,MT,46.18,-113.85,1761.7,20170920,33.08,39.02,35.24,,,,,0.9842525,0.59842552
329308,Daly Creek,MT,46.18,-113.85,1761.7,20170921,31.82,43.52,34.88,,,,,0.9842525,0.0
329309,Warm Springs,MT,46.27,-113.16,2377.4,20170101,-8.5,16.34,6.62,,,,,30.984268699999998,0.20078751
329310,Warm Springs,MT,46.27,-113.16,2377.4,20170102,-11.74,2.48,-6.34,,,,,30.0000162,0.0
329311,Warm Springs,MT,46.27,-113.16,2377.4,20170103,-11.02,11.84,4.1,,,,,30.0000162,0.0
329312,Warm Springs,MT,46.27,-113.16,2377.4,20170104,-9.58,4.1,-2.56,,,,,30.0000162,0.0
329313,Warm Springs,MT,46.27,-113.16,2377.4,20170105,-10.84,11.48,0.68,,,,,30.0000162,0.09842525
329314,Warm Springs,MT,46.27,-113.16,2377.4,20170106,3.74,17.6,9.14,,,,,29.015763699999997,0.0
329315,Warm Springs,MT,46.27,-113.16,2377.4,20170107,4.82,27.14,17.06,,,,,30.984268699999998,0.29921276
329316,Warm Springs,MT,46.27,-113.16,2377.4,20170108,22.64,32.9,28.04,,,,,30.984268699999998,0.29921276
329317,Warm Springs,MT,46.27,-113.16,2377.4,20170109,14.36,32.72,24.8,,,,,35.9842714,0.29921276
329318,Warm Springs,MT,46.27,-113.16,2377.4,20170110,15.44,20.48,17.78,,,,,37.992146500000004,0.20078751
329319,Warm Springs,MT,46.27,-113.16,2377.4,20170111,9.14,20.3,15.8,,,,,40.000021600000004,0.09842525
329320,Warm Springs,MT,46.27,-113.16,2377.4,20170112,2.66,17.24,11.66,,,,,39.0157691,0.0
329321,Warm Springs,MT,46.27,-113.16,2377.4,20170113,1.04,21.56,8.96,,,,,37.992146500000004,0.0
329322,Warm Springs,MT,46.27,-113.16,2377.4,20170114,5.36,24.08,12.92,,,,,35.9842714,0.09842525
329323,Warm Springs,MT,46.27,-113.16,2377.4,20170115,9.14,27.32,16.34,,,,,35.0000189,0.0
329324,Warm Springs,MT,46.27,-113.16,2377.4,20170116,6.8,28.4,17.6,,,,,34.0157664,0.09842525
329325,Warm Springs,MT,46.27,-113.16,2377.4,20170117,20.3,42.44,31.64,,,,,34.0157664,0.09842525
329326,Warm Springs,MT,46.27,-113.16,2377.4,20170118,30.38,39.92,35.24,,,,,32.9921438,0.09842525
329327,Warm Springs,MT,46.27,-113.16,2377.4,20170119,24.08,34.16,30.02,,,,,35.0000189,0.09842525
329328,Warm Springs,MT,46.27,-113.16,2377.4,20170120,11.48,26.96,20.48,,,,,34.0157664,0.0
329329,Warm Springs,MT,46.27,-113.16,2377.4,20170121,11.48,27.86,19.4,,,,,35.0000189,0.09842525
329330,Warm Springs,MT,46.27,-113.16,2377.4,20170122,14.0,27.5,20.66,,,,,35.9842714,0.09842525
329331,Warm Springs,MT,46.27,-113.16,2377.4,20170123,6.44,26.78,15.98,,,,,34.0157664,0.0
329332,Warm Springs,MT,46.27,-113.16,2377.4,20170124,5.9,20.48,12.74,,,,,32.9921438,0.0
329333,Warm Springs,MT,46.27,-113.16,2377.4,20170125,12.02,17.42,14.18,,,,,35.0000189,0.09842525
329334,Warm Springs,MT,46.27,-113.16,2377.4,20170126,4.1,17.24,12.38,,,,,35.9842714,0.0
329335,Warm Springs,MT,46.27,-113.16,2377.4,20170127,3.74,28.04,17.24,,,,,34.0157664,0.0
329336,Warm Springs,MT,46.27,-113.16,2377.4,20170128,21.38,34.88,28.04,,,,,35.0000189,0.0
329337,Warm Springs,MT,46.27,-113.16,2377.4,20170129,22.82,40.46,31.28,,,,,34.0157664,0.0
329338,Warm Springs,MT,46.27,-113.16,2377.4,20170130,21.74,34.34,28.04,,,,,32.9921438,0.09842525
329339,Warm Springs,MT,46.27,-113.16,2377.4,20170131,2.3,24.08,17.78,,,,,39.0157691,0.09842525
329340,Warm Springs,MT,46.27,-113.16,2377.4,20170201,-10.12,11.12,-0.94,,,,,39.0157691,0.0
329341,Warm Springs,MT,46.27,-113.16,2377.4,20170202,-7.24,10.94,0.68,,,,,37.992146500000004,0.0
329342,Warm Springs,MT,46.27,-113.16,2377.4,20170203,-0.4,34.52,26.42,,,,,35.9842714,0.29921276
329343,Warm Springs,MT,46.27,-113.16,2377.4,20170204,26.6,30.2,28.4,,,,,42.0078967,0.79921303
329344,Warm Springs,MT,46.27,-113.16,2377.4,20170205,27.32,32.54,29.48,,,,,40.9842741,0.09842525
329345,Warm Springs,MT,46.27,-113.16,2377.4,20170206,15.26,34.16,25.52,,,,,47.0078994,0.40157502
329346,Warm Springs,MT,46.27,-113.16,2377.4,20170207,6.26,23.0,16.52,,,,,49.0157745,0.20078751
329347,Warm Springs,MT,46.27,-113.16,2377.4,20170208,17.42,33.08,24.62,,,,,49.0157745,0.59842552
329348,Warm Springs,MT,46.27,-113.16,2377.4,20170209,32.36,37.22,35.24,,,,,50.000027,0.29921276
329349,Warm Springs,MT,46.27,-113.16,2377.4,20170210,19.94,32.9,27.5,,,,,60.0000324,1.20078805
329350,Warm Springs,MT,46.27,-113.16,2377.4,20170211,8.6,22.28,16.88,,,,,57.0079048,0.0
329351,Warm Springs,MT,46.27,-113.16,2377.4,20170212,6.98,29.66,17.78,,,,,54.0157772,0.09842525
329352,Warm Springs,MT,46.27,-113.16,2377.4,20170213,16.88,35.78,25.34,,,,,52.9921546,0.0
329353,Warm Springs,MT,46.27,-113.16,2377.4,20170214,20.84,43.34,30.2,,,,,52.0079021,0.09842525
329354,Warm Springs,MT,46.27,-113.16,2377.4,20170215,27.86,46.76,38.48,,,,,52.0079021,0.0
329355,Warm Springs,MT,46.27,-113.16,2377.4,20170216,27.32,46.04,37.04,,,,,52.9921546,0.09842525
329356,Warm Springs,MT,46.27,-113.16,2377.4,20170217,26.42,34.52,29.12,,,,,52.0079021,0.09842525
329357,Warm Springs,MT,46.27,-113.16,2377.4,20170218,26.6,39.74,31.82,,,,,52.0079021,0.0
329358,Warm Springs,MT,46.27,-113.16,2377.4,20170219,20.48,37.58,28.76,,,,,52.0079021,0.0
329359,Warm Springs,MT,46.27,-113.16,2377.4,20170220,22.64,37.4,29.48,,,,,52.0079021,0.09842525
329360,Warm Springs,MT,46.27,-113.16,2377.4,20170221,22.28,35.96,29.66,,,,,52.0079021,0.09842525
329361,Warm Springs,MT,46.27,-113.16,2377.4,20170222,15.98,28.22,21.74,,,,,52.9921546,0.09842525
329362,Warm Springs,MT,46.27,-113.16,2377.4,20170223,9.32,22.28,16.88,,,,,52.0079021,0.0
329363,Warm Springs,MT,46.27,-113.16,2377.4,20170224,6.26,20.48,13.46,,,,,52.9921546,0.20078751
329364,Warm Springs,MT,46.27,-113.16,2377.4,20170225,5.9,14.9,10.58,,,,,52.9921546,0.0
329365,Warm Springs,MT,46.27,-113.16,2377.4,20170226,10.94,20.66,15.08,,,,,57.0079048,0.29921276
329366,Warm Springs,MT,46.27,-113.16,2377.4,20170227,8.6,22.82,14.36,,,,,57.0079048,0.0
329367,Warm Springs,MT,46.27,-113.16,2377.4,20170228,9.86,18.32,12.74,,,,,55.9842822,0.0
329368,Warm Springs,MT,46.27,-113.16,2377.4,20170301,11.66,23.0,18.5,,,,,57.0079048,0.20078751
329369,Warm Springs,MT,46.27,-113.16,2377.4,20170302,17.6,33.26,25.7,,,,,55.9842822,0.09842525
329370,Warm Springs,MT,46.27,-113.16,2377.4,20170303,23.9,38.66,30.92,,,,,55.0000297,0.0
329371,Warm Springs,MT,46.27,-113.16,2377.4,20170304,21.74,35.06,29.3,,,,,55.0000297,0.0
329372,Warm Springs,MT,46.27,-113.16,2377.4,20170305,12.56,31.1,22.82,,,,,57.992157299999995,0.09842525
329373,Warm Springs,MT,46.27,-113.16,2377.4,20170306,9.68,21.92,14.18,,,,,57.0079048,0.0
329374,Warm Springs,MT,46.27,-113.16,2377.4,20170307,10.22,25.16,18.5,,,,,57.0079048,0.29921276
329375,Warm Springs,MT,46.27,-113.16,2377.4,20170308,24.62,29.3,26.78,,,,,69.0157853,1.90157583
329376,Warm Springs,MT,46.27,-113.16,2377.4,20170309,24.44,34.7,30.56,,,,,70.9842903,0.79921303
329377,Warm Springs,MT,46.27,-113.16,2377.4,20170310,23.72,38.48,32.72,,,,,67.9921627,0.20078751
329378,Warm Springs,MT,46.27,-113.16,2377.4,20170311,21.92,39.2,30.56,,,,,67.00791020000001,0.0
329379,Warm Springs,MT,46.27,-113.16,2377.4,20170312,24.98,33.8,28.22,,,,,65.0000351,0.09842525
329380,Warm Springs,MT,46.27,-113.16,2377.4,20170313,26.96,42.44,33.98,,,,,65.9842876,0.0
329381,Warm Springs,MT,46.27,-113.16,2377.4,20170314,32.72,42.62,37.22,,,,,65.0000351,0.09842525
329382,Warm Springs,MT,46.27,-113.16,2377.4,20170315,34.52,47.66,39.74,,,,,62.007907499999995,0.09842525
329383,Warm Springs,MT,46.27,-113.16,2377.4,20170316,21.56,35.6,29.48,,,,,65.0000351,0.50000027
329384,Warm Springs,MT,46.27,-113.16,2377.4,20170317,20.12,41.18,33.26,,,,,62.007907499999995,0.0
329385,Warm Springs,MT,46.27,-113.16,2377.4,20170318,33.26,53.6,42.62,,,,,62.007907499999995,0.0
329386,Warm Springs,MT,46.27,-113.16,2377.4,20170319,26.24,38.3,32.72,,,,,60.0000324,0.09842525
329387,Warm Springs,MT,46.27,-113.16,2377.4,20170320,26.78,39.02,31.82,,,,,62.007907499999995,0.09842525
329388,Warm Springs,MT,46.27,-113.16,2377.4,20170321,26.24,47.84,36.86,,,,,60.0000324,0.09842525
329389,Warm Springs,MT,46.27,-113.16,2377.4,20170322,28.22,43.34,34.52,,,,,60.0000324,0.09842525
329390,Warm Springs,MT,46.27,-113.16,2377.4,20170323,23.0,37.76,30.2,,,,,59.0157799,0.09842525
329391,Warm Springs,MT,46.27,-113.16,2377.4,20170324,22.64,49.46,34.7,,,,,59.0157799,0.0
329392,Warm Springs,MT,46.27,-113.16,2377.4,20170325,23.54,38.12,29.66,,,,,60.0000324,0.09842525
329393,Warm Springs,MT,46.27,-113.16,2377.4,20170326,23.18,42.62,31.64,,,,,59.0157799,0.09842525
329394,Warm Springs,MT,46.27,-113.16,2377.4,20170327,24.98,36.32,29.66,,,,,62.007907499999995,0.20078751
329395,Warm Springs,MT,46.27,-113.16,2377.4,20170328,22.64,37.4,28.76,,,,,60.98428489999999,0.09842525
329396,Warm Springs,MT,46.27,-113.16,2377.4,20170329,28.4,41.54,33.26,,,,,62.007907499999995,0.09842525
329397,Warm Springs,MT,46.27,-113.16,2377.4,20170330,27.5,38.66,31.82,,,,,65.0000351,0.29921276
329398,Warm Springs,MT,46.27,-113.16,2377.4,20170331,23.9,41.54,31.28,,,,,64.0157826,0.20078751
329399,Warm Springs,MT,46.27,-113.16,2377.4,20170401,22.64,46.58,34.16,,,,,65.9842876,0.09842525
329400,Warm Springs,MT,46.27,-113.16,2377.4,20170402,19.94,38.66,28.58,,,,,65.9842876,0.0
329401,Warm Springs,MT,46.27,-113.16,2377.4,20170403,16.16,30.38,21.38,,,,,65.9842876,0.0
329402,Warm Springs,MT,46.27,-113.16,2377.4,20170404,8.24,37.76,24.98,,,,,65.9842876,0.29921276
329403,Warm Springs,MT,46.27,-113.16,2377.4,20170405,26.24,43.52,33.44,,,,,64.0157826,0.0
329404,Warm Springs,MT,46.27,-113.16,2377.4,20170406,31.28,51.26,39.38,,,,,62.007907499999995,0.0
329405,Warm Springs,MT,46.27,-113.16,2377.4,20170407,24.62,45.68,35.06,,,,,60.98428489999999,0.0
329406,Warm Springs,MT,46.27,-113.16,2377.4,20170408,22.46,44.06,29.48,,,,,67.00791020000001,0.40157502
329407,Warm Springs,MT,46.27,-113.16,2377.4,20170409,12.56,30.56,21.92,,,,,67.00791020000001,0.09842525
329408,Warm Springs,MT,46.27,-113.16,2377.4,20170410,14.0,39.74,23.36,,,,,67.00791020000001,0.20078751
329409,Warm Springs,MT,46.27,-113.16,2377.4,20170411,11.12,42.62,29.48,,,,,65.9842876,0.20078751
329410,Warm Springs,MT,46.27,-113.16,2377.4,20170412,28.76,44.42,35.78,,,,,65.0000351,0.0
329411,Warm Springs,MT,46.27,-113.16,2377.4,20170413,24.44,52.34,34.52,,,,,70.9842903,0.20078751
329412,Warm Springs,MT,46.27,-113.16,2377.4,20170414,20.3,35.96,26.6,,,,,75.0000405,0.59842552
329413,Warm Springs,MT,46.27,-113.16,2377.4,20170415,19.22,31.82,24.44,,,,,72.00791290000001,0.0
329414,Warm Springs,MT,46.27,-113.16,2377.4,20170416,13.64,46.58,31.28,,,,,70.9842903,0.29921276
329415,Warm Springs,MT,46.27,-113.16,2377.4,20170417,28.04,42.08,33.62,,,,,72.00791290000001,0.09842525
329416,Warm Springs,MT,46.27,-113.16,2377.4,20170418,26.24,46.58,35.06,,,,,70.9842903,0.09842525
329417,Warm Springs,MT,46.27,-113.16,2377.4,20170419,26.24,45.5,33.44,,,,,70.0000378,0.29921276
329418,Warm Springs,MT,46.27,-113.16,2377.4,20170420,25.52,44.42,31.46,,,,,80.00004320000001,0.59842552
329419,Warm Springs,MT,46.27,-113.16,2377.4,20170421,21.56,40.82,29.66,,,,,77.9921681,0.29921276
329420,Warm Springs,MT,46.27,-113.16,2377.4,20170422,19.22,49.82,34.52,,,,,75.98429300000001,0.20078751
329421,Warm Springs,MT,46.27,-113.16,2377.4,20170423,30.92,39.92,34.34,,,,,75.0000405,0.09842525
329422,Warm Springs,MT,46.27,-113.16,2377.4,20170424,28.94,43.16,33.08,,,,,79.0157907,0.20078751
329423,Warm Springs,MT,46.27,-113.16,2377.4,20170425,28.76,39.02,32.0,,,,,77.9921681,0.20078751
329424,Warm Springs,MT,46.27,-113.16,2377.4,20170426,26.6,41.36,32.0,,,,,80.00004320000001,0.29921276
329425,Warm Springs,MT,46.27,-113.16,2377.4,20170427,20.84,34.7,26.78,,,,,82.0079183,0.20078751
329426,Warm Springs,MT,46.27,-113.16,2377.4,20170428,17.96,35.24,28.04,,,,,82.0079183,0.09842525
329427,Warm Springs,MT,46.27,-113.16,2377.4,20170429,20.3,48.38,32.9,,,,,77.9921681,0.40157502
329428,Warm Springs,MT,46.27,-113.16,2377.4,20170430,29.12,45.32,34.16,,,,,77.00791559999999,0.0
329429,Warm Springs,MT,46.27,-113.16,2377.4,20170501,27.14,45.5,32.72,,,,,77.00791559999999,0.09842525
329430,Warm Springs,MT,46.27,-113.16,2377.4,20170502,22.64,38.84,30.56,,,,,77.9921681,0.09842525
329431,Warm Springs,MT,46.27,-113.16,2377.4,20170503,21.02,55.58,38.84,,,,,75.0000405,0.29921276
329432,Warm Springs,MT,46.27,-113.16,2377.4,20170504,33.08,69.62,48.38,,,,,74.015788,0.09842525
329433,Warm Springs,MT,46.27,-113.16,2377.4,20170505,37.4,69.26,50.0,,,,,70.0000378,0.0
329434,Warm Springs,MT,46.27,-113.16,2377.4,20170506,36.32,60.8,43.88,,,,,69.0157853,0.59842552
329435,Warm Springs,MT,46.27,-113.16,2377.4,20170507,27.14,40.28,35.24,,,,,67.00791020000001,0.20078751
329436,Warm Springs,MT,46.27,-113.16,2377.4,20170508,23.0,55.4,37.04,,,,,65.9842876,0.50000027
329437,Warm Springs,MT,46.27,-113.16,2377.4,20170509,30.38,57.92,41.72,,,,,65.0000351,0.0
329438,Warm Springs,MT,46.27,-113.16,2377.4,20170510,31.46,64.58,46.04,,,,,64.0157826,0.0
329439,Warm Springs,MT,46.27,-113.16,2377.4,20170511,35.42,65.84,48.74,,,,,60.0000324,0.0
329440,Warm Springs,MT,46.27,-113.16,2377.4,20170512,28.4,53.96,40.46,,,,,62.007907499999995,0.20078751
329441,Warm Springs,MT,46.27,-113.16,2377.4,20170513,24.08,32.72,28.22,,,,,64.0157826,0.09842525
329442,Warm Springs,MT,46.27,-113.16,2377.4,20170514,22.28,42.08,30.56,,,,,62.007907499999995,0.29921276
329443,Warm Springs,MT,46.27,-113.16,2377.4,20170515,25.16,46.4,32.9,,,,,62.007907499999995,0.0
329444,Warm Springs,MT,46.27,-113.16,2377.4,20170516,25.16,44.6,34.34,,,,,62.007907499999995,0.09842525
329445,Warm Springs,MT,46.27,-113.16,2377.4,20170517,24.98,33.26,30.02,,,,,70.9842903,0.70078778
329446,Warm Springs,MT,46.27,-113.16,2377.4,20170518,28.76,41.36,34.7,,,,,69.0157853,0.40157502
329447,Warm Springs,MT,46.27,-113.16,2377.4,20170519,26.42,51.8,36.32,,,,,65.9842876,0.20078751
329448,Warm Springs,MT,46.27,-113.16,2377.4,20170520,32.36,51.44,38.48,,,,,65.0000351,0.0
329449,Warm Springs,MT,46.27,-113.16,2377.4,20170521,30.92,58.82,42.08,,,,,62.007907499999995,0.29921276
329450,Warm Springs,MT,46.27,-113.16,2377.4,20170522,34.34,63.5,45.68,,,,,60.98428489999999,0.0
329451,Warm Springs,MT,46.27,-113.16,2377.4,20170523,35.42,67.64,50.36,,,,,57.992157299999995,0.09842525
329452,Warm Springs,MT,46.27,-113.16,2377.4,20170524,31.46,49.46,41.0,,,,,55.9842822,0.09842525
329453,Warm Springs,MT,46.27,-113.16,2377.4,20170525,30.2,44.78,36.14,,,,,55.9842822,0.0
329454,Warm Springs,MT,46.27,-113.16,2377.4,20170526,31.1,50.72,39.74,,,,,54.0157772,0.0
329455,Warm Springs,MT,46.27,-113.16,2377.4,20170527,34.7,55.4,43.16,,,,,52.9921546,0.0
329456,Warm Springs,MT,46.27,-113.16,2377.4,20170528,34.88,61.34,45.68,,,,,50.9842795,0.0
329457,Warm Springs,MT,46.27,-113.16,2377.4,20170529,36.86,62.42,47.48,,,,,49.0157745,0.0
329458,Warm Springs,MT,46.27,-113.16,2377.4,20170530,37.94,67.46,50.0,,,,,45.984276799999996,0.0
329459,Warm Springs,MT,46.27,-113.16,2377.4,20170531,39.38,71.6,51.44,,,,,42.9921492,0.0
329460,Warm Springs,MT,46.27,-113.16,2377.4,20170601,39.56,60.26,44.96,,,,,40.9842741,0.20078751
329461,Warm Springs,MT,46.27,-113.16,2377.4,20170602,36.86,56.12,44.06,,,,,39.0157691,0.0
329462,Warm Springs,MT,46.27,-113.16,2377.4,20170603,35.6,66.38,49.82,,,,,37.007894,0.0
329463,Warm Springs,MT,46.27,-113.16,2377.4,20170604,35.24,69.98,50.36,,,,,34.0157664,0.20078751
329464,Warm Springs,MT,46.27,-113.16,2377.4,20170605,35.42,57.02,43.34,,,,,34.0157664,0.0
329465,Warm Springs,MT,46.27,-113.16,2377.4,20170606,35.78,64.22,49.64,,,,,30.0000162,0.0
329466,Warm Springs,MT,46.27,-113.16,2377.4,20170607,40.82,74.12,55.04,,,,,27.0078886,0.09842525
329467,Warm Springs,MT,46.27,-113.16,2377.4,20170608,41.9,69.44,53.24,,,,,25.984266,0.09842525
329468,Warm Springs,MT,46.27,-113.16,2377.4,20170609,32.36,51.44,41.36,,,,,22.992138399999998,0.0
329469,Warm Springs,MT,46.27,-113.16,2377.4,20170610,27.14,43.52,35.24,,,,,22.992138399999998,0.0
329470,Warm Springs,MT,46.27,-113.16,2377.4,20170611,25.34,57.92,41.72,,,,,22.007885899999998,0.50000027
329471,Warm Springs,MT,46.27,-113.16,2377.4,20170612,37.58,60.26,45.86,,,,,19.0157583,0.29921276
329472,Warm Springs,MT,46.27,-113.16,2377.4,20170613,34.7,40.64,36.5,,,,,20.9842633,2.79921411
329473,Warm Springs,MT,46.27,-113.16,2377.4,20170614,33.8,51.98,41.18,,,,,20.000010800000002,0.40157502
329474,Warm Springs,MT,46.27,-113.16,2377.4,20170615,34.16,50.9,43.16,,,,,17.0078832,0.20078751
329475,Warm Springs,MT,46.27,-113.16,2377.4,20170616,37.04,50.36,42.26,,,,,15.0000081,0.0
329476,Warm Springs,MT,46.27,-113.16,2377.4,20170617,34.7,52.88,42.08,,,,,12.992133,0.20078751
329477,Warm Springs,MT,46.27,-113.16,2377.4,20170618,38.66,49.82,43.7,,,,,12.992133,0.0
329478,Warm Springs,MT,46.27,-113.16,2377.4,20170619,36.68,68.72,53.6,,,,,7.9921303,0.59842552
329479,Warm Springs,MT,46.27,-113.16,2377.4,20170620,48.38,68.72,57.74,,,,,0.9842525,0.29921276
329480,Warm Springs,MT,46.27,-113.16,2377.4,20170621,41.18,61.52,51.44,,,,,0.0,0.0
329481,Warm Springs,MT,46.27,-113.16,2377.4,20170622,33.98,56.12,44.42,,,,,0.0,0.0
329482,Warm Springs,MT,46.27,-113.16,2377.4,20170623,32.36,60.8,46.58,,,,,0.0,0.0
329483,Warm Springs,MT,46.27,-113.16,2377.4,20170624,36.32,65.12,50.18,,,,,0.0,0.20078751
329484,Warm Springs,MT,46.27,-113.16,2377.4,20170625,39.56,72.86,55.94,,,,,0.0,0.0
329485,Warm Springs,MT,46.27,-113.16,2377.4,20170626,47.12,76.1,61.88,,,,,0.0,0.09842525
329486,Warm Springs,MT,46.27,-113.16,2377.4,20170627,42.62,60.98,50.0,,,,,0.0,0.29921276
329487,Warm Springs,MT,46.27,-113.16,2377.4,20170628,39.74,61.16,50.18,,,,,0.0,0.0
329488,Warm Springs,MT,46.27,-113.16,2377.4,20170629,37.58,53.24,44.6,,,,,0.0,0.0
329489,Warm Springs,MT,46.27,-113.16,2377.4,20170630,37.58,66.92,51.98,,,,,0.0,0.0
329490,Warm Springs,MT,46.27,-113.16,2377.4,20170701,43.88,71.42,57.38,,,,,0.0,0.0
329491,Warm Springs,MT,46.27,-113.16,2377.4,20170702,46.04,72.5,58.28,,,,,0.0,0.0
329492,Warm Springs,MT,46.27,-113.16,2377.4,20170703,44.96,70.88,58.82,,,,,0.0,0.0
329493,Warm Springs,MT,46.27,-113.16,2377.4,20170704,40.82,75.74,58.46,,,,,0.0,0.0
329494,Warm Springs,MT,46.27,-113.16,2377.4,20170705,49.28,80.06,62.24,,,,,0.0,0.0
329495,Warm Springs,MT,46.27,-113.16,2377.4,20170706,48.02,79.34,63.14,,,,,0.0,0.0
329496,Warm Springs,MT,46.27,-113.16,2377.4,20170707,52.52,78.62,64.4,,,,,0.0,0.0
329497,Warm Springs,MT,46.27,-113.16,2377.4,20170708,53.42,81.5,65.84,,,,,0.0,0.0
329498,Warm Springs,MT,46.27,-113.16,2377.4,20170709,51.26,79.34,61.52,,,,,0.0,0.0
329499,Warm Springs,MT,46.27,-113.16,2377.4,20170710,48.2,70.16,55.4,,,,,0.0,0.0
329500,Warm Springs,MT,46.27,-113.16,2377.4,20170711,44.78,66.2,54.68,,,,,0.0,0.0
329501,Warm Springs,MT,46.27,-113.16,2377.4,20170712,42.8,72.5,57.2,,,,,0.0,0.0
329502,Warm Springs,MT,46.27,-113.16,2377.4,20170713,47.84,79.88,64.4,,,,,0.0,0.0
329503,Warm Springs,MT,46.27,-113.16,2377.4,20170714,49.1,81.5,63.14,,,,,0.0,0.0
329504,Warm Springs,MT,46.27,-113.16,2377.4,20170715,47.84,79.34,58.46,,,,,0.0,0.0
329505,Warm Springs,MT,46.27,-113.16,2377.4,20170716,42.08,69.62,56.3,,,,,0.0,0.0
329506,Warm Springs,MT,46.27,-113.16,2377.4,20170717,39.74,67.46,53.42,,,,,0.0,0.0
329507,Warm Springs,MT,46.27,-113.16,2377.4,20170718,41.0,73.94,58.46,,,,,0.0,0.0
329508,Warm Springs,MT,46.27,-113.16,2377.4,20170719,45.32,75.2,60.44,,,,,0.0,0.0
329509,Warm Springs,MT,46.27,-113.16,2377.4,20170720,47.84,73.22,60.26,,,,,0.0,0.0
329510,Warm Springs,MT,46.27,-113.16,2377.4,20170721,43.16,67.28,55.04,,,,,0.0,0.0
329511,Warm Springs,MT,46.27,-113.16,2377.4,20170722,40.82,70.88,56.3,,,,,0.0,0.0
329512,Warm Springs,MT,46.27,-113.16,2377.4,20170723,46.94,78.26,62.24,,,,,0.0,0.0
329513,Warm Springs,MT,46.27,-113.16,2377.4,20170724,48.02,75.56,60.26,,,,,0.0,0.0
329514,Warm Springs,MT,46.27,-113.16,2377.4,20170725,46.58,73.4,59.54,,,,,0.0,0.0
329515,Warm Springs,MT,46.27,-113.16,2377.4,20170726,46.4,73.22,57.74,,,,,0.0,0.0
329516,Warm Springs,MT,46.27,-113.16,2377.4,20170727,49.1,69.8,57.92,,,,,0.0,0.0
329517,Warm Springs,MT,46.27,-113.16,2377.4,20170728,46.94,72.32,55.94,,,,,0.0,0.0
329518,Warm Springs,MT,46.27,-113.16,2377.4,20170729,45.86,75.56,60.08,,,,,0.0,0.0
329519,Warm Springs,MT,46.27,-113.16,2377.4,20170730,49.46,78.44,62.42,,,,,0.0,0.0
329520,Warm Springs,MT,46.27,-113.16,2377.4,20170731,47.12,75.92,60.8,,,,,0.0,0.0
329521,Warm Springs,MT,46.27,-113.16,2377.4,20170801,46.76,74.84,59.54,,,,,0.0,0.0
329522,Warm Springs,MT,46.27,-113.16,2377.4,20170802,44.6,71.24,56.48,,,,,0.0,0.0
329523,Warm Springs,MT,46.27,-113.16,2377.4,20170803,43.16,72.5,57.2,,,,,0.0,0.0
329524,Warm Springs,MT,46.27,-113.16,2377.4,20170804,46.58,73.04,59.18,,,,,0.0,0.0
329525,Warm Springs,MT,46.27,-113.16,2377.4,20170805,41.36,65.12,52.16,,,,,0.0,0.0
329526,Warm Springs,MT,46.27,-113.16,2377.4,20170806,39.2,68.0,51.62,,,,,0.0,0.0
329527,Warm Springs,MT,46.27,-113.16,2377.4,20170807,41.54,70.16,55.58,,,,,0.0,0.0
329528,Warm Springs,MT,46.27,-113.16,2377.4,20170808,43.52,70.88,57.38,,,,,0.0,0.0
329529,Warm Springs,MT,46.27,-113.16,2377.4,20170809,44.96,68.9,55.04,,,,,0.0,0.0
329530,Warm Springs,MT,46.27,-113.16,2377.4,20170810,43.16,70.7,56.3,,,,,0.0,0.0
329531,Warm Springs,MT,46.27,-113.16,2377.4,20170811,45.32,70.7,57.74,,,,,0.0,0.0
329532,Warm Springs,MT,46.27,-113.16,2377.4,20170812,46.22,72.86,59.36,,,,,0.0,0.0
329533,Warm Springs,MT,46.27,-113.16,2377.4,20170813,45.68,62.24,50.9,,,,,0.0,0.0
329534,Warm Springs,MT,46.27,-113.16,2377.4,20170814,40.82,60.44,49.1,,,,,0.0,0.0
329535,Warm Springs,MT,46.27,-113.16,2377.4,20170815,35.42,65.66,49.82,,,,,0.0,0.0
329536,Warm Springs,MT,46.27,-113.16,2377.4,20170816,39.74,66.74,53.42,,,,,0.0,0.09842525
329537,Warm Springs,MT,46.27,-113.16,2377.4,20170817,41.0,66.02,53.42,,,,,0.0,0.0
329538,Warm Springs,MT,46.27,-113.16,2377.4,20170818,40.28,71.78,55.76,,,,,0.0,0.0
329539,Warm Springs,MT,46.27,-113.16,2377.4,20170819,41.0,66.38,53.96,,,,,0.0,0.0
329540,Warm Springs,MT,46.27,-113.16,2377.4,20170820,35.78,62.96,50.0,,,,,0.0,0.0
329541,Warm Springs,MT,46.27,-113.16,2377.4,20170821,41.54,66.74,52.7,,,,,0.0,0.0
329542,Warm Springs,MT,46.27,-113.16,2377.4,20170822,43.88,73.58,58.1,,,,,0.0,0.0
329543,Warm Springs,MT,46.27,-113.16,2377.4,20170823,47.3,73.22,59.54,,,,,0.0,0.09842525
329544,Warm Springs,MT,46.27,-113.16,2377.4,20170824,45.14,65.12,55.04,,,,,0.0,0.0
329545,Warm Springs,MT,46.27,-113.16,2377.4,20170825,43.16,66.92,54.86,,,,,0.0,0.0
329546,Warm Springs,MT,46.27,-113.16,2377.4,20170826,40.82,70.88,55.22,,,,,0.0,0.0
329547,Warm Springs,MT,46.27,-113.16,2377.4,20170827,44.96,76.64,59.54,,,,,0.0,0.0
329548,Warm Springs,MT,46.27,-113.16,2377.4,20170828,47.3,77.0,62.06,,,,,0.0,0.0
329549,Warm Springs,MT,46.27,-113.16,2377.4,20170829,53.06,76.1,63.32,,,,,0.0,0.0
329550,Warm Springs,MT,46.27,-113.16,2377.4,20170830,51.26,76.82,61.16,,,,,0.0,0.0
329551,Warm Springs,MT,46.27,-113.16,2377.4,20170831,47.66,70.34,57.38,,,,,0.0,0.0
329552,Warm Springs,MT,46.27,-113.16,2377.4,20170901,41.0,69.62,55.76,,,,,0.0,0.0
329553,Warm Springs,MT,46.27,-113.16,2377.4,20170902,45.68,75.92,61.7,,,,,0.0,0.0
329554,Warm Springs,MT,46.27,-113.16,2377.4,20170903,50.54,80.24,66.02,,,,,0.0,0.0
329555,Warm Springs,MT,46.27,-113.16,2377.4,20170904,41.9,62.96,53.24,,,,,0.0,0.0
329556,Warm Springs,MT,46.27,-113.16,2377.4,20170905,39.02,72.86,54.86,,,,,0.0,0.0
329557,Warm Springs,MT,46.27,-113.16,2377.4,20170906,48.92,74.12,60.08,,,,,0.0,0.0
329558,Warm Springs,MT,46.27,-113.16,2377.4,20170907,49.46,74.48,60.08,,,,,0.0,0.0
329559,Warm Springs,MT,46.27,-113.16,2377.4,20170908,46.58,71.24,58.1,,,,,0.0,0.0
329560,Warm Springs,MT,46.27,-113.16,2377.4,20170909,44.96,70.7,56.84,,,,,0.0,0.0
329561,Warm Springs,MT,46.27,-113.16,2377.4,20170910,44.78,64.76,54.86,,,,,0.0,0.0
329562,Warm Springs,MT,46.27,-113.16,2377.4,20170911,40.1,71.78,55.04,,,,,0.0,0.0
329563,Warm Springs,MT,46.27,-113.16,2377.4,20170912,45.14,71.78,57.92,,,,,0.0,0.0
329564,Warm Springs,MT,46.27,-113.16,2377.4,20170913,45.5,64.04,54.5,,,,,0.0,0.0
329565,Warm Springs,MT,46.27,-113.16,2377.4,20170914,31.46,45.68,38.66,,,,,0.0,0.0
329566,Warm Springs,MT,46.27,-113.16,2377.4,20170915,28.58,34.34,31.1,,,,,15.0000081,1.00000054
329567,Warm Springs,MT,46.27,-113.16,2377.4,20170916,27.5,41.72,32.18,,,,,10.000005400000001,0.09842525
329568,Warm Springs,MT,46.27,-113.16,2377.4,20170917,28.22,45.68,37.4,,,,,7.9921303,0.0
329569,Warm Springs,MT,46.27,-113.16,2377.4,20170918,30.38,46.04,38.3,,,,,7.007877799999999,0.20078751
329570,Warm Springs,MT,46.27,-113.16,2377.4,20170919,28.4,36.86,31.1,,,,,7.007877799999999,0.0
329571,Warm Springs,MT,46.27,-113.16,2377.4,20170920,26.6,35.96,30.74,,,,,10.000005400000001,0.59842552
329572,Warm Springs,MT,46.27,-113.16,2377.4,20170921,25.16,39.2,31.46,,,,,10.9842579,0.09842525
329573,Barker Lakes,MT,46.1,-113.13,2514.6,20170101,-13.0,15.98,4.46,,,,,20.9842633,0.09842525
329574,Barker Lakes,MT,46.1,-113.13,2514.6,20170102,-13.18,-2.38,-8.68,,,,,20.9842633,0.0
329575,Barker Lakes,MT,46.1,-113.13,2514.6,20170103,-5.8,10.94,2.12,,,,,20.000010800000002,0.0
329576,Barker Lakes,MT,46.1,-113.13,2514.6,20170104,-8.68,-0.94,-4.72,,,,,20.000010800000002,0.0
329577,Barker Lakes,MT,46.1,-113.13,2514.6,20170105,-10.84,8.6,-2.2,,,,,20.000010800000002,0.09842525
329578,Barker Lakes,MT,46.1,-113.13,2514.6,20170106,8.06,19.76,14.72,,,,,20.000010800000002,0.0
329579,Barker Lakes,MT,46.1,-113.13,2514.6,20170107,6.26,27.86,19.22,,,,,20.9842633,0.09842525
329580,Barker Lakes,MT,46.1,-113.13,2514.6,20170108,24.62,34.88,29.66,,,,,22.007885899999998,0.09842525
329581,Barker Lakes,MT,46.1,-113.13,2514.6,20170109,14.9,34.52,25.16,,,,,22.992138399999998,0.09842525
329582,Barker Lakes,MT,46.1,-113.13,2514.6,20170110,11.84,23.0,17.6,,,,,22.992138399999998,0.0
329583,Barker Lakes,MT,46.1,-113.13,2514.6,20170111,14.0,23.9,17.96,,,,,24.015760999999998,0.09842525
329584,Barker Lakes,MT,46.1,-113.13,2514.6,20170112,3.2,15.08,9.68,,,,,24.015760999999998,0.0
329585,Barker Lakes,MT,46.1,-113.13,2514.6,20170113,5.18,24.08,15.08,,,,,24.015760999999998,0.09842525
329586,Barker Lakes,MT,46.1,-113.13,2514.6,20170114,11.48,25.52,18.68,,,,,22.992138399999998,0.0
329587,Barker Lakes,MT,46.1,-113.13,2514.6,20170115,13.64,28.58,20.66,,,,,22.992138399999998,0.0
329588,Barker Lakes,MT,46.1,-113.13,2514.6,20170116,13.28,32.36,23.72,,,,,22.007885899999998,0.09842525
329589,Barker Lakes,MT,46.1,-113.13,2514.6,20170117,29.84,41.72,37.4,,,,,22.007885899999998,0.0
329590,Barker Lakes,MT,46.1,-113.13,2514.6,20170118,32.9,41.72,37.58,,,,,22.007885899999998,0.0
329591,Barker Lakes,MT,46.1,-113.13,2514.6,20170119,22.82,36.32,30.02,,,,,20.9842633,0.0
329592,Barker Lakes,MT,46.1,-113.13,2514.6,20170120,14.54,24.98,21.02,,,,,22.007885899999998,0.0
329593,Barker Lakes,MT,46.1,-113.13,2514.6,20170121,12.38,27.14,19.76,,,,,22.992138399999998,0.09842525
329594,Barker Lakes,MT,46.1,-113.13,2514.6,20170122,15.26,26.24,20.84,,,,,22.992138399999998,0.0
329595,Barker Lakes,MT,46.1,-113.13,2514.6,20170123,5.36,23.54,14.9,,,,,22.992138399999998,0.0
329596,Barker Lakes,MT,46.1,-113.13,2514.6,20170124,3.38,18.5,12.02,,,,,22.007885899999998,0.0
329597,Barker Lakes,MT,46.1,-113.13,2514.6,20170125,9.86,16.88,12.56,,,,,22.007885899999998,0.0
329598,Barker Lakes,MT,46.1,-113.13,2514.6,20170126,2.84,17.06,9.68,,,,,22.007885899999998,0.0
329599,Barker Lakes,MT,46.1,-113.13,2514.6,20170127,7.16,29.48,21.38,,,,,22.992138399999998,0.09842525
329600,Barker Lakes,MT,46.1,-113.13,2514.6,20170128,24.98,35.78,31.28,,,,,22.007885899999998,0.0
329601,Barker Lakes,MT,46.1,-113.13,2514.6,20170129,32.18,41.9,36.5,,,,,22.007885899999998,0.0
329602,Barker Lakes,MT,46.1,-113.13,2514.6,20170130,24.26,34.34,29.48,,,,,22.007885899999998,0.0
329603,Barker Lakes,MT,46.1,-113.13,2514.6,20170131,3.56,24.8,18.14,,,,,27.0078886,0.09842525
329604,Barker Lakes,MT,46.1,-113.13,2514.6,20170201,-11.56,4.82,-2.74,,,,,27.0078886,0.0
329605,Barker Lakes,MT,46.1,-113.13,2514.6,20170202,-9.4,6.62,-2.38,,,,,25.984266,0.0
329606,Barker Lakes,MT,46.1,-113.13,2514.6,20170203,5.54,32.36,26.78,,,,,27.9921411,0.20078751
329607,Barker Lakes,MT,46.1,-113.13,2514.6,20170204,25.7,31.82,28.94,,,,,29.015763699999997,0.20078751
329608,Barker Lakes,MT,46.1,-113.13,2514.6,20170205,27.86,32.54,30.38,,,,,27.0078886,0.0
329609,Barker Lakes,MT,46.1,-113.13,2514.6,20170206,15.26,32.72,25.52,,,,,30.0000162,0.20078751
329610,Barker Lakes,MT,46.1,-113.13,2514.6,20170207,10.04,21.2,16.16,,,,,30.984268699999998,0.20078751
329611,Barker Lakes,MT,46.1,-113.13,2514.6,20170208,17.6,35.24,26.24,,,,,30.984268699999998,0.20078751
329612,Barker Lakes,MT,46.1,-113.13,2514.6,20170209,33.8,38.66,36.14,,,,,30.984268699999998,0.09842525
329613,Barker Lakes,MT,46.1,-113.13,2514.6,20170210,18.32,34.16,28.04,,,,,37.992146500000004,0.70078778
329614,Barker Lakes,MT,46.1,-113.13,2514.6,20170211,6.44,21.02,15.08,,,,,35.9842714,0.0
329615,Barker Lakes,MT,46.1,-113.13,2514.6,20170212,12.74,31.46,26.24,,,,,34.0157664,0.09842525
329616,Barker Lakes,MT,46.1,-113.13,2514.6,20170213,21.02,39.38,27.5,,,,,34.0157664,0.0
329617,Barker Lakes,MT,46.1,-113.13,2514.6,20170214,22.1,45.32,31.28,,,,,32.9921438,0.09842525
329618,Barker Lakes,MT,46.1,-113.13,2514.6,20170215,40.82,51.08,43.88,,,,,32.0078913,0.0
329619,Barker Lakes,MT,46.1,-113.13,2514.6,20170216,26.06,41.72,36.32,,,,,32.9921438,0.09842525
329620,Barker Lakes,MT,46.1,-113.13,2514.6,20170217,25.16,34.16,29.3,,,,,32.0078913,0.0
329621,Barker Lakes,MT,46.1,-113.13,2514.6,20170218,30.02,36.32,32.9,,,,,32.9921438,0.0
329622,Barker Lakes,MT,46.1,-113.13,2514.6,20170219,19.4,37.4,28.58,,,,,32.9921438,0.09842525
329623,Barker Lakes,MT,46.1,-113.13,2514.6,20170220,23.9,34.34,29.12,,,,,35.0000189,0.29921276
329624,Barker Lakes,MT,46.1,-113.13,2514.6,20170221,21.56,32.9,28.94,,,,,37.992146500000004,0.20078751
329625,Barker Lakes,MT,46.1,-113.13,2514.6,20170222,17.06,30.2,21.2,,,,,44.015771799999996,0.50000027
329626,Barker Lakes,MT,46.1,-113.13,2514.6,20170223,5.54,20.3,14.72,,,,,50.000027,0.50000027
329627,Barker Lakes,MT,46.1,-113.13,2514.6,20170224,4.1,21.38,12.56,,,,,45.984276799999996,0.0
329628,Barker Lakes,MT,46.1,-113.13,2514.6,20170225,5.54,13.82,9.14,,,,,45.00002429999999,0.0
329629,Barker Lakes,MT,46.1,-113.13,2514.6,20170226,11.12,21.74,14.9,,,,,42.9921492,0.0
329630,Barker Lakes,MT,46.1,-113.13,2514.6,20170227,6.44,22.1,12.74,,,,,40.9842741,0.09842525
329631,Barker Lakes,MT,46.1,-113.13,2514.6,20170228,7.7,18.5,11.84,,,,,42.0078967,0.09842525
329632,Barker Lakes,MT,46.1,-113.13,2514.6,20170301,11.66,24.98,19.4,,,,,40.9842741,0.09842525
329633,Barker Lakes,MT,46.1,-113.13,2514.6,20170302,19.4,33.44,26.78,,,,,40.000021600000004,0.0
329634,Barker Lakes,MT,46.1,-113.13,2514.6,20170303,26.24,39.56,31.28,,,,,39.0157691,0.0
329635,Barker Lakes,MT,46.1,-113.13,2514.6,20170304,26.78,33.62,29.66,,,,,40.000021600000004,0.09842525
329636,Barker Lakes,MT,46.1,-113.13,2514.6,20170305,11.66,28.58,22.82,,,,,44.015771799999996,0.40157502
329637,Barker Lakes,MT,46.1,-113.13,2514.6,20170306,9.5,20.3,13.1,,,,,44.015771799999996,0.20078751
329638,Barker Lakes,MT,46.1,-113.13,2514.6,20170307,9.32,27.5,18.32,,,,,42.9921492,0.09842525
329639,Barker Lakes,MT,46.1,-113.13,2514.6,20170308,26.24,31.82,28.4,,,,,50.000027,0.59842552
329640,Barker Lakes,MT,46.1,-113.13,2514.6,20170309,24.08,36.86,32.18,,,,,49.0157745,0.20078751
329641,Barker Lakes,MT,46.1,-113.13,2514.6,20170310,28.94,39.56,34.34,,,,,47.992151899999996,0.0
329642,Barker Lakes,MT,46.1,-113.13,2514.6,20170311,26.42,42.44,33.08,,,,,47.992151899999996,0.0
329643,Barker Lakes,MT,46.1,-113.13,2514.6,20170312,25.34,34.88,28.94,,,,,45.984276799999996,0.0
329644,Barker Lakes,MT,46.1,-113.13,2514.6,20170313,30.02,44.96,36.68,,,,,45.00002429999999,0.0
329645,Barker Lakes,MT,46.1,-113.13,2514.6,20170314,35.78,49.46,41.72,,,,,42.0078967,0.0
329646,Barker Lakes,MT,46.1,-113.13,2514.6,20170315,34.34,49.28,41.9,,,,,40.9842741,0.0
329647,Barker Lakes,MT,46.1,-113.13,2514.6,20170316,23.72,38.12,29.84,,,,,44.015771799999996,0.40157502
329648,Barker Lakes,MT,46.1,-113.13,2514.6,20170317,20.3,43.16,34.7,,,,,42.9921492,0.0
329649,Barker Lakes,MT,46.1,-113.13,2514.6,20170318,33.44,53.42,43.88,,,,,40.9842741,0.09842525
329650,Barker Lakes,MT,46.1,-113.13,2514.6,20170319,30.38,46.58,34.7,,,,,40.000021600000004,0.0
329651,Barker Lakes,MT,46.1,-113.13,2514.6,20170320,27.5,37.94,32.18,,,,,40.000021600000004,0.0
329652,Barker Lakes,MT,46.1,-113.13,2514.6,20170321,30.2,48.92,38.84,,,,,40.000021600000004,0.09842525
329653,Barker Lakes,MT,46.1,-113.13,2514.6,20170322,26.24,43.52,33.44,,,,,40.000021600000004,0.0
329654,Barker Lakes,MT,46.1,-113.13,2514.6,20170323,21.56,41.54,29.48,,,,,40.000021600000004,0.09842525
329655,Barker Lakes,MT,46.1,-113.13,2514.6,20170324,23.36,43.88,33.98,,,,,39.0157691,0.0
329656,Barker Lakes,MT,46.1,-113.13,2514.6,20170325,23.72,39.92,29.66,,,,,37.992146500000004,0.0
329657,Barker Lakes,MT,46.1,-113.13,2514.6,20170326,21.02,43.7,30.38,,,,,39.0157691,0.09842525
329658,Barker Lakes,MT,46.1,-113.13,2514.6,20170327,23.18,37.4,28.94,,,,,40.9842741,0.09842525
329659,Barker Lakes,MT,46.1,-113.13,2514.6,20170328,19.94,38.12,28.76,,,,,40.9842741,0.0
329660,Barker Lakes,MT,46.1,-113.13,2514.6,20170329,23.36,46.4,33.98,,,,,40.000021600000004,0.0
329661,Barker Lakes,MT,46.1,-113.13,2514.6,20170330,26.78,37.4,31.46,,,,,44.015771799999996,0.29921276
329662,Barker Lakes,MT,46.1,-113.13,2514.6,20170331,20.84,37.22,29.12,,,,,45.00002429999999,0.09842525
329663,Barker Lakes,MT,46.1,-113.13,2514.6,20170401,19.4,49.82,33.62,,,,,42.9921492,0.09842525
329664,Barker Lakes,MT,46.1,-113.13,2514.6,20170402,18.5,43.7,28.04,,,,,42.9921492,0.0
329665,Barker Lakes,MT,46.1,-113.13,2514.6,20170403,13.46,30.92,19.76,,,,,42.0078967,0.0
329666,Barker Lakes,MT,46.1,-113.13,2514.6,20170404,6.62,40.1,24.62,,,,,42.9921492,0.20078751
329667,Barker Lakes,MT,46.1,-113.13,2514.6,20170405,28.94,42.8,35.96,,,,,42.0078967,0.0
329668,Barker Lakes,MT,46.1,-113.13,2514.6,20170406,36.86,46.76,39.92,,,,,42.0078967,0.0
329669,Barker Lakes,MT,46.1,-113.13,2514.6,20170407,27.14,42.26,36.14,,,,,42.0078967,0.0
329670,Barker Lakes,MT,46.1,-113.13,2514.6,20170408,21.2,45.14,29.66,,,,,42.9921492,0.0
329671,Barker Lakes,MT,46.1,-113.13,2514.6,20170409,14.18,30.38,22.82,,,,,44.015771799999996,0.09842525
329672,Barker Lakes,MT,46.1,-113.13,2514.6,20170410,19.22,34.52,24.8,,,,,44.015771799999996,0.0
329673,Barker Lakes,MT,46.1,-113.13,2514.6,20170411,15.98,42.8,30.02,,,,,44.015771799999996,0.09842525
329674,Barker Lakes,MT,46.1,-113.13,2514.6,20170412,30.02,45.68,37.76,,,,,42.9921492,0.09842525
329675,Barker Lakes,MT,46.1,-113.13,2514.6,20170413,24.98,46.94,36.14,,,,,47.0078994,0.40157502
329676,Barker Lakes,MT,46.1,-113.13,2514.6,20170414,18.68,40.1,25.88,,,,,49.0157745,0.29921276
329677,Barker Lakes,MT,46.1,-113.13,2514.6,20170415,17.06,34.7,24.08,,,,,47.992151899999996,0.0
329678,Barker Lakes,MT,46.1,-113.13,2514.6,20170416,17.06,47.48,32.72,,,,,45.984276799999996,0.0
329679,Barker Lakes,MT,46.1,-113.13,2514.6,20170417,29.12,42.44,34.88,,,,,47.992151899999996,0.09842525
329680,Barker Lakes,MT,46.1,-113.13,2514.6,20170418,28.22,47.48,35.42,,,,,45.984276799999996,0.0
329681,Barker Lakes,MT,46.1,-113.13,2514.6,20170419,25.34,48.56,32.9,,,,,45.984276799999996,0.09842525
329682,Barker Lakes,MT,46.1,-113.13,2514.6,20170420,25.34,43.52,32.9,,,,,47.992151899999996,0.09842525
329683,Barker Lakes,MT,46.1,-113.13,2514.6,20170421,19.4,39.2,28.58,,,,,45.984276799999996,0.20078751
329684,Barker Lakes,MT,46.1,-113.13,2514.6,20170422,18.68,48.74,34.7,,,,,45.984276799999996,0.0
329685,Barker Lakes,MT,46.1,-113.13,2514.6,20170423,30.56,43.52,35.96,,,,,45.984276799999996,0.09842525
329686,Barker Lakes,MT,46.1,-113.13,2514.6,20170424,25.52,37.22,31.28,,,,,54.0157772,0.50000027
329687,Barker Lakes,MT,46.1,-113.13,2514.6,20170425,26.6,39.2,30.92,,,,,54.0157772,0.09842525
329688,Barker Lakes,MT,46.1,-113.13,2514.6,20170426,25.52,38.48,31.46,,,,,55.9842822,0.09842525
329689,Barker Lakes,MT,46.1,-113.13,2514.6,20170427,19.4,36.68,25.88,,,,,55.9842822,0.20078751
329690,Barker Lakes,MT,46.1,-113.13,2514.6,20170428,18.32,35.24,26.78,,,,,55.0000297,0.09842525
329691,Barker Lakes,MT,46.1,-113.13,2514.6,20170429,15.44,49.1,31.64,,,,,52.0079021,0.09842525
329692,Barker Lakes,MT,46.1,-113.13,2514.6,20170430,27.86,44.42,34.7,,,,,49.0157745,0.0
329693,Barker Lakes,MT,46.1,-113.13,2514.6,20170501,24.44,49.64,32.9,,,,,50.000027,0.0
329694,Barker Lakes,MT,46.1,-113.13,2514.6,20170502,21.02,43.34,30.92,,,,,52.0079021,0.09842525
329695,Barker Lakes,MT,46.1,-113.13,2514.6,20170503,20.12,57.74,41.0,,,,,50.000027,0.09842525
329696,Barker Lakes,MT,46.1,-113.13,2514.6,20170504,35.96,69.8,48.56,,,,,47.0078994,0.0
329697,Barker Lakes,MT,46.1,-113.13,2514.6,20170505,39.2,68.36,52.16,,,,,45.00002429999999,0.0
329698,Barker Lakes,MT,46.1,-113.13,2514.6,20170506,37.04,61.7,44.24,,,,,42.0078967,0.09842525
329699,Barker Lakes,MT,46.1,-113.13,2514.6,20170507,24.26,40.46,34.88,,,,,42.0078967,0.20078751
329700,Barker Lakes,MT,46.1,-113.13,2514.6,20170508,21.02,51.98,34.88,,,,,40.9842741,0.20078751
329701,Barker Lakes,MT,46.1,-113.13,2514.6,20170509,29.66,57.02,40.1,,,,,40.000021600000004,0.0
329702,Barker Lakes,MT,46.1,-113.13,2514.6,20170510,31.1,65.12,44.78,,,,,39.0157691,0.0
329703,Barker Lakes,MT,46.1,-113.13,2514.6,20170511,34.52,66.2,48.2,,,,,37.007894,0.0
329704,Barker Lakes,MT,46.1,-113.13,2514.6,20170512,27.5,52.52,41.18,,,,,35.0000189,0.09842525
329705,Barker Lakes,MT,46.1,-113.13,2514.6,20170513,22.46,32.9,27.5,,,,,39.0157691,0.29921276
329706,Barker Lakes,MT,46.1,-113.13,2514.6,20170514,19.4,44.42,30.74,,,,,37.007894,0.20078751
329707,Barker Lakes,MT,46.1,-113.13,2514.6,20170515,23.36,43.16,31.28,,,,,34.0157664,0.0
329708,Barker Lakes,MT,46.1,-113.13,2514.6,20170516,23.36,41.54,32.72,,,,,37.007894,0.09842525
329709,Barker Lakes,MT,46.1,-113.13,2514.6,20170517,24.26,31.82,28.94,,,,,52.0079021,2.09842633
329710,Barker Lakes,MT,46.1,-113.13,2514.6,20170518,27.14,39.92,32.18,,,,,50.9842795,0.29921276
329711,Barker Lakes,MT,46.1,-113.13,2514.6,20170519,23.18,52.88,35.24,,,,,49.0157745,0.09842525
329712,Barker Lakes,MT,46.1,-113.13,2514.6,20170520,32.36,48.92,38.48,,,,,47.0078994,0.0
329713,Barker Lakes,MT,46.1,-113.13,2514.6,20170521,30.38,57.92,41.36,,,,,45.00002429999999,0.20078751
329714,Barker Lakes,MT,46.1,-113.13,2514.6,20170522,34.88,62.96,45.14,,,,,42.0078967,0.0
329715,Barker Lakes,MT,46.1,-113.13,2514.6,20170523,34.52,68.9,50.36,,,,,39.0157691,0.0
329716,Barker Lakes,MT,46.1,-113.13,2514.6,20170524,30.2,50.72,41.54,,,,,37.007894,0.0
329717,Barker Lakes,MT,46.1,-113.13,2514.6,20170525,29.84,45.86,35.24,,,,,37.007894,0.0
329718,Barker Lakes,MT,46.1,-113.13,2514.6,20170526,30.02,53.42,39.02,,,,,37.007894,0.0
329719,Barker Lakes,MT,46.1,-113.13,2514.6,20170527,33.26,57.38,42.08,,,,,35.9842714,0.0
329720,Barker Lakes,MT,46.1,-113.13,2514.6,20170528,33.26,62.06,44.78,,,,,34.0157664,0.0
329721,Barker Lakes,MT,46.1,-113.13,2514.6,20170529,37.4,63.5,46.58,,,,,32.0078913,0.0
329722,Barker Lakes,MT,46.1,-113.13,2514.6,20170530,37.4,68.0,50.18,,,,,30.0000162,0.0
329723,Barker Lakes,MT,46.1,-113.13,2514.6,20170531,39.02,70.52,50.72,,,,,27.9921411,0.0
329724,Barker Lakes,MT,46.1,-113.13,2514.6,20170601,38.12,57.74,44.06,,,,,25.984266,0.0
329725,Barker Lakes,MT,46.1,-113.13,2514.6,20170602,34.88,58.46,44.78,,,,,24.015760999999998,0.0
329726,Barker Lakes,MT,46.1,-113.13,2514.6,20170603,34.52,66.74,50.18,,,,,20.9842633,0.0
329727,Barker Lakes,MT,46.1,-113.13,2514.6,20170604,36.5,70.7,53.42,,,,,20.000010800000002,0.29921276
329728,Barker Lakes,MT,46.1,-113.13,2514.6,20170605,34.34,54.5,41.72,,,,,19.0157583,0.09842525
329729,Barker Lakes,MT,46.1,-113.13,2514.6,20170606,35.96,61.7,48.92,,,,,15.9842606,0.09842525
329730,Barker Lakes,MT,46.1,-113.13,2514.6,20170607,40.28,73.94,55.76,,,,,12.007880499999999,0.0
329731,Barker Lakes,MT,46.1,-113.13,2514.6,20170608,42.98,70.16,56.48,,,,,9.0157529,0.20078751
329732,Barker Lakes,MT,46.1,-113.13,2514.6,20170609,32.9,52.7,40.1,,,,,7.007877799999999,0.0
329733,Barker Lakes,MT,46.1,-113.13,2514.6,20170610,28.22,46.58,35.96,,,,,4.0157502,0.0
329734,Barker Lakes,MT,46.1,-113.13,2514.6,20170611,25.7,53.6,40.64,,,,,2.9921276000000003,0.29921276
329735,Barker Lakes,MT,46.1,-113.13,2514.6,20170612,35.06,56.84,42.62,,,,,2.0078751,1.00000054
329736,Barker Lakes,MT,46.1,-113.13,2514.6,20170613,34.88,39.38,36.32,,,,,2.0078751,1.2992133
329737,Barker Lakes,MT,46.1,-113.13,2514.6,20170614,33.62,52.34,42.08,,,,,0.0,0.40157502
329738,Barker Lakes,MT,46.1,-113.13,2514.6,20170615,39.38,51.8,44.96,,,,,0.0,0.0
329739,Barker Lakes,MT,46.1,-113.13,2514.6,20170616,35.96,51.08,42.8,,,,,0.0,0.09842525
329740,Barker Lakes,MT,46.1,-113.13,2514.6,20170617,35.42,54.5,42.8,,,,,0.0,0.09842525
329741,Barker Lakes,MT,46.1,-113.13,2514.6,20170618,40.1,50.0,44.78,,,,,0.0,0.0
329742,Barker Lakes,MT,46.1,-113.13,2514.6,20170619,40.1,69.8,54.68,,,,,0.0,0.20078751
329743,Barker Lakes,MT,46.1,-113.13,2514.6,20170620,48.74,72.68,59.72,,,,,0.0,0.20078751
329744,Barker Lakes,MT,46.1,-113.13,2514.6,20170621,41.54,63.14,51.8,,,,,0.0,0.0
329745,Barker Lakes,MT,46.1,-113.13,2514.6,20170622,32.18,57.02,44.06,,,,,0.0,0.0
329746,Barker Lakes,MT,46.1,-113.13,2514.6,20170623,30.74,61.34,44.78,,,,,0.0,0.0
329747,Barker Lakes,MT,46.1,-113.13,2514.6,20170624,34.52,64.58,48.02,,,,,0.0,0.0
329748,Barker Lakes,MT,46.1,-113.13,2514.6,20170625,37.94,72.86,54.14,,,,,0.0,0.09842525
329749,Barker Lakes,MT,46.1,-113.13,2514.6,20170626,46.58,78.62,59.9,,,,,0.0,0.0
329750,Barker Lakes,MT,46.1,-113.13,2514.6,20170627,43.34,60.44,50.54,,,,,0.0,0.0
329751,Barker Lakes,MT,46.1,-113.13,2514.6,20170628,38.66,60.8,49.82,,,,,0.0,0.0
329752,Barker Lakes,MT,46.1,-113.13,2514.6,20170629,35.42,55.4,43.7,,,,,0.0,0.0
329753,Barker Lakes,MT,46.1,-113.13,2514.6,20170630,35.24,68.0,50.18,,,,,0.0,0.0
329754,Barker Lakes,MT,46.1,-113.13,2514.6,20170701,41.54,70.7,55.4,,,,,0.0,0.0
329755,Barker Lakes,MT,46.1,-113.13,2514.6,20170702,46.4,72.32,56.66,,,,,0.0,0.09842525
329756,Barker Lakes,MT,46.1,-113.13,2514.6,20170703,46.22,72.32,59.0,,,,,0.0,0.0
329757,Barker Lakes,MT,46.1,-113.13,2514.6,20170704,42.26,75.92,57.74,,,,,0.0,0.09842525
329758,Barker Lakes,MT,46.1,-113.13,2514.6,20170705,49.1,77.18,60.26,,,,,0.0,0.0
329759,Barker Lakes,MT,46.1,-113.13,2514.6,20170706,48.56,77.72,61.34,,,,,0.0,0.0
329760,Barker Lakes,MT,46.1,-113.13,2514.6,20170707,49.28,75.74,60.62,,,,,0.0,0.0
329761,Barker Lakes,MT,46.1,-113.13,2514.6,20170708,50.36,79.34,63.14,,,,,0.0,0.0
329762,Barker Lakes,MT,46.1,-113.13,2514.6,20170709,49.28,75.2,60.08,,,,,0.0,0.0
329763,Barker Lakes,MT,46.1,-113.13,2514.6,20170710,45.32,67.28,55.76,,,,,0.0,0.0
329764,Barker Lakes,MT,46.1,-113.13,2514.6,20170711,42.62,66.56,52.16,,,,,0.0,0.0
329765,Barker Lakes,MT,46.1,-113.13,2514.6,20170712,42.44,71.24,55.04,,,,,0.0,0.0
329766,Barker Lakes,MT,46.1,-113.13,2514.6,20170713,46.4,76.82,61.34,,,,,0.0,0.09842525
329767,Barker Lakes,MT,46.1,-113.13,2514.6,20170714,48.02,78.62,59.54,,,,,0.0,0.09842525
329768,Barker Lakes,MT,46.1,-113.13,2514.6,20170715,46.4,78.62,58.46,,,,,0.0,0.0
329769,Barker Lakes,MT,46.1,-113.13,2514.6,20170716,42.62,70.88,55.58,,,,,0.0,0.0
329770,Barker Lakes,MT,46.1,-113.13,2514.6,20170717,38.3,68.0,52.16,,,,,0.0,0.0
329771,Barker Lakes,MT,46.1,-113.13,2514.6,20170718,40.82,71.24,56.3,,,,,0.0,0.0
329772,Barker Lakes,MT,46.1,-113.13,2514.6,20170719,43.16,73.58,56.66,,,,,0.0,0.0
329773,Barker Lakes,MT,46.1,-113.13,2514.6,20170720,46.58,75.56,59.36,,,,,0.0,0.0
329774,Barker Lakes,MT,46.1,-113.13,2514.6,20170721,47.66,67.82,56.48,,,,,0.0,0.0
329775,Barker Lakes,MT,46.1,-113.13,2514.6,20170722,43.52,71.42,56.84,,,,,0.0,0.0
329776,Barker Lakes,MT,46.1,-113.13,2514.6,20170723,45.14,77.0,60.62,,,,,0.0,0.09842525
329777,Barker Lakes,MT,46.1,-113.13,2514.6,20170724,48.74,73.94,60.98,,,,,0.0,0.0
329778,Barker Lakes,MT,46.1,-113.13,2514.6,20170725,46.76,72.32,57.92,,,,,0.0,0.0
329779,Barker Lakes,MT,46.1,-113.13,2514.6,20170726,45.68,71.42,52.7,,,,,0.0,0.20078751
329780,Barker Lakes,MT,46.1,-113.13,2514.6,20170727,43.34,68.72,53.06,,,,,0.0,0.29921276
329781,Barker Lakes,MT,46.1,-113.13,2514.6,20170728,44.78,70.16,54.14,,,,,0.0,0.0
329782,Barker Lakes,MT,46.1,-113.13,2514.6,20170729,44.42,75.02,56.12,,,,,0.0,0.0
329783,Barker Lakes,MT,46.1,-113.13,2514.6,20170730,46.4,75.74,59.36,,,,,0.0,0.09842525
329784,Barker Lakes,MT,46.1,-113.13,2514.6,20170731,45.32,76.64,58.46,,,,,0.0,0.0
329785,Barker Lakes,MT,46.1,-113.13,2514.6,20170801,44.42,73.58,57.38,,,,,0.0,0.0
329786,Barker Lakes,MT,46.1,-113.13,2514.6,20170802,42.8,67.82,52.88,,,,,0.0,0.0
329787,Barker Lakes,MT,46.1,-113.13,2514.6,20170803,42.08,73.22,55.58,,,,,0.0,0.0
329788,Barker Lakes,MT,46.1,-113.13,2514.6,20170804,45.32,73.76,59.0,,,,,0.0,0.0
329789,Barker Lakes,MT,46.1,-113.13,2514.6,20170805,39.92,65.3,50.18,,,,,0.0,0.0
329790,Barker Lakes,MT,46.1,-113.13,2514.6,20170806,38.66,64.4,50.72,,,,,0.0,0.0
329791,Barker Lakes,MT,46.1,-113.13,2514.6,20170807,41.9,67.46,54.14,,,,,0.0,0.0
329792,Barker Lakes,MT,46.1,-113.13,2514.6,20170808,41.18,69.44,54.14,,,,,0.0,0.0
329793,Barker Lakes,MT,46.1,-113.13,2514.6,20170809,44.96,66.02,53.42,,,,,0.0,0.0
329794,Barker Lakes,MT,46.1,-113.13,2514.6,20170810,43.16,69.08,53.96,,,,,0.0,0.0
329795,Barker Lakes,MT,46.1,-113.13,2514.6,20170811,44.6,70.88,55.76,,,,,0.0,0.09842525
329796,Barker Lakes,MT,46.1,-113.13,2514.6,20170812,44.42,70.34,56.48,,,,,0.0,0.0
329797,Barker Lakes,MT,46.1,-113.13,2514.6,20170813,44.96,61.52,51.62,,,,,0.0,0.0
329798,Barker Lakes,MT,46.1,-113.13,2514.6,20170814,39.92,60.98,48.38,,,,,0.0,0.09842525
329799,Barker Lakes,MT,46.1,-113.13,2514.6,20170815,34.52,66.56,49.28,,,,,0.0,0.20078751
329800,Barker Lakes,MT,46.1,-113.13,2514.6,20170816,40.28,68.0,53.06,,,,,0.0,0.09842525
329801,Barker Lakes,MT,46.1,-113.13,2514.6,20170817,45.86,66.38,54.5,,,,,0.0,0.0
329802,Barker Lakes,MT,46.1,-113.13,2514.6,20170818,42.62,70.88,57.38,,,,,0.0,0.0
329803,Barker Lakes,MT,46.1,-113.13,2514.6,20170819,40.46,68.18,55.4,,,,,0.0,0.0
329804,Barker Lakes,MT,46.1,-113.13,2514.6,20170820,34.34,65.66,49.82,,,,,0.0,0.0
329805,Barker Lakes,MT,46.1,-113.13,2514.6,20170821,38.12,66.02,50.18,,,,,0.0,0.0
329806,Barker Lakes,MT,46.1,-113.13,2514.6,20170822,43.34,73.94,57.56,,,,,0.0,0.0
329807,Barker Lakes,MT,46.1,-113.13,2514.6,20170823,51.26,72.86,59.54,,,,,0.0,0.0
329808,Barker Lakes,MT,46.1,-113.13,2514.6,20170824,47.3,65.48,54.86,,,,,0.0,0.0
329809,Barker Lakes,MT,46.1,-113.13,2514.6,20170825,45.14,68.18,55.4,,,,,0.0,0.0
329810,Barker Lakes,MT,46.1,-113.13,2514.6,20170826,45.68,70.7,56.48,,,,,0.0,0.0
329811,Barker Lakes,MT,46.1,-113.13,2514.6,20170827,46.22,75.92,60.08,,,,,0.0,0.0
329812,Barker Lakes,MT,46.1,-113.13,2514.6,20170828,51.62,78.26,62.42,,,,,0.0,0.0
329813,Barker Lakes,MT,46.1,-113.13,2514.6,20170829,51.62,73.4,60.98,,,,,0.0,0.0
329814,Barker Lakes,MT,46.1,-113.13,2514.6,20170830,51.8,76.46,61.16,,,,,0.0,0.0
329815,Barker Lakes,MT,46.1,-113.13,2514.6,20170831,48.74,70.16,57.92,,,,,0.0,0.0
329816,Barker Lakes,MT,46.1,-113.13,2514.6,20170901,42.62,70.7,56.48,,,,,0.0,0.0
329817,Barker Lakes,MT,46.1,-113.13,2514.6,20170902,49.28,77.18,63.5,,,,,0.0,0.0
329818,Barker Lakes,MT,46.1,-113.13,2514.6,20170903,57.74,80.96,67.1,,,,,0.0,0.0
329819,Barker Lakes,MT,46.1,-113.13,2514.6,20170904,41.0,60.44,51.08,,,,,0.0,0.0
329820,Barker Lakes,MT,46.1,-113.13,2514.6,20170905,39.2,71.78,53.42,,,,,0.0,0.0
329821,Barker Lakes,MT,46.1,-113.13,2514.6,20170906,48.2,75.02,58.46,,,,,0.0,0.0
329822,Barker Lakes,MT,46.1,-113.13,2514.6,20170907,47.66,73.76,58.46,,,,,0.0,0.0
329823,Barker Lakes,MT,46.1,-113.13,2514.6,20170908,45.86,71.6,56.84,,,,,0.0,0.0
329824,Barker Lakes,MT,46.1,-113.13,2514.6,20170909,45.68,69.98,56.66,,,,,0.0,0.0
329825,Barker Lakes,MT,46.1,-113.13,2514.6,20170910,48.2,67.28,55.94,,,,,0.0,0.0
329826,Barker Lakes,MT,46.1,-113.13,2514.6,20170911,42.62,72.14,54.86,,,,,,0.20078751
329827,Barker Lakes,MT,46.1,-113.13,2514.6,20170912,47.66,72.14,58.46,,,,,0.0,0.0
329828,Barker Lakes,MT,46.1,-113.13,2514.6,20170913,44.78,66.02,54.86,,,,,0.0,0.0
329829,Barker Lakes,MT,46.1,-113.13,2514.6,20170914,28.76,44.6,37.04,,,,,0.0,0.09842525
329830,Barker Lakes,MT,46.1,-113.13,2514.6,20170915,26.96,29.84,28.04,,,,,12.992133,2.29921384
329831,Barker Lakes,MT,46.1,-113.13,2514.6,20170916,26.06,36.86,30.38,,,,,10.9842579,0.59842552
329832,Barker Lakes,MT,46.1,-113.13,2514.6,20170917,26.78,49.28,35.96,,,,,12.007880499999999,0.0
329833,Barker Lakes,MT,46.1,-113.13,2514.6,20170918,29.84,47.84,38.12,,,,,9.0157529,0.0
329834,Barker Lakes,MT,46.1,-113.13,2514.6,20170919,28.04,39.74,31.28,,,,,9.0157529,0.20078751
329835,Barker Lakes,MT,46.1,-113.13,2514.6,20170920,24.8,39.02,31.1,,,,,12.007880499999999,0.29921276
329836,Barker Lakes,MT,46.1,-113.13,2514.6,20170921,22.28,37.22,29.84,,,,,12.007880499999999,0.20078751
329837,Bloody Dick,MT,45.17,-113.5,2316.5,20170101,-6.88,20.48,9.14,,,,,25.0000135,0.0
329838,Bloody Dick,MT,45.17,-113.5,2316.5,20170102,-16.42,3.38,-4.18,,,,,25.0000135,0.0
329839,Bloody Dick,MT,45.17,-113.5,2316.5,20170103,-18.04,16.34,-3.28,,,,,25.0000135,0.0
329840,Bloody Dick,MT,45.17,-113.5,2316.5,20170104,-18.76,5.18,-4.0,,,,,25.0000135,0.0
329841,Bloody Dick,MT,45.17,-113.5,2316.5,20170105,-21.1,10.22,-5.98,,,,,24.015760999999998,0.09842525
329842,Bloody Dick,MT,45.17,-113.5,2316.5,20170106,1.04,23.0,8.96,,,,,24.015760999999998,0.0
329843,Bloody Dick,MT,45.17,-113.5,2316.5,20170107,-5.44,26.96,10.22,,,,,25.0000135,0.20078751
329844,Bloody Dick,MT,45.17,-113.5,2316.5,20170108,24.44,32.9,29.48,,,,,25.984266,0.09842525
329845,Bloody Dick,MT,45.17,-113.5,2316.5,20170109,19.58,32.72,27.86,,,,,27.9921411,0.09842525
329846,Bloody Dick,MT,45.17,-113.5,2316.5,20170110,16.88,23.72,21.02,,,,,32.9921438,0.20078751
329847,Bloody Dick,MT,45.17,-113.5,2316.5,20170111,14.54,30.56,22.1,,,,,37.007894,0.40157502
329848,Bloody Dick,MT,45.17,-113.5,2316.5,20170112,0.5,20.84,12.02,,,,,35.0000189,0.0
329849,Bloody Dick,MT,45.17,-113.5,2316.5,20170113,-2.38,23.9,7.88,,,,,32.9921438,0.0
329850,Bloody Dick,MT,45.17,-113.5,2316.5,20170114,1.58,27.14,10.76,,,,,32.0078913,0.0
329851,Bloody Dick,MT,45.17,-113.5,2316.5,20170115,4.28,29.12,13.1,,,,,30.984268699999998,0.0
329852,Bloody Dick,MT,45.17,-113.5,2316.5,20170116,2.84,29.12,14.54,,,,,30.0000162,0.09842525
329853,Bloody Dick,MT,45.17,-113.5,2316.5,20170117,15.44,41.18,27.14,,,,,29.015763699999997,0.09842525
329854,Bloody Dick,MT,45.17,-113.5,2316.5,20170118,21.92,40.46,31.46,,,,,29.015763699999997,0.0
329855,Bloody Dick,MT,45.17,-113.5,2316.5,20170119,24.98,33.98,28.76,,,,,30.984268699999998,0.09842525
329856,Bloody Dick,MT,45.17,-113.5,2316.5,20170120,11.66,26.96,18.32,,,,,30.0000162,0.0
329857,Bloody Dick,MT,45.17,-113.5,2316.5,20170121,12.02,30.56,20.12,,,,,30.0000162,0.0
329858,Bloody Dick,MT,45.17,-113.5,2316.5,20170122,9.32,26.24,18.5,,,,,30.0000162,0.0
329859,Bloody Dick,MT,45.17,-113.5,2316.5,20170123,4.64,25.52,14.36,,,,,29.015763699999997,0.0
329860,Bloody Dick,MT,45.17,-113.5,2316.5,20170124,8.96,21.74,14.18,,,,,29.015763699999997,0.0
329861,Bloody Dick,MT,45.17,-113.5,2316.5,20170125,8.78,21.56,14.18,,,,,29.015763699999997,0.0
329862,Bloody Dick,MT,45.17,-113.5,2316.5,20170126,-0.22,20.84,12.74,,,,,29.015763699999997,0.0
329863,Bloody Dick,MT,45.17,-113.5,2316.5,20170127,-1.66,32.36,15.62,,,,,29.015763699999997,0.0
329864,Bloody Dick,MT,45.17,-113.5,2316.5,20170128,19.04,38.12,27.86,,,,,27.9921411,0.09842525
329865,Bloody Dick,MT,45.17,-113.5,2316.5,20170129,26.24,45.14,32.9,,,,,27.9921411,0.0
329866,Bloody Dick,MT,45.17,-113.5,2316.5,20170130,26.06,38.3,31.1,,,,,27.9921411,0.0
329867,Bloody Dick,MT,45.17,-113.5,2316.5,20170131,15.26,32.54,27.32,,,,,32.0078913,0.09842525
329868,Bloody Dick,MT,45.17,-113.5,2316.5,20170201,0.86,15.26,7.7,,,,,32.0078913,0.0
329869,Bloody Dick,MT,45.17,-113.5,2316.5,20170202,-9.22,14.54,1.76,,,,,35.0000189,0.20078751
329870,Bloody Dick,MT,45.17,-113.5,2316.5,20170203,0.68,34.34,22.1,,,,,35.0000189,0.09842525
329871,Bloody Dick,MT,45.17,-113.5,2316.5,20170204,27.86,33.44,30.56,,,,,35.9842714,0.29921276
329872,Bloody Dick,MT,45.17,-113.5,2316.5,20170205,28.76,33.98,31.46,,,,,35.9842714,0.09842525
329873,Bloody Dick,MT,45.17,-113.5,2316.5,20170206,21.02,33.44,29.66,,,,,37.992146500000004,0.29921276
329874,Bloody Dick,MT,45.17,-113.5,2316.5,20170207,13.82,29.66,21.56,,,,,42.9921492,0.29921276
329875,Bloody Dick,MT,45.17,-113.5,2316.5,20170208,22.46,34.88,29.48,,,,,44.015771799999996,0.29921276
329876,Bloody Dick,MT,45.17,-113.5,2316.5,20170209,34.34,40.28,36.86,,,,,40.9842741,0.20078751
329877,Bloody Dick,MT,45.17,-113.5,2316.5,20170210,25.7,35.96,31.64,,,,,42.0078967,0.29921276
329878,Bloody Dick,MT,45.17,-113.5,2316.5,20170211,5.9,28.58,19.76,,,,,42.9921492,0.20078751
329879,Bloody Dick,MT,45.17,-113.5,2316.5,20170212,6.08,38.12,21.02,,,,,40.9842741,0.09842525
329880,Bloody Dick,MT,45.17,-113.5,2316.5,20170213,10.4,41.9,24.44,,,,,40.9842741,0.0
329881,Bloody Dick,MT,45.17,-113.5,2316.5,20170214,16.52,49.82,29.66,,,,,40.000021600000004,0.09842525
329882,Bloody Dick,MT,45.17,-113.5,2316.5,20170215,24.44,51.62,36.14,,,,,40.000021600000004,0.0
329883,Bloody Dick,MT,45.17,-113.5,2316.5,20170216,29.84,43.88,35.96,,,,,37.992146500000004,0.0
329884,Bloody Dick,MT,45.17,-113.5,2316.5,20170217,27.86,39.74,31.82,,,,,37.992146500000004,0.0
329885,Bloody Dick,MT,45.17,-113.5,2316.5,20170218,29.3,41.0,33.62,,,,,37.992146500000004,0.0
329886,Bloody Dick,MT,45.17,-113.5,2316.5,20170219,26.06,36.14,30.74,,,,,42.9921492,0.09842525
329887,Bloody Dick,MT,45.17,-113.5,2316.5,20170220,24.8,36.32,31.1,,,,,42.9921492,0.29921276
329888,Bloody Dick,MT,45.17,-113.5,2316.5,20170221,25.7,34.52,30.38,,,,,42.9921492,0.09842525
329889,Bloody Dick,MT,45.17,-113.5,2316.5,20170222,20.12,32.72,24.62,,,,,44.015771799999996,0.09842525
329890,Bloody Dick,MT,45.17,-113.5,2316.5,20170223,14.72,21.92,18.86,,,,,55.9842822,0.70078778
329891,Bloody Dick,MT,45.17,-113.5,2316.5,20170224,7.34,24.44,14.36,,,,,54.0157772,0.0
329892,Bloody Dick,MT,45.17,-113.5,2316.5,20170225,0.14,18.32,10.94,,,,,50.9842795,0.0
329893,Bloody Dick,MT,45.17,-113.5,2316.5,20170226,11.3,21.92,15.44,,,,,50.000027,0.09842525
329894,Bloody Dick,MT,45.17,-113.5,2316.5,20170227,6.98,30.2,15.08,,,,,47.992151899999996,0.09842525
329895,Bloody Dick,MT,45.17,-113.5,2316.5,20170228,9.86,23.18,15.62,,,,,47.992151899999996,0.0
329896,Bloody Dick,MT,45.17,-113.5,2316.5,20170301,14.54,31.64,21.74,,,,,45.984276799999996,0.09842525
329897,Bloody Dick,MT,45.17,-113.5,2316.5,20170302,17.6,38.48,26.24,,,,,45.00002429999999,0.09842525
329898,Bloody Dick,MT,45.17,-113.5,2316.5,20170303,25.16,42.98,33.44,,,,,44.015771799999996,0.0
329899,Bloody Dick,MT,45.17,-113.5,2316.5,20170304,28.76,37.94,32.36,,,,,42.9921492,0.0
329900,Bloody Dick,MT,45.17,-113.5,2316.5,20170305,16.7,31.1,26.24,,,,,42.9921492,0.0
329901,Bloody Dick,MT,45.17,-113.5,2316.5,20170306,12.56,25.52,17.24,,,,,45.984276799999996,0.09842525
329902,Bloody Dick,MT,45.17,-113.5,2316.5,20170307,12.92,29.84,22.64,,,,,45.00002429999999,0.09842525
329903,Bloody Dick,MT,45.17,-113.5,2316.5,20170308,28.58,35.42,33.08,,,,,45.984276799999996,0.20078751
329904,Bloody Dick,MT,45.17,-113.5,2316.5,20170309,32.72,44.42,36.32,,,,,45.984276799999996,0.50000027
329905,Bloody Dick,MT,45.17,-113.5,2316.5,20170310,28.04,44.96,37.04,,,,,44.015771799999996,0.29921276
329906,Bloody Dick,MT,45.17,-113.5,2316.5,20170311,23.72,46.58,33.8,,,,,44.015771799999996,0.0
329907,Bloody Dick,MT,45.17,-113.5,2316.5,20170312,27.5,42.08,32.9,,,,,44.015771799999996,0.20078751
329908,Bloody Dick,MT,45.17,-113.5,2316.5,20170313,29.48,51.44,39.92,,,,,42.9921492,0.0
329909,Bloody Dick,MT,45.17,-113.5,2316.5,20170314,35.96,52.7,42.08,,,,,40.9842741,0.0
329910,Bloody Dick,MT,45.17,-113.5,2316.5,20170315,36.14,53.96,44.42,,,,,40.9842741,0.0
329911,Bloody Dick,MT,45.17,-113.5,2316.5,20170316,27.5,44.6,36.5,,,,,40.9842741,0.29921276
329912,Bloody Dick,MT,45.17,-113.5,2316.5,20170317,22.28,49.82,37.4,,,,,40.9842741,0.0
329913,Bloody Dick,MT,45.17,-113.5,2316.5,20170318,35.78,55.58,43.52,,,,,39.0157691,0.0
329914,Bloody Dick,MT,45.17,-113.5,2316.5,20170319,32.18,43.16,38.12,,,,,39.0157691,0.09842525
329915,Bloody Dick,MT,45.17,-113.5,2316.5,20170320,31.28,45.86,36.32,,,,,39.0157691,0.09842525
329916,Bloody Dick,MT,45.17,-113.5,2316.5,20170321,30.92,51.44,38.48,,,,,37.992146500000004,0.09842525
329917,Bloody Dick,MT,45.17,-113.5,2316.5,20170322,29.12,45.5,35.24,,,,,37.992146500000004,0.0
329918,Bloody Dick,MT,45.17,-113.5,2316.5,20170323,22.28,43.34,32.18,,,,,37.992146500000004,0.0
329919,Bloody Dick,MT,45.17,-113.5,2316.5,20170324,21.56,48.38,34.52,,,,,37.992146500000004,0.20078751
329920,Bloody Dick,MT,45.17,-113.5,2316.5,20170325,24.26,43.7,33.62,,,,,37.007894,0.09842525
329921,Bloody Dick,MT,45.17,-113.5,2316.5,20170326,19.22,44.24,31.28,,,,,35.9842714,0.09842525
329922,Bloody Dick,MT,45.17,-113.5,2316.5,20170327,23.36,42.62,31.64,,,,,37.992146500000004,0.20078751
329923,Bloody Dick,MT,45.17,-113.5,2316.5,20170328,18.86,42.8,31.1,,,,,37.007894,0.09842525
329924,Bloody Dick,MT,45.17,-113.5,2316.5,20170329,25.16,43.16,33.62,,,,,37.992146500000004,0.09842525
329925,Bloody Dick,MT,45.17,-113.5,2316.5,20170330,29.12,38.3,33.26,,,,,42.9921492,0.79921303
329926,Bloody Dick,MT,45.17,-113.5,2316.5,20170331,27.5,39.38,32.9,,,,,42.0078967,0.20078751
329927,Bloody Dick,MT,45.17,-113.5,2316.5,20170401,21.74,51.44,35.78,,,,,40.9842741,0.29921276
329928,Bloody Dick,MT,45.17,-113.5,2316.5,20170402,18.86,46.4,33.08,,,,,40.9842741,0.0
329929,Bloody Dick,MT,45.17,-113.5,2316.5,20170403,15.98,31.1,21.92,,,,,40.9842741,0.0
329930,Bloody Dick,MT,45.17,-113.5,2316.5,20170404,7.7,41.36,26.6,,,,,40.9842741,0.20078751
329931,Bloody Dick,MT,45.17,-113.5,2316.5,20170405,23.18,48.74,35.6,,,,,40.000021600000004,0.0
329932,Bloody Dick,MT,45.17,-113.5,2316.5,20170406,32.0,53.24,40.46,,,,,39.0157691,0.09842525
329933,Bloody Dick,MT,45.17,-113.5,2316.5,20170407,29.66,42.08,35.78,,,,,39.0157691,0.0
329934,Bloody Dick,MT,45.17,-113.5,2316.5,20170408,23.18,41.9,30.02,,,,,42.0078967,0.29921276
329935,Bloody Dick,MT,45.17,-113.5,2316.5,20170409,17.78,37.76,26.06,,,,,40.9842741,0.09842525
329936,Bloody Dick,MT,45.17,-113.5,2316.5,20170410,14.18,38.84,26.42,,,,,40.9842741,0.0
329937,Bloody Dick,MT,45.17,-113.5,2316.5,20170411,11.3,44.06,29.84,,,,,40.9842741,0.0
329938,Bloody Dick,MT,45.17,-113.5,2316.5,20170412,30.56,52.7,39.38,,,,,40.000021600000004,0.09842525
329939,Bloody Dick,MT,45.17,-113.5,2316.5,20170413,29.12,55.76,36.5,,,,,42.0078967,0.09842525
329940,Bloody Dick,MT,45.17,-113.5,2316.5,20170414,20.3,38.3,28.22,,,,,42.0078967,0.09842525
329941,Bloody Dick,MT,45.17,-113.5,2316.5,20170415,19.76,37.94,27.5,,,,,40.9842741,0.20078751
329942,Bloody Dick,MT,45.17,-113.5,2316.5,20170416,16.7,50.18,34.7,,,,,39.0157691,0.09842525
329943,Bloody Dick,MT,45.17,-113.5,2316.5,20170417,31.64,47.66,37.22,,,,,40.9842741,0.09842525
329944,Bloody Dick,MT,45.17,-113.5,2316.5,20170418,29.12,51.62,37.76,,,,,40.000021600000004,0.0
329945,Bloody Dick,MT,45.17,-113.5,2316.5,20170419,22.28,48.56,35.24,,,,,39.0157691,0.09842525
329946,Bloody Dick,MT,45.17,-113.5,2316.5,20170420,26.78,41.54,31.82,,,,,40.000021600000004,0.09842525
329947,Bloody Dick,MT,45.17,-113.5,2316.5,20170421,22.64,42.98,31.1,,,,,39.0157691,0.0
329948,Bloody Dick,MT,45.17,-113.5,2316.5,20170422,19.76,51.26,36.14,,,,,39.0157691,0.20078751
329949,Bloody Dick,MT,45.17,-113.5,2316.5,20170423,32.54,46.58,35.96,,,,,40.9842741,0.09842525
329950,Bloody Dick,MT,45.17,-113.5,2316.5,20170424,30.02,42.8,34.52,,,,,40.000021600000004,0.0
329951,Bloody Dick,MT,45.17,-113.5,2316.5,20170425,29.66,46.4,34.7,,,,,40.000021600000004,0.09842525
329952,Bloody Dick,MT,45.17,-113.5,2316.5,20170426,29.12,44.24,33.8,,,,,40.9842741,0.09842525
329953,Bloody Dick,MT,45.17,-113.5,2316.5,20170427,19.04,41.18,29.66,,,,,40.000021600000004,0.20078751
329954,Bloody Dick,MT,45.17,-113.5,2316.5,20170428,20.3,42.62,30.2,,,,,40.000021600000004,0.0
329955,Bloody Dick,MT,45.17,-113.5,2316.5,20170429,17.06,47.84,33.44,,,,,37.992146500000004,0.20078751
329956,Bloody Dick,MT,45.17,-113.5,2316.5,20170430,31.46,46.04,37.04,,,,,39.0157691,0.09842525
329957,Bloody Dick,MT,45.17,-113.5,2316.5,20170501,26.78,48.2,37.22,,,,,37.007894,0.0
329958,Bloody Dick,MT,45.17,-113.5,2316.5,20170502,27.68,49.1,38.3,,,,,35.9842714,0.0
329959,Bloody Dick,MT,45.17,-113.5,2316.5,20170503,22.1,58.1,41.36,,,,,34.0157664,0.0
329960,Bloody Dick,MT,45.17,-113.5,2316.5,20170504,32.18,68.72,48.74,,,,,32.0078913,0.0
329961,Bloody Dick,MT,45.17,-113.5,2316.5,20170505,35.96,67.28,50.0,,,,,29.015763699999997,0.09842525
329962,Bloody Dick,MT,45.17,-113.5,2316.5,20170506,36.32,63.14,47.66,,,,,25.984266,0.0
329963,Bloody Dick,MT,45.17,-113.5,2316.5,20170507,31.1,47.12,39.56,,,,,25.0000135,0.0
329964,Bloody Dick,MT,45.17,-113.5,2316.5,20170508,26.96,56.48,39.38,,,,,22.992138399999998,0.09842525
329965,Bloody Dick,MT,45.17,-113.5,2316.5,20170509,29.48,58.46,42.44,,,,,20.9842633,0.0
329966,Bloody Dick,MT,45.17,-113.5,2316.5,20170510,30.56,63.86,46.58,,,,,19.0157583,0.0
329967,Bloody Dick,MT,45.17,-113.5,2316.5,20170511,34.16,67.1,49.64,,,,,15.9842606,0.0
329968,Bloody Dick,MT,45.17,-113.5,2316.5,20170512,30.56,57.92,43.7,,,,,15.0000081,0.0
329969,Bloody Dick,MT,45.17,-113.5,2316.5,20170513,20.66,39.56,29.84,,,,,17.9921357,0.20078751
329970,Bloody Dick,MT,45.17,-113.5,2316.5,20170514,19.76,46.58,32.18,,,,,15.9842606,0.09842525
329971,Bloody Dick,MT,45.17,-113.5,2316.5,20170515,28.22,49.28,36.86,,,,,15.0000081,0.0
329972,Bloody Dick,MT,45.17,-113.5,2316.5,20170516,26.78,42.08,34.7,,,,,22.007885899999998,0.40157502
329973,Bloody Dick,MT,45.17,-113.5,2316.5,20170517,24.8,34.16,29.66,,,,,30.0000162,1.20078805
329974,Bloody Dick,MT,45.17,-113.5,2316.5,20170518,30.92,42.26,35.24,,,,,25.984266,0.20078751
329975,Bloody Dick,MT,45.17,-113.5,2316.5,20170519,32.36,52.16,39.74,,,,,22.007885899999998,0.0
329976,Bloody Dick,MT,45.17,-113.5,2316.5,20170520,31.82,56.3,40.64,,,,,20.000010800000002,0.0
329977,Bloody Dick,MT,45.17,-113.5,2316.5,20170521,29.12,58.1,42.8,,,,,17.0078832,0.09842525
329978,Bloody Dick,MT,45.17,-113.5,2316.5,20170522,30.92,61.88,46.04,,,,,14.015755599999999,0.0
329979,Bloody Dick,MT,45.17,-113.5,2316.5,20170523,33.44,66.56,51.62,,,,,10.9842579,0.0
329980,Bloody Dick,MT,45.17,-113.5,2316.5,20170524,28.58,57.56,47.48,,,,,7.007877799999999,0.0
329981,Bloody Dick,MT,45.17,-113.5,2316.5,20170525,26.42,46.04,36.86,,,,,7.007877799999999,0.09842525
329982,Bloody Dick,MT,45.17,-113.5,2316.5,20170526,32.36,52.7,40.46,,,,,5.984255200000001,0.0
329983,Bloody Dick,MT,45.17,-113.5,2316.5,20170527,30.56,57.2,43.16,,,,,4.0157502,0.09842525
329984,Bloody Dick,MT,45.17,-113.5,2316.5,20170528,31.28,63.14,47.84,,,,,2.0078751,0.0
329985,Bloody Dick,MT,45.17,-113.5,2316.5,20170529,35.42,65.84,50.36,,,,,0.0,0.09842525
329986,Bloody Dick,MT,45.17,-113.5,2316.5,20170530,38.48,68.9,53.42,,,,,0.0,0.0
329987,Bloody Dick,MT,45.17,-113.5,2316.5,20170531,39.56,72.5,55.76,,,,,0.0,0.09842525
329988,Bloody Dick,MT,45.17,-113.5,2316.5,20170601,39.56,64.4,49.46,,,,,0.0,0.09842525
329989,Bloody Dick,MT,45.17,-113.5,2316.5,20170602,37.04,61.52,48.2,,,,,0.0,0.09842525
329990,Bloody Dick,MT,45.17,-113.5,2316.5,20170603,36.5,68.54,53.96,,,,,0.0,0.29921276
329991,Bloody Dick,MT,45.17,-113.5,2316.5,20170604,39.74,72.86,54.14,,,,,0.0,0.20078751
329992,Bloody Dick,MT,45.17,-113.5,2316.5,20170605,36.5,61.16,47.66,,,,,0.0,0.20078751
329993,Bloody Dick,MT,45.17,-113.5,2316.5,20170606,36.32,67.1,52.34,,,,,0.0,0.0
329994,Bloody Dick,MT,45.17,-113.5,2316.5,20170607,41.36,77.0,56.84,,,,,0.0,0.09842525
329995,Bloody Dick,MT,45.17,-113.5,2316.5,20170608,44.78,74.3,56.84,,,,,0.0,0.0
329996,Bloody Dick,MT,45.17,-113.5,2316.5,20170609,38.84,59.18,48.38,,,,,0.0,0.0
329997,Bloody Dick,MT,45.17,-113.5,2316.5,20170610,29.12,47.66,37.58,,,,,0.0,0.0
329998,Bloody Dick,MT,45.17,-113.5,2316.5,20170611,25.7,58.1,42.8,,,,,0.0,0.09842525
329999,Bloody Dick,MT,45.17,-113.5,2316.5,20170612,33.08,54.68,41.72,,,,,0.0,0.0
330000,Bloody Dick,MT,45.17,-113.5,2316.5,20170613,34.52,42.44,37.94,,,,,0.0,0.29921276
330001,Bloody Dick,MT,45.17,-113.5,2316.5,20170614,34.34,58.28,45.32,,,,,0.0,0.59842552
330002,Bloody Dick,MT,45.17,-113.5,2316.5,20170615,36.68,57.56,47.3,,,,,0.0,0.09842525
330003,Bloody Dick,MT,45.17,-113.5,2316.5,20170616,40.1,54.14,45.32,,,,,0.0,0.09842525
330004,Bloody Dick,MT,45.17,-113.5,2316.5,20170617,37.58,59.18,46.58,,,,,0.0,0.20078751
330005,Bloody Dick,MT,45.17,-113.5,2316.5,20170618,39.74,57.56,48.38,,,,,0.0,0.0
330006,Bloody Dick,MT,45.17,-113.5,2316.5,20170619,37.76,72.68,56.3,,,,,0.0,0.0
330007,Bloody Dick,MT,45.17,-113.5,2316.5,20170620,47.84,78.08,63.5,,,,,0.0,0.0
330008,Bloody Dick,MT,45.17,-113.5,2316.5,20170621,46.94,70.7,58.46,,,,,0.0,0.0
330009,Bloody Dick,MT,45.17,-113.5,2316.5,20170622,33.26,61.88,48.56,,,,,0.0,0.0
330010,Bloody Dick,MT,45.17,-113.5,2316.5,20170623,30.02,65.84,48.56,,,,,0.0,0.0
330011,Bloody Dick,MT,45.17,-113.5,2316.5,20170624,34.16,69.98,52.88,,,,,0.0,0.0
330012,Bloody Dick,MT,45.17,-113.5,2316.5,20170625,39.2,75.2,58.28,,,,,0.0,0.0
330013,Bloody Dick,MT,45.17,-113.5,2316.5,20170626,45.14,79.16,61.34,,,,,0.0,0.0
330014,Bloody Dick,MT,45.17,-113.5,2316.5,20170627,44.42,64.58,50.54,,,,,0.0,0.0
330015,Bloody Dick,MT,45.17,-113.5,2316.5,20170628,42.26,61.16,50.54,,,,,0.0,0.0
330016,Bloody Dick,MT,45.17,-113.5,2316.5,20170629,37.4,56.84,45.68,,,,,0.0,0.0
330017,Bloody Dick,MT,45.17,-113.5,2316.5,20170630,35.24,69.26,53.06,,,,,0.0,0.0
330018,Bloody Dick,MT,45.17,-113.5,2316.5,20170701,40.82,72.32,58.46,,,,,0.0,0.0
330019,Bloody Dick,MT,45.17,-113.5,2316.5,20170702,45.32,75.38,59.54,,,,,0.0,0.0
330020,Bloody Dick,MT,45.17,-113.5,2316.5,20170703,44.96,77.72,62.06,,,,,0.0,0.0
330021,Bloody Dick,MT,45.17,-113.5,2316.5,20170704,42.62,76.46,60.62,,,,,0.0,0.0
330022,Bloody Dick,MT,45.17,-113.5,2316.5,20170705,47.84,84.02,62.6,,,,,0.0,0.0
330023,Bloody Dick,MT,45.17,-113.5,2316.5,20170706,46.58,82.22,65.66,,,,,0.0,0.0
330024,Bloody Dick,MT,45.17,-113.5,2316.5,20170707,49.46,82.04,66.2,,,,,0.0,0.0
330025,Bloody Dick,MT,45.17,-113.5,2316.5,20170708,51.08,83.12,66.38,,,,,0.0,0.0
330026,Bloody Dick,MT,45.17,-113.5,2316.5,20170709,49.1,79.34,60.44,,,,,0.0,0.0
330027,Bloody Dick,MT,45.17,-113.5,2316.5,20170710,46.4,74.48,60.26,,,,,0.0,0.0
330028,Bloody Dick,MT,45.17,-113.5,2316.5,20170711,43.7,73.58,57.56,,,,,0.0,0.0
330029,Bloody Dick,MT,45.17,-113.5,2316.5,20170712,40.64,74.84,58.64,,,,,0.0,0.0
330030,Bloody Dick,MT,45.17,-113.5,2316.5,20170713,45.86,82.22,64.4,,,,,0.0,0.0
330031,Bloody Dick,MT,45.17,-113.5,2316.5,20170714,46.22,79.7,62.6,,,,,0.0,0.0
330032,Bloody Dick,MT,45.17,-113.5,2316.5,20170715,48.2,82.94,61.52,,,,,0.0,0.0
330033,Bloody Dick,MT,45.17,-113.5,2316.5,20170716,45.68,76.46,61.16,,,,,0.0,0.0
330034,Bloody Dick,MT,45.17,-113.5,2316.5,20170717,41.54,74.12,58.1,,,,,0.0,0.0
330035,Bloody Dick,MT,45.17,-113.5,2316.5,20170718,43.16,77.18,60.44,,,,,0.0,0.0
330036,Bloody Dick,MT,45.17,-113.5,2316.5,20170719,42.98,78.62,61.16,,,,,0.0,0.0
330037,Bloody Dick,MT,45.17,-113.5,2316.5,20170720,44.06,78.8,61.88,,,,,0.0,0.0
330038,Bloody Dick,MT,45.17,-113.5,2316.5,20170721,40.28,73.76,58.1,,,,,0.0,0.0
330039,Bloody Dick,MT,45.17,-113.5,2316.5,20170722,39.56,77.18,58.82,,,,,0.0,0.0
330040,Bloody Dick,MT,45.17,-113.5,2316.5,20170723,44.6,78.98,62.06,,,,,0.0,0.0
330041,Bloody Dick,MT,45.17,-113.5,2316.5,20170724,46.94,78.8,60.98,,,,,0.0,0.0
330042,Bloody Dick,MT,45.17,-113.5,2316.5,20170725,48.2,75.2,58.82,,,,,0.0,0.0
330043,Bloody Dick,MT,45.17,-113.5,2316.5,20170726,44.96,72.5,53.42,,,,,0.0,0.0
330044,Bloody Dick,MT,45.17,-113.5,2316.5,20170727,42.26,72.14,54.32,,,,,0.0,0.0
330045,Bloody Dick,MT,45.17,-113.5,2316.5,20170728,43.88,73.76,57.2,,,,,0.0,0.0
330046,Bloody Dick,MT,45.17,-113.5,2316.5,20170729,43.52,79.7,60.98,,,,,0.0,0.0
330047,Bloody Dick,MT,45.17,-113.5,2316.5,20170730,47.66,80.6,63.68,,,,,0.0,0.0
330048,Bloody Dick,MT,45.17,-113.5,2316.5,20170731,45.68,80.06,63.14,,,,,0.0,0.0
330049,Bloody Dick,MT,45.17,-113.5,2316.5,20170801,45.68,79.34,62.42,,,,,0.0,0.0
330050,Bloody Dick,MT,45.17,-113.5,2316.5,20170802,40.64,78.8,59.54,,,,,0.0,0.0
330051,Bloody Dick,MT,45.17,-113.5,2316.5,20170803,42.08,78.08,59.9,,,,,0.0,0.0
330052,Bloody Dick,MT,45.17,-113.5,2316.5,20170804,45.14,77.54,61.88,,,,,0.0,0.0
330053,Bloody Dick,MT,45.17,-113.5,2316.5,20170805,41.54,73.94,56.84,,,,,0.0,0.0
330054,Bloody Dick,MT,45.17,-113.5,2316.5,20170806,38.66,69.8,53.96,,,,,0.0,0.0
330055,Bloody Dick,MT,45.17,-113.5,2316.5,20170807,41.36,71.6,56.3,,,,,0.0,0.0
330056,Bloody Dick,MT,45.17,-113.5,2316.5,20170808,44.78,72.86,57.2,,,,,0.0,0.0
330057,Bloody Dick,MT,45.17,-113.5,2316.5,20170809,42.08,69.26,55.22,,,,,0.0,0.0
330058,Bloody Dick,MT,45.17,-113.5,2316.5,20170810,40.82,72.68,56.66,,,,,0.0,0.0
330059,Bloody Dick,MT,45.17,-113.5,2316.5,20170811,42.8,72.5,56.66,,,,,0.0,0.0
330060,Bloody Dick,MT,45.17,-113.5,2316.5,20170812,42.98,75.02,58.46,,,,,0.0,0.0
330061,Bloody Dick,MT,45.17,-113.5,2316.5,20170813,45.32,63.86,52.88,,,,,0.0,0.0
330062,Bloody Dick,MT,45.17,-113.5,2316.5,20170814,45.5,62.78,53.06,,,,,0.0,0.0
330063,Bloody Dick,MT,45.17,-113.5,2316.5,20170815,36.86,68.0,53.24,,,,,0.0,0.0
330064,Bloody Dick,MT,45.17,-113.5,2316.5,20170816,38.48,70.52,55.22,,,,,0.0,0.0
330065,Bloody Dick,MT,45.17,-113.5,2316.5,20170817,40.28,71.42,55.04,,,,,0.0,0.0
330066,Bloody Dick,MT,45.17,-113.5,2316.5,20170818,40.28,74.3,57.2,,,,,0.0,0.0
330067,Bloody Dick,MT,45.17,-113.5,2316.5,20170819,42.98,73.58,57.2,,,,,0.0,0.0
330068,Bloody Dick,MT,45.17,-113.5,2316.5,20170820,34.7,70.16,53.42,,,,,0.0,0.0
330069,Bloody Dick,MT,45.17,-113.5,2316.5,20170821,37.22,71.42,53.6,,,,,0.0,0.0
330070,Bloody Dick,MT,45.17,-113.5,2316.5,20170822,41.54,77.18,58.82,,,,,0.0,0.0
330071,Bloody Dick,MT,45.17,-113.5,2316.5,20170823,44.24,76.1,61.52,,,,,0.0,0.09842525
330072,Bloody Dick,MT,45.17,-113.5,2316.5,20170824,44.42,67.64,55.76,,,,,0.0,0.09842525
330073,Bloody Dick,MT,45.17,-113.5,2316.5,20170825,40.82,73.4,57.38,,,,,0.0,0.0
330074,Bloody Dick,MT,45.17,-113.5,2316.5,20170826,41.9,74.3,57.74,,,,,0.0,0.0
330075,Bloody Dick,MT,45.17,-113.5,2316.5,20170827,43.16,78.98,60.08,,,,,0.0,0.0
330076,Bloody Dick,MT,45.17,-113.5,2316.5,20170828,45.5,81.86,62.42,,,,,0.0,0.0
330077,Bloody Dick,MT,45.17,-113.5,2316.5,20170829,48.38,80.6,63.86,,,,,0.0,0.0
330078,Bloody Dick,MT,45.17,-113.5,2316.5,20170830,46.76,76.28,59.54,,,,,0.0,0.0
330079,Bloody Dick,MT,45.17,-113.5,2316.5,20170831,45.5,74.12,58.82,,,,,0.0,0.0
330080,Bloody Dick,MT,45.17,-113.5,2316.5,20170901,40.64,75.92,57.56,,,,,0.0,0.0
330081,Bloody Dick,MT,45.17,-113.5,2316.5,20170902,44.96,79.7,61.34,,,,,0.0,0.0
330082,Bloody Dick,MT,45.17,-113.5,2316.5,20170903,51.44,85.1,65.12,,,,,0.0,0.0
330083,Bloody Dick,MT,45.17,-113.5,2316.5,20170904,44.06,77.54,59.54,,,,,0.0,0.0
330084,Bloody Dick,MT,45.17,-113.5,2316.5,20170905,37.04,76.64,55.4,,,,,0.0,0.09842525
330085,Bloody Dick,MT,45.17,-113.5,2316.5,20170906,44.42,79.16,60.26,,,,,0.0,0.0
330086,Bloody Dick,MT,45.17,-113.5,2316.5,20170907,45.86,79.7,60.62,,,,,0.0,0.0
330087,Bloody Dick,MT,45.17,-113.5,2316.5,20170908,47.12,77.36,59.18,,,,,0.0,0.0
330088,Bloody Dick,MT,45.17,-113.5,2316.5,20170909,44.42,73.04,57.74,,,,,0.0,0.0
330089,Bloody Dick,MT,45.17,-113.5,2316.5,20170910,44.96,71.78,57.02,,,,,0.0,0.0
330090,Bloody Dick,MT,45.17,-113.5,2316.5,20170911,39.2,76.28,56.48,,,,,0.0,0.0
330091,Bloody Dick,MT,45.17,-113.5,2316.5,20170912,43.34,75.38,59.18,,,,,0.0,0.0
330092,Bloody Dick,MT,45.17,-113.5,2316.5,20170913,45.5,64.4,55.58,,,,,0.0,0.0
330093,Bloody Dick,MT,45.17,-113.5,2316.5,20170914,34.34,51.98,43.34,,,,,0.0,0.0
330094,Bloody Dick,MT,45.17,-113.5,2316.5,20170915,28.76,34.52,31.28,,,,,5.984255200000001,0.79921303
330095,Bloody Dick,MT,45.17,-113.5,2316.5,20170916,29.12,39.92,32.54,,,,,4.0157502,0.0
330096,Bloody Dick,MT,45.17,-113.5,2316.5,20170917,29.12,49.28,37.76,,,,,0.9842525,0.0
330097,Bloody Dick,MT,45.17,-113.5,2316.5,20170918,33.44,43.7,37.58,,,,,0.0,0.70078778
330098,Bloody Dick,MT,45.17,-113.5,2316.5,20170919,31.1,38.3,33.62,,,,,0.0,0.09842525
330099,Bloody Dick,MT,45.17,-113.5,2316.5,20170920,29.66,37.22,33.08,,,,,2.9921276000000003,0.50000027
330100,Bloody Dick,MT,45.17,-113.5,2316.5,20170921,28.76,38.48,32.54,,,,,2.0078751,0.0
330101,Darkhorse Lake,MT,45.17,-113.58,2621.3,20170101,-7.96,18.14,7.16,,,,,50.9842795,0.0
330102,Darkhorse Lake,MT,45.17,-113.58,2621.3,20170102,-8.14,9.32,-0.58,,,,,50.9842795,0.0
330103,Darkhorse Lake,MT,45.17,-113.58,2621.3,20170103,-2.2,13.64,3.74,,,,,50.000027,0.0
330104,Darkhorse Lake,MT,45.17,-113.58,2621.3,20170104,-6.88,3.38,-1.66,,,,,50.000027,0.0
330105,Darkhorse Lake,MT,45.17,-113.58,2621.3,20170105,-9.04,15.98,2.3,,,,,50.000027,0.09842525
330106,Darkhorse Lake,MT,45.17,-113.58,2621.3,20170106,1.76,15.62,8.96,,,,,49.0157745,0.09842525
330107,Darkhorse Lake,MT,45.17,-113.58,2621.3,20170107,8.42,26.24,17.24,,,,,49.0157745,0.20078751
330108,Darkhorse Lake,MT,45.17,-113.58,2621.3,20170108,20.84,30.2,25.88,,,,,50.9842795,0.40157502
330109,Darkhorse Lake,MT,45.17,-113.58,2621.3,20170109,12.74,29.66,22.46,,,,,52.0079021,0.09842525
330110,Darkhorse Lake,MT,45.17,-113.58,2621.3,20170110,12.38,22.1,16.16,,,,,57.992157299999995,0.50000027
330111,Darkhorse Lake,MT,45.17,-113.58,2621.3,20170111,14.0,23.0,19.76,,,,,62.007907499999995,0.70078778
330112,Darkhorse Lake,MT,45.17,-113.58,2621.3,20170112,6.44,17.06,11.3,,,,,60.0000324,0.0
330113,Darkhorse Lake,MT,45.17,-113.58,2621.3,20170113,9.14,24.44,14.9,,,,,60.0000324,0.09842525
330114,Darkhorse Lake,MT,45.17,-113.58,2621.3,20170114,12.02,27.86,18.32,,,,,60.98428489999999,0.09842525
330115,Darkhorse Lake,MT,45.17,-113.58,2621.3,20170115,12.74,32.72,21.2,,,,,59.0157799,0.0
330116,Darkhorse Lake,MT,45.17,-113.58,2621.3,20170116,11.84,31.28,23.18,,,,,57.992157299999995,0.09842525
330117,Darkhorse Lake,MT,45.17,-113.58,2621.3,20170117,26.96,38.3,31.82,,,,,57.0079048,0.0
330118,Darkhorse Lake,MT,45.17,-113.58,2621.3,20170118,26.24,34.52,30.38,,,,,55.9842822,0.09842525
330119,Darkhorse Lake,MT,45.17,-113.58,2621.3,20170119,20.12,28.22,24.8,,,,,57.992157299999995,0.09842525
330120,Darkhorse Lake,MT,45.17,-113.58,2621.3,20170120,9.86,27.32,17.24,,,,,59.0157799,0.0
330121,Darkhorse Lake,MT,45.17,-113.58,2621.3,20170121,14.54,23.36,17.96,,,,,60.0000324,0.09842525
330122,Darkhorse Lake,MT,45.17,-113.58,2621.3,20170122,12.56,24.98,18.5,,,,,57.0079048,0.0
330123,Darkhorse Lake,MT,45.17,-113.58,2621.3,20170123,8.06,23.54,14.54,,,,,54.0157772,0.09842525
330124,Darkhorse Lake,MT,45.17,-113.58,2621.3,20170124,6.98,16.52,10.22,,,,,52.9921546,0.0
330125,Darkhorse Lake,MT,45.17,-113.58,2621.3,20170125,6.44,14.9,9.14,,,,,52.9921546,0.0
330126,Darkhorse Lake,MT,45.17,-113.58,2621.3,20170126,1.76,15.26,8.96,,,,,52.9921546,0.09842525
330127,Darkhorse Lake,MT,45.17,-113.58,2621.3,20170127,8.78,33.44,22.28,,,,,57.992157299999995,0.20078751
330128,Darkhorse Lake,MT,45.17,-113.58,2621.3,20170128,20.66,32.72,26.42,,,,,57.0079048,0.0
330129,Darkhorse Lake,MT,45.17,-113.58,2621.3,20170129,24.44,38.3,30.38,,,,,55.9842822,0.09842525
330130,Darkhorse Lake,MT,45.17,-113.58,2621.3,20170130,22.1,32.54,26.42,,,,,55.9842822,0.0
330131,Darkhorse Lake,MT,45.17,-113.58,2621.3,20170131,13.64,25.16,21.2,,,,,62.99216,0.09842525
330132,Darkhorse Lake,MT,45.17,-113.58,2621.3,20170201,-1.84,15.62,5.9,,,,,62.007907499999995,0.0
330133,Darkhorse Lake,MT,45.17,-113.58,2621.3,20170202,0.14,17.78,11.66,,,,,65.0000351,0.29921276
330134,Darkhorse Lake,MT,45.17,-113.58,2621.3,20170203,17.6,32.18,25.16,,,,,65.9842876,0.09842525
330135,Darkhorse Lake,MT,45.17,-113.58,2621.3,20170204,23.9,26.6,25.34,,,,,65.0000351,0.59842552
330136,Darkhorse Lake,MT,45.17,-113.58,2621.3,20170205,24.62,28.94,26.78,,,,,65.0000351,0.29921276
330137,Darkhorse Lake,MT,45.17,-113.58,2621.3,20170206,14.36,28.58,23.9,,,,,67.00791020000001,0.20078751
330138,Darkhorse Lake,MT,45.17,-113.58,2621.3,20170207,10.58,23.72,17.6,,,,,72.00791290000001,0.50000027
330139,Darkhorse Lake,MT,45.17,-113.58,2621.3,20170208,18.68,30.74,23.72,,,,,75.0000405,0.79921303
330140,Darkhorse Lake,MT,45.17,-113.58,2621.3,20170209,30.56,35.42,33.26,,,,,74.015788,0.50000027
330141,Darkhorse Lake,MT,45.17,-113.58,2621.3,20170210,20.3,31.28,26.06,,,,,72.9921654,0.29921276
330142,Darkhorse Lake,MT,45.17,-113.58,2621.3,20170211,12.74,23.18,16.7,,,,,75.98429300000001,0.40157502
330143,Darkhorse Lake,MT,45.17,-113.58,2621.3,20170212,13.1,33.8,23.0,,,,,75.0000405,0.09842525
330144,Darkhorse Lake,MT,45.17,-113.58,2621.3,20170213,19.4,41.9,29.48,,,,,72.9921654,0.09842525
330145,Darkhorse Lake,MT,45.17,-113.58,2621.3,20170214,23.9,49.1,36.32,,,,,72.9921654,0.0
330146,Darkhorse Lake,MT,45.17,-113.58,2621.3,20170215,32.0,45.68,37.04,,,,,70.9842903,0.0
330147,Darkhorse Lake,MT,45.17,-113.58,2621.3,20170216,23.18,39.74,31.64,,,,,72.00791290000001,0.09842525
330148,Darkhorse Lake,MT,45.17,-113.58,2621.3,20170217,22.28,37.4,27.14,,,,,72.00791290000001,0.0
330149,Darkhorse Lake,MT,45.17,-113.58,2621.3,20170218,25.52,38.84,30.2,,,,,70.9842903,0.0
330150,Darkhorse Lake,MT,45.17,-113.58,2621.3,20170219,20.84,31.82,24.98,,,,,75.98429300000001,0.29921276
330151,Darkhorse Lake,MT,45.17,-113.58,2621.3,20170220,21.38,31.64,26.96,,,,,77.00791559999999,0.29921276
330152,Darkhorse Lake,MT,45.17,-113.58,2621.3,20170221,18.5,29.12,24.44,,,,,75.98429300000001,0.09842525
330153,Darkhorse Lake,MT,45.17,-113.58,2621.3,20170222,15.08,27.5,19.04,,,,,80.00004320000001,0.29921276
330154,Darkhorse Lake,MT,45.17,-113.58,2621.3,20170223,10.04,16.52,13.64,,,,,85.0000459,0.40157502
330155,Darkhorse Lake,MT,45.17,-113.58,2621.3,20170224,6.26,18.32,10.4,,,,,87.99217349999999,0.29921276
330156,Darkhorse Lake,MT,45.17,-113.58,2621.3,20170225,3.92,10.22,6.8,,,,,85.9842984,0.20078751
330157,Darkhorse Lake,MT,45.17,-113.58,2621.3,20170226,6.08,17.06,10.22,,,,,85.9842984,0.29921276
330158,Darkhorse Lake,MT,45.17,-113.58,2621.3,20170227,6.44,18.32,10.4,,,,,85.0000459,0.20078751
330159,Darkhorse Lake,MT,45.17,-113.58,2621.3,20170228,6.44,17.42,9.5,,,,,84.0157934,0.09842525
330160,Darkhorse Lake,MT,45.17,-113.58,2621.3,20170301,8.96,24.08,15.8,,,,,82.0079183,0.09842525
330161,Darkhorse Lake,MT,45.17,-113.58,2621.3,20170302,13.1,30.56,21.2,,,,,80.00004320000001,0.09842525
330162,Darkhorse Lake,MT,45.17,-113.58,2621.3,20170303,22.1,36.32,28.58,,,,,79.0157907,0.0
330163,Darkhorse Lake,MT,45.17,-113.58,2621.3,20170304,23.72,30.02,26.42,,,,,79.0157907,0.09842525
330164,Darkhorse Lake,MT,45.17,-113.58,2621.3,20170305,10.94,26.24,20.48,,,,,79.0157907,0.0
330165,Darkhorse Lake,MT,45.17,-113.58,2621.3,20170306,7.52,16.34,10.4,,,,,82.9921708,0.29921276
330166,Darkhorse Lake,MT,45.17,-113.58,2621.3,20170307,7.34,23.0,15.62,,,,,80.9842957,0.0
330167,Darkhorse Lake,MT,45.17,-113.58,2621.3,20170308,22.82,28.58,26.42,,,,,80.00004320000001,0.09842525
330168,Darkhorse Lake,MT,45.17,-113.58,2621.3,20170309,27.86,34.16,30.38,,,,,84.0157934,1.00000054
330169,Darkhorse Lake,MT,45.17,-113.58,2621.3,20170310,24.44,36.68,31.82,,,,,84.0157934,0.59842552
330170,Darkhorse Lake,MT,45.17,-113.58,2621.3,20170311,23.54,41.0,30.38,,,,,85.0000459,0.09842525
330171,Darkhorse Lake,MT,45.17,-113.58,2621.3,20170312,22.1,35.96,27.68,,,,,82.9921708,0.20078751
330172,Darkhorse Lake,MT,45.17,-113.58,2621.3,20170313,25.16,42.8,33.8,,,,,82.0079183,0.0
330173,Darkhorse Lake,MT,45.17,-113.58,2621.3,20170314,32.9,45.86,38.3,,,,,80.9842957,0.09842525
330174,Darkhorse Lake,MT,45.17,-113.58,2621.3,20170315,33.8,48.74,40.64,,,,,80.00004320000001,0.0
330175,Darkhorse Lake,MT,45.17,-113.58,2621.3,20170316,23.18,35.96,30.38,,,,,80.00004320000001,0.20078751
330176,Darkhorse Lake,MT,45.17,-113.58,2621.3,20170317,23.54,44.06,35.78,,,,,79.0157907,0.0
330177,Darkhorse Lake,MT,45.17,-113.58,2621.3,20170318,34.52,50.9,41.0,,,,,79.0157907,0.0
330178,Darkhorse Lake,MT,45.17,-113.58,2621.3,20170319,30.56,37.22,33.08,,,,,79.0157907,0.09842525
330179,Darkhorse Lake,MT,45.17,-113.58,2621.3,20170320,28.94,39.74,33.26,,,,,82.0079183,0.29921276
330180,Darkhorse Lake,MT,45.17,-113.58,2621.3,20170321,28.76,50.9,38.3,,,,,82.0079183,0.29921276
330181,Darkhorse Lake,MT,45.17,-113.58,2621.3,20170322,27.32,40.64,32.0,,,,,80.9842957,0.09842525
330182,Darkhorse Lake,MT,45.17,-113.58,2621.3,20170323,21.02,38.84,28.4,,,,,80.00004320000001,0.09842525
330183,Darkhorse Lake,MT,45.17,-113.58,2621.3,20170324,24.62,45.14,32.36,,,,,82.9921708,0.20078751
330184,Darkhorse Lake,MT,45.17,-113.58,2621.3,20170325,21.2,34.88,27.32,,,,,82.0079183,0.09842525
330185,Darkhorse Lake,MT,45.17,-113.58,2621.3,20170326,14.36,39.74,27.32,,,,,84.0157934,0.09842525
330186,Darkhorse Lake,MT,45.17,-113.58,2621.3,20170327,15.26,36.5,25.88,,,,,84.0157934,0.29921276
330187,Darkhorse Lake,MT,45.17,-113.58,2621.3,20170328,16.88,35.06,26.24,,,,,82.9921708,0.09842525
330188,Darkhorse Lake,MT,45.17,-113.58,2621.3,20170329,24.8,34.7,30.2,,,,,92.9921762,0.90157529
330189,Darkhorse Lake,MT,45.17,-113.58,2621.3,20170330,24.08,35.42,29.12,,,,,97.0079264,0.70078778
330190,Darkhorse Lake,MT,45.17,-113.58,2621.3,20170331,22.64,35.24,28.04,,,,,95.0000513,0.29921276
330191,Darkhorse Lake,MT,45.17,-113.58,2621.3,20170401,20.48,41.36,31.82,,,,,92.9921762,0.0
330192,Darkhorse Lake,MT,45.17,-113.58,2621.3,20170402,11.84,36.68,26.78,,,,,92.0079237,0.0
330193,Darkhorse Lake,MT,45.17,-113.58,2621.3,20170403,8.42,27.68,16.7,,,,,94.0157988,0.09842525
330194,Darkhorse Lake,MT,45.17,-113.58,2621.3,20170404,3.56,34.52,23.18,,,,,90.9843011,0.09842525
330195,Darkhorse Lake,MT,45.17,-113.58,2621.3,20170405,23.54,44.6,31.82,,,,,90.9843011,0.0
330196,Darkhorse Lake,MT,45.17,-113.58,2621.3,20170406,32.36,50.18,38.66,,,,,89.01579609999999,0.0
330197,Darkhorse Lake,MT,45.17,-113.58,2621.3,20170407,25.52,40.1,32.54,,,,,92.0079237,0.50000027
330198,Darkhorse Lake,MT,45.17,-113.58,2621.3,20170408,17.06,40.46,26.06,,,,,92.0079237,0.29921276
330199,Darkhorse Lake,MT,45.17,-113.58,2621.3,20170409,14.54,30.2,20.48,,,,,95.0000513,0.29921276
330200,Darkhorse Lake,MT,45.17,-113.58,2621.3,20170410,14.54,32.18,23.18,,,,,95.0000513,0.09842525
330201,Darkhorse Lake,MT,45.17,-113.58,2621.3,20170411,12.2,40.1,28.58,,,,,95.0000513,0.50000027
330202,Darkhorse Lake,MT,45.17,-113.58,2621.3,20170412,28.4,48.56,38.12,,,,,90.9843011,0.0
330203,Darkhorse Lake,MT,45.17,-113.58,2621.3,20170413,23.9,52.7,35.06,,,,,97.99217890000001,0.29921276
330204,Darkhorse Lake,MT,45.17,-113.58,2621.3,20170414,15.44,36.5,23.18,,,,,97.99217890000001,0.50000027
330205,Darkhorse Lake,MT,45.17,-113.58,2621.3,20170415,12.74,30.38,21.38,,,,,95.98430379999999,0.20078751
330206,Darkhorse Lake,MT,45.17,-113.58,2621.3,20170416,16.52,45.32,32.9,,,,,95.0000513,0.0
330207,Darkhorse Lake,MT,45.17,-113.58,2621.3,20170417,28.94,36.14,32.0,,,,,95.98430379999999,0.20078751
330208,Darkhorse Lake,MT,45.17,-113.58,2621.3,20170418,24.98,45.68,33.08,,,,,95.0000513,0.20078751
330209,Darkhorse Lake,MT,45.17,-113.58,2621.3,20170419,21.38,42.98,31.64,,,,,94.0157988,0.09842525
330210,Darkhorse Lake,MT,45.17,-113.58,2621.3,20170420,21.2,40.28,28.58,,,,,99.0158015,0.29921276
330211,Darkhorse Lake,MT,45.17,-113.58,2621.3,20170421,19.4,37.76,26.06,,,,,97.99217890000001,0.29921276
330212,Darkhorse Lake,MT,45.17,-113.58,2621.3,20170422,17.6,48.02,33.62,,,,,95.0000513,0.0
330213,Darkhorse Lake,MT,45.17,-113.58,2621.3,20170423,27.68,39.38,32.36,,,,,100.000054,0.29921276
330214,Darkhorse Lake,MT,45.17,-113.58,2621.3,20170424,25.34,38.66,29.66,,,,,102.0079291,0.29921276
330215,Darkhorse Lake,MT,45.17,-113.58,2621.3,20170425,24.08,39.92,29.66,,,,,100.000054,0.20078751
330216,Darkhorse Lake,MT,45.17,-113.58,2621.3,20170426,23.0,35.78,27.68,,,,,105.0000567,0.50000027
330217,Darkhorse Lake,MT,45.17,-113.58,2621.3,20170427,12.38,34.16,22.64,,,,,102.9921816,0.20078751
330218,Darkhorse Lake,MT,45.17,-113.58,2621.3,20170428,15.44,38.84,24.98,,,,,102.9921816,0.09842525
330219,Darkhorse Lake,MT,45.17,-113.58,2621.3,20170429,15.08,41.9,30.74,,,,,100.98430649999999,0.09842525
330220,Darkhorse Lake,MT,45.17,-113.58,2621.3,20170430,26.06,36.86,30.38,,,,,102.0079291,0.20078751
330221,Darkhorse Lake,MT,45.17,-113.58,2621.3,20170501,21.74,41.54,31.46,,,,,100.98430649999999,0.09842525
330222,Darkhorse Lake,MT,45.17,-113.58,2621.3,20170502,27.5,41.36,32.54,,,,,99.0158015,0.09842525
330223,Darkhorse Lake,MT,45.17,-113.58,2621.3,20170503,27.68,51.44,40.64,,,,,97.0079264,0.0
330224,Darkhorse Lake,MT,45.17,-113.58,2621.3,20170504,38.12,64.76,51.44,,,,,95.0000513,0.09842525
330225,Darkhorse Lake,MT,45.17,-113.58,2621.3,20170505,38.12,65.48,51.08,,,,,92.0079237,0.0
330226,Darkhorse Lake,MT,45.17,-113.58,2621.3,20170506,36.32,62.24,46.22,,,,,89.01579609999999,0.20078751
330227,Darkhorse Lake,MT,45.17,-113.58,2621.3,20170507,25.7,48.38,36.32,,,,,87.99217349999999,0.50000027
330228,Darkhorse Lake,MT,45.17,-113.58,2621.3,20170508,18.5,51.08,36.14,,,,,85.9842984,0.20078751
330229,Darkhorse Lake,MT,45.17,-113.58,2621.3,20170509,30.92,53.42,41.9,,,,,85.0000459,0.09842525
330230,Darkhorse Lake,MT,45.17,-113.58,2621.3,20170510,32.9,58.28,46.58,,,,,82.9921708,0.0
330231,Darkhorse Lake,MT,45.17,-113.58,2621.3,20170511,38.3,62.78,50.36,,,,,80.9842957,0.0
330232,Darkhorse Lake,MT,45.17,-113.58,2621.3,20170512,24.98,57.2,41.36,,,,,80.9842957,0.09842525
330233,Darkhorse Lake,MT,45.17,-113.58,2621.3,20170513,21.2,34.34,25.7,,,,,80.00004320000001,0.29921276
330234,Darkhorse Lake,MT,45.17,-113.58,2621.3,20170514,19.76,42.08,29.66,,,,,80.9842957,0.20078751
330235,Darkhorse Lake,MT,45.17,-113.58,2621.3,20170515,25.34,45.14,32.9,,,,,80.9842957,0.0
330236,Darkhorse Lake,MT,45.17,-113.58,2621.3,20170516,21.56,39.56,31.1,,,,,87.99217349999999,0.29921276
330237,Darkhorse Lake,MT,45.17,-113.58,2621.3,20170517,19.22,33.44,25.88,,,,,95.0000513,1.00000054
330238,Darkhorse Lake,MT,45.17,-113.58,2621.3,20170518,27.68,37.04,31.1,,,,,92.9921762,0.20078751
330239,Darkhorse Lake,MT,45.17,-113.58,2621.3,20170519,28.4,47.48,35.42,,,,,90.00004859999999,0.09842525
330240,Darkhorse Lake,MT,45.17,-113.58,2621.3,20170520,30.92,52.34,39.2,,,,,85.0000459,0.09842525
330241,Darkhorse Lake,MT,45.17,-113.58,2621.3,20170521,29.66,54.86,41.72,,,,,82.9921708,0.0
330242,Darkhorse Lake,MT,45.17,-113.58,2621.3,20170522,36.5,59.18,46.22,,,,,80.9842957,0.20078751
330243,Darkhorse Lake,MT,45.17,-113.58,2621.3,20170523,35.42,60.08,50.18,,,,,79.0157907,0.0
330244,Darkhorse Lake,MT,45.17,-113.58,2621.3,20170524,26.42,48.74,41.9,,,,,75.98429300000001,0.0
330245,Darkhorse Lake,MT,45.17,-113.58,2621.3,20170525,22.82,45.68,32.9,,,,,75.98429300000001,0.0
330246,Darkhorse Lake,MT,45.17,-113.58,2621.3,20170526,28.94,48.38,36.68,,,,,75.0000405,0.0
330247,Darkhorse Lake,MT,45.17,-113.58,2621.3,20170527,29.84,54.32,42.08,,,,,74.015788,0.09842525
330248,Darkhorse Lake,MT,45.17,-113.58,2621.3,20170528,34.88,59.72,47.84,,,,,70.9842903,0.09842525
330249,Darkhorse Lake,MT,45.17,-113.58,2621.3,20170529,37.22,62.24,49.46,,,,,69.0157853,0.0
330250,Darkhorse Lake,MT,45.17,-113.58,2621.3,20170530,40.1,65.12,52.34,,,,,65.9842876,0.0
330251,Darkhorse Lake,MT,45.17,-113.58,2621.3,20170531,42.62,66.74,55.76,,,,,62.99216,0.0
330252,Darkhorse Lake,MT,45.17,-113.58,2621.3,20170601,37.94,60.44,46.22,,,,,62.007907499999995,0.09842525
330253,Darkhorse Lake,MT,45.17,-113.58,2621.3,20170602,36.86,55.58,43.7,,,,,57.0079048,0.09842525
330254,Darkhorse Lake,MT,45.17,-113.58,2621.3,20170603,39.2,63.68,51.8,,,,,55.9842822,0.0
330255,Darkhorse Lake,MT,45.17,-113.58,2621.3,20170604,35.24,69.44,52.16,,,,,54.0157772,0.09842525
330256,Darkhorse Lake,MT,45.17,-113.58,2621.3,20170605,35.42,56.12,43.88,,,,,50.9842795,0.40157502
330257,Darkhorse Lake,MT,45.17,-113.58,2621.3,20170606,35.6,62.78,49.82,,,,,50.000027,0.0
330258,Darkhorse Lake,MT,45.17,-113.58,2621.3,20170607,43.88,71.06,55.76,,,,,42.9921492,0.0
330259,Darkhorse Lake,MT,45.17,-113.58,2621.3,20170608,39.74,68.18,52.7,,,,,42.0078967,0.09842525
330260,Darkhorse Lake,MT,45.17,-113.58,2621.3,20170609,33.44,50.0,41.9,,,,,39.0157691,0.0
330261,Darkhorse Lake,MT,45.17,-113.58,2621.3,20170610,25.52,41.0,32.36,,,,,40.9842741,0.0
330262,Darkhorse Lake,MT,45.17,-113.58,2621.3,20170611,23.72,52.34,39.92,,,,,40.9842741,0.09842525
330263,Darkhorse Lake,MT,45.17,-113.58,2621.3,20170612,33.44,51.44,39.74,,,,,39.0157691,0.29921276
330264,Darkhorse Lake,MT,45.17,-113.58,2621.3,20170613,30.56,34.88,33.44,,,,,49.0157745,1.40157556
330265,Darkhorse Lake,MT,45.17,-113.58,2621.3,20170614,32.54,49.46,39.92,,,,,44.015771799999996,0.40157502
330266,Darkhorse Lake,MT,45.17,-113.58,2621.3,20170615,34.16,46.76,42.08,,,,,42.0078967,0.0
330267,Darkhorse Lake,MT,45.17,-113.58,2621.3,20170616,35.06,43.34,39.2,,,,,39.0157691,0.29921276
330268,Darkhorse Lake,MT,45.17,-113.58,2621.3,20170617,32.9,50.18,41.36,,,,,37.992146500000004,0.40157502
330269,Darkhorse Lake,MT,45.17,-113.58,2621.3,20170618,39.74,46.94,43.34,,,,,35.9842714,0.0
330270,Darkhorse Lake,MT,45.17,-113.58,2621.3,20170619,40.28,64.22,53.42,,,,,32.9921438,0.09842525
330271,Darkhorse Lake,MT,45.17,-113.58,2621.3,20170620,50.72,66.92,59.36,,,,,27.0078886,0.09842525
330272,Darkhorse Lake,MT,45.17,-113.58,2621.3,20170621,42.62,61.16,51.98,,,,,22.007885899999998,0.09842525
330273,Darkhorse Lake,MT,45.17,-113.58,2621.3,20170622,35.6,53.42,44.06,,,,,12.992133,0.09842525
330274,Darkhorse Lake,MT,45.17,-113.58,2621.3,20170623,31.64,58.1,46.4,,,,,19.0157583,0.59842552
330275,Darkhorse Lake,MT,45.17,-113.58,2621.3,20170624,37.4,62.06,51.26,,,,,15.0000081,0.29921276
330276,Darkhorse Lake,MT,45.17,-113.58,2621.3,20170625,41.18,69.44,56.12,,,,,10.9842579,0.09842525
330277,Darkhorse Lake,MT,45.17,-113.58,2621.3,20170626,43.52,73.4,59.18,,,,,7.007877799999999,0.29921276
330278,Darkhorse Lake,MT,45.17,-113.58,2621.3,20170627,41.18,56.48,46.4,,,,,2.9921276000000003,0.29921276
330279,Darkhorse Lake,MT,45.17,-113.58,2621.3,20170628,37.76,54.32,46.04,,,,,0.0,0.0
330280,Darkhorse Lake,MT,45.17,-113.58,2621.3,20170629,37.04,51.08,42.8,,,,,0.0,0.0
330281,Darkhorse Lake,MT,45.17,-113.58,2621.3,20170630,36.32,61.88,49.82,,,,,0.0,0.0
330282,Darkhorse Lake,MT,45.17,-113.58,2621.3,20170701,43.88,65.66,56.12,,,,,0.0,0.0
330283,Darkhorse Lake,MT,45.17,-113.58,2621.3,20170702,47.48,67.28,57.02,,,,,0.0,0.0
330284,Darkhorse Lake,MT,45.17,-113.58,2621.3,20170703,47.84,68.54,58.64,,,,,0.0,0.0
330285,Darkhorse Lake,MT,45.17,-113.58,2621.3,20170704,45.86,68.54,59.0,,,,,0.0,0.0
330286,Darkhorse Lake,MT,45.17,-113.58,2621.3,20170705,51.08,73.76,60.8,,,,,0.0,0.0
330287,Darkhorse Lake,MT,45.17,-113.58,2621.3,20170706,51.08,73.76,63.14,,,,,0.0,0.0
330288,Darkhorse Lake,MT,45.17,-113.58,2621.3,20170707,52.88,74.48,63.86,,,,,0.0,0.0
330289,Darkhorse Lake,MT,45.17,-113.58,2621.3,20170708,54.86,75.38,65.3,,,,,0.0,0.0
330290,Darkhorse Lake,MT,45.17,-113.58,2621.3,20170709,50.36,72.32,60.26,,,,,0.0,0.0
330291,Darkhorse Lake,MT,45.17,-113.58,2621.3,20170710,47.66,69.26,57.56,,,,,0.0,0.0
330292,Darkhorse Lake,MT,45.17,-113.58,2621.3,20170711,44.42,65.84,54.68,,,,,0.0,0.0
330293,Darkhorse Lake,MT,45.17,-113.58,2621.3,20170712,44.78,68.54,56.66,,,,,0.0,0.0
330294,Darkhorse Lake,MT,45.17,-113.58,2621.3,20170713,51.08,76.1,63.32,,,,,0.0,0.09842525
330295,Darkhorse Lake,MT,45.17,-113.58,2621.3,20170714,51.08,75.92,62.78,,,,,0.0,0.0
330296,Darkhorse Lake,MT,45.17,-113.58,2621.3,20170715,51.26,78.08,61.88,,,,,0.0,0.0
330297,Darkhorse Lake,MT,45.17,-113.58,2621.3,20170716,48.02,68.9,57.92,,,,,0.0,0.09842525
330298,Darkhorse Lake,MT,45.17,-113.58,2621.3,20170717,44.78,66.92,55.76,,,,,0.0,0.0
330299,Darkhorse Lake,MT,45.17,-113.58,2621.3,20170718,45.68,72.14,58.64,,,,,0.0,0.0
330300,Darkhorse Lake,MT,45.17,-113.58,2621.3,20170719,46.22,72.68,60.26,,,,,0.0,0.09842525
330301,Darkhorse Lake,MT,45.17,-113.58,2621.3,20170720,49.28,70.7,61.16,,,,,0.0,0.0
330302,Darkhorse Lake,MT,45.17,-113.58,2621.3,20170721,42.26,66.56,54.86,,,,,0.0,0.0
330303,Darkhorse Lake,MT,45.17,-113.58,2621.3,20170722,43.7,69.62,58.28,,,,,0.0,0.09842525
330304,Darkhorse Lake,MT,45.17,-113.58,2621.3,20170723,49.1,71.6,60.98,,,,,0.0,0.09842525
330305,Darkhorse Lake,MT,45.17,-113.58,2621.3,20170724,49.46,70.16,59.18,,,,,0.0,0.0
330306,Darkhorse Lake,MT,45.17,-113.58,2621.3,20170725,49.82,66.92,56.84,,,,,0.0,0.0
330307,Darkhorse Lake,MT,45.17,-113.58,2621.3,20170726,45.86,65.12,53.06,,,,,0.0,0.0
330308,Darkhorse Lake,MT,45.17,-113.58,2621.3,20170727,45.68,62.96,53.6,,,,,0.0,0.0
330309,Darkhorse Lake,MT,45.17,-113.58,2621.3,20170728,47.12,68.9,56.48,,,,,0.0,0.0
330310,Darkhorse Lake,MT,45.17,-113.58,2621.3,20170729,49.28,72.14,60.62,,,,,0.0,0.0
330311,Darkhorse Lake,MT,45.17,-113.58,2621.3,20170730,52.88,72.86,62.6,,,,,0.0,0.0
330312,Darkhorse Lake,MT,45.17,-113.58,2621.3,20170731,50.72,72.86,62.42,,,,,0.0,0.0
330313,Darkhorse Lake,MT,45.17,-113.58,2621.3,20170801,50.18,71.6,61.16,,,,,0.0,0.0
330314,Darkhorse Lake,MT,45.17,-113.58,2621.3,20170802,47.48,70.88,58.46,,,,,0.0,0.0
330315,Darkhorse Lake,MT,45.17,-113.58,2621.3,20170803,45.32,72.68,59.18,,,,,0.0,0.0
330316,Darkhorse Lake,MT,45.17,-113.58,2621.3,20170804,49.82,70.7,60.44,,,,,0.0,0.09842525
330317,Darkhorse Lake,MT,45.17,-113.58,2621.3,20170805,44.24,65.84,55.76,,,,,0.0,0.09842525
330318,Darkhorse Lake,MT,45.17,-113.58,2621.3,20170806,39.74,63.32,51.44,,,,,0.0,0.0
330319,Darkhorse Lake,MT,45.17,-113.58,2621.3,20170807,43.34,68.36,55.4,,,,,0.0,0.0
330320,Darkhorse Lake,MT,45.17,-113.58,2621.3,20170808,46.76,66.56,55.04,,,,,0.0,0.0
330321,Darkhorse Lake,MT,45.17,-113.58,2621.3,20170809,45.5,63.86,53.42,,,,,0.0,0.09842525
330322,Darkhorse Lake,MT,45.17,-113.58,2621.3,20170810,44.96,66.56,55.58,,,,,0.0,0.09842525
330323,Darkhorse Lake,MT,45.17,-113.58,2621.3,20170811,47.66,68.36,56.48,,,,,0.0,0.0
330324,Darkhorse Lake,MT,45.17,-113.58,2621.3,20170812,45.5,69.62,57.2,,,,,0.0,0.0
330325,Darkhorse Lake,MT,45.17,-113.58,2621.3,20170813,44.6,60.08,50.18,,,,,0.0,0.0
330326,Darkhorse Lake,MT,45.17,-113.58,2621.3,20170814,43.52,58.28,48.92,,,,,0.0,0.0
330327,Darkhorse Lake,MT,45.17,-113.58,2621.3,20170815,37.58,61.16,50.54,,,,,0.0,0.0
330328,Darkhorse Lake,MT,45.17,-113.58,2621.3,20170816,42.8,63.68,53.42,,,,,0.0,0.0
330329,Darkhorse Lake,MT,45.17,-113.58,2621.3,20170817,43.16,64.04,53.78,,,,,0.0,0.0
330330,Darkhorse Lake,MT,45.17,-113.58,2621.3,20170818,43.52,66.92,55.58,,,,,0.0,0.0
330331,Darkhorse Lake,MT,45.17,-113.58,2621.3,20170819,42.8,64.94,53.78,,,,,0.0,0.0
330332,Darkhorse Lake,MT,45.17,-113.58,2621.3,20170820,39.02,62.78,51.44,,,,,0.0,0.0
330333,Darkhorse Lake,MT,45.17,-113.58,2621.3,20170821,42.98,64.94,53.78,,,,,0.0,0.0
330334,Darkhorse Lake,MT,45.17,-113.58,2621.3,20170822,47.12,68.9,58.82,,,,,0.0,0.0
330335,Darkhorse Lake,MT,45.17,-113.58,2621.3,20170823,50.72,69.8,61.16,,,,,0.0,0.0
330336,Darkhorse Lake,MT,45.17,-113.58,2621.3,20170824,44.24,62.6,53.24,,,,,0.0,0.0
330337,Darkhorse Lake,MT,45.17,-113.58,2621.3,20170825,44.6,66.74,55.58,,,,,0.0,0.0
330338,Darkhorse Lake,MT,45.17,-113.58,2621.3,20170826,44.96,67.1,56.66,,,,,0.0,0.0
330339,Darkhorse Lake,MT,45.17,-113.58,2621.3,20170827,48.92,71.06,60.08,,,,,0.0,0.0
330340,Darkhorse Lake,MT,45.17,-113.58,2621.3,20170828,50.72,73.4,62.6,,,,,0.0,0.0
330341,Darkhorse Lake,MT,45.17,-113.58,2621.3,20170829,53.42,73.22,62.06,,,,,0.0,0.0
330342,Darkhorse Lake,MT,45.17,-113.58,2621.3,20170830,48.2,71.06,57.74,,,,,0.0,0.0
330343,Darkhorse Lake,MT,45.17,-113.58,2621.3,20170831,45.14,66.56,56.84,,,,,0.0,0.0
330344,Darkhorse Lake,MT,45.17,-113.58,2621.3,20170901,45.14,66.92,56.12,,,,,0.0,0.0
330345,Darkhorse Lake,MT,45.17,-113.58,2621.3,20170902,48.56,71.24,60.8,,,,,0.0,0.0
330346,Darkhorse Lake,MT,45.17,-113.58,2621.3,20170903,51.26,76.28,64.04,,,,,0.0,0.0
330347,Darkhorse Lake,MT,45.17,-113.58,2621.3,20170904,44.42,72.86,59.72,,,,,0.0,0.0
330348,Darkhorse Lake,MT,45.17,-113.58,2621.3,20170905,42.98,70.52,58.46,,,,,0.0,0.0
330349,Darkhorse Lake,MT,45.17,-113.58,2621.3,20170906,54.86,74.3,63.32,,,,,0.0,0.0
330350,Darkhorse Lake,MT,45.17,-113.58,2621.3,20170907,52.7,73.22,61.88,,,,,0.0,0.0
330351,Darkhorse Lake,MT,45.17,-113.58,2621.3,20170908,48.02,70.34,58.64,,,,,0.0,0.0
330352,Darkhorse Lake,MT,45.17,-113.58,2621.3,20170909,49.28,67.82,56.3,,,,,0.0,0.0
330353,Darkhorse Lake,MT,45.17,-113.58,2621.3,20170910,44.42,63.86,53.96,,,,,0.0,0.0
330354,Darkhorse Lake,MT,45.17,-113.58,2621.3,20170911,45.5,68.54,57.56,,,,,0.0,0.0
330355,Darkhorse Lake,MT,45.17,-113.58,2621.3,20170912,49.82,67.46,58.46,,,,,0.0,0.0
330356,Darkhorse Lake,MT,45.17,-113.58,2621.3,20170913,43.52,57.92,50.18,,,,,0.0,0.0
330357,Darkhorse Lake,MT,45.17,-113.58,2621.3,20170914,31.64,49.82,42.44,,,,,0.0,0.59842552
330358,Darkhorse Lake,MT,45.17,-113.58,2621.3,20170915,24.62,31.82,27.86,,,,,5.0000027000000005,0.79921303
330359,Darkhorse Lake,MT,45.17,-113.58,2621.3,20170916,24.62,33.8,28.76,,,,,2.9921276000000003,0.09842525
330360,Darkhorse Lake,MT,45.17,-113.58,2621.3,20170917,30.92,44.96,37.94,,,,,0.9842525,0.20078751
330361,Darkhorse Lake,MT,45.17,-113.58,2621.3,20170918,28.4,42.08,35.24,,,,,10.9842579,1.00000054
330362,Darkhorse Lake,MT,45.17,-113.58,2621.3,20170919,25.7,32.18,27.86,,,,,10.9842579,0.29921276
330363,Darkhorse Lake,MT,45.17,-113.58,2621.3,20170920,25.34,32.9,29.3,,,,,10.9842579,0.09842525
330364,Darkhorse Lake,MT,45.17,-113.58,2621.3,20170921,23.9,35.96,27.5,,,,,,0.09842525
330365,Saddle Mtn.,MT,45.69,-113.97,2420.1,20170101,-4.54,13.64,6.44,,,,,39.0157691,0.09842525
330366,Saddle Mtn.,MT,45.69,-113.97,2420.1,20170102,-7.78,2.48,-3.64,,,,,37.992146500000004,0.0
330367,Saddle Mtn.,MT,45.69,-113.97,2420.1,20170103,-2.56,10.4,4.1,,,,,37.007894,0.0
330368,Saddle Mtn.,MT,45.69,-113.97,2420.1,20170104,-9.94,3.2,-3.46,,,,,35.9842714,0.0
330369,Saddle Mtn.,MT,45.69,-113.97,2420.1,20170105,-7.96,8.78,-0.58,,,,,35.9842714,0.0
330370,Saddle Mtn.,MT,45.69,-113.97,2420.1,20170106,-7.78,11.66,4.1,,,,,35.0000189,0.09842525
330371,Saddle Mtn.,MT,45.69,-113.97,2420.1,20170107,5.9,19.58,9.32,,,,,37.992146500000004,0.20078751
330372,Saddle Mtn.,MT,45.69,-113.97,2420.1,20170108,15.26,28.04,23.36,,,,,37.992146500000004,0.50000027
330373,Saddle Mtn.,MT,45.69,-113.97,2420.1,20170109,14.72,29.66,23.18,,,,,39.0157691,0.29921276
330374,Saddle Mtn.,MT,45.69,-113.97,2420.1,20170110,15.26,22.1,18.68,,,,,44.015771799999996,0.29921276
330375,Saddle Mtn.,MT,45.69,-113.97,2420.1,20170111,14.36,24.44,19.58,,,,,44.015771799999996,0.09842525
330376,Saddle Mtn.,MT,45.69,-113.97,2420.1,20170112,4.28,17.96,11.66,,,,,42.0078967,0.0
330377,Saddle Mtn.,MT,45.69,-113.97,2420.1,20170113,2.66,16.88,9.68,,,,,40.9842741,0.09842525
330378,Saddle Mtn.,MT,45.69,-113.97,2420.1,20170114,6.44,24.08,15.08,,,,,40.000021600000004,0.09842525
330379,Saddle Mtn.,MT,45.69,-113.97,2420.1,20170115,12.56,28.22,20.3,,,,,39.0157691,0.0
330380,Saddle Mtn.,MT,45.69,-113.97,2420.1,20170116,12.38,28.22,20.48,,,,,39.0157691,0.0
330381,Saddle Mtn.,MT,45.69,-113.97,2420.1,20170117,15.62,31.1,24.26,,,,,37.992146500000004,0.09842525
330382,Saddle Mtn.,MT,45.69,-113.97,2420.1,20170118,17.24,29.84,24.08,,,,,37.992146500000004,0.0
330383,Saddle Mtn.,MT,45.69,-113.97,2420.1,20170119,22.82,26.06,24.44,,,,,40.9842741,0.0
330384,Saddle Mtn.,MT,45.69,-113.97,2420.1,20170120,17.24,22.82,19.94,,,,,40.9842741,0.0
330385,Saddle Mtn.,MT,45.69,-113.97,2420.1,20170121,17.42,24.26,20.3,,,,,40.000021600000004,0.0
330386,Saddle Mtn.,MT,45.69,-113.97,2420.1,20170122,15.98,20.84,19.04,,,,,42.0078967,0.0
330387,Saddle Mtn.,MT,45.69,-113.97,2420.1,20170123,13.46,22.28,17.42,,,,,42.0078967,0.0
330388,Saddle Mtn.,MT,45.69,-113.97,2420.1,20170124,9.14,18.86,12.74,,,,,40.9842741,0.0
330389,Saddle Mtn.,MT,45.69,-113.97,2420.1,20170125,9.68,17.6,12.74,,,,,42.0078967,0.09842525
330390,Saddle Mtn.,MT,45.69,-113.97,2420.1,20170126,8.42,18.14,12.56,,,,,40.9842741,0.0
330391,Saddle Mtn.,MT,45.69,-113.97,2420.1,20170127,7.34,22.46,14.72,,,,,40.9842741,0.09842525
330392,Saddle Mtn.,MT,45.69,-113.97,2420.1,20170128,12.38,29.66,23.36,,,,,40.9842741,0.09842525
330393,Saddle Mtn.,MT,45.69,-113.97,2420.1,20170129,18.5,31.46,26.06,,,,,40.000021600000004,0.09842525
330394,Saddle Mtn.,MT,45.69,-113.97,2420.1,20170130,22.82,35.78,28.4,,,,,40.9842741,0.0
330395,Saddle Mtn.,MT,45.69,-113.97,2420.1,20170131,11.12,26.78,21.38,,,,,47.0078994,0.09842525
330396,Saddle Mtn.,MT,45.69,-113.97,2420.1,20170201,-0.76,11.12,4.64,,,,,45.984276799999996,0.0
330397,Saddle Mtn.,MT,45.69,-113.97,2420.1,20170202,-0.76,16.52,6.26,,,,,45.984276799999996,0.09842525
330398,Saddle Mtn.,MT,45.69,-113.97,2420.1,20170203,11.48,26.96,21.38,,,,,44.015771799999996,0.20078751
330399,Saddle Mtn.,MT,45.69,-113.97,2420.1,20170204,26.24,31.1,28.04,,,,,45.984276799999996,0.20078751
330400,Saddle Mtn.,MT,45.69,-113.97,2420.1,20170205,26.96,31.28,28.94,,,,,45.984276799999996,0.0
330401,Saddle Mtn.,MT,45.69,-113.97,2420.1,20170206,15.62,32.9,25.34,,,,,49.0157745,0.29921276
330402,Saddle Mtn.,MT,45.69,-113.97,2420.1,20170207,10.94,21.92,17.42,,,,,52.0079021,0.29921276
330403,Saddle Mtn.,MT,45.69,-113.97,2420.1,20170208,18.86,30.74,25.16,,,,,60.98428489999999,0.90157529
330404,Saddle Mtn.,MT,45.69,-113.97,2420.1,20170209,30.74,35.06,33.8,,,,,60.0000324,0.50000027
330405,Saddle Mtn.,MT,45.69,-113.97,2420.1,20170210,19.76,33.62,28.94,,,,,60.0000324,0.09842525
330406,Saddle Mtn.,MT,45.69,-113.97,2420.1,20170211,13.28,25.52,17.96,,,,,57.992157299999995,0.20078751
330407,Saddle Mtn.,MT,45.69,-113.97,2420.1,20170212,13.28,30.2,21.56,,,,,57.992157299999995,0.09842525
330408,Saddle Mtn.,MT,45.69,-113.97,2420.1,20170213,23.72,41.54,29.66,,,,,57.992157299999995,0.0
330409,Saddle Mtn.,MT,45.69,-113.97,2420.1,20170214,24.8,41.0,32.0,,,,,57.0079048,0.09842525
330410,Saddle Mtn.,MT,45.69,-113.97,2420.1,20170215,28.22,39.02,32.18,,,,,55.9842822,0.0
330411,Saddle Mtn.,MT,45.69,-113.97,2420.1,20170216,26.6,37.04,31.82,,,,,54.0157772,0.0
330412,Saddle Mtn.,MT,45.69,-113.97,2420.1,20170217,25.52,35.78,28.76,,,,,52.9921546,0.0
330413,Saddle Mtn.,MT,45.69,-113.97,2420.1,20170218,26.24,33.98,29.84,,,,,54.0157772,0.0
330414,Saddle Mtn.,MT,45.69,-113.97,2420.1,20170219,21.38,35.78,27.5,,,,,55.9842822,0.09842525
330415,Saddle Mtn.,MT,45.69,-113.97,2420.1,20170220,24.08,32.9,28.04,,,,,57.0079048,0.20078751
330416,Saddle Mtn.,MT,45.69,-113.97,2420.1,20170221,21.56,34.16,28.4,,,,,62.007907499999995,0.29921276
330417,Saddle Mtn.,MT,45.69,-113.97,2420.1,20170222,18.14,30.92,21.92,,,,,64.0157826,0.29921276
330418,Saddle Mtn.,MT,45.69,-113.97,2420.1,20170223,14.0,20.48,17.24,,,,,69.0157853,0.29921276
330419,Saddle Mtn.,MT,45.69,-113.97,2420.1,20170224,8.06,21.74,14.18,,,,,69.0157853,0.20078751
330420,Saddle Mtn.,MT,45.69,-113.97,2420.1,20170225,6.26,19.94,11.48,,,,,67.00791020000001,0.09842525
330421,Saddle Mtn.,MT,45.69,-113.97,2420.1,20170226,9.14,17.42,13.1,,,,,70.0000378,0.40157502
330422,Saddle Mtn.,MT,45.69,-113.97,2420.1,20170227,9.86,24.26,14.0,,,,,67.9921627,0.09842525
330423,Saddle Mtn.,MT,45.69,-113.97,2420.1,20170228,10.04,21.92,13.46,,,,,67.9921627,0.20078751
330424,Saddle Mtn.,MT,45.69,-113.97,2420.1,20170301,13.46,28.04,19.94,,,,,67.00791020000001,0.09842525
330425,Saddle Mtn.,MT,45.69,-113.97,2420.1,20170302,15.08,34.7,23.36,,,,,65.0000351,0.0
330426,Saddle Mtn.,MT,45.69,-113.97,2420.1,20170303,19.76,39.92,29.48,,,,,62.99216,0.09842525
330427,Saddle Mtn.,MT,45.69,-113.97,2420.1,20170304,24.44,34.16,28.4,,,,,65.0000351,0.09842525
330428,Saddle Mtn.,MT,45.69,-113.97,2420.1,20170305,11.48,29.66,22.28,,,,,65.9842876,0.09842525
330429,Saddle Mtn.,MT,45.69,-113.97,2420.1,20170306,8.6,22.82,14.36,,,,,65.9842876,0.0
330430,Saddle Mtn.,MT,45.69,-113.97,2420.1,20170307,10.22,28.22,19.58,,,,,69.0157853,0.09842525
330431,Saddle Mtn.,MT,45.69,-113.97,2420.1,20170308,24.62,32.18,29.12,,,,,75.98429300000001,1.00000054
330432,Saddle Mtn.,MT,45.69,-113.97,2420.1,20170309,29.66,36.68,32.9,,,,,80.9842957,0.90157529
330433,Saddle Mtn.,MT,45.69,-113.97,2420.1,20170310,27.32,41.18,34.34,,,,,77.9921681,0.50000027
330434,Saddle Mtn.,MT,45.69,-113.97,2420.1,20170311,24.44,41.36,31.1,,,,,77.00791559999999,0.0
330435,Saddle Mtn.,MT,45.69,-113.97,2420.1,20170312,25.16,39.74,29.84,,,,,75.98429300000001,0.09842525
330436,Saddle Mtn.,MT,45.69,-113.97,2420.1,20170313,27.68,47.84,36.5,,,,,74.015788,0.0
330437,Saddle Mtn.,MT,45.69,-113.97,2420.1,20170314,33.62,48.02,39.38,,,,,70.9842903,0.09842525
330438,Saddle Mtn.,MT,45.69,-113.97,2420.1,20170315,34.16,51.98,41.0,,,,,67.9921627,0.0
330439,Saddle Mtn.,MT,45.69,-113.97,2420.1,20170316,23.9,37.58,31.28,,,,,69.0157853,0.20078751
330440,Saddle Mtn.,MT,45.69,-113.97,2420.1,20170317,23.18,41.54,34.34,,,,,67.00791020000001,0.09842525
330441,Saddle Mtn.,MT,45.69,-113.97,2420.1,20170318,34.34,53.42,42.44,,,,,65.0000351,0.0
330442,Saddle Mtn.,MT,45.69,-113.97,2420.1,20170319,30.38,38.3,33.98,,,,,65.0000351,0.09842525
330443,Saddle Mtn.,MT,45.69,-113.97,2420.1,20170320,31.64,39.2,34.7,,,,,65.0000351,0.20078751
330444,Saddle Mtn.,MT,45.69,-113.97,2420.1,20170321,31.82,49.1,37.94,,,,,62.99216,0.0
330445,Saddle Mtn.,MT,45.69,-113.97,2420.1,20170322,27.5,44.24,34.34,,,,,62.007907499999995,0.09842525
330446,Saddle Mtn.,MT,45.69,-113.97,2420.1,20170323,24.44,42.8,30.56,,,,,62.007907499999995,0.09842525
330447,Saddle Mtn.,MT,45.69,-113.97,2420.1,20170324,26.6,45.86,33.08,,,,,64.0157826,0.09842525
330448,Saddle Mtn.,MT,45.69,-113.97,2420.1,20170325,22.82,39.56,28.94,,,,,62.99216,0.09842525
330449,Saddle Mtn.,MT,45.69,-113.97,2420.1,20170326,21.2,40.82,29.84,,,,,62.007907499999995,0.09842525
330450,Saddle Mtn.,MT,45.69,-113.97,2420.1,20170327,21.74,39.74,29.3,,,,,62.007907499999995,0.0
330451,Saddle Mtn.,MT,45.69,-113.97,2420.1,20170328,20.66,41.54,29.84,,,,,62.007907499999995,0.09842525
330452,Saddle Mtn.,MT,45.69,-113.97,2420.1,20170329,27.5,36.68,31.82,,,,,65.9842876,0.20078751
330453,Saddle Mtn.,MT,45.69,-113.97,2420.1,20170330,26.06,34.16,29.3,,,,,70.9842903,0.40157502
330454,Saddle Mtn.,MT,45.69,-113.97,2420.1,20170331,26.24,37.04,30.2,,,,,69.0157853,0.20078751
330455,Saddle Mtn.,MT,45.69,-113.97,2420.1,20170401,27.32,44.78,33.98,,,,,67.00791020000001,0.09842525
330456,Saddle Mtn.,MT,45.69,-113.97,2420.1,20170402,16.7,41.18,28.4,,,,,67.00791020000001,0.0
330457,Saddle Mtn.,MT,45.69,-113.97,2420.1,20170403,14.18,31.1,20.66,,,,,69.0157853,0.09842525
330458,Saddle Mtn.,MT,45.69,-113.97,2420.1,20170404,12.2,38.84,26.06,,,,,67.9921627,0.09842525
330459,Saddle Mtn.,MT,45.69,-113.97,2420.1,20170405,27.68,49.82,35.96,,,,,65.9842876,0.0
330460,Saddle Mtn.,MT,45.69,-113.97,2420.1,20170406,34.16,50.36,39.56,,,,,65.0000351,0.0
330461,Saddle Mtn.,MT,45.69,-113.97,2420.1,20170407,28.4,42.8,35.42,,,,,65.0000351,0.0
330462,Saddle Mtn.,MT,45.69,-113.97,2420.1,20170408,20.84,42.62,28.94,,,,,65.0000351,0.0
330463,Saddle Mtn.,MT,45.69,-113.97,2420.1,20170409,18.5,35.96,25.16,,,,,65.0000351,0.0
330464,Saddle Mtn.,MT,45.69,-113.97,2420.1,20170410,18.14,36.14,25.7,,,,,67.00791020000001,0.20078751
330465,Saddle Mtn.,MT,45.69,-113.97,2420.1,20170411,19.04,41.54,30.2,,,,,67.00791020000001,0.0
330466,Saddle Mtn.,MT,45.69,-113.97,2420.1,20170412,30.74,49.46,39.2,,,,,67.00791020000001,0.0
330467,Saddle Mtn.,MT,45.69,-113.97,2420.1,20170413,24.8,45.14,34.88,,,,,75.0000405,0.79921303
330468,Saddle Mtn.,MT,45.69,-113.97,2420.1,20170414,18.86,35.24,24.98,,,,,75.0000405,0.29921276
330469,Saddle Mtn.,MT,45.69,-113.97,2420.1,20170415,17.6,35.78,24.26,,,,,70.9842903,0.20078751
330470,Saddle Mtn.,MT,45.69,-113.97,2420.1,20170416,19.4,45.86,34.34,,,,,70.0000378,0.0
330471,Saddle Mtn.,MT,45.69,-113.97,2420.1,20170417,30.2,43.16,35.6,,,,,70.0000378,0.09842525
330472,Saddle Mtn.,MT,45.69,-113.97,2420.1,20170418,28.04,47.48,34.52,,,,,69.0157853,0.09842525
330473,Saddle Mtn.,MT,45.69,-113.97,2420.1,20170419,23.0,47.84,35.24,,,,,67.9921627,0.09842525
330474,Saddle Mtn.,MT,45.69,-113.97,2420.1,20170420,25.52,39.02,31.46,,,,,69.0157853,0.0
330475,Saddle Mtn.,MT,45.69,-113.97,2420.1,20170421,23.36,40.1,29.84,,,,,72.00791290000001,0.20078751
330476,Saddle Mtn.,MT,45.69,-113.97,2420.1,20170422,22.64,49.64,36.68,,,,,70.0000378,0.09842525
330477,Saddle Mtn.,MT,45.69,-113.97,2420.1,20170423,28.94,45.14,36.14,,,,,72.00791290000001,0.09842525
330478,Saddle Mtn.,MT,45.69,-113.97,2420.1,20170424,24.26,40.46,31.82,,,,,70.9842903,0.40157502
330479,Saddle Mtn.,MT,45.69,-113.97,2420.1,20170425,26.96,43.34,32.54,,,,,72.00791290000001,0.09842525
330480,Saddle Mtn.,MT,45.69,-113.97,2420.1,20170426,23.9,38.48,31.28,,,,,72.9921654,0.09842525
330481,Saddle Mtn.,MT,45.69,-113.97,2420.1,20170427,19.58,37.4,26.24,,,,,74.015788,0.20078751
330482,Saddle Mtn.,MT,45.69,-113.97,2420.1,20170428,19.58,39.56,28.58,,,,,72.9921654,0.09842525
330483,Saddle Mtn.,MT,45.69,-113.97,2420.1,20170429,22.46,47.84,34.7,,,,,72.00791290000001,0.0
330484,Saddle Mtn.,MT,45.69,-113.97,2420.1,20170430,29.66,44.78,35.24,,,,,72.00791290000001,0.09842525
330485,Saddle Mtn.,MT,45.69,-113.97,2420.1,20170501,26.96,47.3,34.34,,,,,70.9842903,0.0
330486,Saddle Mtn.,MT,45.69,-113.97,2420.1,20170502,28.58,45.32,33.62,,,,,70.9842903,0.0
330487,Saddle Mtn.,MT,45.69,-113.97,2420.1,20170503,28.4,57.56,42.62,,,,,69.0157853,0.09842525
330488,Saddle Mtn.,MT,45.69,-113.97,2420.1,20170504,40.46,67.46,53.78,,,,,67.00791020000001,0.0
330489,Saddle Mtn.,MT,45.69,-113.97,2420.1,20170505,40.64,66.56,52.52,,,,,60.98428489999999,0.0
330490,Saddle Mtn.,MT,45.69,-113.97,2420.1,20170506,38.66,60.08,44.24,,,,,57.992157299999995,0.70078778
330491,Saddle Mtn.,MT,45.69,-113.97,2420.1,20170507,25.52,38.84,34.34,,,,,59.0157799,0.59842552
330492,Saddle Mtn.,MT,45.69,-113.97,2420.1,20170508,25.34,52.52,38.48,,,,,57.0079048,0.09842525
330493,Saddle Mtn.,MT,45.69,-113.97,2420.1,20170509,35.06,55.04,44.24,,,,,55.0000297,0.0
330494,Saddle Mtn.,MT,45.69,-113.97,2420.1,20170510,37.22,63.86,49.64,,,,,54.0157772,0.09842525
330495,Saddle Mtn.,MT,45.69,-113.97,2420.1,20170511,44.24,62.96,51.08,,,,,50.9842795,0.0
330496,Saddle Mtn.,MT,45.69,-113.97,2420.1,20170512,26.6,57.02,39.74,,,,,55.9842822,0.09842525
330497,Saddle Mtn.,MT,45.69,-113.97,2420.1,20170513,21.56,39.74,28.4,,,,,55.9842822,0.20078751
330498,Saddle Mtn.,MT,45.69,-113.97,2420.1,20170514,21.74,44.42,32.0,,,,,54.0157772,0.09842525
330499,Saddle Mtn.,MT,45.69,-113.97,2420.1,20170515,27.14,48.38,35.06,,,,,52.0079021,0.09842525
330500,Saddle Mtn.,MT,45.69,-113.97,2420.1,20170516,23.18,43.34,32.54,,,,,55.0000297,0.20078751
330501,Saddle Mtn.,MT,45.69,-113.97,2420.1,20170517,22.46,31.46,27.68,,,,,60.98428489999999,0.59842552
330502,Saddle Mtn.,MT,45.69,-113.97,2420.1,20170518,30.2,44.24,34.7,,,,,55.9842822,0.20078751
330503,Saddle Mtn.,MT,45.69,-113.97,2420.1,20170519,30.38,53.06,40.46,,,,,55.0000297,0.0
330504,Saddle Mtn.,MT,45.69,-113.97,2420.1,20170520,34.7,54.32,40.64,,,,,52.0079021,0.0
330505,Saddle Mtn.,MT,45.69,-113.97,2420.1,20170521,31.64,56.3,44.78,,,,,50.9842795,0.09842525
330506,Saddle Mtn.,MT,45.69,-113.97,2420.1,20170522,41.0,60.98,49.64,,,,,50.9842795,0.0
330507,Saddle Mtn.,MT,45.69,-113.97,2420.1,20170523,43.34,66.74,53.42,,,,,47.0078994,0.09842525
330508,Saddle Mtn.,MT,45.69,-113.97,2420.1,20170524,29.66,49.82,42.44,,,,,45.00002429999999,0.0
330509,Saddle Mtn.,MT,45.69,-113.97,2420.1,20170525,27.86,48.2,37.04,,,,,44.015771799999996,0.0
330510,Saddle Mtn.,MT,45.69,-113.97,2420.1,20170526,31.64,51.8,40.82,,,,,42.9921492,0.0
330511,Saddle Mtn.,MT,45.69,-113.97,2420.1,20170527,36.32,57.74,46.04,,,,,42.0078967,0.0
330512,Saddle Mtn.,MT,45.69,-113.97,2420.1,20170528,41.9,63.68,51.26,,,,,39.0157691,0.09842525
330513,Saddle Mtn.,MT,45.69,-113.97,2420.1,20170529,41.0,68.0,53.24,,,,,35.9842714,0.0
330514,Saddle Mtn.,MT,45.69,-113.97,2420.1,20170530,48.2,68.18,56.48,,,,,34.0157664,0.0
330515,Saddle Mtn.,MT,45.69,-113.97,2420.1,20170531,48.2,69.8,56.3,,,,,30.984268699999998,0.0
330516,Saddle Mtn.,MT,45.69,-113.97,2420.1,20170601,39.2,56.48,45.5,,,,,25.984266,0.0
330517,Saddle Mtn.,MT,45.69,-113.97,2420.1,20170602,37.22,60.62,47.84,,,,,22.992138399999998,0.09842525
330518,Saddle Mtn.,MT,45.69,-113.97,2420.1,20170603,40.64,67.28,55.04,,,,,20.000010800000002,0.20078751
330519,Saddle Mtn.,MT,45.69,-113.97,2420.1,20170604,35.96,70.16,53.42,,,,,19.0157583,0.0
330520,Saddle Mtn.,MT,45.69,-113.97,2420.1,20170605,35.6,57.92,45.14,,,,,15.9842606,0.0
330521,Saddle Mtn.,MT,45.69,-113.97,2420.1,20170606,41.54,68.18,53.42,,,,,12.992133,0.09842525
330522,Saddle Mtn.,MT,45.69,-113.97,2420.1,20170607,50.36,73.58,59.54,,,,,9.0157529,0.0
330523,Saddle Mtn.,MT,45.69,-113.97,2420.1,20170608,41.54,69.98,53.24,,,,,7.007877799999999,0.09842525
330524,Saddle Mtn.,MT,45.69,-113.97,2420.1,20170609,34.16,51.98,41.18,,,,,5.0000027000000005,0.0
330525,Saddle Mtn.,MT,45.69,-113.97,2420.1,20170610,27.86,41.72,33.62,,,,,5.0000027000000005,0.0
330526,Saddle Mtn.,MT,45.69,-113.97,2420.1,20170611,26.96,55.4,41.9,,,,,2.9921276000000003,0.79921303
330527,Saddle Mtn.,MT,45.69,-113.97,2420.1,20170612,36.5,53.42,43.16,,,,,2.0078751,0.09842525
330528,Saddle Mtn.,MT,45.69,-113.97,2420.1,20170613,34.34,38.12,35.6,,,,,4.0157502,1.50000081
330529,Saddle Mtn.,MT,45.69,-113.97,2420.1,20170614,33.62,55.04,43.16,,,,,2.0078751,0.29921276
330530,Saddle Mtn.,MT,45.69,-113.97,2420.1,20170615,35.78,50.36,43.52,,,,,0.0,0.59842552
330531,Saddle Mtn.,MT,45.69,-113.97,2420.1,20170616,37.4,48.2,41.54,,,,,0.0,0.09842525
330532,Saddle Mtn.,MT,45.69,-113.97,2420.1,20170617,34.52,56.84,44.24,,,,,0.0,0.40157502
330533,Saddle Mtn.,MT,45.69,-113.97,2420.1,20170618,41.0,55.58,46.4,,,,,0.0,0.09842525
330534,Saddle Mtn.,MT,45.69,-113.97,2420.1,20170619,42.98,73.76,57.56,,,,,0.0,0.0
330535,Saddle Mtn.,MT,45.69,-113.97,2420.1,20170620,50.0,76.64,61.7,,,,,0.0,0.09842525
330536,Saddle Mtn.,MT,45.69,-113.97,2420.1,20170621,40.28,65.84,52.7,,,,,0.0,0.0
330537,Saddle Mtn.,MT,45.69,-113.97,2420.1,20170622,35.42,58.46,46.76,,,,,0.0,0.20078751
330538,Saddle Mtn.,MT,45.69,-113.97,2420.1,20170623,37.76,61.34,50.36,,,,,0.0,0.0
330539,Saddle Mtn.,MT,45.69,-113.97,2420.1,20170624,41.18,65.48,54.5,,,,,0.0,0.0
330540,Saddle Mtn.,MT,45.69,-113.97,2420.1,20170625,44.24,73.76,59.9,,,,,0.0,0.0
330541,Saddle Mtn.,MT,45.69,-113.97,2420.1,20170626,45.86,78.44,61.52,,,,,0.0,0.29921276
330542,Saddle Mtn.,MT,45.69,-113.97,2420.1,20170627,44.42,60.98,49.28,,,,,0.0,0.0
330543,Saddle Mtn.,MT,45.69,-113.97,2420.1,20170628,42.8,62.24,50.72,,,,,0.0,0.0
330544,Saddle Mtn.,MT,45.69,-113.97,2420.1,20170629,41.36,58.46,48.2,,,,,0.0,0.0
330545,Saddle Mtn.,MT,45.69,-113.97,2420.1,20170630,42.98,69.08,55.4,,,,,0.0,0.0
330546,Saddle Mtn.,MT,45.69,-113.97,2420.1,20170701,51.08,70.34,59.36,,,,,0.0,0.0
330547,Saddle Mtn.,MT,45.69,-113.97,2420.1,20170702,53.06,72.5,60.98,,,,,0.0,0.0
330548,Saddle Mtn.,MT,45.69,-113.97,2420.1,20170703,52.88,75.56,62.78,,,,,0.0,0.0
330549,Saddle Mtn.,MT,45.69,-113.97,2420.1,20170704,49.64,75.74,62.42,,,,,0.0,0.0
330550,Saddle Mtn.,MT,45.69,-113.97,2420.1,20170705,54.14,80.96,65.84,,,,,0.0,0.0
330551,Saddle Mtn.,MT,45.69,-113.97,2420.1,20170706,54.86,79.7,66.2,,,,,0.0,0.0
330552,Saddle Mtn.,MT,45.69,-113.97,2420.1,20170707,58.28,80.78,68.54,,,,,0.0,0.0
330553,Saddle Mtn.,MT,45.69,-113.97,2420.1,20170708,59.36,82.04,68.72,,,,,0.0,0.0
330554,Saddle Mtn.,MT,45.69,-113.97,2420.1,20170709,48.2,74.48,61.7,,,,,0.0,0.0
330555,Saddle Mtn.,MT,45.69,-113.97,2420.1,20170710,49.46,68.9,58.46,,,,,0.0,0.09842525
330556,Saddle Mtn.,MT,45.69,-113.97,2420.1,20170711,48.38,66.74,56.48,,,,,0.0,0.0
330557,Saddle Mtn.,MT,45.69,-113.97,2420.1,20170712,49.46,74.12,61.16,,,,,0.0,0.09842525
330558,Saddle Mtn.,MT,45.69,-113.97,2420.1,20170713,53.96,81.14,66.2,,,,,0.0,0.09842525
330559,Saddle Mtn.,MT,45.69,-113.97,2420.1,20170714,57.2,79.34,65.84,,,,,0.0,0.0
330560,Saddle Mtn.,MT,45.69,-113.97,2420.1,20170715,53.06,80.96,62.78,,,,,0.0,0.0
330561,Saddle Mtn.,MT,45.69,-113.97,2420.1,20170716,48.56,72.5,59.36,,,,,0.0,0.20078751
330562,Saddle Mtn.,MT,45.69,-113.97,2420.1,20170717,45.86,71.6,57.2,,,,,0.0,0.0
330563,Saddle Mtn.,MT,45.69,-113.97,2420.1,20170718,48.92,74.84,61.16,,,,,0.0,0.09842525
330564,Saddle Mtn.,MT,45.69,-113.97,2420.1,20170719,51.08,77.18,63.32,,,,,0.0,0.09842525
330565,Saddle Mtn.,MT,45.69,-113.97,2420.1,20170720,49.82,75.02,62.78,,,,,0.0,0.0
330566,Saddle Mtn.,MT,45.69,-113.97,2420.1,20170721,44.24,72.5,57.38,,,,,0.0,0.0
330567,Saddle Mtn.,MT,45.69,-113.97,2420.1,20170722,48.38,71.96,60.44,,,,,0.0,0.0
330568,Saddle Mtn.,MT,45.69,-113.97,2420.1,20170723,52.7,78.26,64.22,,,,,0.0,0.0
330569,Saddle Mtn.,MT,45.69,-113.97,2420.1,20170724,51.44,76.28,62.42,,,,,0.0,0.09842525
330570,Saddle Mtn.,MT,45.69,-113.97,2420.1,20170725,54.32,72.68,61.7,,,,,0.0,0.0
330571,Saddle Mtn.,MT,45.69,-113.97,2420.1,20170726,49.46,72.68,56.12,,,,,0.0,0.0
330572,Saddle Mtn.,MT,45.69,-113.97,2420.1,20170727,49.28,67.82,55.4,,,,,0.0,0.20078751
330573,Saddle Mtn.,MT,45.69,-113.97,2420.1,20170728,49.28,70.34,56.84,,,,,0.0,0.09842525
330574,Saddle Mtn.,MT,45.69,-113.97,2420.1,20170729,53.24,72.68,60.44,,,,,0.0,0.0
330575,Saddle Mtn.,MT,45.69,-113.97,2420.1,20170730,56.84,77.18,65.66,,,,,0.0,0.0
330576,Saddle Mtn.,MT,45.69,-113.97,2420.1,20170731,54.86,77.54,65.3,,,,,0.0,0.09842525
330577,Saddle Mtn.,MT,45.69,-113.97,2420.1,20170801,55.58,75.74,64.76,,,,,0.0,0.0
330578,Saddle Mtn.,MT,45.69,-113.97,2420.1,20170802,48.56,72.14,60.08,,,,,0.0,0.09842525
330579,Saddle Mtn.,MT,45.69,-113.97,2420.1,20170803,48.2,73.76,60.8,,,,,0.0,0.09842525
330580,Saddle Mtn.,MT,45.69,-113.97,2420.1,20170804,53.6,76.28,63.5,,,,,0.0,0.0
330581,Saddle Mtn.,MT,45.69,-113.97,2420.1,20170805,47.48,68.18,56.84,,,,,0.0,0.0
330582,Saddle Mtn.,MT,45.69,-113.97,2420.1,20170806,43.7,67.64,55.22,,,,,0.0,0.09842525
330583,Saddle Mtn.,MT,45.69,-113.97,2420.1,20170807,47.48,69.8,58.64,,,,,0.0,0.20078751
330584,Saddle Mtn.,MT,45.69,-113.97,2420.1,20170808,50.54,71.42,59.54,,,,,0.0,0.0
330585,Saddle Mtn.,MT,45.69,-113.97,2420.1,20170809,48.02,69.98,57.2,,,,,0.0,0.0
330586,Saddle Mtn.,MT,45.69,-113.97,2420.1,20170810,49.82,71.78,58.82,,,,,0.0,0.20078751
330587,Saddle Mtn.,MT,45.69,-113.97,2420.1,20170811,50.18,72.14,59.72,,,,,0.0,0.20078751
330588,Saddle Mtn.,MT,45.69,-113.97,2420.1,20170812,49.82,70.88,59.36,,,,,0.0,0.0
330589,Saddle Mtn.,MT,45.69,-113.97,2420.1,20170813,45.86,61.88,51.98,,,,,0.0,0.20078751
330590,Saddle Mtn.,MT,45.69,-113.97,2420.1,20170814,42.8,61.7,50.72,,,,,0.0,0.20078751
330591,Saddle Mtn.,MT,45.69,-113.97,2420.1,20170815,41.72,66.92,53.78,,,,,0.0,0.20078751
330592,Saddle Mtn.,MT,45.69,-113.97,2420.1,20170816,47.84,70.52,57.02,,,,,0.0,0.0
330593,Saddle Mtn.,MT,45.69,-113.97,2420.1,20170817,46.94,69.26,56.48,,,,,0.0,0.0
330594,Saddle Mtn.,MT,45.69,-113.97,2420.1,20170818,47.3,75.02,59.54,,,,,0.0,0.0
330595,Saddle Mtn.,MT,45.69,-113.97,2420.1,20170819,44.6,68.54,56.66,,,,,0.0,0.0
330596,Saddle Mtn.,MT,45.69,-113.97,2420.1,20170820,41.72,66.56,53.06,,,,,0.0,0.0
330597,Saddle Mtn.,MT,45.69,-113.97,2420.1,20170821,45.68,66.74,55.76,,,,,0.0,0.0
330598,Saddle Mtn.,MT,45.69,-113.97,2420.1,20170822,50.54,74.84,61.52,,,,,0.0,0.0
330599,Saddle Mtn.,MT,45.69,-113.97,2420.1,20170823,56.3,75.02,63.68,,,,,0.0,0.0
330600,Saddle Mtn.,MT,45.69,-113.97,2420.1,20170824,46.4,67.46,55.04,,,,,0.0,0.0
330601,Saddle Mtn.,MT,45.69,-113.97,2420.1,20170825,47.3,68.18,56.3,,,,,0.0,0.0
330602,Saddle Mtn.,MT,45.69,-113.97,2420.1,20170826,46.22,72.32,59.0,,,,,0.0,0.0
330603,Saddle Mtn.,MT,45.69,-113.97,2420.1,20170827,53.06,76.82,63.5,,,,,0.0,0.0
330604,Saddle Mtn.,MT,45.69,-113.97,2420.1,20170828,57.02,78.44,65.3,,,,,0.0,0.0
330605,Saddle Mtn.,MT,45.69,-113.97,2420.1,20170829,56.12,76.28,64.76,,,,,0.0,0.0
330606,Saddle Mtn.,MT,45.69,-113.97,2420.1,20170830,52.88,74.66,62.06,,,,,0.0,0.0
330607,Saddle Mtn.,MT,45.69,-113.97,2420.1,20170831,48.38,71.06,58.46,,,,,0.0,0.0
330608,Saddle Mtn.,MT,45.69,-113.97,2420.1,20170901,45.68,73.22,58.46,,,,,0.0,0.0
330609,Saddle Mtn.,MT,45.69,-113.97,2420.1,20170902,53.06,79.52,64.94,,,,,0.0,0.0
330610,Saddle Mtn.,MT,45.69,-113.97,2420.1,20170903,56.48,80.6,67.28,,,,,0.0,0.0
330611,Saddle Mtn.,MT,45.69,-113.97,2420.1,20170904,47.48,70.34,59.36,,,,,0.0,0.0
330612,Saddle Mtn.,MT,45.69,-113.97,2420.1,20170905,44.24,76.1,59.0,,,,,0.0,0.0
330613,Saddle Mtn.,MT,45.69,-113.97,2420.1,20170906,57.56,76.64,65.12,,,,,0.0,0.0
330614,Saddle Mtn.,MT,45.69,-113.97,2420.1,20170907,58.1,77.72,65.3,,,,,0.0,0.0
330615,Saddle Mtn.,MT,45.69,-113.97,2420.1,20170908,51.62,72.86,59.54,,,,,0.0,0.0
330616,Saddle Mtn.,MT,45.69,-113.97,2420.1,20170909,52.52,69.44,58.82,,,,,0.0,0.0
330617,Saddle Mtn.,MT,45.69,-113.97,2420.1,20170910,47.66,71.96,56.66,,,,,0.0,0.0
330618,Saddle Mtn.,MT,45.69,-113.97,2420.1,20170911,47.12,74.3,59.72,,,,,0.0,0.0
330619,Saddle Mtn.,MT,45.69,-113.97,2420.1,20170912,54.68,73.58,61.7,,,,,0.0,0.0
330620,Saddle Mtn.,MT,45.69,-113.97,2420.1,20170913,49.1,62.96,54.86,,,,,0.0,0.0
330621,Saddle Mtn.,MT,45.69,-113.97,2420.1,20170914,32.0,49.28,41.0,,,,,0.0,0.0
330622,Saddle Mtn.,MT,45.69,-113.97,2420.1,20170915,28.22,32.36,30.02,,,,,2.9921276000000003,0.29921276
330623,Saddle Mtn.,MT,45.69,-113.97,2420.1,20170916,27.68,39.74,32.36,,,,,2.0078751,0.09842525
330624,Saddle Mtn.,MT,45.69,-113.97,2420.1,20170917,32.54,47.66,39.2,,,,,0.9842525,0.09842525
330625,Saddle Mtn.,MT,45.69,-113.97,2420.1,20170918,29.66,43.34,37.04,,,,,0.0,0.0
330626,Saddle Mtn.,MT,45.69,-113.97,2420.1,20170919,27.86,34.7,30.38,,,,,4.0157502,0.50000027
330627,Saddle Mtn.,MT,45.69,-113.97,2420.1,20170920,25.34,36.86,30.56,,,,,7.9921303,0.50000027
330628,Saddle Mtn.,MT,45.69,-113.97,2420.1,20170921,24.44,39.92,30.92,,,,,5.984255200000001,0.09842525
330629,Calvert Creek,MT,45.88,-113.33,1959.9,20170101,-1.3,15.26,5.0,,,,,19.0157583,0.0
330630,Calvert Creek,MT,45.88,-113.33,1959.9,20170102,-13.54,9.14,-0.4,,,,,19.0157583,0.0
330631,Calvert Creek,MT,45.88,-113.33,1959.9,20170103,-15.52,5.72,-7.06,,,,,19.0157583,0.0
330632,Calvert Creek,MT,45.88,-113.33,1959.9,20170104,-19.12,7.88,-6.16,,,,,19.0157583,0.0
330633,Calvert Creek,MT,45.88,-113.33,1959.9,20170105,-26.86,-7.06,-16.06,,,,,19.0157583,0.0
330634,Calvert Creek,MT,45.88,-113.33,1959.9,20170106,-12.82,22.28,1.58,,,,,19.0157583,0.0
330635,Calvert Creek,MT,45.88,-113.33,1959.9,20170107,-11.38,10.4,0.68,,,,,19.0157583,0.29921276
330636,Calvert Creek,MT,45.88,-113.33,1959.9,20170108,6.8,36.14,27.86,,,,,25.0000135,0.40157502
330637,Calvert Creek,MT,45.88,-113.33,1959.9,20170109,17.96,36.32,29.48,,,,,25.984266,0.09842525
330638,Calvert Creek,MT,45.88,-113.33,1959.9,20170110,14.54,27.5,22.28,,,,,27.9921411,0.20078751
330639,Calvert Creek,MT,45.88,-113.33,1959.9,20170111,13.46,23.9,18.14,,,,,27.0078886,0.0
330640,Calvert Creek,MT,45.88,-113.33,1959.9,20170112,-0.58,24.26,14.72,,,,,27.0078886,0.0
330641,Calvert Creek,MT,45.88,-113.33,1959.9,20170113,-8.32,10.58,-1.66,,,,,25.984266,0.0
330642,Calvert Creek,MT,45.88,-113.33,1959.9,20170114,-11.02,10.94,-0.94,,,,,25.0000135,0.0
330643,Calvert Creek,MT,45.88,-113.33,1959.9,20170115,-6.88,15.8,1.76,,,,,25.0000135,0.0
330644,Calvert Creek,MT,45.88,-113.33,1959.9,20170116,-7.06,17.96,3.74,,,,,25.0000135,0.0
330645,Calvert Creek,MT,45.88,-113.33,1959.9,20170117,3.2,24.08,11.84,,,,,24.015760999999998,0.09842525
330646,Calvert Creek,MT,45.88,-113.33,1959.9,20170118,12.38,41.0,25.7,,,,,24.015760999999998,0.20078751
330647,Calvert Creek,MT,45.88,-113.33,1959.9,20170119,28.22,36.32,30.92,,,,,25.0000135,0.09842525
330648,Calvert Creek,MT,45.88,-113.33,1959.9,20170120,11.66,36.14,23.18,,,,,24.015760999999998,0.0
330649,Calvert Creek,MT,45.88,-113.33,1959.9,20170121,8.42,28.94,18.86,,,,,24.015760999999998,0.0
330650,Calvert Creek,MT,45.88,-113.33,1959.9,20170122,14.36,35.06,22.82,,,,,24.015760999999998,0.0
330651,Calvert Creek,MT,45.88,-113.33,1959.9,20170123,6.8,26.78,16.52,,,,,24.015760999999998,0.0
330652,Calvert Creek,MT,45.88,-113.33,1959.9,20170124,6.62,24.8,15.08,,,,,24.015760999999998,0.0
330653,Calvert Creek,MT,45.88,-113.33,1959.9,20170125,10.4,24.08,16.88,,,,,24.015760999999998,0.0
330654,Calvert Creek,MT,45.88,-113.33,1959.9,20170126,4.28,29.84,17.24,,,,,24.015760999999998,0.0
330655,Calvert Creek,MT,45.88,-113.33,1959.9,20170127,-2.92,25.34,12.02,,,,,22.992138399999998,0.0
330656,Calvert Creek,MT,45.88,-113.33,1959.9,20170128,13.46,42.44,28.04,,,,,22.992138399999998,0.09842525
330657,Calvert Creek,MT,45.88,-113.33,1959.9,20170129,19.58,41.18,29.12,,,,,22.992138399999998,0.0
330658,Calvert Creek,MT,45.88,-113.33,1959.9,20170130,23.18,44.24,32.36,,,,,24.015760999999998,0.09842525
330659,Calvert Creek,MT,45.88,-113.33,1959.9,20170131,10.4,32.18,24.26,,,,,25.0000135,0.09842525
330660,Calvert Creek,MT,45.88,-113.33,1959.9,20170201,1.22,15.8,7.88,,,,,25.984266,0.09842525
330661,Calvert Creek,MT,45.88,-113.33,1959.9,20170202,-10.84,14.72,3.38,,,,,25.984266,0.0
330662,Calvert Creek,MT,45.88,-113.33,1959.9,20170203,-10.12,21.74,9.14,,,,,27.0078886,0.0
330663,Calvert Creek,MT,45.88,-113.33,1959.9,20170204,21.92,35.42,32.0,,,,,30.984268699999998,0.29921276
330664,Calvert Creek,MT,45.88,-113.33,1959.9,20170205,31.28,39.38,34.7,,,,,29.015763699999997,0.0
330665,Calvert Creek,MT,45.88,-113.33,1959.9,20170206,20.48,42.26,31.64,,,,,30.0000162,0.09842525
330666,Calvert Creek,MT,45.88,-113.33,1959.9,20170207,16.52,26.96,22.1,,,,,34.0157664,0.40157502
330667,Calvert Creek,MT,45.88,-113.33,1959.9,20170208,23.18,34.52,29.66,,,,,37.007894,0.50000027
330668,Calvert Creek,MT,45.88,-113.33,1959.9,20170209,34.52,41.72,38.12,,,,,32.9921438,0.09842525
330669,Calvert Creek,MT,45.88,-113.33,1959.9,20170210,25.52,41.9,34.7,,,,,32.9921438,0.09842525
330670,Calvert Creek,MT,45.88,-113.33,1959.9,20170211,9.68,32.9,24.08,,,,,30.984268699999998,0.0
330671,Calvert Creek,MT,45.88,-113.33,1959.9,20170212,2.66,30.38,14.36,,,,,30.984268699999998,0.0
330672,Calvert Creek,MT,45.88,-113.33,1959.9,20170213,7.16,34.52,19.04,,,,,30.984268699999998,0.0
330673,Calvert Creek,MT,45.88,-113.33,1959.9,20170214,10.76,33.62,21.02,,,,,30.984268699999998,0.0
330674,Calvert Creek,MT,45.88,-113.33,1959.9,20170215,10.58,52.16,28.94,,,,,30.0000162,0.20078751
330675,Calvert Creek,MT,45.88,-113.33,1959.9,20170216,31.28,47.66,38.3,,,,,30.0000162,0.09842525
330676,Calvert Creek,MT,45.88,-113.33,1959.9,20170217,30.2,46.22,34.34,,,,,30.984268699999998,0.0
330677,Calvert Creek,MT,45.88,-113.33,1959.9,20170218,30.56,44.6,36.14,,,,,30.0000162,0.0
330678,Calvert Creek,MT,45.88,-113.33,1959.9,20170219,25.88,42.8,33.98,,,,,30.0000162,0.0
330679,Calvert Creek,MT,45.88,-113.33,1959.9,20170220,28.58,41.0,33.44,,,,,32.0078913,0.20078751
330680,Calvert Creek,MT,45.88,-113.33,1959.9,20170221,26.6,41.0,34.16,,,,,32.9921438,0.09842525
330681,Calvert Creek,MT,45.88,-113.33,1959.9,20170222,21.92,36.32,27.14,,,,,32.9921438,0.0
330682,Calvert Creek,MT,45.88,-113.33,1959.9,20170223,11.48,31.64,23.0,,,,,32.9921438,0.0
330683,Calvert Creek,MT,45.88,-113.33,1959.9,20170224,8.24,27.14,17.06,,,,,32.0078913,0.0
330684,Calvert Creek,MT,45.88,-113.33,1959.9,20170225,8.42,27.5,16.88,,,,,32.9921438,0.09842525
330685,Calvert Creek,MT,45.88,-113.33,1959.9,20170226,15.98,25.7,20.12,,,,,34.0157664,0.09842525
330686,Calvert Creek,MT,45.88,-113.33,1959.9,20170227,12.74,26.78,18.14,,,,,32.0078913,0.0
330687,Calvert Creek,MT,45.88,-113.33,1959.9,20170228,13.82,30.56,19.4,,,,,35.0000189,0.20078751
330688,Calvert Creek,MT,45.88,-113.33,1959.9,20170301,18.14,39.02,26.42,,,,,34.0157664,0.09842525
330689,Calvert Creek,MT,45.88,-113.33,1959.9,20170302,19.4,38.12,29.66,,,,,34.0157664,0.0
330690,Calvert Creek,MT,45.88,-113.33,1959.9,20170303,27.14,45.5,36.14,,,,,32.9921438,0.09842525
330691,Calvert Creek,MT,45.88,-113.33,1959.9,20170304,27.14,40.46,34.34,,,,,34.0157664,0.0
330692,Calvert Creek,MT,45.88,-113.33,1959.9,20170305,20.66,36.32,27.68,,,,,34.0157664,0.0
330693,Calvert Creek,MT,45.88,-113.33,1959.9,20170306,15.26,31.28,20.84,,,,,34.0157664,0.0
330694,Calvert Creek,MT,45.88,-113.33,1959.9,20170307,12.02,33.08,24.08,,,,,35.9842714,0.09842525
330695,Calvert Creek,MT,45.88,-113.33,1959.9,20170308,28.58,37.94,33.08,,,,,44.015771799999996,0.79921303
330696,Calvert Creek,MT,45.88,-113.33,1959.9,20170309,32.0,41.0,35.96,,,,,40.9842741,0.20078751
330697,Calvert Creek,MT,45.88,-113.33,1959.9,20170310,30.38,51.8,39.74,,,,,35.0000189,0.29921276
330698,Calvert Creek,MT,45.88,-113.33,1959.9,20170311,27.14,48.38,36.14,,,,,35.9842714,0.09842525
330699,Calvert Creek,MT,45.88,-113.33,1959.9,20170312,30.56,47.84,35.78,,,,,35.0000189,0.0
330700,Calvert Creek,MT,45.88,-113.33,1959.9,20170313,31.64,53.24,41.9,,,,,32.9921438,0.0
330701,Calvert Creek,MT,45.88,-113.33,1959.9,20170314,35.24,52.52,43.16,,,,,32.0078913,0.0
330702,Calvert Creek,MT,45.88,-113.33,1959.9,20170315,33.26,59.18,45.68,,,,,29.015763699999997,0.0
330703,Calvert Creek,MT,45.88,-113.33,1959.9,20170316,29.3,44.78,36.86,,,,,29.015763699999997,0.0
330704,Calvert Creek,MT,45.88,-113.33,1959.9,20170317,24.26,48.38,36.32,,,,,27.9921411,0.09842525
330705,Calvert Creek,MT,45.88,-113.33,1959.9,20170318,34.34,59.54,43.88,,,,,27.0078886,0.0
330706,Calvert Creek,MT,45.88,-113.33,1959.9,20170319,34.88,44.6,38.12,,,,,25.984266,0.0
330707,Calvert Creek,MT,45.88,-113.33,1959.9,20170320,34.16,40.28,36.32,,,,,25.984266,0.09842525
330708,Calvert Creek,MT,45.88,-113.33,1959.9,20170321,33.62,55.4,39.74,,,,,25.0000135,0.0
330709,Calvert Creek,MT,45.88,-113.33,1959.9,20170322,31.28,48.56,38.66,,,,,24.015760999999998,0.0
330710,Calvert Creek,MT,45.88,-113.33,1959.9,20170323,26.06,50.0,35.96,,,,,22.007885899999998,0.0
330711,Calvert Creek,MT,45.88,-113.33,1959.9,20170324,22.28,51.98,35.78,,,,,22.007885899999998,0.0
330712,Calvert Creek,MT,45.88,-113.33,1959.9,20170325,28.04,45.68,34.88,,,,,20.9842633,0.0
330713,Calvert Creek,MT,45.88,-113.33,1959.9,20170326,22.82,48.92,34.34,,,,,19.0157583,0.0
330714,Calvert Creek,MT,45.88,-113.33,1959.9,20170327,27.86,48.92,36.32,,,,,19.0157583,0.0
330715,Calvert Creek,MT,45.88,-113.33,1959.9,20170328,27.68,47.3,35.96,,,,,17.9921357,0.09842525
330716,Calvert Creek,MT,45.88,-113.33,1959.9,20170329,33.98,47.48,37.94,,,,,17.9921357,0.0
330717,Calvert Creek,MT,45.88,-113.33,1959.9,20170330,34.34,48.92,38.66,,,,,17.0078832,0.0
330718,Calvert Creek,MT,45.88,-113.33,1959.9,20170331,29.3,48.56,37.4,,,,,15.9842606,0.0
330719,Calvert Creek,MT,45.88,-113.33,1959.9,20170401,24.98,53.6,38.84,,,,,15.0000081,0.0
330720,Calvert Creek,MT,45.88,-113.33,1959.9,20170402,25.52,47.12,36.14,,,,,14.015755599999999,0.0
330721,Calvert Creek,MT,45.88,-113.33,1959.9,20170403,18.68,34.34,25.52,,,,,14.015755599999999,0.0
330722,Calvert Creek,MT,45.88,-113.33,1959.9,20170404,12.74,44.42,29.3,,,,,12.992133,0.0
330723,Calvert Creek,MT,45.88,-113.33,1959.9,20170405,27.68,52.88,37.76,,,,,12.007880499999999,0.0
330724,Calvert Creek,MT,45.88,-113.33,1959.9,20170406,32.0,57.2,42.26,,,,,10.9842579,0.0
330725,Calvert Creek,MT,45.88,-113.33,1959.9,20170407,31.82,48.56,39.2,,,,,10.000005400000001,0.0
330726,Calvert Creek,MT,45.88,-113.33,1959.9,20170408,26.78,46.76,34.34,,,,,10.9842579,0.0
330727,Calvert Creek,MT,45.88,-113.33,1959.9,20170409,22.82,43.16,31.1,,,,,10.9842579,0.09842525
330728,Calvert Creek,MT,45.88,-113.33,1959.9,20170410,19.04,41.9,29.84,,,,,10.000005400000001,0.0
330729,Calvert Creek,MT,45.88,-113.33,1959.9,20170411,19.76,48.2,34.88,,,,,9.0157529,0.0
330730,Calvert Creek,MT,45.88,-113.33,1959.9,20170412,32.54,57.2,42.44,,,,,9.0157529,0.0
330731,Calvert Creek,MT,45.88,-113.33,1959.9,20170413,32.0,56.84,39.38,,,,,7.007877799999999,0.0
330732,Calvert Creek,MT,45.88,-113.33,1959.9,20170414,26.24,43.7,33.44,,,,,7.007877799999999,0.0
330733,Calvert Creek,MT,45.88,-113.33,1959.9,20170415,22.28,40.82,31.28,,,,,7.9921303,0.09842525
330734,Calvert Creek,MT,45.88,-113.33,1959.9,20170416,20.48,51.98,37.22,,,,,5.984255200000001,0.0
330735,Calvert Creek,MT,45.88,-113.33,1959.9,20170417,32.72,48.74,39.74,,,,,5.0000027000000005,0.0
330736,Calvert Creek,MT,45.88,-113.33,1959.9,20170418,32.18,53.42,39.74,,,,,2.9921276000000003,0.09842525
330737,Calvert Creek,MT,45.88,-113.33,1959.9,20170419,30.2,53.96,39.56,,,,,0.9842525,0.0
330738,Calvert Creek,MT,45.88,-113.33,1959.9,20170420,29.48,46.76,35.24,,,,,0.0,0.0
330739,Calvert Creek,MT,45.88,-113.33,1959.9,20170421,29.3,47.84,36.68,,,,,0.0,0.20078751
330740,Calvert Creek,MT,45.88,-113.33,1959.9,20170422,26.96,56.3,41.18,,,,,0.0,0.70078778
330741,Calvert Creek,MT,45.88,-113.33,1959.9,20170423,35.06,50.36,41.0,,,,,0.0,0.0
330742,Calvert Creek,MT,45.88,-113.33,1959.9,20170424,31.28,47.3,37.22,,,,,0.0,0.0
330743,Calvert Creek,MT,45.88,-113.33,1959.9,20170425,32.18,48.2,38.48,,,,,0.0,0.09842525
330744,Calvert Creek,MT,45.88,-113.33,1959.9,20170426,32.9,45.32,37.22,,,,,0.0,0.09842525
330745,Calvert Creek,MT,45.88,-113.33,1959.9,20170427,25.34,43.88,34.34,,,,,0.0,0.0
330746,Calvert Creek,MT,45.88,-113.33,1959.9,20170428,24.08,46.94,33.8,,,,,0.0,0.0
330747,Calvert Creek,MT,45.88,-113.33,1959.9,20170429,24.8,53.06,38.3,,,,,0.0,0.50000027
330748,Calvert Creek,MT,45.88,-113.33,1959.9,20170430,35.06,50.54,41.54,,,,,0.0,0.09842525
330749,Calvert Creek,MT,45.88,-113.33,1959.9,20170501,32.18,51.08,39.92,,,,,0.0,0.09842525
330750,Calvert Creek,MT,45.88,-113.33,1959.9,20170502,30.2,50.9,39.56,,,,,0.0,0.0
330751,Calvert Creek,MT,45.88,-113.33,1959.9,20170503,26.42,64.22,45.5,,,,,0.0,0.09842525
330752,Calvert Creek,MT,45.88,-113.33,1959.9,20170504,33.8,73.04,53.06,,,,,0.0,0.29921276
330753,Calvert Creek,MT,45.88,-113.33,1959.9,20170505,37.76,73.4,55.4,,,,,0.0,0.29921276
330754,Calvert Creek,MT,45.88,-113.33,1959.9,20170506,43.52,68.9,51.26,,,,,0.0,0.0
330755,Calvert Creek,MT,45.88,-113.33,1959.9,20170507,29.84,50.72,42.98,,,,,0.0,0.0
330756,Calvert Creek,MT,45.88,-113.33,1959.9,20170508,26.6,60.62,42.62,,,,,0.0,0.0
330757,Calvert Creek,MT,45.88,-113.33,1959.9,20170509,31.46,63.14,46.94,,,,,0.0,0.0
330758,Calvert Creek,MT,45.88,-113.33,1959.9,20170510,31.64,68.72,50.9,,,,,0.0,0.0
330759,Calvert Creek,MT,45.88,-113.33,1959.9,20170511,35.6,70.88,53.06,,,,,0.0,0.0
330760,Calvert Creek,MT,45.88,-113.33,1959.9,20170512,33.62,60.98,46.04,,,,,0.0,0.0
330761,Calvert Creek,MT,45.88,-113.33,1959.9,20170513,28.22,40.82,34.34,,,,,0.0,0.09842525
330762,Calvert Creek,MT,45.88,-113.33,1959.9,20170514,26.24,46.76,36.5,,,,,0.0,0.20078751
330763,Calvert Creek,MT,45.88,-113.33,1959.9,20170515,30.2,50.36,39.02,,,,,0.0,0.0
330764,Calvert Creek,MT,45.88,-113.33,1959.9,20170516,28.58,45.5,37.04,,,,,0.9842525,0.20078751
330765,Calvert Creek,MT,45.88,-113.33,1959.9,20170517,29.48,36.14,33.26,,,,,5.0000027000000005,0.40157502
330766,Calvert Creek,MT,45.88,-113.33,1959.9,20170518,31.82,49.64,39.02,,,,,0.0,0.0
330767,Calvert Creek,MT,45.88,-113.33,1959.9,20170519,29.3,53.78,41.54,,,,,0.0,0.0
330768,Calvert Creek,MT,45.88,-113.33,1959.9,20170520,33.44,54.5,43.7,,,,,0.0,0.09842525
330769,Calvert Creek,MT,45.88,-113.33,1959.9,20170521,32.36,62.78,47.12,,,,,0.0,0.0
330770,Calvert Creek,MT,45.88,-113.33,1959.9,20170522,34.7,67.64,50.9,,,,,0.0,0.09842525
330771,Calvert Creek,MT,45.88,-113.33,1959.9,20170523,36.32,73.58,55.04,,,,,0.0,0.0
330772,Calvert Creek,MT,45.88,-113.33,1959.9,20170524,36.68,54.86,48.74,,,,,0.0,0.0
330773,Calvert Creek,MT,45.88,-113.33,1959.9,20170525,33.26,53.42,42.8,,,,,0.0,0.0
330774,Calvert Creek,MT,45.88,-113.33,1959.9,20170526,32.54,59.36,46.4,,,,,0.0,0.0
330775,Calvert Creek,MT,45.88,-113.33,1959.9,20170527,37.4,63.5,50.0,,,,,0.0,0.0
330776,Calvert Creek,MT,45.88,-113.33,1959.9,20170528,34.52,67.46,51.8,,,,,0.0,0.0
330777,Calvert Creek,MT,45.88,-113.33,1959.9,20170529,39.2,69.44,54.14,,,,,0.0,0.20078751
330778,Calvert Creek,MT,45.88,-113.33,1959.9,20170530,40.1,73.22,57.02,,,,,0.0,0.09842525
330779,Calvert Creek,MT,45.88,-113.33,1959.9,20170531,41.9,77.36,59.18,,,,,0.0,0.09842525
330780,Calvert Creek,MT,45.88,-113.33,1959.9,20170601,43.16,65.84,51.62,,,,,0.0,0.09842525
330781,Calvert Creek,MT,45.88,-113.33,1959.9,20170602,41.54,65.12,52.34,,,,,0.0,0.0
330782,Calvert Creek,MT,45.88,-113.33,1959.9,20170603,37.94,71.96,56.48,,,,,0.0,0.0
330783,Calvert Creek,MT,45.88,-113.33,1959.9,20170604,41.54,76.1,56.3,,,,,0.0,0.29921276
330784,Calvert Creek,MT,45.88,-113.33,1959.9,20170605,39.74,64.04,50.9,,,,,0.0,0.09842525
330785,Calvert Creek,MT,45.88,-113.33,1959.9,20170606,40.82,70.7,56.66,,,,,0.0,0.0
330786,Calvert Creek,MT,45.88,-113.33,1959.9,20170607,42.98,78.62,60.62,,,,,0.0,0.09842525
330787,Calvert Creek,MT,45.88,-113.33,1959.9,20170608,48.56,78.08,60.8,,,,,0.0,0.0
330788,Calvert Creek,MT,45.88,-113.33,1959.9,20170609,40.46,60.98,50.18,,,,,0.0,0.0
330789,Calvert Creek,MT,45.88,-113.33,1959.9,20170610,31.1,50.36,40.28,,,,,0.0,0.20078751
330790,Calvert Creek,MT,45.88,-113.33,1959.9,20170611,28.4,63.5,46.94,,,,,0.0,0.20078751
330791,Calvert Creek,MT,45.88,-113.33,1959.9,20170612,41.18,61.34,48.92,,,,,0.0,0.70078778
330792,Calvert Creek,MT,45.88,-113.33,1959.9,20170613,39.56,45.68,41.9,,,,,0.0,0.29921276
330793,Calvert Creek,MT,45.88,-113.33,1959.9,20170614,36.32,61.52,49.28,,,,,0.0,0.09842525
330794,Calvert Creek,MT,45.88,-113.33,1959.9,20170615,39.56,59.0,48.92,,,,,0.0,0.20078751
330795,Calvert Creek,MT,45.88,-113.33,1959.9,20170616,42.08,57.02,49.46,,,,,0.0,0.29921276
330796,Calvert Creek,MT,45.88,-113.33,1959.9,20170617,39.56,60.62,50.36,,,,,0.0,0.0
330797,Calvert Creek,MT,45.88,-113.33,1959.9,20170618,43.34,60.26,51.26,,,,,0.0,0.0
330798,Calvert Creek,MT,45.88,-113.33,1959.9,20170619,38.84,77.0,58.46,,,,,0.0,0.09842525
330799,Calvert Creek,MT,45.88,-113.33,1959.9,20170620,48.38,80.6,64.58,,,,,0.0,0.0
330800,Calvert Creek,MT,45.88,-113.33,1959.9,20170621,48.56,68.72,58.64,,,,,0.0,0.0
330801,Calvert Creek,MT,45.88,-113.33,1959.9,20170622,39.02,63.68,51.26,,,,,0.0,0.0
330802,Calvert Creek,MT,45.88,-113.33,1959.9,20170623,33.26,69.08,51.62,,,,,0.0,0.0
330803,Calvert Creek,MT,45.88,-113.33,1959.9,20170624,38.48,72.5,55.22,,,,,0.0,0.0
330804,Calvert Creek,MT,45.88,-113.33,1959.9,20170625,40.82,78.62,60.44,,,,,0.0,0.0
330805,Calvert Creek,MT,45.88,-113.33,1959.9,20170626,45.14,81.14,63.32,,,,,0.0,0.09842525
330806,Calvert Creek,MT,45.88,-113.33,1959.9,20170627,45.14,69.8,53.78,,,,,0.0,0.29921276
330807,Calvert Creek,MT,45.88,-113.33,1959.9,20170628,41.18,68.54,54.86,,,,,0.0,0.09842525
330808,Calvert Creek,MT,45.88,-113.33,1959.9,20170629,39.2,62.6,49.82,,,,,0.0,0.0
330809,Calvert Creek,MT,45.88,-113.33,1959.9,20170630,37.58,71.96,55.4,,,,,0.0,0.0
330810,Calvert Creek,MT,45.88,-113.33,1959.9,20170701,42.98,76.82,60.98,,,,,0.0,0.0
330811,Calvert Creek,MT,45.88,-113.33,1959.9,20170702,51.08,77.18,63.14,,,,,0.0,0.0
330812,Calvert Creek,MT,45.88,-113.33,1959.9,20170703,46.4,79.34,64.22,,,,,0.0,0.0
330813,Calvert Creek,MT,45.88,-113.33,1959.9,20170704,43.16,80.06,62.78,,,,,0.0,0.0
330814,Calvert Creek,MT,45.88,-113.33,1959.9,20170705,46.22,85.28,62.42,,,,,0.0,0.0
330815,Calvert Creek,MT,45.88,-113.33,1959.9,20170706,47.66,83.84,65.3,,,,,0.0,0.0
330816,Calvert Creek,MT,45.88,-113.33,1959.9,20170707,51.98,84.74,69.08,,,,,0.0,0.0
330817,Calvert Creek,MT,45.88,-113.33,1959.9,20170708,51.44,86.54,68.9,,,,,0.0,0.0
330818,Calvert Creek,MT,45.88,-113.33,1959.9,20170709,50.54,80.24,62.6,,,,,0.0,0.0
330819,Calvert Creek,MT,45.88,-113.33,1959.9,20170710,47.12,76.1,59.18,,,,,0.0,0.0
330820,Calvert Creek,MT,45.88,-113.33,1959.9,20170711,47.48,75.2,59.72,,,,,0.0,0.0
330821,Calvert Creek,MT,45.88,-113.33,1959.9,20170712,42.98,77.9,60.98,,,,,0.0,0.0
330822,Calvert Creek,MT,45.88,-113.33,1959.9,20170713,44.6,84.2,65.3,,,,,0.0,0.0
330823,Calvert Creek,MT,45.88,-113.33,1959.9,20170714,50.54,85.46,67.28,,,,,0.0,0.0
330824,Calvert Creek,MT,45.88,-113.33,1959.9,20170715,50.9,87.26,64.58,,,,,0.0,0.0
330825,Calvert Creek,MT,45.88,-113.33,1959.9,20170716,46.4,80.24,62.06,,,,,0.0,0.0
330826,Calvert Creek,MT,45.88,-113.33,1959.9,20170717,41.9,76.28,60.08,,,,,0.0,0.0
330827,Calvert Creek,MT,45.88,-113.33,1959.9,20170718,42.26,80.78,62.42,,,,,0.0,0.0
330828,Calvert Creek,MT,45.88,-113.33,1959.9,20170719,48.2,80.96,64.22,,,,,0.0,0.0
330829,Calvert Creek,MT,45.88,-113.33,1959.9,20170720,45.32,81.68,64.4,,,,,0.0,0.0
330830,Calvert Creek,MT,45.88,-113.33,1959.9,20170721,45.68,75.74,61.16,,,,,0.0,0.0
330831,Calvert Creek,MT,45.88,-113.33,1959.9,20170722,40.46,79.52,60.26,,,,,0.0,0.0
330832,Calvert Creek,MT,45.88,-113.33,1959.9,20170723,44.96,83.48,65.48,,,,,0.0,0.0
330833,Calvert Creek,MT,45.88,-113.33,1959.9,20170724,48.92,80.24,64.58,,,,,0.0,0.0
330834,Calvert Creek,MT,45.88,-113.33,1959.9,20170725,47.66,80.42,63.86,,,,,0.0,0.0
330835,Calvert Creek,MT,45.88,-113.33,1959.9,20170726,46.22,79.52,60.08,,,,,0.0,0.0
330836,Calvert Creek,MT,45.88,-113.33,1959.9,20170727,45.14,79.16,58.46,,,,,0.0,0.0
330837,Calvert Creek,MT,45.88,-113.33,1959.9,20170728,44.96,80.78,60.08,,,,,0.0,0.0
330838,Calvert Creek,MT,45.88,-113.33,1959.9,20170729,44.78,83.3,61.88,,,,,0.0,0.0
330839,Calvert Creek,MT,45.88,-113.33,1959.9,20170730,46.58,84.56,64.76,,,,,0.0,0.0
330840,Calvert Creek,MT,45.88,-113.33,1959.9,20170731,45.32,85.64,64.76,,,,,0.0,0.0
330841,Calvert Creek,MT,45.88,-113.33,1959.9,20170801,43.16,82.58,62.78,,,,,0.0,0.0
330842,Calvert Creek,MT,45.88,-113.33,1959.9,20170802,46.76,79.88,61.88,,,,,0.0,0.0
330843,Calvert Creek,MT,45.88,-113.33,1959.9,20170803,46.76,81.5,62.78,,,,,0.0,0.0
330844,Calvert Creek,MT,45.88,-113.33,1959.9,20170804,44.6,82.22,63.14,,,,,0.0,0.0
330845,Calvert Creek,MT,45.88,-113.33,1959.9,20170805,45.5,74.48,57.92,,,,,0.0,0.0
330846,Calvert Creek,MT,45.88,-113.33,1959.9,20170806,43.88,75.38,58.28,,,,,0.0,0.0
330847,Calvert Creek,MT,45.88,-113.33,1959.9,20170807,41.18,77.0,60.08,,,,,0.0,0.0
330848,Calvert Creek,MT,45.88,-113.33,1959.9,20170808,48.02,77.36,61.88,,,,,0.0,0.0
330849,Calvert Creek,MT,45.88,-113.33,1959.9,20170809,47.66,73.22,57.56,,,,,0.0,0.0
330850,Calvert Creek,MT,45.88,-113.33,1959.9,20170810,41.54,75.38,58.1,,,,,0.0,0.0
330851,Calvert Creek,MT,45.88,-113.33,1959.9,20170811,43.16,77.18,59.18,,,,,0.0,0.0
330852,Calvert Creek,MT,45.88,-113.33,1959.9,20170812,43.16,78.98,60.8,,,,,0.0,0.0
330853,Calvert Creek,MT,45.88,-113.33,1959.9,20170813,48.92,69.8,55.4,,,,,0.0,0.0
330854,Calvert Creek,MT,45.88,-113.33,1959.9,20170814,45.32,70.16,55.4,,,,,0.0,0.0
330855,Calvert Creek,MT,45.88,-113.33,1959.9,20170815,36.5,74.12,54.68,,,,,0.0,0.20078751
330856,Calvert Creek,MT,45.88,-113.33,1959.9,20170816,39.2,75.38,57.56,,,,,0.0,0.0
330857,Calvert Creek,MT,45.88,-113.33,1959.9,20170817,42.08,74.84,58.46,,,,,0.0,0.0
330858,Calvert Creek,MT,45.88,-113.33,1959.9,20170818,38.12,79.16,60.26,,,,,0.0,0.0
330859,Calvert Creek,MT,45.88,-113.33,1959.9,20170819,44.96,74.66,59.18,,,,,0.0,0.0
330860,Calvert Creek,MT,45.88,-113.33,1959.9,20170820,37.04,72.5,55.04,,,,,0.0,0.0
330861,Calvert Creek,MT,45.88,-113.33,1959.9,20170821,39.92,74.48,56.3,,,,,0.0,0.0
330862,Calvert Creek,MT,45.88,-113.33,1959.9,20170822,40.46,82.94,60.8,,,,,0.0,0.09842525
330863,Calvert Creek,MT,45.88,-113.33,1959.9,20170823,42.62,81.5,61.7,,,,,0.0,0.0
330864,Calvert Creek,MT,45.88,-113.33,1959.9,20170824,45.86,72.68,58.28,,,,,0.0,0.0
330865,Calvert Creek,MT,45.88,-113.33,1959.9,20170825,41.72,73.94,56.48,,,,,0.0,0.0
330866,Calvert Creek,MT,45.88,-113.33,1959.9,20170826,40.82,78.8,59.36,,,,,0.0,0.0
330867,Calvert Creek,MT,45.88,-113.33,1959.9,20170827,41.72,84.02,62.06,,,,,0.0,0.0
330868,Calvert Creek,MT,45.88,-113.33,1959.9,20170828,41.9,84.74,63.14,,,,,0.0,0.0
330869,Calvert Creek,MT,45.88,-113.33,1959.9,20170829,49.82,83.48,65.12,,,,,0.0,0.0
330870,Calvert Creek,MT,45.88,-113.33,1959.9,20170830,48.56,82.94,62.24,,,,,0.0,0.0
330871,Calvert Creek,MT,45.88,-113.33,1959.9,20170831,46.22,77.0,60.8,,,,,0.0,0.0
330872,Calvert Creek,MT,45.88,-113.33,1959.9,20170901,42.62,78.44,59.72,,,,,0.0,0.0
330873,Calvert Creek,MT,45.88,-113.33,1959.9,20170902,41.54,84.02,63.14,,,,,0.0,0.0
330874,Calvert Creek,MT,45.88,-113.33,1959.9,20170903,45.32,87.44,65.66,,,,,0.0,0.0
330875,Calvert Creek,MT,45.88,-113.33,1959.9,20170904,46.94,71.06,57.38,,,,,0.0,0.0
330876,Calvert Creek,MT,45.88,-113.33,1959.9,20170905,38.84,75.2,56.3,,,,,0.0,0.0
330877,Calvert Creek,MT,45.88,-113.33,1959.9,20170906,41.9,77.54,58.1,,,,,0.0,0.0
330878,Calvert Creek,MT,45.88,-113.33,1959.9,20170907,43.16,79.34,59.72,,,,,0.0,0.0
330879,Calvert Creek,MT,45.88,-113.33,1959.9,20170908,44.96,80.96,58.82,,,,,0.0,0.0
330880,Calvert Creek,MT,45.88,-113.33,1959.9,20170909,43.7,80.42,57.56,,,,,0.0,0.0
330881,Calvert Creek,MT,45.88,-113.33,1959.9,20170910,45.32,75.2,58.46,,,,,0.0,0.0
330882,Calvert Creek,MT,45.88,-113.33,1959.9,20170911,40.1,80.06,58.64,,,,,0.0,0.0
330883,Calvert Creek,MT,45.88,-113.33,1959.9,20170912,41.36,78.98,59.54,,,,,0.0,0.0
330884,Calvert Creek,MT,45.88,-113.33,1959.9,20170913,51.08,71.96,59.9,,,,,0.0,0.0
330885,Calvert Creek,MT,45.88,-113.33,1959.9,20170914,35.06,51.08,43.7,,,,,0.0,0.0
330886,Calvert Creek,MT,45.88,-113.33,1959.9,20170915,32.72,36.68,34.52,,,,,4.0157502,0.59842552
330887,Calvert Creek,MT,45.88,-113.33,1959.9,20170916,30.74,47.66,36.32,,,,,0.0,0.0
330888,Calvert Creek,MT,45.88,-113.33,1959.9,20170917,30.38,57.38,42.08,,,,,0.0,0.40157502
330889,Calvert Creek,MT,45.88,-113.33,1959.9,20170918,34.7,49.46,41.0,,,,,0.0,0.0
330890,Calvert Creek,MT,45.88,-113.33,1959.9,20170919,32.54,44.06,35.96,,,,,0.0,0.09842525
330891,Calvert Creek,MT,45.88,-113.33,1959.9,20170920,30.56,44.06,35.42,,,,,0.0,0.09842525
330892,Calvert Creek,MT,45.88,-113.33,1959.9,20170921,30.2,43.52,35.42,,,,,0.0,0.09842525
331421,Lemhi Ridge,MT,44.99,-113.44,2468.9,20170101,-4.18,20.66,8.96,,,,,22.007885899999998,0.09842525
331422,Lemhi Ridge,MT,44.99,-113.44,2468.9,20170102,-11.2,1.76,-6.34,,,,,22.007885899999998,0.0
331423,Lemhi Ridge,MT,44.99,-113.44,2468.9,20170103,-9.04,15.62,5.0,,,,,22.007885899999998,0.09842525
331424,Lemhi Ridge,MT,44.99,-113.44,2468.9,20170104,-8.68,7.52,-2.92,,,,,22.007885899999998,0.0
331425,Lemhi Ridge,MT,44.99,-113.44,2468.9,20170105,-8.5,13.28,0.86,,,,,22.007885899999998,0.0
331426,Lemhi Ridge,MT,44.99,-113.44,2468.9,20170106,-1.12,19.58,8.78,,,,,22.007885899999998,0.0
331427,Lemhi Ridge,MT,44.99,-113.44,2468.9,20170107,6.26,23.0,14.72,,,,,20.9842633,0.09842525
331428,Lemhi Ridge,MT,44.99,-113.44,2468.9,20170108,23.0,33.08,28.4,,,,,22.992138399999998,0.20078751
331429,Lemhi Ridge,MT,44.99,-113.44,2468.9,20170109,15.98,32.0,25.34,,,,,29.015763699999997,0.50000027
331430,Lemhi Ridge,MT,44.99,-113.44,2468.9,20170110,15.44,22.82,19.58,,,,,30.984268699999998,0.09842525
331431,Lemhi Ridge,MT,44.99,-113.44,2468.9,20170111,17.24,26.42,22.46,,,,,35.0000189,0.29921276
331432,Lemhi Ridge,MT,44.99,-113.44,2468.9,20170112,5.9,22.1,12.56,,,,,32.9921438,0.0
331433,Lemhi Ridge,MT,44.99,-113.44,2468.9,20170113,6.62,27.86,13.64,,,,,30.984268699999998,0.09842525
331434,Lemhi Ridge,MT,44.99,-113.44,2468.9,20170114,9.86,31.28,17.24,,,,,29.015763699999997,0.09842525
331435,Lemhi Ridge,MT,44.99,-113.44,2468.9,20170115,14.54,33.08,20.12,,,,,30.0000162,0.09842525
331436,Lemhi Ridge,MT,44.99,-113.44,2468.9,20170116,11.12,32.0,21.02,,,,,29.015763699999997,0.09842525
331437,Lemhi Ridge,MT,44.99,-113.44,2468.9,20170117,22.64,42.26,30.92,,,,,29.015763699999997,0.09842525
331438,Lemhi Ridge,MT,44.99,-113.44,2468.9,20170118,26.24,39.02,32.72,,,,,27.9921411,0.0
331439,Lemhi Ridge,MT,44.99,-113.44,2468.9,20170119,21.2,34.16,27.14,,,,,27.0078886,0.0
331440,Lemhi Ridge,MT,44.99,-113.44,2468.9,20170120,14.36,29.3,19.58,,,,,27.0078886,0.0
331441,Lemhi Ridge,MT,44.99,-113.44,2468.9,20170121,13.82,28.58,19.58,,,,,27.0078886,0.0
331442,Lemhi Ridge,MT,44.99,-113.44,2468.9,20170122,14.0,26.96,19.58,,,,,27.0078886,0.0
331443,Lemhi Ridge,MT,44.99,-113.44,2468.9,20170123,11.84,24.62,16.52,,,,,27.0078886,0.0
331444,Lemhi Ridge,MT,44.99,-113.44,2468.9,20170124,10.04,19.4,12.74,,,,,27.0078886,0.0
331445,Lemhi Ridge,MT,44.99,-113.44,2468.9,20170125,9.14,21.2,12.38,,,,,27.0078886,0.0
331446,Lemhi Ridge,MT,44.99,-113.44,2468.9,20170126,5.36,19.22,11.48,,,,,27.0078886,0.0
331447,Lemhi Ridge,MT,44.99,-113.44,2468.9,20170127,6.26,28.94,17.06,,,,,27.0078886,0.0
331448,Lemhi Ridge,MT,44.99,-113.44,2468.9,20170128,19.4,35.96,26.96,,,,,27.0078886,0.09842525
331449,Lemhi Ridge,MT,44.99,-113.44,2468.9,20170129,26.78,41.36,31.64,,,,,25.984266,0.0
331450,Lemhi Ridge,MT,44.99,-113.44,2468.9,20170130,25.16,39.56,30.74,,,,,27.0078886,0.09842525
331451,Lemhi Ridge,MT,44.99,-113.44,2468.9,20170131,13.1,29.66,25.34,,,,,25.984266,0.0
331452,Lemhi Ridge,MT,44.99,-113.44,2468.9,20170201,-3.28,13.1,3.56,,,,,27.9921411,0.09842525
331453,Lemhi Ridge,MT,44.99,-113.44,2468.9,20170202,-3.64,18.32,5.36,,,,,29.015763699999997,0.09842525
331454,Lemhi Ridge,MT,44.99,-113.44,2468.9,20170203,16.16,36.5,26.96,,,,,29.015763699999997,0.0
331455,Lemhi Ridge,MT,44.99,-113.44,2468.9,20170204,27.32,32.0,28.76,,,,,30.984268699999998,0.09842525
331456,Lemhi Ridge,MT,44.99,-113.44,2468.9,20170205,27.86,37.58,31.28,,,,,30.0000162,0.0
331457,Lemhi Ridge,MT,44.99,-113.44,2468.9,20170206,17.78,39.74,28.76,,,,,30.984268699999998,0.09842525
331458,Lemhi Ridge,MT,44.99,-113.44,2468.9,20170207,13.1,28.94,20.84,,,,,35.9842714,0.29921276
331459,Lemhi Ridge,MT,44.99,-113.44,2468.9,20170208,21.02,33.08,27.32,,,,,35.9842714,0.0
331460,Lemhi Ridge,MT,44.99,-113.44,2468.9,20170209,32.9,40.1,37.04,,,,,32.9921438,0.0
331461,Lemhi Ridge,MT,44.99,-113.44,2468.9,20170210,24.98,36.32,30.74,,,,,34.0157664,0.09842525
331462,Lemhi Ridge,MT,44.99,-113.44,2468.9,20170211,13.1,27.5,19.76,,,,,32.9921438,0.0
331463,Lemhi Ridge,MT,44.99,-113.44,2468.9,20170212,12.02,38.48,24.44,,,,,32.9921438,0.09842525
331464,Lemhi Ridge,MT,44.99,-113.44,2468.9,20170213,21.02,41.54,29.3,,,,,32.9921438,0.09842525
331465,Lemhi Ridge,MT,44.99,-113.44,2468.9,20170214,25.52,49.64,34.52,,,,,32.0078913,0.09842525
331466,Lemhi Ridge,MT,44.99,-113.44,2468.9,20170215,28.76,51.26,38.48,,,,,30.984268699999998,0.09842525
331467,Lemhi Ridge,MT,44.99,-113.44,2468.9,20170216,26.78,46.58,35.78,,,,,32.0078913,0.0
331468,Lemhi Ridge,MT,44.99,-113.44,2468.9,20170217,25.34,40.82,29.84,,,,,30.984268699999998,0.0
331469,Lemhi Ridge,MT,44.99,-113.44,2468.9,20170218,27.32,39.2,32.0,,,,,30.984268699999998,0.09842525
331470,Lemhi Ridge,MT,44.99,-113.44,2468.9,20170219,24.62,39.74,29.48,,,,,30.984268699999998,0.0
331471,Lemhi Ridge,MT,44.99,-113.44,2468.9,20170220,24.8,38.84,30.92,,,,,32.0078913,0.09842525
331472,Lemhi Ridge,MT,44.99,-113.44,2468.9,20170221,22.46,38.3,28.76,,,,,32.9921438,0.0
331473,Lemhi Ridge,MT,44.99,-113.44,2468.9,20170222,19.22,32.9,23.72,,,,,37.007894,0.20078751
331474,Lemhi Ridge,MT,44.99,-113.44,2468.9,20170223,12.56,21.92,17.6,,,,,50.9842795,0.59842552
331475,Lemhi Ridge,MT,44.99,-113.44,2468.9,20170224,8.78,24.98,14.36,,,,,47.0078994,0.0
331476,Lemhi Ridge,MT,44.99,-113.44,2468.9,20170225,4.1,17.6,10.58,,,,,45.00002429999999,0.0
331477,Lemhi Ridge,MT,44.99,-113.44,2468.9,20170226,8.24,22.64,14.0,,,,,42.0078967,0.0
331478,Lemhi Ridge,MT,44.99,-113.44,2468.9,20170227,5.9,24.62,13.28,,,,,40.000021600000004,0.09842525
331479,Lemhi Ridge,MT,44.99,-113.44,2468.9,20170228,9.86,20.3,13.28,,,,,40.9842741,0.09842525
331480,Lemhi Ridge,MT,44.99,-113.44,2468.9,20170301,12.74,33.26,21.02,,,,,40.000021600000004,0.09842525
331481,Lemhi Ridge,MT,44.99,-113.44,2468.9,20170302,14.0,38.48,24.8,,,,,39.0157691,0.09842525
331482,Lemhi Ridge,MT,44.99,-113.44,2468.9,20170303,24.44,43.52,32.36,,,,,37.992146500000004,0.09842525
331483,Lemhi Ridge,MT,44.99,-113.44,2468.9,20170304,28.22,38.3,31.82,,,,,37.007894,0.0
331484,Lemhi Ridge,MT,44.99,-113.44,2468.9,20170305,14.54,30.38,24.62,,,,,39.0157691,0.20078751
331485,Lemhi Ridge,MT,44.99,-113.44,2468.9,20170306,11.84,24.08,15.62,,,,,40.9842741,0.09842525
331486,Lemhi Ridge,MT,44.99,-113.44,2468.9,20170307,10.76,28.04,20.48,,,,,40.000021600000004,0.0
331487,Lemhi Ridge,MT,44.99,-113.44,2468.9,20170308,26.96,34.7,31.28,,,,,37.992146500000004,0.0
331488,Lemhi Ridge,MT,44.99,-113.44,2468.9,20170309,30.92,41.9,35.06,,,,,37.007894,0.0
331489,Lemhi Ridge,MT,44.99,-113.44,2468.9,20170310,28.22,44.78,36.86,,,,,37.007894,0.0
331490,Lemhi Ridge,MT,44.99,-113.44,2468.9,20170311,24.8,47.3,34.52,,,,,37.007894,0.0
331491,Lemhi Ridge,MT,44.99,-113.44,2468.9,20170312,24.98,40.28,30.74,,,,,35.9842714,0.0
331492,Lemhi Ridge,MT,44.99,-113.44,2468.9,20170313,30.2,47.12,38.12,,,,,34.0157664,0.09842525
331493,Lemhi Ridge,MT,44.99,-113.44,2468.9,20170314,36.86,52.88,42.26,,,,,34.0157664,0.0
331494,Lemhi Ridge,MT,44.99,-113.44,2468.9,20170315,35.78,54.14,43.88,,,,,32.9921438,0.0
331495,Lemhi Ridge,MT,44.99,-113.44,2468.9,20170316,27.14,44.06,35.6,,,,,32.9921438,0.0
331496,Lemhi Ridge,MT,44.99,-113.44,2468.9,20170317,23.9,52.52,38.48,,,,,30.984268699999998,0.09842525
331497,Lemhi Ridge,MT,44.99,-113.44,2468.9,20170318,37.94,59.54,44.78,,,,,30.0000162,0.0
331498,Lemhi Ridge,MT,44.99,-113.44,2468.9,20170319,32.72,45.86,37.22,,,,,30.0000162,0.0
331499,Lemhi Ridge,MT,44.99,-113.44,2468.9,20170320,30.74,47.84,36.14,,,,,29.015763699999997,0.09842525
331500,Lemhi Ridge,MT,44.99,-113.44,2468.9,20170321,29.84,52.52,39.02,,,,,27.9921411,0.0
331501,Lemhi Ridge,MT,44.99,-113.44,2468.9,20170322,28.58,43.52,34.7,,,,,29.015763699999997,0.09842525
331502,Lemhi Ridge,MT,44.99,-113.44,2468.9,20170323,24.44,41.9,31.46,,,,,29.015763699999997,0.0
331503,Lemhi Ridge,MT,44.99,-113.44,2468.9,20170324,26.24,51.44,36.32,,,,,27.0078886,0.0
331504,Lemhi Ridge,MT,44.99,-113.44,2468.9,20170325,23.54,42.44,31.82,,,,,27.9921411,0.09842525
331505,Lemhi Ridge,MT,44.99,-113.44,2468.9,20170326,19.76,43.52,31.1,,,,,25.984266,0.0
331506,Lemhi Ridge,MT,44.99,-113.44,2468.9,20170327,22.46,43.7,31.1,,,,,27.9921411,0.09842525
331507,Lemhi Ridge,MT,44.99,-113.44,2468.9,20170328,20.3,41.54,30.02,,,,,27.9921411,0.0
331508,Lemhi Ridge,MT,44.99,-113.44,2468.9,20170329,24.44,42.08,33.26,,,,,30.0000162,0.09842525
331509,Lemhi Ridge,MT,44.99,-113.44,2468.9,20170330,28.04,38.3,32.18,,,,,35.0000189,0.09842525
331510,Lemhi Ridge,MT,44.99,-113.44,2468.9,20170331,27.14,38.84,31.1,,,,,34.0157664,0.29921276
331511,Lemhi Ridge,MT,44.99,-113.44,2468.9,20170401,26.06,43.16,34.7,,,,,32.0078913,0.29921276
331512,Lemhi Ridge,MT,44.99,-113.44,2468.9,20170402,18.32,44.42,31.1,,,,,32.0078913,0.0
331513,Lemhi Ridge,MT,44.99,-113.44,2468.9,20170403,13.28,32.72,21.2,,,,,30.984268699999998,0.09842525
331514,Lemhi Ridge,MT,44.99,-113.44,2468.9,20170404,11.12,38.3,26.24,,,,,32.0078913,0.09842525
331515,Lemhi Ridge,MT,44.99,-113.44,2468.9,20170405,25.88,47.84,35.24,,,,,32.0078913,0.09842525
331516,Lemhi Ridge,MT,44.99,-113.44,2468.9,20170406,32.72,56.48,41.9,,,,,30.0000162,0.0
331517,Lemhi Ridge,MT,44.99,-113.44,2468.9,20170407,28.58,43.7,35.78,,,,,30.984268699999998,0.09842525
331518,Lemhi Ridge,MT,44.99,-113.44,2468.9,20170408,20.3,39.38,28.58,,,,,35.9842714,0.40157502
331519,Lemhi Ridge,MT,44.99,-113.44,2468.9,20170409,17.78,34.34,24.08,,,,,34.0157664,0.0
331520,Lemhi Ridge,MT,44.99,-113.44,2468.9,20170410,17.6,39.74,26.42,,,,,34.0157664,0.09842525
331521,Lemhi Ridge,MT,44.99,-113.44,2468.9,20170411,15.98,46.04,32.0,,,,,32.9921438,0.20078751
331522,Lemhi Ridge,MT,44.99,-113.44,2468.9,20170412,29.48,53.96,40.82,,,,,30.984268699999998,0.09842525
331523,Lemhi Ridge,MT,44.99,-113.44,2468.9,20170413,26.96,60.08,39.02,,,,,34.0157664,0.29921276
331524,Lemhi Ridge,MT,44.99,-113.44,2468.9,20170414,18.32,39.02,26.6,,,,,35.9842714,0.29921276
331525,Lemhi Ridge,MT,44.99,-113.44,2468.9,20170415,15.98,36.14,25.88,,,,,35.0000189,0.09842525
331526,Lemhi Ridge,MT,44.99,-113.44,2468.9,20170416,17.96,49.82,35.78,,,,,32.0078913,0.0
331527,Lemhi Ridge,MT,44.99,-113.44,2468.9,20170417,30.92,43.88,36.32,,,,,32.9921438,0.09842525
331528,Lemhi Ridge,MT,44.99,-113.44,2468.9,20170418,27.86,48.92,36.68,,,,,32.9921438,0.09842525
331529,Lemhi Ridge,MT,44.99,-113.44,2468.9,20170419,24.8,48.56,35.6,,,,,30.0000162,0.09842525
331530,Lemhi Ridge,MT,44.99,-113.44,2468.9,20170420,24.08,39.74,31.28,,,,,34.0157664,0.09842525
331531,Lemhi Ridge,MT,44.99,-113.44,2468.9,20170421,23.54,38.84,28.76,,,,,32.9921438,0.20078751
331532,Lemhi Ridge,MT,44.99,-113.44,2468.9,20170422,24.26,52.16,37.04,,,,,32.0078913,0.20078751
331533,Lemhi Ridge,MT,44.99,-113.44,2468.9,20170423,31.1,47.84,35.6,,,,,35.0000189,0.09842525
331534,Lemhi Ridge,MT,44.99,-113.44,2468.9,20170424,28.76,41.72,32.54,,,,,35.9842714,0.09842525
331535,Lemhi Ridge,MT,44.99,-113.44,2468.9,20170425,27.86,43.52,32.72,,,,,32.9921438,0.09842525
331536,Lemhi Ridge,MT,44.99,-113.44,2468.9,20170426,26.06,41.36,31.46,,,,,35.9842714,0.09842525
331537,Lemhi Ridge,MT,44.99,-113.44,2468.9,20170427,17.6,37.58,27.68,,,,,34.0157664,0.09842525
331538,Lemhi Ridge,MT,44.99,-113.44,2468.9,20170428,17.96,41.36,29.48,,,,,34.0157664,0.29921276
331539,Lemhi Ridge,MT,44.99,-113.44,2468.9,20170429,21.74,48.38,34.52,,,,,34.0157664,0.20078751
331540,Lemhi Ridge,MT,44.99,-113.44,2468.9,20170430,30.56,46.58,35.42,,,,,34.0157664,0.09842525
331541,Lemhi Ridge,MT,44.99,-113.44,2468.9,20170501,26.24,48.02,35.96,,,,,32.0078913,0.09842525
331542,Lemhi Ridge,MT,44.99,-113.44,2468.9,20170502,28.76,47.3,36.5,,,,,32.0078913,0.0
331543,Lemhi Ridge,MT,44.99,-113.44,2468.9,20170503,28.04,55.4,42.62,,,,,30.0000162,0.09842525
331544,Lemhi Ridge,MT,44.99,-113.44,2468.9,20170504,37.4,67.1,52.34,,,,,27.0078886,0.0
331545,Lemhi Ridge,MT,44.99,-113.44,2468.9,20170505,40.28,68.72,53.78,,,,,24.015760999999998,0.0
331546,Lemhi Ridge,MT,44.99,-113.44,2468.9,20170506,38.66,65.48,48.56,,,,,22.992138399999998,0.0
331547,Lemhi Ridge,MT,44.99,-113.44,2468.9,20170507,30.02,51.8,38.66,,,,,20.000010800000002,0.0
331548,Lemhi Ridge,MT,44.99,-113.44,2468.9,20170508,29.48,53.6,39.56,,,,,19.0157583,0.09842525
331549,Lemhi Ridge,MT,44.99,-113.44,2468.9,20170509,34.88,56.84,45.5,,,,,15.0000081,0.0
331550,Lemhi Ridge,MT,44.99,-113.44,2468.9,20170510,36.32,62.96,50.0,,,,,10.9842579,0.0
331551,Lemhi Ridge,MT,44.99,-113.44,2468.9,20170511,41.54,67.28,53.06,,,,,5.984255200000001,0.0
331552,Lemhi Ridge,MT,44.99,-113.44,2468.9,20170512,27.86,64.76,45.14,,,,,4.0157502,0.0
331553,Lemhi Ridge,MT,44.99,-113.44,2468.9,20170513,22.1,37.94,28.22,,,,,7.9921303,0.0
331554,Lemhi Ridge,MT,44.99,-113.44,2468.9,20170514,19.76,46.04,32.72,,,,,5.0000027000000005,0.09842525
331555,Lemhi Ridge,MT,44.99,-113.44,2468.9,20170515,29.84,47.66,36.86,,,,,2.9921276000000003,0.09842525
331556,Lemhi Ridge,MT,44.99,-113.44,2468.9,20170516,24.26,44.78,35.24,,,,,5.0000027000000005,0.0
331557,Lemhi Ridge,MT,44.99,-113.44,2468.9,20170517,21.74,33.98,27.14,,,,,10.9842579,2.20078859
331558,Lemhi Ridge,MT,44.99,-113.44,2468.9,20170518,29.66,36.68,32.9,,,,,10.9842579,0.29921276
331559,Lemhi Ridge,MT,44.99,-113.44,2468.9,20170519,31.28,46.76,36.5,,,,,10.000005400000001,0.09842525
331560,Lemhi Ridge,MT,44.99,-113.44,2468.9,20170520,33.44,55.58,42.44,,,,,5.984255200000001,0.0
331561,Lemhi Ridge,MT,44.99,-113.44,2468.9,20170521,35.06,56.84,44.42,,,,,2.9921276000000003,0.0
331562,Lemhi Ridge,MT,44.99,-113.44,2468.9,20170522,36.86,60.08,48.2,,,,,0.0,0.09842525
331563,Lemhi Ridge,MT,44.99,-113.44,2468.9,20170523,40.28,65.84,52.7,,,,,0.0,0.20078751
331564,Lemhi Ridge,MT,44.99,-113.44,2468.9,20170524,28.4,55.04,46.4,,,,,0.0,0.0
331565,Lemhi Ridge,MT,44.99,-113.44,2468.9,20170525,26.6,48.56,36.68,,,,,0.0,0.0
331566,Lemhi Ridge,MT,44.99,-113.44,2468.9,20170526,31.1,47.48,37.94,,,,,0.0,0.0
331567,Lemhi Ridge,MT,44.99,-113.44,2468.9,20170527,32.9,57.38,44.96,,,,,0.0,0.40157502
331568,Lemhi Ridge,MT,44.99,-113.44,2468.9,20170528,39.92,63.5,51.44,,,,,0.0,0.09842525
331569,Lemhi Ridge,MT,44.99,-113.44,2468.9,20170529,41.0,68.18,53.78,,,,,0.0,0.0
331570,Lemhi Ridge,MT,44.99,-113.44,2468.9,20170530,44.96,68.9,55.76,,,,,0.0,0.09842525
331571,Lemhi Ridge,MT,44.99,-113.44,2468.9,20170531,45.5,75.38,58.1,,,,,0.0,0.09842525
331572,Lemhi Ridge,MT,44.99,-113.44,2468.9,20170601,39.92,65.66,50.18,,,,,0.0,0.40157502
331573,Lemhi Ridge,MT,44.99,-113.44,2468.9,20170602,40.28,60.26,48.74,,,,,0.0,0.0
331574,Lemhi Ridge,MT,44.99,-113.44,2468.9,20170603,42.62,69.08,56.48,,,,,0.0,0.0
331575,Lemhi Ridge,MT,44.99,-113.44,2468.9,20170604,37.58,72.32,55.94,,,,,0.0,0.09842525
331576,Lemhi Ridge,MT,44.99,-113.44,2468.9,20170605,35.24,59.9,46.58,,,,,0.0,0.29921276
331577,Lemhi Ridge,MT,44.99,-113.44,2468.9,20170606,41.0,66.56,53.24,,,,,0.0,0.09842525
331578,Lemhi Ridge,MT,44.99,-113.44,2468.9,20170607,48.38,75.92,60.62,,,,,0.0,0.09842525
331579,Lemhi Ridge,MT,44.99,-113.44,2468.9,20170608,46.58,75.56,58.1,,,,,0.0,0.09842525
331580,Lemhi Ridge,MT,44.99,-113.44,2468.9,20170609,37.76,58.1,47.3,,,,,0.0,0.0
331581,Lemhi Ridge,MT,44.99,-113.44,2468.9,20170610,28.58,46.04,35.42,,,,,0.0,0.20078751
331582,Lemhi Ridge,MT,44.99,-113.44,2468.9,20170611,27.86,57.2,42.44,,,,,0.0,0.40157502
331583,Lemhi Ridge,MT,44.99,-113.44,2468.9,20170612,34.16,52.7,41.0,,,,,0.0,0.29921276
331584,Lemhi Ridge,MT,44.99,-113.44,2468.9,20170613,31.28,36.5,34.52,,,,,4.0157502,1.40157556
331585,Lemhi Ridge,MT,44.99,-113.44,2468.9,20170614,34.16,55.22,43.88,,,,,0.0,0.29921276
331586,Lemhi Ridge,MT,44.99,-113.44,2468.9,20170615,37.94,53.96,46.94,,,,,0.0,0.59842552
331587,Lemhi Ridge,MT,44.99,-113.44,2468.9,20170616,39.38,51.44,44.06,,,,,0.0,0.0
331588,Lemhi Ridge,MT,44.99,-113.44,2468.9,20170617,35.42,56.3,44.96,,,,,0.0,0.0
331589,Lemhi Ridge,MT,44.99,-113.44,2468.9,20170618,41.18,56.84,47.84,,,,,0.0,0.0
331590,Lemhi Ridge,MT,44.99,-113.44,2468.9,20170619,40.28,70.52,56.84,,,,,0.0,0.0
331591,Lemhi Ridge,MT,44.99,-113.44,2468.9,20170620,51.44,77.18,63.32,,,,,0.0,0.0
331592,Lemhi Ridge,MT,44.99,-113.44,2468.9,20170621,46.4,68.54,56.48,,,,,0.0,0.0
331593,Lemhi Ridge,MT,44.99,-113.44,2468.9,20170622,37.4,60.08,48.02,,,,,0.0,0.0
331594,Lemhi Ridge,MT,44.99,-113.44,2468.9,20170623,35.42,62.24,50.0,,,,,0.0,0.0
331595,Lemhi Ridge,MT,44.99,-113.44,2468.9,20170624,40.64,68.36,54.68,,,,,0.0,0.0
331596,Lemhi Ridge,MT,44.99,-113.44,2468.9,20170625,45.68,73.58,59.54,,,,,0.0,0.0
331597,Lemhi Ridge,MT,44.99,-113.44,2468.9,20170626,47.84,80.78,62.78,,,,,0.0,0.0
331598,Lemhi Ridge,MT,44.99,-113.44,2468.9,20170627,42.44,62.78,50.18,,,,,0.0,0.0
331599,Lemhi Ridge,MT,44.99,-113.44,2468.9,20170628,40.1,60.8,48.38,,,,,0.0,0.09842525
331600,Lemhi Ridge,MT,44.99,-113.44,2468.9,20170629,38.3,58.1,45.5,,,,,0.0,0.0
331601,Lemhi Ridge,MT,44.99,-113.44,2468.9,20170630,39.74,67.64,54.14,,,,,0.0,0.0
331602,Lemhi Ridge,MT,44.99,-113.44,2468.9,20170701,47.84,71.24,60.26,,,,,0.0,0.0
331603,Lemhi Ridge,MT,44.99,-113.44,2468.9,20170702,51.8,73.58,61.88,,,,,0.0,0.0
331604,Lemhi Ridge,MT,44.99,-113.44,2468.9,20170703,51.44,75.92,63.5,,,,,0.0,0.0
331605,Lemhi Ridge,MT,44.99,-113.44,2468.9,20170704,51.26,76.1,63.5,,,,,0.0,0.0
331606,Lemhi Ridge,MT,44.99,-113.44,2468.9,20170705,53.42,82.58,65.48,,,,,0.0,0.0
331607,Lemhi Ridge,MT,44.99,-113.44,2468.9,20170706,53.42,80.06,66.74,,,,,0.0,0.0
331608,Lemhi Ridge,MT,44.99,-113.44,2468.9,20170707,56.3,80.6,67.82,,,,,0.0,0.0
331609,Lemhi Ridge,MT,44.99,-113.44,2468.9,20170708,57.38,84.02,68.72,,,,,0.0,0.0
331610,Lemhi Ridge,MT,44.99,-113.44,2468.9,20170709,54.32,77.54,62.96,,,,,0.0,0.0
331611,Lemhi Ridge,MT,44.99,-113.44,2468.9,20170710,51.26,75.74,62.24,,,,,0.0,0.0
331612,Lemhi Ridge,MT,44.99,-113.44,2468.9,20170711,47.48,72.32,59.18,,,,,0.0,0.0
331613,Lemhi Ridge,MT,44.99,-113.44,2468.9,20170712,48.38,74.84,61.16,,,,,0.0,0.0
331614,Lemhi Ridge,MT,44.99,-113.44,2468.9,20170713,54.32,82.22,67.28,,,,,0.0,0.0
331615,Lemhi Ridge,MT,44.99,-113.44,2468.9,20170714,54.5,82.04,66.38,,,,,0.0,0.0
331616,Lemhi Ridge,MT,44.99,-113.44,2468.9,20170715,53.42,82.58,62.78,,,,,0.0,0.0
331617,Lemhi Ridge,MT,44.99,-113.44,2468.9,20170716,51.44,75.56,62.06,,,,,0.0,0.0
331618,Lemhi Ridge,MT,44.99,-113.44,2468.9,20170717,47.66,72.86,59.54,,,,,0.0,0.0
331619,Lemhi Ridge,MT,44.99,-113.44,2468.9,20170718,50.9,76.82,62.42,,,,,0.0,0.0
331620,Lemhi Ridge,MT,44.99,-113.44,2468.9,20170719,51.26,78.8,64.22,,,,,0.0,0.0
331621,Lemhi Ridge,MT,44.99,-113.44,2468.9,20170720,49.64,77.36,63.86,,,,,0.0,0.0
331622,Lemhi Ridge,MT,44.99,-113.44,2468.9,20170721,45.32,72.32,58.82,,,,,0.0,0.0
331623,Lemhi Ridge,MT,44.99,-113.44,2468.9,20170722,48.38,75.38,61.88,,,,,0.0,0.0
331624,Lemhi Ridge,MT,44.99,-113.44,2468.9,20170723,53.78,78.26,65.3,,,,,0.0,0.0
331625,Lemhi Ridge,MT,44.99,-113.44,2468.9,20170724,49.64,75.74,61.16,,,,,0.0,0.0
331626,Lemhi Ridge,MT,44.99,-113.44,2468.9,20170725,49.28,71.24,58.46,,,,,0.0,0.0
331627,Lemhi Ridge,MT,44.99,-113.44,2468.9,20170726,47.84,68.54,56.12,,,,,0.0,0.0
331628,Lemhi Ridge,MT,44.99,-113.44,2468.9,20170727,47.3,67.64,54.14,,,,,0.0,0.0
331629,Lemhi Ridge,MT,44.99,-113.44,2468.9,20170728,48.56,75.56,59.54,,,,,0.0,0.0
331630,Lemhi Ridge,MT,44.99,-113.44,2468.9,20170729,51.44,76.82,63.14,,,,,0.0,0.0
331631,Lemhi Ridge,MT,44.99,-113.44,2468.9,20170730,56.3,78.08,66.56,,,,,0.0,0.0
331632,Lemhi Ridge,MT,44.99,-113.44,2468.9,20170731,54.86,80.06,66.38,,,,,0.0,0.0
331633,Lemhi Ridge,MT,44.99,-113.44,2468.9,20170801,54.68,77.72,65.84,,,,,0.0,0.0
331634,Lemhi Ridge,MT,44.99,-113.44,2468.9,20170802,50.72,77.36,61.34,,,,,0.0,0.0
331635,Lemhi Ridge,MT,44.99,-113.44,2468.9,20170803,45.14,76.64,61.34,,,,,0.0,0.0
331636,Lemhi Ridge,MT,44.99,-113.44,2468.9,20170804,52.16,75.92,63.86,,,,,0.0,0.0
331637,Lemhi Ridge,MT,44.99,-113.44,2468.9,20170805,46.58,71.6,58.1,,,,,0.0,0.0
331638,Lemhi Ridge,MT,44.99,-113.44,2468.9,20170806,43.7,68.18,55.04,,,,,0.0,0.0
331639,Lemhi Ridge,MT,44.99,-113.44,2468.9,20170807,48.02,72.14,57.92,,,,,0.0,0.0
331640,Lemhi Ridge,MT,44.99,-113.44,2468.9,20170808,51.44,73.22,57.92,,,,,0.0,0.0
331641,Lemhi Ridge,MT,44.99,-113.44,2468.9,20170809,46.76,69.8,56.12,,,,,0.0,0.0
331642,Lemhi Ridge,MT,44.99,-113.44,2468.9,20170810,47.3,71.06,58.46,,,,,0.0,0.0
331643,Lemhi Ridge,MT,44.99,-113.44,2468.9,20170811,49.82,72.68,58.64,,,,,0.0,0.0
331644,Lemhi Ridge,MT,44.99,-113.44,2468.9,20170812,50.18,73.4,60.98,,,,,0.0,0.0
331645,Lemhi Ridge,MT,44.99,-113.44,2468.9,20170813,47.3,68.9,54.5,,,,,0.0,0.0
331646,Lemhi Ridge,MT,44.99,-113.44,2468.9,20170814,44.96,62.78,52.16,,,,,0.0,0.0
331647,Lemhi Ridge,MT,44.99,-113.44,2468.9,20170815,41.9,68.0,54.5,,,,,0.0,0.0
331648,Lemhi Ridge,MT,44.99,-113.44,2468.9,20170816,46.58,70.52,57.56,,,,,0.0,0.0
331649,Lemhi Ridge,MT,44.99,-113.44,2468.9,20170817,45.68,69.62,57.02,,,,,0.0,0.0
331650,Lemhi Ridge,MT,44.99,-113.44,2468.9,20170818,47.12,73.76,59.54,,,,,0.0,0.0
331651,Lemhi Ridge,MT,44.99,-113.44,2468.9,20170819,46.94,73.58,58.46,,,,,0.0,0.0
331652,Lemhi Ridge,MT,44.99,-113.44,2468.9,20170820,39.92,68.18,54.86,,,,,0.0,0.0
331653,Lemhi Ridge,MT,44.99,-113.44,2468.9,20170821,46.58,70.34,57.2,,,,,0.0,0.0
331654,Lemhi Ridge,MT,44.99,-113.44,2468.9,20170822,50.18,77.0,64.04,,,,,0.0,0.0
331655,Lemhi Ridge,MT,44.99,-113.44,2468.9,20170823,52.34,73.94,62.6,,,,,0.0,0.0
331656,Lemhi Ridge,MT,44.99,-113.44,2468.9,20170824,47.66,66.92,56.3,,,,,0.0,0.0
331657,Lemhi Ridge,MT,44.99,-113.44,2468.9,20170825,46.04,73.22,59.0,,,,,0.0,0.0
331658,Lemhi Ridge,MT,44.99,-113.44,2468.9,20170826,46.58,73.76,60.08,,,,,0.0,0.0
331659,Lemhi Ridge,MT,44.99,-113.44,2468.9,20170827,52.7,77.36,64.04,,,,,0.0,0.0
331660,Lemhi Ridge,MT,44.99,-113.44,2468.9,20170828,55.4,79.16,66.2,,,,,0.0,0.0
331661,Lemhi Ridge,MT,44.99,-113.44,2468.9,20170829,57.02,79.52,66.56,,,,,0.0,0.0
331662,Lemhi Ridge,MT,44.99,-113.44,2468.9,20170830,49.46,74.84,60.08,,,,,0.0,0.0
331663,Lemhi Ridge,MT,44.99,-113.44,2468.9,20170831,47.3,72.32,59.18,,,,,0.0,0.0
331664,Lemhi Ridge,MT,44.99,-113.44,2468.9,20170901,46.4,72.14,58.28,,,,,0.0,0.0
331665,Lemhi Ridge,MT,44.99,-113.44,2468.9,20170902,51.8,78.98,64.4,,,,,0.0,0.0
331666,Lemhi Ridge,MT,44.99,-113.44,2468.9,20170903,55.04,81.5,67.64,,,,,0.0,0.0
331667,Lemhi Ridge,MT,44.99,-113.44,2468.9,20170904,47.12,74.3,60.08,,,,,0.0,0.0
331668,Lemhi Ridge,MT,44.99,-113.44,2468.9,20170905,42.08,73.04,57.56,,,,,0.0,0.40157502
331669,Lemhi Ridge,MT,44.99,-113.44,2468.9,20170906,53.24,75.38,63.5,,,,,0.0,0.0
331670,Lemhi Ridge,MT,44.99,-113.44,2468.9,20170907,54.86,77.18,63.86,,,,,0.0,0.0
331671,Lemhi Ridge,MT,44.99,-113.44,2468.9,20170908,51.98,77.0,60.98,,,,,0.0,0.0
331672,Lemhi Ridge,MT,44.99,-113.44,2468.9,20170909,51.26,72.68,59.18,,,,,0.0,0.0
331673,Lemhi Ridge,MT,44.99,-113.44,2468.9,20170910,47.48,70.52,57.92,,,,,0.0,0.0
331674,Lemhi Ridge,MT,44.99,-113.44,2468.9,20170911,46.04,73.58,59.9,,,,,0.0,0.0
331675,Lemhi Ridge,MT,44.99,-113.44,2468.9,20170912,53.24,73.58,62.06,,,,,0.0,0.0
331676,Lemhi Ridge,MT,44.99,-113.44,2468.9,20170913,46.76,63.86,53.96,,,,,0.0,0.0
331677,Lemhi Ridge,MT,44.99,-113.44,2468.9,20170914,33.44,58.1,43.7,,,,,0.0,0.29921276
331678,Lemhi Ridge,MT,44.99,-113.44,2468.9,20170915,27.5,34.34,30.74,,,,,4.0157502,0.70078778
331679,Lemhi Ridge,MT,44.99,-113.44,2468.9,20170916,27.68,37.04,31.28,,,,,2.9921276000000003,0.0
331680,Lemhi Ridge,MT,44.99,-113.44,2468.9,20170917,29.84,49.46,39.2,,,,,0.0,0.09842525
331681,Lemhi Ridge,MT,44.99,-113.44,2468.9,20170918,30.74,45.86,38.12,,,,,2.0078751,0.20078751
331682,Lemhi Ridge,MT,44.99,-113.44,2468.9,20170919,28.76,36.86,31.46,,,,,2.9921276000000003,0.20078751
331683,Lemhi Ridge,MT,44.99,-113.44,2468.9,20170920,27.5,36.68,32.36,,,,,4.0157502,0.09842525
331684,Lemhi Ridge,MT,44.99,-113.44,2468.9,20170921,28.04,36.32,30.74,,,,,2.9921276000000003,0.09842525
333797,Grave Creek,MT,48.91,-114.77,1310.6,20170101,5.0,22.82,13.82,,,,,27.9921411,0.0
333798,Grave Creek,MT,48.91,-114.77,1310.6,20170102,-7.78,12.92,2.3,,,,,27.0078886,0.0
333799,Grave Creek,MT,48.91,-114.77,1310.6,20170103,-15.7,5.9,-4.18,,,,,27.0078886,0.0
333800,Grave Creek,MT,48.91,-114.77,1310.6,20170104,-18.94,2.84,-12.46,,,,,25.984266,0.0
333801,Grave Creek,MT,48.91,-114.77,1310.6,20170105,-16.78,13.1,1.22,,,,,25.984266,0.0
333802,Grave Creek,MT,48.91,-114.77,1310.6,20170106,-0.58,19.4,9.5,,,,,25.984266,0.09842525
333803,Grave Creek,MT,48.91,-114.77,1310.6,20170107,-3.82,14.72,5.0,,,,,25.984266,0.09842525
333804,Grave Creek,MT,48.91,-114.77,1310.6,20170108,6.98,23.0,13.1,,,,,29.015763699999997,0.09842525
333805,Grave Creek,MT,48.91,-114.77,1310.6,20170109,13.28,30.74,22.82,,,,,30.984268699999998,0.59842552
333806,Grave Creek,MT,48.91,-114.77,1310.6,20170110,0.5,25.88,17.96,,,,,30.984268699999998,0.0
333807,Grave Creek,MT,48.91,-114.77,1310.6,20170111,-11.2,8.06,-3.64,,,,,30.0000162,0.0
333808,Grave Creek,MT,48.91,-114.77,1310.6,20170112,-11.2,15.26,-0.94,,,,,30.0000162,0.0
333809,Grave Creek,MT,48.91,-114.77,1310.6,20170113,-5.62,16.88,5.72,,,,,29.015763699999997,0.0
333810,Grave Creek,MT,48.91,-114.77,1310.6,20170114,5.0,20.66,12.74,,,,,29.015763699999997,0.0
333811,Grave Creek,MT,48.91,-114.77,1310.6,20170115,-1.3,20.48,5.9,,,,,27.9921411,0.0
333812,Grave Creek,MT,48.91,-114.77,1310.6,20170116,-0.94,24.44,10.94,,,,,27.9921411,0.09842525
333813,Grave Creek,MT,48.91,-114.77,1310.6,20170117,18.5,33.98,28.4,,,,,27.9921411,0.09842525
333814,Grave Creek,MT,48.91,-114.77,1310.6,20170118,30.02,35.6,33.8,,,,,29.015763699999997,0.40157502
333815,Grave Creek,MT,48.91,-114.77,1310.6,20170119,32.9,37.58,35.06,,,,,27.9921411,0.0
333816,Grave Creek,MT,48.91,-114.77,1310.6,20170120,20.84,39.56,30.92,,,,,27.9921411,0.0
333817,Grave Creek,MT,48.91,-114.77,1310.6,20170121,17.78,30.38,24.44,,,,,27.9921411,0.0
333818,Grave Creek,MT,48.91,-114.77,1310.6,20170122,26.24,36.32,29.3,,,,,27.0078886,0.09842525
333819,Grave Creek,MT,48.91,-114.77,1310.6,20170123,12.02,35.78,24.26,,,,,27.9921411,0.0
333820,Grave Creek,MT,48.91,-114.77,1310.6,20170124,7.16,29.3,18.14,,,,,27.0078886,0.09842525
333821,Grave Creek,MT,48.91,-114.77,1310.6,20170125,10.94,29.48,20.3,,,,,27.0078886,0.0
333822,Grave Creek,MT,48.91,-114.77,1310.6,20170126,8.24,29.12,19.58,,,,,27.0078886,0.0
333823,Grave Creek,MT,48.91,-114.77,1310.6,20170127,23.54,29.84,27.32,,,,,27.0078886,0.0
333824,Grave Creek,MT,48.91,-114.77,1310.6,20170128,17.6,37.94,28.58,,,,,27.0078886,0.0
333825,Grave Creek,MT,48.91,-114.77,1310.6,20170129,14.54,42.98,28.58,,,,,27.0078886,0.0
333826,Grave Creek,MT,48.91,-114.77,1310.6,20170130,25.34,35.96,32.36,,,,,27.0078886,0.0
333827,Grave Creek,MT,48.91,-114.77,1310.6,20170131,6.44,31.28,18.32,,,,,27.0078886,0.0
333828,Grave Creek,MT,48.91,-114.77,1310.6,20170201,-0.76,22.46,9.86,,,,,27.0078886,0.0
333829,Grave Creek,MT,48.91,-114.77,1310.6,20170202,-4.72,20.12,3.02,,,,,27.0078886,0.0
333830,Grave Creek,MT,48.91,-114.77,1310.6,20170203,-4.36,18.86,8.24,,,,,30.984268699999998,0.40157502
333831,Grave Creek,MT,48.91,-114.77,1310.6,20170204,13.46,24.8,17.78,,,,,35.0000189,0.59842552
333832,Grave Creek,MT,48.91,-114.77,1310.6,20170205,9.14,33.98,27.86,,,,,45.984276799999996,1.40157556
333833,Grave Creek,MT,48.91,-114.77,1310.6,20170206,7.52,22.64,14.36,,,,,52.0079021,0.50000027
333834,Grave Creek,MT,48.91,-114.77,1310.6,20170207,-1.12,24.8,11.3,,,,,50.000027,0.0
333835,Grave Creek,MT,48.91,-114.77,1310.6,20170208,2.48,20.66,12.2,,,,,50.9842795,0.20078751
333836,Grave Creek,MT,48.91,-114.77,1310.6,20170209,12.02,39.2,28.58,,,,,52.9921546,2.09842633
333837,Grave Creek,MT,48.91,-114.77,1310.6,20170210,30.38,38.3,35.06,,,,,50.000027,0.40157502
333838,Grave Creek,MT,48.91,-114.77,1310.6,20170211,24.08,35.24,29.48,,,,,49.0157745,0.0
333839,Grave Creek,MT,48.91,-114.77,1310.6,20170212,18.5,39.38,27.68,,,,,49.0157745,0.0
333840,Grave Creek,MT,48.91,-114.77,1310.6,20170213,18.5,45.14,27.32,,,,,47.992151899999996,0.09842525
333841,Grave Creek,MT,48.91,-114.77,1310.6,20170214,16.34,50.54,27.86,,,,,47.0078994,0.09842525
333842,Grave Creek,MT,48.91,-114.77,1310.6,20170215,22.1,45.68,33.26,,,,,45.984276799999996,0.09842525
333843,Grave Creek,MT,48.91,-114.77,1310.6,20170216,35.42,40.46,37.04,,,,,45.00002429999999,1.00000054
333844,Grave Creek,MT,48.91,-114.77,1310.6,20170217,26.6,45.5,34.88,,,,,44.015771799999996,0.0
333845,Grave Creek,MT,48.91,-114.77,1310.6,20170218,25.16,34.7,31.28,,,,,45.00002429999999,0.20078751
333846,Grave Creek,MT,48.91,-114.77,1310.6,20170219,31.64,40.46,34.7,,,,,45.00002429999999,0.20078751
333847,Grave Creek,MT,48.91,-114.77,1310.6,20170220,30.74,37.76,33.98,,,,,45.00002429999999,0.20078751
333848,Grave Creek,MT,48.91,-114.77,1310.6,20170221,30.02,36.32,33.26,,,,,45.984276799999996,0.09842525
333849,Grave Creek,MT,48.91,-114.77,1310.6,20170222,19.22,39.74,30.02,,,,,45.00002429999999,0.0
333850,Grave Creek,MT,48.91,-114.77,1310.6,20170223,12.56,33.44,22.64,,,,,44.015771799999996,0.09842525
333851,Grave Creek,MT,48.91,-114.77,1310.6,20170224,9.14,28.58,19.94,,,,,44.015771799999996,0.29921276
333852,Grave Creek,MT,48.91,-114.77,1310.6,20170225,18.86,27.68,22.64,,,,,52.9921546,0.40157502
333853,Grave Creek,MT,48.91,-114.77,1310.6,20170226,11.48,24.26,20.12,,,,,52.9921546,0.0
333854,Grave Creek,MT,48.91,-114.77,1310.6,20170227,10.76,27.86,19.4,,,,,52.9921546,0.09842525
333855,Grave Creek,MT,48.91,-114.77,1310.6,20170228,18.14,30.56,22.1,,,,,55.9842822,0.20078751
333856,Grave Creek,MT,48.91,-114.77,1310.6,20170301,19.76,34.16,27.32,,,,,57.0079048,0.40157502
333857,Grave Creek,MT,48.91,-114.77,1310.6,20170302,27.14,35.78,31.28,,,,,55.9842822,0.0
333858,Grave Creek,MT,48.91,-114.77,1310.6,20170303,31.46,36.14,33.62,,,,,55.0000297,0.29921276
333859,Grave Creek,MT,48.91,-114.77,1310.6,20170304,26.96,37.58,33.44,,,,,55.0000297,0.09842525
333860,Grave Creek,MT,48.91,-114.77,1310.6,20170305,16.7,36.86,26.06,,,,,57.0079048,0.09842525
333861,Grave Creek,MT,48.91,-114.77,1310.6,20170306,19.22,29.84,24.26,,,,,57.992157299999995,0.09842525
333862,Grave Creek,MT,48.91,-114.77,1310.6,20170307,23.0,35.06,26.6,,,,,57.992157299999995,0.20078751
333863,Grave Creek,MT,48.91,-114.77,1310.6,20170308,23.18,35.78,28.76,,,,,57.0079048,0.09842525
333864,Grave Creek,MT,48.91,-114.77,1310.6,20170309,23.54,35.78,27.86,,,,,57.0079048,0.09842525
333865,Grave Creek,MT,48.91,-114.77,1310.6,20170310,23.0,38.48,31.82,,,,,57.0079048,0.40157502
333866,Grave Creek,MT,48.91,-114.77,1310.6,20170311,32.9,48.38,38.12,,,,,55.0000297,0.50000027
333867,Grave Creek,MT,48.91,-114.77,1310.6,20170312,34.52,44.24,37.94,,,,,55.0000297,0.50000027
333868,Grave Creek,MT,48.91,-114.77,1310.6,20170313,34.34,37.22,35.24,,,,,55.0000297,0.40157502
333869,Grave Creek,MT,48.91,-114.77,1310.6,20170314,34.34,38.48,36.32,,,,,52.9921546,0.90157529
333870,Grave Creek,MT,48.91,-114.77,1310.6,20170315,36.32,43.7,38.84,,,,,50.9842795,0.79921303
333871,Grave Creek,MT,48.91,-114.77,1310.6,20170316,30.02,41.0,36.68,,,,,50.000027,0.29921276
333872,Grave Creek,MT,48.91,-114.77,1310.6,20170317,23.0,48.38,36.32,,,,,49.0157745,0.09842525
333873,Grave Creek,MT,48.91,-114.77,1310.6,20170318,34.7,48.56,40.82,,,,,47.0078994,0.29921276
333874,Grave Creek,MT,48.91,-114.77,1310.6,20170319,22.1,46.4,34.88,,,,,47.0078994,0.0
333875,Grave Creek,MT,48.91,-114.77,1310.6,20170320,17.96,47.84,32.9,,,,,45.00002429999999,0.09842525
333876,Grave Creek,MT,48.91,-114.77,1310.6,20170321,34.16,54.32,37.94,,,,,44.015771799999996,0.0
333877,Grave Creek,MT,48.91,-114.77,1310.6,20170322,34.52,50.54,38.66,,,,,42.9921492,0.40157502
333878,Grave Creek,MT,48.91,-114.77,1310.6,20170323,25.7,48.74,35.6,,,,,42.9921492,0.20078751
333879,Grave Creek,MT,48.91,-114.77,1310.6,20170324,23.0,44.24,34.52,,,,,42.9921492,0.20078751
333880,Grave Creek,MT,48.91,-114.77,1310.6,20170325,33.62,47.12,37.4,,,,,42.0078967,0.20078751
333881,Grave Creek,MT,48.91,-114.77,1310.6,20170326,31.28,51.08,38.48,,,,,40.9842741,0.09842525
333882,Grave Creek,MT,48.91,-114.77,1310.6,20170327,34.34,48.38,37.4,,,,,40.000021600000004,0.09842525
333883,Grave Creek,MT,48.91,-114.77,1310.6,20170328,34.16,38.48,35.42,,,,,40.9842741,0.50000027
333884,Grave Creek,MT,48.91,-114.77,1310.6,20170329,34.34,41.54,36.68,,,,,42.0078967,0.50000027
333885,Grave Creek,MT,48.91,-114.77,1310.6,20170330,33.44,49.64,38.84,,,,,40.000021600000004,0.40157502
333886,Grave Creek,MT,48.91,-114.77,1310.6,20170331,30.02,56.66,39.38,,,,,40.000021600000004,0.0
333887,Grave Creek,MT,48.91,-114.77,1310.6,20170401,28.58,43.34,35.42,,,,,39.0157691,0.09842525
333888,Grave Creek,MT,48.91,-114.77,1310.6,20170402,30.74,48.56,36.14,,,,,40.000021600000004,0.09842525
333889,Grave Creek,MT,48.91,-114.77,1310.6,20170403,21.74,47.84,33.26,,,,,40.000021600000004,0.29921276
333890,Grave Creek,MT,48.91,-114.77,1310.6,20170404,18.14,52.16,33.08,,,,,37.992146500000004,0.20078751
333891,Grave Creek,MT,48.91,-114.77,1310.6,20170405,27.32,51.8,38.12,,,,,37.992146500000004,0.0
333892,Grave Creek,MT,48.91,-114.77,1310.6,20170406,34.34,48.02,39.38,,,,,37.992146500000004,0.09842525
333893,Grave Creek,MT,48.91,-114.77,1310.6,20170407,32.9,51.08,36.68,,,,,37.992146500000004,0.50000027
333894,Grave Creek,MT,48.91,-114.77,1310.6,20170408,31.46,49.46,38.3,,,,,35.9842714,0.09842525
333895,Grave Creek,MT,48.91,-114.77,1310.6,20170409,25.52,41.54,33.8,,,,,37.992146500000004,0.20078751
333896,Grave Creek,MT,48.91,-114.77,1310.6,20170410,19.58,46.58,31.28,,,,,35.9842714,0.09842525
333897,Grave Creek,MT,48.91,-114.77,1310.6,20170411,30.74,51.08,37.04,,,,,37.007894,0.29921276
333898,Grave Creek,MT,48.91,-114.77,1310.6,20170412,31.1,46.58,37.94,,,,,35.9842714,0.0
333899,Grave Creek,MT,48.91,-114.77,1310.6,20170413,33.08,50.72,39.2,,,,,35.9842714,0.09842525
333900,Grave Creek,MT,48.91,-114.77,1310.6,20170414,32.9,44.42,37.22,,,,,35.0000189,0.20078751
333901,Grave Creek,MT,48.91,-114.77,1310.6,20170415,30.56,40.1,34.7,,,,,37.007894,0.20078751
333902,Grave Creek,MT,48.91,-114.77,1310.6,20170416,25.34,57.38,38.84,,,,,35.0000189,0.29921276
333903,Grave Creek,MT,48.91,-114.77,1310.6,20170417,35.42,47.66,39.02,,,,,34.0157664,0.09842525
333904,Grave Creek,MT,48.91,-114.77,1310.6,20170418,33.98,51.26,39.56,,,,,32.9921438,0.0
333905,Grave Creek,MT,48.91,-114.77,1310.6,20170419,30.02,52.7,39.74,,,,,32.0078913,0.0
333906,Grave Creek,MT,48.91,-114.77,1310.6,20170420,29.3,53.96,37.58,,,,,30.984268699999998,0.20078751
333907,Grave Creek,MT,48.91,-114.77,1310.6,20170421,29.84,51.8,39.2,,,,,30.0000162,0.29921276
333908,Grave Creek,MT,48.91,-114.77,1310.6,20170422,28.94,60.08,42.08,,,,,27.9921411,0.20078751
333909,Grave Creek,MT,48.91,-114.77,1310.6,20170423,32.54,56.12,39.74,,,,,27.0078886,0.0
333910,Grave Creek,MT,48.91,-114.77,1310.6,20170424,31.46,52.16,38.66,,,,,25.984266,0.0
333911,Grave Creek,MT,48.91,-114.77,1310.6,20170425,32.36,51.62,38.66,,,,,25.0000135,0.09842525
333912,Grave Creek,MT,48.91,-114.77,1310.6,20170426,34.16,46.04,37.76,,,,,24.015760999999998,0.29921276
333913,Grave Creek,MT,48.91,-114.77,1310.6,20170427,34.52,41.18,36.32,,,,,24.015760999999998,0.40157502
333914,Grave Creek,MT,48.91,-114.77,1310.6,20170428,34.34,51.08,37.94,,,,,24.015760999999998,0.29921276
333915,Grave Creek,MT,48.91,-114.77,1310.6,20170429,34.16,51.44,39.2,,,,,22.007885899999998,0.40157502
333916,Grave Creek,MT,48.91,-114.77,1310.6,20170430,32.0,47.12,37.58,,,,,22.007885899999998,0.20078751
333917,Grave Creek,MT,48.91,-114.77,1310.6,20170501,29.12,52.88,38.66,,,,,20.9842633,0.09842525
333918,Grave Creek,MT,48.91,-114.77,1310.6,20170502,31.28,53.24,39.2,,,,,20.000010800000002,0.09842525
333919,Grave Creek,MT,48.91,-114.77,1310.6,20170503,29.3,55.4,41.18,,,,,19.0157583,0.0
333920,Grave Creek,MT,48.91,-114.77,1310.6,20170504,32.18,73.04,48.38,,,,,15.9842606,0.09842525
333921,Grave Creek,MT,48.91,-114.77,1310.6,20170505,37.22,66.56,46.94,,,,,15.0000081,0.09842525
333922,Grave Creek,MT,48.91,-114.77,1310.6,20170506,37.4,55.4,43.16,,,,,12.992133,0.0
333923,Grave Creek,MT,48.91,-114.77,1310.6,20170507,30.56,48.02,38.48,,,,,12.007880499999999,0.09842525
333924,Grave Creek,MT,48.91,-114.77,1310.6,20170508,28.22,59.54,42.26,,,,,10.9842579,0.0
333925,Grave Creek,MT,48.91,-114.77,1310.6,20170509,33.62,66.38,46.4,,,,,9.0157529,0.09842525
333926,Grave Creek,MT,48.91,-114.77,1310.6,20170510,32.54,70.34,48.2,,,,,5.984255200000001,0.0
333927,Grave Creek,MT,48.91,-114.77,1310.6,20170511,35.42,75.92,51.44,,,,,2.9921276000000003,0.0
333928,Grave Creek,MT,48.91,-114.77,1310.6,20170512,35.96,48.56,41.9,,,,,2.0078751,0.0
333929,Grave Creek,MT,48.91,-114.77,1310.6,20170513,33.98,49.28,39.74,,,,,0.9842525,0.09842525
333930,Grave Creek,MT,48.91,-114.77,1310.6,20170514,30.74,50.9,39.2,,,,,0.0,0.0
333931,Grave Creek,MT,48.91,-114.77,1310.6,20170515,29.3,53.42,40.46,,,,,0.0,0.0
333932,Grave Creek,MT,48.91,-114.77,1310.6,20170516,34.52,45.14,39.74,,,,,0.0,0.09842525
333933,Grave Creek,MT,48.91,-114.77,1310.6,20170517,37.22,49.1,41.36,,,,,0.0,0.09842525
333934,Grave Creek,MT,48.91,-114.77,1310.6,20170518,35.42,57.2,43.52,,,,,0.0,0.09842525
333935,Grave Creek,MT,48.91,-114.77,1310.6,20170519,32.0,64.04,46.76,,,,,0.0,0.09842525
333936,Grave Creek,MT,48.91,-114.77,1310.6,20170520,35.96,63.68,47.3,,,,,0.0,0.0
333937,Grave Creek,MT,48.91,-114.77,1310.6,20170521,33.98,69.8,50.0,,,,,0.0,0.09842525
333938,Grave Creek,MT,48.91,-114.77,1310.6,20170522,35.06,74.84,52.7,,,,,0.0,0.0
333939,Grave Creek,MT,48.91,-114.77,1310.6,20170523,37.4,77.0,60.08,,,,,0.0,0.0
333940,Grave Creek,MT,48.91,-114.77,1310.6,20170524,37.76,61.16,45.86,,,,,0.0,0.0
333941,Grave Creek,MT,48.91,-114.77,1310.6,20170525,34.34,61.34,46.22,,,,,0.0,0.0
333942,Grave Creek,MT,48.91,-114.77,1310.6,20170526,32.36,66.74,48.02,,,,,0.0,0.0
333943,Grave Creek,MT,48.91,-114.77,1310.6,20170527,33.98,73.4,52.88,,,,,0.0,0.09842525
333944,Grave Creek,MT,48.91,-114.77,1310.6,20170528,38.66,77.54,56.84,,,,,0.0,0.0
333945,Grave Creek,MT,48.91,-114.77,1310.6,20170529,42.44,79.52,58.64,,,,,0.0,0.0
333946,Grave Creek,MT,48.91,-114.77,1310.6,20170530,41.9,79.34,58.1,,,,,0.0,0.0
333947,Grave Creek,MT,48.91,-114.77,1310.6,20170531,44.96,79.52,61.16,,,,,0.0,0.0
333948,Grave Creek,MT,48.91,-114.77,1310.6,20170601,47.12,56.3,50.0,,,,,0.0,0.0
333949,Grave Creek,MT,48.91,-114.77,1310.6,20170602,37.4,62.06,49.82,,,,,0.0,0.0
333950,Grave Creek,MT,48.91,-114.77,1310.6,20170603,35.42,75.2,55.22,,,,,0.0,0.09842525
333951,Grave Creek,MT,48.91,-114.77,1310.6,20170604,47.12,63.5,53.06,,,,,0.0,0.09842525
333952,Grave Creek,MT,48.91,-114.77,1310.6,20170605,39.74,66.38,52.34,,,,,0.0,0.09842525
333953,Grave Creek,MT,48.91,-114.77,1310.6,20170606,39.02,72.86,55.04,,,,,0.0,0.0
333954,Grave Creek,MT,48.91,-114.77,1310.6,20170607,43.16,81.86,61.88,,,,,0.0,0.0
333955,Grave Creek,MT,48.91,-114.77,1310.6,20170608,48.02,77.36,60.08,,,,,0.0,0.0
333956,Grave Creek,MT,48.91,-114.77,1310.6,20170609,35.96,59.72,48.38,,,,,0.0,0.0
333957,Grave Creek,MT,48.91,-114.77,1310.6,20170610,33.08,58.1,44.96,,,,,0.0,0.09842525
333958,Grave Creek,MT,48.91,-114.77,1310.6,20170611,36.86,62.78,48.38,,,,,0.0,0.09842525
333959,Grave Creek,MT,48.91,-114.77,1310.6,20170612,34.88,74.48,54.5,,,,,0.0,0.09842525
333960,Grave Creek,MT,48.91,-114.77,1310.6,20170613,41.9,66.56,51.8,,,,,0.0,0.40157502
333961,Grave Creek,MT,48.91,-114.77,1310.6,20170614,40.82,59.36,49.28,,,,,0.0,0.09842525
333962,Grave Creek,MT,48.91,-114.77,1310.6,20170615,34.7,54.86,46.4,,,,,0.0,0.09842525
333963,Grave Creek,MT,48.91,-114.77,1310.6,20170616,44.24,55.22,48.2,,,,,0.0,0.90157529
333964,Grave Creek,MT,48.91,-114.77,1310.6,20170617,40.64,56.84,47.66,,,,,0.0,0.29921276
333965,Grave Creek,MT,48.91,-114.77,1310.6,20170618,40.28,55.58,48.92,,,,,0.0,0.0
333966,Grave Creek,MT,48.91,-114.77,1310.6,20170619,45.32,72.86,58.1,,,,,0.0,0.20078751
333967,Grave Creek,MT,48.91,-114.77,1310.6,20170620,45.68,72.5,59.18,,,,,0.0,0.0
333968,Grave Creek,MT,48.91,-114.77,1310.6,20170621,40.1,67.64,54.14,,,,,0.0,0.0
333969,Grave Creek,MT,48.91,-114.77,1310.6,20170622,32.9,66.56,49.64,,,,,0.0,0.0
333970,Grave Creek,MT,48.91,-114.77,1310.6,20170623,37.4,71.42,53.24,,,,,0.0,0.0
333971,Grave Creek,MT,48.91,-114.77,1310.6,20170624,42.08,75.2,58.28,,,,,0.0,0.0
333972,Grave Creek,MT,48.91,-114.77,1310.6,20170625,45.68,81.5,62.06,,,,,0.0,0.0
333973,Grave Creek,MT,48.91,-114.77,1310.6,20170626,46.76,83.84,62.06,,,,,0.0,0.0
333974,Grave Creek,MT,48.91,-114.77,1310.6,20170627,43.52,73.4,58.46,,,,,0.0,0.0
333975,Grave Creek,MT,48.91,-114.77,1310.6,20170628,38.84,73.4,53.06,,,,,0.0,0.0
333976,Grave Creek,MT,48.91,-114.77,1310.6,20170629,44.06,71.06,55.04,,,,,0.0,0.0
333977,Grave Creek,MT,48.91,-114.77,1310.6,20170630,41.36,78.08,59.36,,,,,0.0,0.0
333978,Grave Creek,MT,48.91,-114.77,1310.6,20170701,46.58,80.96,62.78,,,,,0.0,0.0
333979,Grave Creek,MT,48.91,-114.77,1310.6,20170702,45.86,82.58,62.42,,,,,0.0,0.0
333980,Grave Creek,MT,48.91,-114.77,1310.6,20170703,46.22,79.7,62.24,,,,,0.0,0.0
333981,Grave Creek,MT,48.91,-114.77,1310.6,20170704,41.54,80.42,60.26,,,,,0.0,0.0
333982,Grave Creek,MT,48.91,-114.77,1310.6,20170705,41.36,86.0,63.32,,,,,0.0,0.0
333983,Grave Creek,MT,48.91,-114.77,1310.6,20170706,46.94,88.34,66.02,,,,,0.0,0.0
333984,Grave Creek,MT,48.91,-114.77,1310.6,20170707,52.52,93.2,69.26,,,,,0.0,0.0
333985,Grave Creek,MT,48.91,-114.77,1310.6,20170708,49.82,89.42,68.0,,,,,0.0,0.0
333986,Grave Creek,MT,48.91,-114.77,1310.6,20170709,45.68,88.34,66.02,,,,,0.0,0.0
333987,Grave Creek,MT,48.91,-114.77,1310.6,20170710,46.58,77.18,60.8,,,,,0.0,0.0
333988,Grave Creek,MT,48.91,-114.77,1310.6,20170711,48.02,76.28,60.26,,,,,0.0,0.0
333989,Grave Creek,MT,48.91,-114.77,1310.6,20170712,46.94,80.96,62.06,,,,,0.0,0.0
333990,Grave Creek,MT,48.91,-114.77,1310.6,20170713,43.34,84.2,64.22,,,,,0.0,0.0
333991,Grave Creek,MT,48.91,-114.77,1310.6,20170714,44.96,87.26,64.76,,,,,0.0,0.0
333992,Grave Creek,MT,48.91,-114.77,1310.6,20170715,48.02,79.7,60.98,,,,,0.0,0.0
333993,Grave Creek,MT,48.91,-114.77,1310.6,20170716,41.9,72.5,58.82,,,,,0.0,0.0
333994,Grave Creek,MT,48.91,-114.77,1310.6,20170717,37.22,72.32,53.96,,,,,0.0,0.0
333995,Grave Creek,MT,48.91,-114.77,1310.6,20170718,38.12,76.82,56.84,,,,,0.0,0.0
333996,Grave Creek,MT,48.91,-114.77,1310.6,20170719,40.82,81.86,60.08,,,,,0.0,0.0
333997,Grave Creek,MT,48.91,-114.77,1310.6,20170720,45.86,78.26,62.24,,,,,0.0,0.0
333998,Grave Creek,MT,48.91,-114.77,1310.6,20170721,44.06,74.3,58.46,,,,,0.0,0.0
333999,Grave Creek,MT,48.91,-114.77,1310.6,20170722,42.26,80.6,61.7,,,,,0.0,0.0
334000,Grave Creek,MT,48.91,-114.77,1310.6,20170723,47.12,84.92,67.64,,,,,0.0,0.0
334001,Grave Creek,MT,48.91,-114.77,1310.6,20170724,46.76,78.98,61.16,,,,,0.0,0.0
334002,Grave Creek,MT,48.91,-114.77,1310.6,20170725,46.04,80.06,60.8,,,,,0.0,0.09842525
334003,Grave Creek,MT,48.91,-114.77,1310.6,20170726,45.68,84.74,63.68,,,,,0.0,0.0
334004,Grave Creek,MT,48.91,-114.77,1310.6,20170727,46.76,83.48,64.94,,,,,0.0,0.20078751
334005,Grave Creek,MT,48.91,-114.77,1310.6,20170728,45.14,85.28,63.86,,,,,0.0,0.0
334006,Grave Creek,MT,48.91,-114.77,1310.6,20170729,46.04,87.26,64.4,,,,,0.0,0.0
334007,Grave Creek,MT,48.91,-114.77,1310.6,20170730,45.68,89.06,65.3,,,,,0.0,0.0
334008,Grave Creek,MT,48.91,-114.77,1310.6,20170731,45.14,86.9,64.58,,,,,0.0,0.0
334009,Grave Creek,MT,48.91,-114.77,1310.6,20170801,52.52,86.18,66.92,,,,,0.0,0.0
334010,Grave Creek,MT,48.91,-114.77,1310.6,20170802,50.0,76.64,61.7,,,,,0.0,0.0
334011,Grave Creek,MT,48.91,-114.77,1310.6,20170803,46.4,82.58,62.42,,,,,0.0,0.0
334012,Grave Creek,MT,48.91,-114.77,1310.6,20170804,47.3,73.4,60.26,,,,,0.0,0.0
334013,Grave Creek,MT,48.91,-114.77,1310.6,20170805,45.86,73.22,59.0,,,,,0.0,0.0
334014,Grave Creek,MT,48.91,-114.77,1310.6,20170806,46.58,81.5,61.52,,,,,0.0,0.0
334015,Grave Creek,MT,48.91,-114.77,1310.6,20170807,48.02,85.28,66.56,,,,,0.0,0.0
334016,Grave Creek,MT,48.91,-114.77,1310.6,20170808,49.82,81.5,62.24,,,,,0.0,0.09842525
334017,Grave Creek,MT,48.91,-114.77,1310.6,20170809,51.62,84.02,64.76,,,,,0.0,0.0
334018,Grave Creek,MT,48.91,-114.77,1310.6,20170810,50.9,81.5,64.04,,,,,0.0,0.0
334019,Grave Creek,MT,48.91,-114.77,1310.6,20170811,49.46,81.86,64.94,,,,,0.0,0.0
334020,Grave Creek,MT,48.91,-114.77,1310.6,20170812,49.64,88.16,66.02,,,,,0.0,0.0
334021,Grave Creek,MT,48.91,-114.77,1310.6,20170813,50.0,71.24,55.04,,,,,0.0,0.29921276
334022,Grave Creek,MT,48.91,-114.77,1310.6,20170814,41.54,66.92,54.5,,,,,0.0,0.0
334023,Grave Creek,MT,48.91,-114.77,1310.6,20170815,37.58,71.96,54.32,,,,,0.0,0.0
334024,Grave Creek,MT,48.91,-114.77,1310.6,20170816,40.64,76.1,57.92,,,,,0.0,0.0
334025,Grave Creek,MT,48.91,-114.77,1310.6,20170817,43.34,78.08,59.36,,,,,0.0,0.0
334026,Grave Creek,MT,48.91,-114.77,1310.6,20170818,42.98,80.06,60.98,,,,,0.0,0.0
334027,Grave Creek,MT,48.91,-114.77,1310.6,20170819,42.08,73.58,56.66,,,,,0.0,0.0
334028,Grave Creek,MT,48.91,-114.77,1310.6,20170820,37.58,70.88,53.6,,,,,0.0,0.0
334029,Grave Creek,MT,48.91,-114.77,1310.6,20170821,38.84,75.38,55.22,,,,,0.0,0.0
334030,Grave Creek,MT,48.91,-114.77,1310.6,20170822,43.16,82.76,60.44,,,,,0.0,0.0
334031,Grave Creek,MT,48.91,-114.77,1310.6,20170823,44.96,82.76,63.86,,,,,0.0,0.0
334032,Grave Creek,MT,48.91,-114.77,1310.6,20170824,45.14,70.34,59.18,,,,,0.0,0.20078751
334033,Grave Creek,MT,48.91,-114.77,1310.6,20170825,38.12,72.68,53.24,,,,,0.0,0.0
334034,Grave Creek,MT,48.91,-114.77,1310.6,20170826,36.5,77.0,54.32,,,,,0.0,0.0
334035,Grave Creek,MT,48.91,-114.77,1310.6,20170827,40.64,82.94,59.36,,,,,0.0,0.0
334036,Grave Creek,MT,48.91,-114.77,1310.6,20170828,45.32,84.2,62.78,,,,,0.0,0.0
334037,Grave Creek,MT,48.91,-114.77,1310.6,20170829,49.82,87.8,65.3,,,,,0.0,0.0
334038,Grave Creek,MT,48.91,-114.77,1310.6,20170830,49.28,87.98,62.6,,,,,0.0,0.29921276
334039,Grave Creek,MT,48.91,-114.77,1310.6,20170831,44.96,77.9,57.2,,,,,0.0,0.0
334040,Grave Creek,MT,48.91,-114.77,1310.6,20170901,41.18,79.34,58.46,,,,,0.0,0.0
334041,Grave Creek,MT,48.91,-114.77,1310.6,20170902,44.42,84.38,62.24,,,,,0.0,0.0
334042,Grave Creek,MT,48.91,-114.77,1310.6,20170903,46.22,85.1,63.5,,,,,0.0,0.0
334043,Grave Creek,MT,48.91,-114.77,1310.6,20170904,46.04,72.5,58.28,,,,,0.0,0.0
334044,Grave Creek,MT,48.91,-114.77,1310.6,20170905,42.98,71.78,55.22,,,,,0.0,0.0
334045,Grave Creek,MT,48.91,-114.77,1310.6,20170906,43.16,74.84,57.2,,,,,0.0,0.0
334046,Grave Creek,MT,48.91,-114.77,1310.6,20170907,48.38,75.56,59.0,,,,,0.0,0.0
334047,Grave Creek,MT,48.91,-114.77,1310.6,20170908,47.12,75.38,58.64,,,,,0.0,0.0
334048,Grave Creek,MT,48.91,-114.77,1310.6,20170909,47.48,75.02,60.62,,,,,0.0,0.0
334049,Grave Creek,MT,48.91,-114.77,1310.6,20170910,43.7,70.52,59.54,,,,,0.0,0.0
334050,Grave Creek,MT,48.91,-114.77,1310.6,20170911,38.3,77.72,56.48,,,,,0.0,0.0
334051,Grave Creek,MT,48.91,-114.77,1310.6,20170912,40.82,77.9,58.46,,,,,0.0,0.0
334052,Grave Creek,MT,48.91,-114.77,1310.6,20170913,45.32,67.64,56.66,,,,,0.0,0.0
334053,Grave Creek,MT,48.91,-114.77,1310.6,20170914,37.94,51.98,44.96,,,,,0.0,0.0
334054,Grave Creek,MT,48.91,-114.77,1310.6,20170915,37.04,46.76,42.26,,,,,0.0,0.0
334055,Grave Creek,MT,48.91,-114.77,1310.6,20170916,31.1,59.54,42.08,,,,,0.0,0.0
334056,Grave Creek,MT,48.91,-114.77,1310.6,20170917,29.66,63.32,46.4,,,,,0.0,0.20078751
334057,Grave Creek,MT,48.91,-114.77,1310.6,20170918,34.88,47.66,43.34,,,,,0.0,0.40157502
334058,Grave Creek,MT,48.91,-114.77,1310.6,20170919,34.7,41.9,38.48,,,,,0.0,0.29921276
334059,Grave Creek,MT,48.91,-114.77,1310.6,20170920,35.42,45.86,38.66,,,,,0.0,0.29921276
334060,Grave Creek,MT,48.91,-114.77,1310.6,20170921,35.6,47.3,40.1,,,,,,0.0
334061,Stahl Peak,MT,48.91,-114.86,1837.9,20170101,-2.02,17.24,6.08,,,,,72.00791290000001,0.0
334062,Stahl Peak,MT,48.91,-114.86,1837.9,20170102,-13.72,3.92,-5.08,,,,,70.9842903,0.0
334063,Stahl Peak,MT,48.91,-114.86,1837.9,20170103,-14.08,4.46,-7.24,,,,,70.0000378,0.0
334064,Stahl Peak,MT,48.91,-114.86,1837.9,20170104,-9.94,9.14,0.5,,,,,67.00791020000001,0.0
334065,Stahl Peak,MT,48.91,-114.86,1837.9,20170105,-0.94,12.02,5.72,,,,,67.00791020000001,0.0
334066,Stahl Peak,MT,48.91,-114.86,1837.9,20170106,0.86,12.38,6.44,,,,,65.9842876,0.0
334067,Stahl Peak,MT,48.91,-114.86,1837.9,20170107,1.4,15.26,9.5,,,,,65.9842876,0.09842525
334068,Stahl Peak,MT,48.91,-114.86,1837.9,20170108,12.56,27.32,17.78,,,,,69.0157853,0.29921276
334069,Stahl Peak,MT,48.91,-114.86,1837.9,20170109,19.04,26.96,23.36,,,,,67.9921627,0.40157502
334070,Stahl Peak,MT,48.91,-114.86,1837.9,20170110,-5.44,19.22,12.02,,,,,69.0157853,0.0
334071,Stahl Peak,MT,48.91,-114.86,1837.9,20170111,-7.6,8.78,-1.84,,,,,67.9921627,0.0
334072,Stahl Peak,MT,48.91,-114.86,1837.9,20170112,-5.08,9.68,4.28,,,,,67.00791020000001,0.0
334073,Stahl Peak,MT,48.91,-114.86,1837.9,20170113,3.02,12.56,8.96,,,,,67.00791020000001,0.0
334074,Stahl Peak,MT,48.91,-114.86,1837.9,20170114,6.08,16.7,10.76,,,,,67.00791020000001,0.0
334075,Stahl Peak,MT,48.91,-114.86,1837.9,20170115,10.94,21.2,14.54,,,,,67.00791020000001,0.0
334076,Stahl Peak,MT,48.91,-114.86,1837.9,20170116,10.76,26.96,18.86,,,,,67.00791020000001,0.20078751
334077,Stahl Peak,MT,48.91,-114.86,1837.9,20170117,23.72,32.54,28.22,,,,,65.9842876,0.09842525
334078,Stahl Peak,MT,48.91,-114.86,1837.9,20170118,29.66,34.7,32.9,,,,,67.9921627,0.50000027
334079,Stahl Peak,MT,48.91,-114.86,1837.9,20170119,26.96,33.98,30.38,,,,,69.0157853,0.29921276
334080,Stahl Peak,MT,48.91,-114.86,1837.9,20170120,17.42,32.36,25.16,,,,,69.0157853,0.0
334081,Stahl Peak,MT,48.91,-114.86,1837.9,20170121,17.6,30.92,23.18,,,,,67.9921627,0.0
334082,Stahl Peak,MT,48.91,-114.86,1837.9,20170122,20.66,32.36,24.98,,,,,69.0157853,0.0
334083,Stahl Peak,MT,48.91,-114.86,1837.9,20170123,12.02,28.58,18.68,,,,,69.0157853,0.0
334084,Stahl Peak,MT,48.91,-114.86,1837.9,20170124,9.68,23.9,15.62,,,,,69.0157853,0.0
334085,Stahl Peak,MT,48.91,-114.86,1837.9,20170125,11.12,23.54,17.78,,,,,67.9921627,0.0
334086,Stahl Peak,MT,48.91,-114.86,1837.9,20170126,8.78,21.92,15.44,,,,,67.9921627,0.09842525
334087,Stahl Peak,MT,48.91,-114.86,1837.9,20170127,18.68,22.82,20.84,,,,,67.9921627,0.0
334088,Stahl Peak,MT,48.91,-114.86,1837.9,20170128,22.28,33.26,25.16,,,,,67.00791020000001,0.0
334089,Stahl Peak,MT,48.91,-114.86,1837.9,20170129,18.86,35.06,26.96,,,,,67.00791020000001,0.09842525
334090,Stahl Peak,MT,48.91,-114.86,1837.9,20170130,17.24,27.14,24.08,,,,,67.00791020000001,0.0
334091,Stahl Peak,MT,48.91,-114.86,1837.9,20170131,0.68,22.82,12.02,,,,,67.00791020000001,0.0
334092,Stahl Peak,MT,48.91,-114.86,1837.9,20170201,-1.3,16.88,5.54,,,,,67.00791020000001,0.0
334093,Stahl Peak,MT,48.91,-114.86,1837.9,20170202,-6.16,14.9,-0.04,,,,,65.9842876,0.0
334094,Stahl Peak,MT,48.91,-114.86,1837.9,20170203,-3.28,22.1,12.56,,,,,70.0000378,0.40157502
334095,Stahl Peak,MT,48.91,-114.86,1837.9,20170204,11.66,28.58,19.76,,,,,75.0000405,0.59842552
334096,Stahl Peak,MT,48.91,-114.86,1837.9,20170205,6.44,29.3,25.7,,,,,90.00004859999999,2.00000108
334097,Stahl Peak,MT,48.91,-114.86,1837.9,20170206,4.1,24.44,14.54,,,,,95.0000513,0.59842552
334098,Stahl Peak,MT,48.91,-114.86,1837.9,20170207,6.44,22.28,14.72,,,,,92.0079237,0.0
334099,Stahl Peak,MT,48.91,-114.86,1837.9,20170208,12.74,26.96,17.42,,,,,92.9921762,0.20078751
334100,Stahl Peak,MT,48.91,-114.86,1837.9,20170209,26.78,35.24,33.08,,,,,100.000054,1.90157583
334101,Stahl Peak,MT,48.91,-114.86,1837.9,20170210,24.08,33.8,28.4,,,,,97.99217890000001,0.09842525
334102,Stahl Peak,MT,48.91,-114.86,1837.9,20170211,16.52,26.96,22.1,,,,,97.0079264,0.20078751
334103,Stahl Peak,MT,48.91,-114.86,1837.9,20170212,17.24,30.38,21.92,,,,,95.0000513,0.0
334104,Stahl Peak,MT,48.91,-114.86,1837.9,20170213,18.86,37.76,25.34,,,,,94.0157988,0.0
334105,Stahl Peak,MT,48.91,-114.86,1837.9,20170214,22.1,41.54,28.04,,,,,92.9921762,0.09842525
334106,Stahl Peak,MT,48.91,-114.86,1837.9,20170215,25.88,37.76,32.72,,,,,92.9921762,0.0
334107,Stahl Peak,MT,48.91,-114.86,1837.9,20170216,31.82,36.32,34.7,,,,,94.0157988,0.70078778
334108,Stahl Peak,MT,48.91,-114.86,1837.9,20170217,21.38,36.86,29.12,,,,,92.9921762,0.59842552
334109,Stahl Peak,MT,48.91,-114.86,1837.9,20170218,21.02,35.06,29.3,,,,,95.98430379999999,0.09842525
334110,Stahl Peak,MT,48.91,-114.86,1837.9,20170219,25.52,32.9,28.94,,,,,97.0079264,0.50000027
334111,Stahl Peak,MT,48.91,-114.86,1837.9,20170220,25.16,32.9,29.12,,,,,99.0158015,0.40157502
334112,Stahl Peak,MT,48.91,-114.86,1837.9,20170221,22.64,32.36,28.04,,,,,99.0158015,0.09842525
334113,Stahl Peak,MT,48.91,-114.86,1837.9,20170222,14.54,29.3,22.82,,,,,97.99217890000001,0.0
334114,Stahl Peak,MT,48.91,-114.86,1837.9,20170223,10.94,26.06,17.24,,,,,97.0079264,0.09842525
334115,Stahl Peak,MT,48.91,-114.86,1837.9,20170224,11.3,24.26,16.34,,,,,95.98430379999999,0.0
334116,Stahl Peak,MT,48.91,-114.86,1837.9,20170225,13.46,18.86,15.44,,,,,110.0000594,0.50000027
334117,Stahl Peak,MT,48.91,-114.86,1837.9,20170226,3.74,18.14,13.28,,,,,109.01580690000002,0.50000027
334118,Stahl Peak,MT,48.91,-114.86,1837.9,20170227,3.92,19.22,13.46,,,,,110.9843119,0.40157502
334119,Stahl Peak,MT,48.91,-114.86,1837.9,20170228,12.92,20.84,15.98,,,,,115.98431459999999,0.29921276
334120,Stahl Peak,MT,48.91,-114.86,1837.9,20170301,13.82,26.06,21.56,,,,,115.98431459999999,0.50000027
334121,Stahl Peak,MT,48.91,-114.86,1837.9,20170302,23.9,29.3,26.24,,,,,112.99218700000002,0.20078751
334122,Stahl Peak,MT,48.91,-114.86,1837.9,20170303,26.06,30.92,28.76,,,,,112.00793449999999,0.50000027
334123,Stahl Peak,MT,48.91,-114.86,1837.9,20170304,20.48,30.74,27.14,,,,,110.0000594,0.0
334124,Stahl Peak,MT,48.91,-114.86,1837.9,20170305,16.7,33.26,22.28,,,,,110.9843119,0.09842525
334125,Stahl Peak,MT,48.91,-114.86,1837.9,20170306,16.7,23.72,18.86,,,,,112.99218700000002,0.20078751
334126,Stahl Peak,MT,48.91,-114.86,1837.9,20170307,15.98,28.22,20.12,,,,,112.99218700000002,0.0
334127,Stahl Peak,MT,48.91,-114.86,1837.9,20170308,17.06,27.32,22.1,,,,,110.9843119,0.0
334128,Stahl Peak,MT,48.91,-114.86,1837.9,20170309,18.5,31.28,24.26,,,,,114.0158096,0.40157502
334129,Stahl Peak,MT,48.91,-114.86,1837.9,20170310,25.16,34.16,32.0,,,,,112.00793449999999,0.20078751
334130,Stahl Peak,MT,48.91,-114.86,1837.9,20170311,31.28,40.64,33.62,,,,,112.00793449999999,0.29921276
334131,Stahl Peak,MT,48.91,-114.86,1837.9,20170312,30.2,34.88,31.46,,,,,112.99218700000002,0.40157502
334132,Stahl Peak,MT,48.91,-114.86,1837.9,20170313,29.84,34.34,32.0,,,,,117.0079372,0.50000027
334133,Stahl Peak,MT,48.91,-114.86,1837.9,20170314,31.46,38.84,34.88,,,,,115.00006210000001,0.59842552
334134,Stahl Peak,MT,48.91,-114.86,1837.9,20170315,34.7,38.48,36.68,,,,,112.99218700000002,0.79921303
334135,Stahl Peak,MT,48.91,-114.86,1837.9,20170316,25.88,35.6,30.56,,,,,110.9843119,0.29921276
334136,Stahl Peak,MT,48.91,-114.86,1837.9,20170317,17.42,39.74,29.84,,,,,110.0000594,0.0
334137,Stahl Peak,MT,48.91,-114.86,1837.9,20170318,29.66,40.28,36.5,,,,,109.01580690000002,0.29921276
334138,Stahl Peak,MT,48.91,-114.86,1837.9,20170319,16.34,36.68,27.14,,,,,107.99218429999999,0.09842525
334139,Stahl Peak,MT,48.91,-114.86,1837.9,20170320,12.02,42.26,26.96,,,,,107.0079318,0.0
334140,Stahl Peak,MT,48.91,-114.86,1837.9,20170321,27.86,46.58,34.7,,,,,105.9843092,0.0
334141,Stahl Peak,MT,48.91,-114.86,1837.9,20170322,32.18,40.28,34.34,,,,,109.01580690000002,0.70078778
334142,Stahl Peak,MT,48.91,-114.86,1837.9,20170323,19.04,35.42,28.76,,,,,109.01580690000002,0.40157502
334143,Stahl Peak,MT,48.91,-114.86,1837.9,20170324,20.3,36.86,29.66,,,,,109.01580690000002,0.0
334144,Stahl Peak,MT,48.91,-114.86,1837.9,20170325,27.32,38.12,29.84,,,,,109.01580690000002,0.40157502
334145,Stahl Peak,MT,48.91,-114.86,1837.9,20170326,26.24,41.0,31.64,,,,,109.01580690000002,0.0
334146,Stahl Peak,MT,48.91,-114.86,1837.9,20170327,30.02,39.02,32.54,,,,,110.0000594,0.40157502
334147,Stahl Peak,MT,48.91,-114.86,1837.9,20170328,29.12,31.82,30.2,,,,,112.99218700000002,0.50000027
334148,Stahl Peak,MT,48.91,-114.86,1837.9,20170329,29.66,35.06,32.9,,,,,115.98431459999999,0.40157502
334149,Stahl Peak,MT,48.91,-114.86,1837.9,20170330,30.74,41.72,33.98,,,,,114.0158096,0.50000027
334150,Stahl Peak,MT,48.91,-114.86,1837.9,20170331,26.78,49.1,34.88,,,,,112.99218700000002,0.09842525
334151,Stahl Peak,MT,48.91,-114.86,1837.9,20170401,26.24,35.24,31.82,,,,,110.9843119,0.0
334152,Stahl Peak,MT,48.91,-114.86,1837.9,20170402,24.8,37.94,31.1,,,,,114.0158096,0.29921276
334153,Stahl Peak,MT,48.91,-114.86,1837.9,20170403,18.14,39.56,26.96,,,,,115.98431459999999,0.50000027
334154,Stahl Peak,MT,48.91,-114.86,1837.9,20170404,15.8,42.08,27.5,,,,,115.00006210000001,0.0
334155,Stahl Peak,MT,48.91,-114.86,1837.9,20170405,23.0,44.6,34.88,,,,,114.0158096,0.0
334156,Stahl Peak,MT,48.91,-114.86,1837.9,20170406,35.24,42.98,37.76,,,,,112.00793449999999,0.20078751
334157,Stahl Peak,MT,48.91,-114.86,1837.9,20170407,30.56,40.28,34.34,,,,,112.00793449999999,0.70078778
334158,Stahl Peak,MT,48.91,-114.86,1837.9,20170408,26.78,41.0,32.54,,,,,114.0158096,0.0
334159,Stahl Peak,MT,48.91,-114.86,1837.9,20170409,17.42,33.62,27.68,,,,,120.0000648,0.90157529
334160,Stahl Peak,MT,48.91,-114.86,1837.9,20170410,15.08,37.22,25.7,,,,,120.0000648,0.09842525
334161,Stahl Peak,MT,48.91,-114.86,1837.9,20170411,23.36,45.86,29.84,,,,,117.99218970000001,0.09842525
334162,Stahl Peak,MT,48.91,-114.86,1837.9,20170412,24.44,39.74,32.36,,,,,120.0000648,0.0
334163,Stahl Peak,MT,48.91,-114.86,1837.9,20170413,30.02,41.0,34.7,,,,,117.0079372,0.29921276
334164,Stahl Peak,MT,48.91,-114.86,1837.9,20170414,27.32,38.12,30.74,,,,,117.0079372,0.09842525
334165,Stahl Peak,MT,48.91,-114.86,1837.9,20170415,25.88,33.44,28.4,,,,,117.99218970000001,0.09842525
334166,Stahl Peak,MT,48.91,-114.86,1837.9,20170416,19.94,50.0,33.62,,,,,115.98431459999999,0.20078751
334167,Stahl Peak,MT,48.91,-114.86,1837.9,20170417,30.2,39.92,34.7,,,,,117.0079372,0.20078751
334168,Stahl Peak,MT,48.91,-114.86,1837.9,20170418,31.64,39.38,35.24,,,,,115.98431459999999,0.20078751
334169,Stahl Peak,MT,48.91,-114.86,1837.9,20170419,28.94,49.1,35.78,,,,,115.00006210000001,0.09842525
334170,Stahl Peak,MT,48.91,-114.86,1837.9,20170420,28.58,43.7,34.52,,,,,117.99218970000001,0.20078751
334171,Stahl Peak,MT,48.91,-114.86,1837.9,20170421,28.94,50.72,35.24,,,,,115.98431459999999,0.59842552
334172,Stahl Peak,MT,48.91,-114.86,1837.9,20170422,27.32,54.32,38.12,,,,,115.00006210000001,0.0
334173,Stahl Peak,MT,48.91,-114.86,1837.9,20170423,31.82,48.02,36.14,,,,,115.00006210000001,0.20078751
334174,Stahl Peak,MT,48.91,-114.86,1837.9,20170424,29.66,43.7,34.34,,,,,115.98431459999999,0.29921276
334175,Stahl Peak,MT,48.91,-114.86,1837.9,20170425,30.74,45.5,34.52,,,,,117.99218970000001,0.40157502
334176,Stahl Peak,MT,48.91,-114.86,1837.9,20170426,30.2,41.9,33.62,,,,,120.9843173,0.79921303
334177,Stahl Peak,MT,48.91,-114.86,1837.9,20170427,30.74,36.14,32.18,,,,,130.0000702,1.00000054
334178,Stahl Peak,MT,48.91,-114.86,1837.9,20170428,28.94,47.12,34.34,,,,,127.99219509999999,0.40157502
334179,Stahl Peak,MT,48.91,-114.86,1837.9,20170429,32.0,44.06,34.7,,,,,125.0000675,0.09842525
334180,Stahl Peak,MT,48.91,-114.86,1837.9,20170430,29.66,36.68,33.44,,,,,125.98432,0.29921276
334181,Stahl Peak,MT,48.91,-114.86,1837.9,20170501,26.24,46.22,33.62,,,,,125.98432,0.20078751
334182,Stahl Peak,MT,48.91,-114.86,1837.9,20170502,29.3,42.44,33.8,,,,,125.0000675,0.20078751
334183,Stahl Peak,MT,48.91,-114.86,1837.9,20170503,28.4,45.86,38.12,,,,,122.99219240000001,0.09842525
334184,Stahl Peak,MT,48.91,-114.86,1837.9,20170504,34.7,67.82,46.58,,,,,120.0000648,0.0
334185,Stahl Peak,MT,48.91,-114.86,1837.9,20170505,37.4,58.64,45.5,,,,,119.0158123,0.0
334186,Stahl Peak,MT,48.91,-114.86,1837.9,20170506,35.78,49.82,40.82,,,,,117.0079372,0.0
334187,Stahl Peak,MT,48.91,-114.86,1837.9,20170507,27.68,43.88,34.7,,,,,115.98431459999999,0.29921276
334188,Stahl Peak,MT,48.91,-114.86,1837.9,20170508,25.7,52.16,38.12,,,,,115.00006210000001,0.0
334189,Stahl Peak,MT,48.91,-114.86,1837.9,20170509,33.62,60.08,42.98,,,,,114.0158096,0.0
334190,Stahl Peak,MT,48.91,-114.86,1837.9,20170510,34.34,63.5,45.32,,,,,112.00793449999999,0.0
334191,Stahl Peak,MT,48.91,-114.86,1837.9,20170511,37.76,67.64,48.38,,,,,109.01580690000002,0.09842525
334192,Stahl Peak,MT,48.91,-114.86,1837.9,20170512,30.92,44.06,37.4,,,,,107.99218429999999,0.29921276
334193,Stahl Peak,MT,48.91,-114.86,1837.9,20170513,29.66,44.96,33.8,,,,,109.01580690000002,0.09842525
334194,Stahl Peak,MT,48.91,-114.86,1837.9,20170514,28.94,43.34,33.8,,,,,109.01580690000002,0.20078751
334195,Stahl Peak,MT,48.91,-114.86,1837.9,20170515,28.94,48.2,36.14,,,,,107.99218429999999,0.0
334196,Stahl Peak,MT,48.91,-114.86,1837.9,20170516,32.36,43.16,35.24,,,,,112.00793449999999,0.79921303
334197,Stahl Peak,MT,48.91,-114.86,1837.9,20170517,33.26,41.0,36.32,,,,,110.0000594,0.0
334198,Stahl Peak,MT,48.91,-114.86,1837.9,20170518,32.54,53.24,39.2,,,,,109.01580690000002,0.0
334199,Stahl Peak,MT,48.91,-114.86,1837.9,20170519,33.26,57.74,42.8,,,,,107.99218429999999,0.0
334200,Stahl Peak,MT,48.91,-114.86,1837.9,20170520,35.96,61.7,43.52,,,,,105.9843092,0.0
334201,Stahl Peak,MT,48.91,-114.86,1837.9,20170521,35.96,63.14,46.58,,,,,102.9921816,0.0
334202,Stahl Peak,MT,48.91,-114.86,1837.9,20170522,37.22,66.56,48.74,,,,,100.000054,0.0
334203,Stahl Peak,MT,48.91,-114.86,1837.9,20170523,39.38,68.0,51.08,,,,,97.0079264,0.0
334204,Stahl Peak,MT,48.91,-114.86,1837.9,20170524,33.08,48.92,38.12,,,,,97.0079264,0.0
334205,Stahl Peak,MT,48.91,-114.86,1837.9,20170525,31.28,53.42,41.18,,,,,95.0000513,0.09842525
334206,Stahl Peak,MT,48.91,-114.86,1837.9,20170526,31.82,56.48,42.8,,,,,94.0157988,0.0
334207,Stahl Peak,MT,48.91,-114.86,1837.9,20170527,35.78,64.58,48.02,,,,,90.9843011,0.0
334208,Stahl Peak,MT,48.91,-114.86,1837.9,20170528,38.12,67.46,49.64,,,,,87.99217349999999,0.0
334209,Stahl Peak,MT,48.91,-114.86,1837.9,20170529,38.66,69.62,49.28,,,,,85.0000459,0.0
334210,Stahl Peak,MT,48.91,-114.86,1837.9,20170530,39.02,72.32,50.18,,,,,82.0079183,0.0
334211,Stahl Peak,MT,48.91,-114.86,1837.9,20170531,39.38,69.08,51.62,,,,,77.9921681,0.09842525
334212,Stahl Peak,MT,48.91,-114.86,1837.9,20170601,38.48,46.04,40.46,,,,,75.98429300000001,0.29921276
334213,Stahl Peak,MT,48.91,-114.86,1837.9,20170602,35.78,54.14,42.8,,,,,72.9921654,0.09842525
334214,Stahl Peak,MT,48.91,-114.86,1837.9,20170603,34.7,66.74,46.94,,,,,70.9842903,0.20078751
334215,Stahl Peak,MT,48.91,-114.86,1837.9,20170604,38.48,55.58,44.24,,,,,74.015788,0.29921276
334216,Stahl Peak,MT,48.91,-114.86,1837.9,20170605,36.86,57.92,44.42,,,,,67.00791020000001,0.0
334217,Stahl Peak,MT,48.91,-114.86,1837.9,20170606,36.32,62.96,47.3,,,,,65.0000351,0.0
334218,Stahl Peak,MT,48.91,-114.86,1837.9,20170607,39.74,73.4,51.98,,,,,62.007907499999995,0.09842525
334219,Stahl Peak,MT,48.91,-114.86,1837.9,20170608,40.1,69.44,50.72,,,,,59.0157799,0.09842525
334220,Stahl Peak,MT,48.91,-114.86,1837.9,20170609,33.8,50.0,41.54,,,,,57.0079048,0.20078751
334221,Stahl Peak,MT,48.91,-114.86,1837.9,20170610,33.62,51.26,39.74,,,,,55.9842822,0.20078751
334222,Stahl Peak,MT,48.91,-114.86,1837.9,20170611,35.6,54.86,41.54,,,,,55.0000297,0.0
334223,Stahl Peak,MT,48.91,-114.86,1837.9,20170612,34.88,65.12,49.1,,,,,52.0079021,0.0
334224,Stahl Peak,MT,48.91,-114.86,1837.9,20170613,39.74,59.0,46.58,,,,,50.000027,1.2992133
334225,Stahl Peak,MT,48.91,-114.86,1837.9,20170614,36.32,49.82,41.72,,,,,47.992151899999996,0.09842525
334226,Stahl Peak,MT,48.91,-114.86,1837.9,20170615,33.8,46.22,39.74,,,,,47.0078994,0.09842525
334227,Stahl Peak,MT,48.91,-114.86,1837.9,20170616,38.12,45.86,41.9,,,,,45.984276799999996,1.2992133
334228,Stahl Peak,MT,48.91,-114.86,1837.9,20170617,36.32,50.36,40.82,,,,,44.015771799999996,0.20078751
334229,Stahl Peak,MT,48.91,-114.86,1837.9,20170618,37.58,44.06,41.0,,,,,42.9921492,0.09842525
334230,Stahl Peak,MT,48.91,-114.86,1837.9,20170619,40.46,62.24,50.18,,,,,40.000021600000004,0.0
334231,Stahl Peak,MT,48.91,-114.86,1837.9,20170620,41.0,63.5,48.02,,,,,37.007894,0.0
334232,Stahl Peak,MT,48.91,-114.86,1837.9,20170621,39.02,57.56,48.56,,,,,35.0000189,0.0
334233,Stahl Peak,MT,48.91,-114.86,1837.9,20170622,35.96,57.74,45.86,,,,,32.0078913,0.0
334234,Stahl Peak,MT,48.91,-114.86,1837.9,20170623,36.5,60.62,47.66,,,,,30.0000162,0.0
334235,Stahl Peak,MT,48.91,-114.86,1837.9,20170624,38.12,65.3,50.9,,,,,27.0078886,0.0
334236,Stahl Peak,MT,48.91,-114.86,1837.9,20170625,41.36,73.22,55.4,,,,,24.015760999999998,0.0
334237,Stahl Peak,MT,48.91,-114.86,1837.9,20170626,46.4,71.78,56.84,,,,,20.9842633,0.09842525
334238,Stahl Peak,MT,48.91,-114.86,1837.9,20170627,42.08,63.86,52.34,,,,,17.0078832,0.0
334239,Stahl Peak,MT,48.91,-114.86,1837.9,20170628,39.56,62.42,48.56,,,,,15.0000081,0.0
334240,Stahl Peak,MT,48.91,-114.86,1837.9,20170629,40.46,63.5,49.64,,,,,12.007880499999999,0.0
334241,Stahl Peak,MT,48.91,-114.86,1837.9,20170630,42.44,69.44,55.04,,,,,7.9921303,0.0
334242,Stahl Peak,MT,48.91,-114.86,1837.9,20170701,46.4,71.06,57.74,,,,,4.0157502,0.0
334243,Stahl Peak,MT,48.91,-114.86,1837.9,20170702,48.02,71.78,59.0,,,,,0.0,0.0
334244,Stahl Peak,MT,48.91,-114.86,1837.9,20170703,46.4,70.52,57.38,,,,,0.0,0.0
334245,Stahl Peak,MT,48.91,-114.86,1837.9,20170704,44.06,70.34,56.12,,,,,0.0,0.0
334246,Stahl Peak,MT,48.91,-114.86,1837.9,20170705,44.96,76.1,60.26,,,,,0.0,0.0
334247,Stahl Peak,MT,48.91,-114.86,1837.9,20170706,50.36,77.9,63.86,,,,,0.0,0.0
334248,Stahl Peak,MT,48.91,-114.86,1837.9,20170707,53.24,81.5,65.48,,,,,0.0,0.0
334249,Stahl Peak,MT,48.91,-114.86,1837.9,20170708,51.8,79.16,64.58,,,,,0.0,0.0
334250,Stahl Peak,MT,48.91,-114.86,1837.9,20170709,49.82,78.26,62.96,,,,,0.0,0.0
334251,Stahl Peak,MT,48.91,-114.86,1837.9,20170710,48.2,67.28,57.2,,,,,0.0,0.09842525
334252,Stahl Peak,MT,48.91,-114.86,1837.9,20170711,46.94,67.46,54.5,,,,,0.0,0.0
334253,Stahl Peak,MT,48.91,-114.86,1837.9,20170712,45.14,70.88,57.02,,,,,0.0,0.0
334254,Stahl Peak,MT,48.91,-114.86,1837.9,20170713,46.76,76.46,60.44,,,,,0.0,0.0
334255,Stahl Peak,MT,48.91,-114.86,1837.9,20170714,47.3,76.82,61.34,,,,,0.0,0.0
334256,Stahl Peak,MT,48.91,-114.86,1837.9,20170715,50.72,71.42,58.64,,,,,0.0,0.09842525
334257,Stahl Peak,MT,48.91,-114.86,1837.9,20170716,41.36,64.04,53.42,,,,,0.0,0.09842525
334258,Stahl Peak,MT,48.91,-114.86,1837.9,20170717,39.2,63.32,50.72,,,,,0.0,0.0
334259,Stahl Peak,MT,48.91,-114.86,1837.9,20170718,41.36,68.0,54.14,,,,,0.0,0.0
334260,Stahl Peak,MT,48.91,-114.86,1837.9,20170719,46.04,72.5,58.46,,,,,0.0,0.0
334261,Stahl Peak,MT,48.91,-114.86,1837.9,20170720,46.94,69.98,57.56,,,,,0.0,0.0
334262,Stahl Peak,MT,48.91,-114.86,1837.9,20170721,40.64,64.04,52.34,,,,,0.0,0.0
334263,Stahl Peak,MT,48.91,-114.86,1837.9,20170722,44.6,70.16,57.92,,,,,0.0,0.0
334264,Stahl Peak,MT,48.91,-114.86,1837.9,20170723,49.1,75.74,61.34,,,,,0.0,0.0
334265,Stahl Peak,MT,48.91,-114.86,1837.9,20170724,45.68,68.9,56.84,,,,,0.0,0.0
334266,Stahl Peak,MT,48.91,-114.86,1837.9,20170725,41.0,70.88,55.4,,,,,0.0,0.0
334267,Stahl Peak,MT,48.91,-114.86,1837.9,20170726,46.94,76.1,60.8,,,,,0.0,0.0
334268,Stahl Peak,MT,48.91,-114.86,1837.9,20170727,50.0,74.3,60.98,,,,,0.0,0.09842525
334269,Stahl Peak,MT,48.91,-114.86,1837.9,20170728,48.38,75.38,60.08,,,,,0.0,0.0
334270,Stahl Peak,MT,48.91,-114.86,1837.9,20170729,49.1,77.36,61.16,,,,,0.0,0.0
334271,Stahl Peak,MT,48.91,-114.86,1837.9,20170730,48.74,77.72,61.7,,,,,0.0,0.0
334272,Stahl Peak,MT,48.91,-114.86,1837.9,20170731,51.08,76.64,62.6,,,,,0.0,0.0
334273,Stahl Peak,MT,48.91,-114.86,1837.9,20170801,46.76,76.1,60.62,,,,,0.0,0.0
334274,Stahl Peak,MT,48.91,-114.86,1837.9,20170802,45.14,70.52,54.68,,,,,0.0,0.0
334275,Stahl Peak,MT,48.91,-114.86,1837.9,20170803,43.34,73.76,57.92,,,,,0.0,0.0
334276,Stahl Peak,MT,48.91,-114.86,1837.9,20170804,48.02,68.54,57.56,,,,,0.0,0.0
334277,Stahl Peak,MT,48.91,-114.86,1837.9,20170805,44.78,66.74,53.6,,,,,0.0,0.0
334278,Stahl Peak,MT,48.91,-114.86,1837.9,20170806,43.16,71.6,56.12,,,,,0.0,0.0
334279,Stahl Peak,MT,48.91,-114.86,1837.9,20170807,50.18,74.3,60.62,,,,,0.0,0.0
334280,Stahl Peak,MT,48.91,-114.86,1837.9,20170808,46.58,71.78,58.46,,,,,0.0,0.0
334281,Stahl Peak,MT,48.91,-114.86,1837.9,20170809,47.66,73.58,58.82,,,,,0.0,0.0
334282,Stahl Peak,MT,48.91,-114.86,1837.9,20170810,47.66,73.4,58.46,,,,,0.0,0.0
334283,Stahl Peak,MT,48.91,-114.86,1837.9,20170811,47.66,73.76,59.36,,,,,0.0,0.0
334284,Stahl Peak,MT,48.91,-114.86,1837.9,20170812,48.38,77.18,60.8,,,,,0.0,0.0
334285,Stahl Peak,MT,48.91,-114.86,1837.9,20170813,47.48,60.08,51.62,,,,,0.0,0.40157502
334286,Stahl Peak,MT,48.91,-114.86,1837.9,20170814,40.82,59.72,50.0,,,,,0.0,0.0
334287,Stahl Peak,MT,48.91,-114.86,1837.9,20170815,38.84,64.4,50.9,,,,,0.0,0.0
334288,Stahl Peak,MT,48.91,-114.86,1837.9,20170816,43.88,68.18,54.68,,,,,0.0,0.0
334289,Stahl Peak,MT,48.91,-114.86,1837.9,20170817,46.58,68.0,56.12,,,,,0.0,0.0
334290,Stahl Peak,MT,48.91,-114.86,1837.9,20170818,46.76,71.78,57.38,,,,,0.0,0.0
334291,Stahl Peak,MT,48.91,-114.86,1837.9,20170819,41.9,63.32,51.8,,,,,0.0,0.0
334292,Stahl Peak,MT,48.91,-114.86,1837.9,20170820,39.92,60.8,50.9,,,,,0.0,0.0
334293,Stahl Peak,MT,48.91,-114.86,1837.9,20170821,41.0,66.56,52.7,,,,,0.0,0.0
334294,Stahl Peak,MT,48.91,-114.86,1837.9,20170822,46.58,74.12,58.28,,,,,0.0,0.0
334295,Stahl Peak,MT,48.91,-114.86,1837.9,20170823,48.74,75.2,60.8,,,,,0.0,0.0
334296,Stahl Peak,MT,48.91,-114.86,1837.9,20170824,42.08,64.4,53.42,,,,,0.0,0.29921276
334297,Stahl Peak,MT,48.91,-114.86,1837.9,20170825,38.48,63.5,49.82,,,,,0.0,0.0
334298,Stahl Peak,MT,48.91,-114.86,1837.9,20170826,39.74,68.18,52.34,,,,,0.0,0.0
334299,Stahl Peak,MT,48.91,-114.86,1837.9,20170827,45.5,75.2,58.64,,,,,0.0,0.0
334300,Stahl Peak,MT,48.91,-114.86,1837.9,20170828,50.72,78.44,62.06,,,,,0.0,0.0
334301,Stahl Peak,MT,48.91,-114.86,1837.9,20170829,53.78,77.9,63.68,,,,,0.0,0.0
334302,Stahl Peak,MT,48.91,-114.86,1837.9,20170830,49.46,79.16,61.88,,,,,0.0,0.09842525
334303,Stahl Peak,MT,48.91,-114.86,1837.9,20170831,46.4,69.26,55.94,,,,,0.0,0.0
334304,Stahl Peak,MT,48.91,-114.86,1837.9,20170901,44.24,70.52,55.76,,,,,0.0,0.0
334305,Stahl Peak,MT,48.91,-114.86,1837.9,20170902,48.2,76.64,60.08,,,,,0.0,0.0
334306,Stahl Peak,MT,48.91,-114.86,1837.9,20170903,45.86,77.0,60.98,,,,,0.0,0.0
334307,Stahl Peak,MT,48.91,-114.86,1837.9,20170904,43.16,66.38,52.7,,,,,0.0,0.0
334308,Stahl Peak,MT,48.91,-114.86,1837.9,20170905,41.0,68.18,53.42,,,,,0.0,0.0
334309,Stahl Peak,MT,48.91,-114.86,1837.9,20170906,48.38,71.6,58.64,,,,,0.0,0.0
334310,Stahl Peak,MT,48.91,-114.86,1837.9,20170907,52.88,76.46,62.06,,,,,0.0,0.0
334311,Stahl Peak,MT,48.91,-114.86,1837.9,20170908,51.44,70.34,59.18,,,,,0.0,0.0
334312,Stahl Peak,MT,48.91,-114.86,1837.9,20170909,48.74,65.84,56.3,,,,,0.0,0.0
334313,Stahl Peak,MT,48.91,-114.86,1837.9,20170910,43.52,61.34,52.34,,,,,0.0,0.0
334314,Stahl Peak,MT,48.91,-114.86,1837.9,20170911,39.74,68.9,52.34,,,,,0.0,0.0
334315,Stahl Peak,MT,48.91,-114.86,1837.9,20170912,44.78,69.98,55.58,,,,,0.0,0.0
334316,Stahl Peak,MT,48.91,-114.86,1837.9,20170913,37.58,59.18,51.62,,,,,0.0,0.09842525
334317,Stahl Peak,MT,48.91,-114.86,1837.9,20170914,34.88,44.96,38.3,,,,,0.0,0.0
334318,Stahl Peak,MT,48.91,-114.86,1837.9,20170915,31.64,39.2,35.96,,,,,0.0,0.0
334319,Stahl Peak,MT,48.91,-114.86,1837.9,20170916,28.94,49.82,37.22,,,,,0.0,0.0
334320,Stahl Peak,MT,48.91,-114.86,1837.9,20170917,30.74,53.6,42.26,,,,,0.0,0.0
334321,Stahl Peak,MT,48.91,-114.86,1837.9,20170918,33.26,42.8,38.48,,,,,2.0078751,0.59842552
334322,Stahl Peak,MT,48.91,-114.86,1837.9,20170919,32.54,35.24,33.8,,,,,2.9921276000000003,0.40157502
334323,Stahl Peak,MT,48.91,-114.86,1837.9,20170920,31.64,37.22,33.62,,,,,2.9921276000000003,0.50000027
334324,Stahl Peak,MT,48.91,-114.86,1837.9,20170921,31.1,39.92,34.34,,,,,,0.09842525
334325,Hand Creek,MT,48.31,-114.84,1534.7,20170101,4.64,21.02,13.64,,,,,27.9921411,0.20078751
334326,Hand Creek,MT,48.31,-114.84,1534.7,20170102,-16.96,12.38,-0.58,,,,,25.984266,0.0
334327,Hand Creek,MT,48.31,-114.84,1534.7,20170103,-18.04,18.5,-2.38,,,,,25.0000135,0.0
334328,Hand Creek,MT,48.31,-114.84,1534.7,20170104,-20.56,15.98,-9.58,,,,,25.0000135,0.0
334329,Hand Creek,MT,48.31,-114.84,1534.7,20170105,-18.04,11.84,-1.66,,,,,25.0000135,0.0
334330,Hand Creek,MT,48.31,-114.84,1534.7,20170106,-7.24,23.0,5.18,,,,,24.015760999999998,0.0
334331,Hand Creek,MT,48.31,-114.84,1534.7,20170107,-9.58,23.18,6.44,,,,,25.0000135,0.29921276
334332,Hand Creek,MT,48.31,-114.84,1534.7,20170108,2.48,24.44,18.32,,,,,27.0078886,0.29921276
334333,Hand Creek,MT,48.31,-114.84,1534.7,20170109,22.1,30.92,27.14,,,,,30.0000162,0.40157502
334334,Hand Creek,MT,48.31,-114.84,1534.7,20170110,-9.04,25.7,16.34,,,,,30.0000162,0.0
334335,Hand Creek,MT,48.31,-114.84,1534.7,20170111,-15.88,20.84,-5.44,,,,,29.015763699999997,0.0
334336,Hand Creek,MT,48.31,-114.84,1534.7,20170112,-14.44,19.94,1.58,,,,,27.9921411,0.0
334337,Hand Creek,MT,48.31,-114.84,1534.7,20170113,-7.06,21.2,11.48,,,,,27.9921411,0.0
334338,Hand Creek,MT,48.31,-114.84,1534.7,20170114,-0.22,27.68,15.62,,,,,27.0078886,0.0
334339,Hand Creek,MT,48.31,-114.84,1534.7,20170115,-2.2,32.72,9.14,,,,,27.0078886,0.0
334340,Hand Creek,MT,48.31,-114.84,1534.7,20170116,1.76,32.36,13.28,,,,,25.0000135,0.0
334341,Hand Creek,MT,48.31,-114.84,1534.7,20170117,9.14,39.02,26.24,,,,,25.984266,0.09842525
334342,Hand Creek,MT,48.31,-114.84,1534.7,20170118,31.82,37.94,35.24,,,,,25.984266,0.0
334343,Hand Creek,MT,48.31,-114.84,1534.7,20170119,27.5,37.4,34.52,,,,,25.984266,0.0
334344,Hand Creek,MT,48.31,-114.84,1534.7,20170120,13.28,40.64,27.14,,,,,25.0000135,0.0
334345,Hand Creek,MT,48.31,-114.84,1534.7,20170121,12.2,33.44,24.26,,,,,25.0000135,0.0
334346,Hand Creek,MT,48.31,-114.84,1534.7,20170122,19.22,39.92,26.78,,,,,25.0000135,0.0
334347,Hand Creek,MT,48.31,-114.84,1534.7,20170123,6.08,35.06,22.1,,,,,25.984266,0.0
334348,Hand Creek,MT,48.31,-114.84,1534.7,20170124,2.84,28.94,16.16,,,,,27.0078886,0.20078751
334349,Hand Creek,MT,48.31,-114.84,1534.7,20170125,8.6,33.62,22.1,,,,,27.9921411,0.09842525
334350,Hand Creek,MT,48.31,-114.84,1534.7,20170126,17.42,32.9,23.54,,,,,25.984266,0.0
334351,Hand Creek,MT,48.31,-114.84,1534.7,20170127,22.82,29.48,25.88,,,,,27.0078886,0.0
334352,Hand Creek,MT,48.31,-114.84,1534.7,20170128,12.38,35.96,24.62,,,,,27.0078886,0.0
334353,Hand Creek,MT,48.31,-114.84,1534.7,20170129,12.38,44.96,30.56,,,,,27.0078886,0.0
334354,Hand Creek,MT,48.31,-114.84,1534.7,20170130,24.8,39.74,31.28,,,,,25.984266,0.0
334355,Hand Creek,MT,48.31,-114.84,1534.7,20170131,-0.4,31.28,18.5,,,,,25.984266,0.0
334356,Hand Creek,MT,48.31,-114.84,1534.7,20170201,-10.66,22.82,2.66,,,,,25.0000135,0.0
334357,Hand Creek,MT,48.31,-114.84,1534.7,20170202,-13.72,25.7,-1.3,,,,,25.0000135,0.0
334358,Hand Creek,MT,48.31,-114.84,1534.7,20170203,-14.08,20.3,9.14,,,,,29.015763699999997,0.20078751
334359,Hand Creek,MT,48.31,-114.84,1534.7,20170204,17.06,33.98,25.16,,,,,32.0078913,0.20078751
334360,Hand Creek,MT,48.31,-114.84,1534.7,20170205,29.66,36.32,33.44,,,,,37.007894,0.70078778
334361,Hand Creek,MT,48.31,-114.84,1534.7,20170206,17.96,32.9,24.62,,,,,40.000021600000004,0.40157502
334362,Hand Creek,MT,48.31,-114.84,1534.7,20170207,3.2,31.64,18.5,,,,,37.992146500000004,0.0
334363,Hand Creek,MT,48.31,-114.84,1534.7,20170208,5.36,26.78,18.86,,,,,40.000021600000004,0.29921276
334364,Hand Creek,MT,48.31,-114.84,1534.7,20170209,23.54,40.64,34.88,,,,,37.992146500000004,0.59842552
334365,Hand Creek,MT,48.31,-114.84,1534.7,20170210,28.4,39.2,33.26,,,,,37.007894,0.09842525
334366,Hand Creek,MT,48.31,-114.84,1534.7,20170211,11.48,36.86,26.24,,,,,35.9842714,0.0
334367,Hand Creek,MT,48.31,-114.84,1534.7,20170212,7.34,38.84,21.02,,,,,37.007894,0.09842525
334368,Hand Creek,MT,48.31,-114.84,1534.7,20170213,13.28,45.86,26.42,,,,,35.9842714,0.09842525
334369,Hand Creek,MT,48.31,-114.84,1534.7,20170214,14.18,54.14,28.04,,,,,35.0000189,0.0
334370,Hand Creek,MT,48.31,-114.84,1534.7,20170215,19.4,49.82,34.52,,,,,34.0157664,0.0
334371,Hand Creek,MT,48.31,-114.84,1534.7,20170216,34.34,41.72,39.02,,,,,30.984268699999998,0.0
334372,Hand Creek,MT,48.31,-114.84,1534.7,20170217,20.48,50.0,33.62,,,,,32.9921438,0.20078751
334373,Hand Creek,MT,48.31,-114.84,1534.7,20170218,20.3,42.62,32.18,,,,,32.0078913,0.0
334374,Hand Creek,MT,48.31,-114.84,1534.7,20170219,22.1,42.62,33.44,,,,,32.0078913,0.09842525
334375,Hand Creek,MT,48.31,-114.84,1534.7,20170220,20.84,39.2,32.0,,,,,35.0000189,0.09842525
334376,Hand Creek,MT,48.31,-114.84,1534.7,20170221,24.98,39.38,31.46,,,,,37.007894,0.29921276
334377,Hand Creek,MT,48.31,-114.84,1534.7,20170222,10.94,37.22,27.32,,,,,35.9842714,0.0
334378,Hand Creek,MT,48.31,-114.84,1534.7,20170223,8.78,36.32,19.22,,,,,35.9842714,0.0
334379,Hand Creek,MT,48.31,-114.84,1534.7,20170224,0.32,34.52,14.72,,,,,35.9842714,0.0
334380,Hand Creek,MT,48.31,-114.84,1534.7,20170225,4.1,27.32,18.68,,,,,37.007894,0.09842525
334381,Hand Creek,MT,48.31,-114.84,1534.7,20170226,4.28,31.28,19.94,,,,,40.9842741,0.20078751
334382,Hand Creek,MT,48.31,-114.84,1534.7,20170227,-0.58,28.04,16.16,,,,,40.9842741,0.09842525
334383,Hand Creek,MT,48.31,-114.84,1534.7,20170228,9.14,26.96,19.58,,,,,42.0078967,0.09842525
334384,Hand Creek,MT,48.31,-114.84,1534.7,20170301,19.58,32.72,27.32,,,,,44.015771799999996,0.29921276
334385,Hand Creek,MT,48.31,-114.84,1534.7,20170302,27.14,40.1,32.18,,,,,42.0078967,0.09842525
334386,Hand Creek,MT,48.31,-114.84,1534.7,20170303,30.74,39.02,34.34,,,,,40.9842741,0.0
334387,Hand Creek,MT,48.31,-114.84,1534.7,20170304,25.7,41.0,32.54,,,,,44.015771799999996,0.29921276
334388,Hand Creek,MT,48.31,-114.84,1534.7,20170305,3.02,33.8,23.0,,,,,44.015771799999996,0.0
334389,Hand Creek,MT,48.31,-114.84,1534.7,20170306,5.0,30.92,21.92,,,,,44.015771799999996,0.20078751
334390,Hand Creek,MT,48.31,-114.84,1534.7,20170307,17.96,33.26,24.8,,,,,45.984276799999996,0.20078751
334391,Hand Creek,MT,48.31,-114.84,1534.7,20170308,23.36,40.1,29.3,,,,,42.9921492,0.09842525
334392,Hand Creek,MT,48.31,-114.84,1534.7,20170309,22.82,36.32,28.94,,,,,47.992151899999996,0.50000027
334393,Hand Creek,MT,48.31,-114.84,1534.7,20170310,29.12,45.5,36.32,,,,,45.00002429999999,0.0
334394,Hand Creek,MT,48.31,-114.84,1534.7,20170311,27.14,48.2,37.22,,,,,40.9842741,0.09842525
334395,Hand Creek,MT,48.31,-114.84,1534.7,20170312,34.7,45.68,36.86,,,,,40.000021600000004,0.0
334396,Hand Creek,MT,48.31,-114.84,1534.7,20170313,33.26,43.7,36.5,,,,,40.000021600000004,0.20078751
334397,Hand Creek,MT,48.31,-114.84,1534.7,20170314,35.06,45.14,40.46,,,,,37.992146500000004,0.09842525
334398,Hand Creek,MT,48.31,-114.84,1534.7,20170315,35.96,46.76,41.36,,,,,35.9842714,0.09842525
334399,Hand Creek,MT,48.31,-114.84,1534.7,20170316,21.02,42.08,34.88,,,,,35.9842714,0.09842525
334400,Hand Creek,MT,48.31,-114.84,1534.7,20170317,15.62,46.76,33.08,,,,,35.0000189,0.09842525
334401,Hand Creek,MT,48.31,-114.84,1534.7,20170318,35.6,46.58,41.0,,,,,32.9921438,0.0
334402,Hand Creek,MT,48.31,-114.84,1534.7,20170319,18.68,44.24,33.26,,,,,34.0157664,0.09842525
334403,Hand Creek,MT,48.31,-114.84,1534.7,20170320,13.28,47.12,32.0,,,,,32.9921438,0.09842525
334404,Hand Creek,MT,48.31,-114.84,1534.7,20170321,30.74,53.42,38.3,,,,,32.9921438,0.0
334405,Hand Creek,MT,48.31,-114.84,1534.7,20170322,33.26,48.92,38.66,,,,,32.0078913,0.09842525
334406,Hand Creek,MT,48.31,-114.84,1534.7,20170323,21.02,44.96,33.8,,,,,32.0078913,0.09842525
334407,Hand Creek,MT,48.31,-114.84,1534.7,20170324,19.4,45.86,33.62,,,,,30.984268699999998,0.0
334408,Hand Creek,MT,48.31,-114.84,1534.7,20170325,29.84,44.96,35.6,,,,,30.984268699999998,0.0
334409,Hand Creek,MT,48.31,-114.84,1534.7,20170326,26.24,48.2,36.86,,,,,30.0000162,0.0
334410,Hand Creek,MT,48.31,-114.84,1534.7,20170327,31.46,41.36,35.96,,,,,30.984268699999998,0.20078751
334411,Hand Creek,MT,48.31,-114.84,1534.7,20170328,30.56,41.72,35.06,,,,,30.0000162,0.0
334412,Hand Creek,MT,48.31,-114.84,1534.7,20170329,33.8,41.72,37.4,,,,,30.0000162,0.09842525
334413,Hand Creek,MT,48.31,-114.84,1534.7,20170330,34.34,46.76,38.84,,,,,29.015763699999997,0.0
334414,Hand Creek,MT,48.31,-114.84,1534.7,20170331,29.66,57.02,40.82,,,,,25.984266,0.0
334415,Hand Creek,MT,48.31,-114.84,1534.7,20170401,26.78,47.66,36.5,,,,,25.0000135,0.0
334416,Hand Creek,MT,48.31,-114.84,1534.7,20170402,26.42,44.6,36.14,,,,,24.015760999999998,0.0
334417,Hand Creek,MT,48.31,-114.84,1534.7,20170403,16.16,42.26,28.76,,,,,25.0000135,0.09842525
334418,Hand Creek,MT,48.31,-114.84,1534.7,20170404,12.74,47.66,31.28,,,,,25.984266,0.20078751
334419,Hand Creek,MT,48.31,-114.84,1534.7,20170405,25.7,55.22,38.12,,,,,24.015760999999998,0.0
334420,Hand Creek,MT,48.31,-114.84,1534.7,20170406,32.54,53.6,41.18,,,,,22.007885899999998,0.0
334421,Hand Creek,MT,48.31,-114.84,1534.7,20170407,29.3,49.1,36.68,,,,,22.007885899999998,0.0
334422,Hand Creek,MT,48.31,-114.84,1534.7,20170408,26.6,45.5,35.6,,,,,22.992138399999998,0.20078751
334423,Hand Creek,MT,48.31,-114.84,1534.7,20170409,16.52,43.16,30.74,,,,,22.992138399999998,0.29921276
334424,Hand Creek,MT,48.31,-114.84,1534.7,20170410,15.8,41.18,28.94,,,,,25.0000135,0.20078751
334425,Hand Creek,MT,48.31,-114.84,1534.7,20170411,17.24,51.62,34.7,,,,,22.992138399999998,0.0
334426,Hand Creek,MT,48.31,-114.84,1534.7,20170412,31.46,41.54,36.32,,,,,22.992138399999998,0.0
334427,Hand Creek,MT,48.31,-114.84,1534.7,20170413,32.72,52.52,38.66,,,,,22.007885899999998,0.09842525
334428,Hand Creek,MT,48.31,-114.84,1534.7,20170414,30.02,43.7,35.42,,,,,19.0157583,0.09842525
334429,Hand Creek,MT,48.31,-114.84,1534.7,20170415,24.26,43.16,33.98,,,,,22.007885899999998,0.09842525
334430,Hand Creek,MT,48.31,-114.84,1534.7,20170416,19.04,52.88,36.5,,,,,20.000010800000002,0.09842525
334431,Hand Creek,MT,48.31,-114.84,1534.7,20170417,32.18,41.0,36.68,,,,,19.0157583,0.09842525
334432,Hand Creek,MT,48.31,-114.84,1534.7,20170418,32.18,51.44,39.56,,,,,19.0157583,0.40157502
334433,Hand Creek,MT,48.31,-114.84,1534.7,20170419,25.34,53.6,38.66,,,,,20.000010800000002,0.09842525
334434,Hand Creek,MT,48.31,-114.84,1534.7,20170420,28.04,46.94,36.68,,,,,20.000010800000002,0.50000027
334435,Hand Creek,MT,48.31,-114.84,1534.7,20170421,29.3,53.78,38.3,,,,,19.0157583,0.0
334436,Hand Creek,MT,48.31,-114.84,1534.7,20170422,26.6,58.1,41.54,,,,,15.9842606,0.09842525
334437,Hand Creek,MT,48.31,-114.84,1534.7,20170423,32.18,52.88,40.28,,,,,15.9842606,0.0
334438,Hand Creek,MT,48.31,-114.84,1534.7,20170424,33.8,50.0,39.74,,,,,15.0000081,0.0
334439,Hand Creek,MT,48.31,-114.84,1534.7,20170425,34.7,50.9,38.66,,,,,12.992133,0.29921276
334440,Hand Creek,MT,48.31,-114.84,1534.7,20170426,34.16,45.86,37.22,,,,,15.0000081,0.40157502
334441,Hand Creek,MT,48.31,-114.84,1534.7,20170427,32.54,38.12,34.88,,,,,19.0157583,0.79921303
334442,Hand Creek,MT,48.31,-114.84,1534.7,20170428,33.44,50.18,37.76,,,,,15.9842606,0.09842525
334443,Hand Creek,MT,48.31,-114.84,1534.7,20170429,32.54,51.26,41.0,,,,,15.0000081,0.09842525
334444,Hand Creek,MT,48.31,-114.84,1534.7,20170430,34.16,48.38,38.84,,,,,15.0000081,0.0
334445,Hand Creek,MT,48.31,-114.84,1534.7,20170501,30.74,51.62,38.66,,,,,12.992133,0.29921276
334446,Hand Creek,MT,48.31,-114.84,1534.7,20170502,31.28,50.18,37.94,,,,,12.992133,0.09842525
334447,Hand Creek,MT,48.31,-114.84,1534.7,20170503,29.66,56.66,43.34,,,,,12.007880499999999,0.0
334448,Hand Creek,MT,48.31,-114.84,1534.7,20170504,32.72,73.94,50.36,,,,,7.9921303,0.0
334449,Hand Creek,MT,48.31,-114.84,1534.7,20170505,36.32,67.64,50.9,,,,,5.0000027000000005,0.0
334450,Hand Creek,MT,48.31,-114.84,1534.7,20170506,39.02,49.46,44.06,,,,,4.0157502,0.0
334451,Hand Creek,MT,48.31,-114.84,1534.7,20170507,30.56,49.82,38.48,,,,,2.9921276000000003,0.0
334452,Hand Creek,MT,48.31,-114.84,1534.7,20170508,27.14,58.46,43.16,,,,,2.0078751,0.09842525
334453,Hand Creek,MT,48.31,-114.84,1534.7,20170509,33.62,62.6,46.94,,,,,0.0,0.0
334454,Hand Creek,MT,48.31,-114.84,1534.7,20170510,32.9,67.64,50.0,,,,,0.0,0.0
334455,Hand Creek,MT,48.31,-114.84,1534.7,20170511,35.78,72.86,55.22,,,,,0.0,0.0
334456,Hand Creek,MT,48.31,-114.84,1534.7,20170512,32.54,51.26,42.8,,,,,0.0,0.29921276
334457,Hand Creek,MT,48.31,-114.84,1534.7,20170513,30.74,48.02,37.94,,,,,0.0,0.0
334458,Hand Creek,MT,48.31,-114.84,1534.7,20170514,29.12,45.5,36.86,,,,,0.0,0.0
334459,Hand Creek,MT,48.31,-114.84,1534.7,20170515,26.96,53.6,39.56,,,,,0.0,0.09842525
334460,Hand Creek,MT,48.31,-114.84,1534.7,20170516,34.34,48.2,39.02,,,,,0.0,0.0
334461,Hand Creek,MT,48.31,-114.84,1534.7,20170517,36.14,49.64,41.72,,,,,0.0,0.0
334462,Hand Creek,MT,48.31,-114.84,1534.7,20170518,34.88,57.02,43.7,,,,,0.0,0.09842525
334463,Hand Creek,MT,48.31,-114.84,1534.7,20170519,32.72,60.44,46.58,,,,,0.0,0.09842525
334464,Hand Creek,MT,48.31,-114.84,1534.7,20170520,35.6,57.74,46.76,,,,,0.0,0.0
334465,Hand Creek,MT,48.31,-114.84,1534.7,20170521,34.7,67.28,51.44,,,,,0.0,0.0
334466,Hand Creek,MT,48.31,-114.84,1534.7,20170522,38.48,72.32,55.4,,,,,0.0,0.0
334467,Hand Creek,MT,48.31,-114.84,1534.7,20170523,39.74,73.4,60.08,,,,,0.0,0.0
334468,Hand Creek,MT,48.31,-114.84,1534.7,20170524,38.84,59.36,45.86,,,,,0.0,0.0
334469,Hand Creek,MT,48.31,-114.84,1534.7,20170525,37.94,58.82,47.3,,,,,0.0,0.0
334470,Hand Creek,MT,48.31,-114.84,1534.7,20170526,33.44,63.5,48.74,,,,,0.0,0.09842525
334471,Hand Creek,MT,48.31,-114.84,1534.7,20170527,37.76,70.16,54.5,,,,,0.0,0.0
334472,Hand Creek,MT,48.31,-114.84,1534.7,20170528,40.46,72.86,56.48,,,,,0.0,0.0
334473,Hand Creek,MT,48.31,-114.84,1534.7,20170529,40.28,74.84,56.12,,,,,0.0,0.0
334474,Hand Creek,MT,48.31,-114.84,1534.7,20170530,41.0,77.54,59.18,,,,,0.0,0.0
334475,Hand Creek,MT,48.31,-114.84,1534.7,20170531,44.96,76.1,60.44,,,,,0.0,0.0
334476,Hand Creek,MT,48.31,-114.84,1534.7,20170601,46.04,58.82,51.62,,,,,0.0,0.0
334477,Hand Creek,MT,48.31,-114.84,1534.7,20170602,36.14,62.6,50.18,,,,,0.0,0.0
334478,Hand Creek,MT,48.31,-114.84,1534.7,20170603,33.98,74.66,56.12,,,,,0.0,0.0
334479,Hand Creek,MT,48.31,-114.84,1534.7,20170604,46.76,65.12,53.96,,,,,0.0,0.0
334480,Hand Creek,MT,48.31,-114.84,1534.7,20170605,38.3,63.68,50.54,,,,,0.0,0.0
334481,Hand Creek,MT,48.31,-114.84,1534.7,20170606,34.7,70.16,53.96,,,,,0.0,0.0
334482,Hand Creek,MT,48.31,-114.84,1534.7,20170607,42.62,79.16,61.34,,,,,0.0,0.0
334483,Hand Creek,MT,48.31,-114.84,1534.7,20170608,46.76,75.56,58.82,,,,,0.0,0.0
334484,Hand Creek,MT,48.31,-114.84,1534.7,20170609,32.54,56.66,47.3,,,,,0.0,0.0
334485,Hand Creek,MT,48.31,-114.84,1534.7,20170610,31.82,53.96,43.16,,,,,0.0,0.0
334486,Hand Creek,MT,48.31,-114.84,1534.7,20170611,31.46,62.6,47.12,,,,,0.0,0.09842525
334487,Hand Creek,MT,48.31,-114.84,1534.7,20170612,33.44,72.5,56.84,,,,,0.0,0.0
334488,Hand Creek,MT,48.31,-114.84,1534.7,20170613,45.5,60.8,51.62,,,,,0.0,0.09842525
334489,Hand Creek,MT,48.31,-114.84,1534.7,20170614,36.32,58.1,47.48,,,,,0.0,0.0
334490,Hand Creek,MT,48.31,-114.84,1534.7,20170615,37.4,53.24,47.48,,,,,0.0,0.0
334491,Hand Creek,MT,48.31,-114.84,1534.7,20170616,43.16,55.22,48.56,,,,,0.0,0.0
334492,Hand Creek,MT,48.31,-114.84,1534.7,20170617,38.3,59.9,49.64,,,,,0.0,0.20078751
334493,Hand Creek,MT,48.31,-114.84,1534.7,20170618,43.88,58.46,49.82,,,,,0.0,0.0
334494,Hand Creek,MT,48.31,-114.84,1534.7,20170619,43.7,74.12,59.0,,,,,0.0,0.09842525
334495,Hand Creek,MT,48.31,-114.84,1534.7,20170620,48.56,69.8,60.98,,,,,0.0,0.0
334496,Hand Creek,MT,48.31,-114.84,1534.7,20170621,41.72,66.2,56.3,,,,,0.0,0.0
334497,Hand Creek,MT,48.31,-114.84,1534.7,20170622,33.62,62.24,48.92,,,,,0.0,0.0
334498,Hand Creek,MT,48.31,-114.84,1534.7,20170623,34.7,68.54,53.06,,,,,0.0,0.0
334499,Hand Creek,MT,48.31,-114.84,1534.7,20170624,36.68,73.4,55.94,,,,,0.0,0.0
334500,Hand Creek,MT,48.31,-114.84,1534.7,20170625,40.1,80.06,60.62,,,,,0.0,0.0
334501,Hand Creek,MT,48.31,-114.84,1534.7,20170626,44.06,80.6,63.5,,,,,0.0,0.0
334502,Hand Creek,MT,48.31,-114.84,1534.7,20170627,42.44,69.98,57.92,,,,,0.0,0.09842525
334503,Hand Creek,MT,48.31,-114.84,1534.7,20170628,41.54,68.18,55.04,,,,,0.0,0.0
334504,Hand Creek,MT,48.31,-114.84,1534.7,20170629,40.46,68.54,54.14,,,,,0.0,0.0
334505,Hand Creek,MT,48.31,-114.84,1534.7,20170630,40.46,75.02,59.54,,,,,0.0,0.20078751
334506,Hand Creek,MT,48.31,-114.84,1534.7,20170701,46.04,78.26,61.34,,,,,0.0,0.0
334507,Hand Creek,MT,48.31,-114.84,1534.7,20170702,46.22,79.88,63.5,,,,,0.0,0.0
334508,Hand Creek,MT,48.31,-114.84,1534.7,20170703,45.32,77.0,60.8,,,,,0.0,0.0
334509,Hand Creek,MT,48.31,-114.84,1534.7,20170704,39.38,77.9,59.9,,,,,0.0,0.0
334510,Hand Creek,MT,48.31,-114.84,1534.7,20170705,40.82,84.2,63.86,,,,,0.0,0.0
334511,Hand Creek,MT,48.31,-114.84,1534.7,20170706,46.58,86.0,67.28,,,,,0.0,0.0
334512,Hand Creek,MT,48.31,-114.84,1534.7,20170707,48.2,89.6,66.56,,,,,0.0,0.0
334513,Hand Creek,MT,48.31,-114.84,1534.7,20170708,48.56,86.54,67.82,,,,,0.0,0.0
334514,Hand Creek,MT,48.31,-114.84,1534.7,20170709,44.96,84.38,65.84,,,,,0.0,0.0
334515,Hand Creek,MT,48.31,-114.84,1534.7,20170710,45.86,75.56,60.8,,,,,0.0,0.09842525
334516,Hand Creek,MT,48.31,-114.84,1534.7,20170711,44.06,72.5,58.46,,,,,0.0,0.09842525
334517,Hand Creek,MT,48.31,-114.84,1534.7,20170712,41.72,78.98,60.08,,,,,0.0,0.0
334518,Hand Creek,MT,48.31,-114.84,1534.7,20170713,41.54,82.04,63.5,,,,,0.0,0.0
334519,Hand Creek,MT,48.31,-114.84,1534.7,20170714,41.9,86.18,64.76,,,,,0.0,0.0
334520,Hand Creek,MT,48.31,-114.84,1534.7,20170715,50.36,77.9,61.88,,,,,0.0,0.0
334521,Hand Creek,MT,48.31,-114.84,1534.7,20170716,37.58,69.8,58.1,,,,,0.0,0.09842525
334522,Hand Creek,MT,48.31,-114.84,1534.7,20170717,34.16,71.06,53.78,,,,,0.0,0.09842525
334523,Hand Creek,MT,48.31,-114.84,1534.7,20170718,37.58,76.64,58.46,,,,,0.0,0.0
334524,Hand Creek,MT,48.31,-114.84,1534.7,20170719,43.16,79.34,61.88,,,,,0.0,0.0
334525,Hand Creek,MT,48.31,-114.84,1534.7,20170720,42.8,76.46,60.62,,,,,0.0,0.0
334526,Hand Creek,MT,48.31,-114.84,1534.7,20170721,38.3,71.06,55.76,,,,,0.0,0.0
334527,Hand Creek,MT,48.31,-114.84,1534.7,20170722,39.56,77.72,60.62,,,,,0.0,0.0
334528,Hand Creek,MT,48.31,-114.84,1534.7,20170723,44.96,80.96,65.3,,,,,0.0,0.0
334529,Hand Creek,MT,48.31,-114.84,1534.7,20170724,43.34,77.9,61.7,,,,,0.0,0.0
334530,Hand Creek,MT,48.31,-114.84,1534.7,20170725,37.4,78.62,59.36,,,,,0.0,0.0
334531,Hand Creek,MT,48.31,-114.84,1534.7,20170726,42.62,82.4,63.68,,,,,0.0,0.0
334532,Hand Creek,MT,48.31,-114.84,1534.7,20170727,44.96,80.96,64.76,,,,,0.0,0.0
334533,Hand Creek,MT,48.31,-114.84,1534.7,20170728,42.62,81.86,64.04,,,,,0.0,0.0
334534,Hand Creek,MT,48.31,-114.84,1534.7,20170729,46.76,84.2,65.66,,,,,0.0,0.0
334535,Hand Creek,MT,48.31,-114.84,1534.7,20170730,45.86,84.74,65.12,,,,,0.0,0.0
334536,Hand Creek,MT,48.31,-114.84,1534.7,20170731,44.78,84.56,65.3,,,,,0.0,0.0
334537,Hand Creek,MT,48.31,-114.84,1534.7,20170801,43.7,84.38,65.3,,,,,0.0,0.0
334538,Hand Creek,MT,48.31,-114.84,1534.7,20170802,44.42,75.74,59.54,,,,,0.0,0.0
334539,Hand Creek,MT,48.31,-114.84,1534.7,20170803,40.64,80.24,60.8,,,,,0.0,0.0
334540,Hand Creek,MT,48.31,-114.84,1534.7,20170804,45.86,84.02,64.4,,,,,0.0,0.0
334541,Hand Creek,MT,48.31,-114.84,1534.7,20170805,42.8,70.34,56.84,,,,,0.0,0.0
334542,Hand Creek,MT,48.31,-114.84,1534.7,20170806,40.28,77.54,58.28,,,,,0.0,0.0
334543,Hand Creek,MT,48.31,-114.84,1534.7,20170807,42.98,82.04,63.5,,,,,0.0,0.0
334544,Hand Creek,MT,48.31,-114.84,1534.7,20170808,46.4,78.08,62.24,,,,,0.0,0.0
334545,Hand Creek,MT,48.31,-114.84,1534.7,20170809,41.72,77.9,59.18,,,,,0.0,0.0
334546,Hand Creek,MT,48.31,-114.84,1534.7,20170810,43.52,81.68,61.7,,,,,0.0,0.0
334547,Hand Creek,MT,48.31,-114.84,1534.7,20170811,42.62,82.22,60.98,,,,,0.0,0.09842525
334548,Hand Creek,MT,48.31,-114.84,1534.7,20170812,45.68,83.84,63.5,,,,,0.0,0.0
334549,Hand Creek,MT,48.31,-114.84,1534.7,20170813,42.26,69.08,53.96,,,,,0.0,0.0
334550,Hand Creek,MT,48.31,-114.84,1534.7,20170814,39.74,66.74,52.34,,,,,0.0,0.40157502
334551,Hand Creek,MT,48.31,-114.84,1534.7,20170815,35.42,72.32,54.32,,,,,0.0,0.09842525
334552,Hand Creek,MT,48.31,-114.84,1534.7,20170816,38.48,75.02,58.82,,,,,0.0,0.0
334553,Hand Creek,MT,48.31,-114.84,1534.7,20170817,41.9,75.2,59.18,,,,,0.0,0.0
334554,Hand Creek,MT,48.31,-114.84,1534.7,20170818,40.82,78.8,60.8,,,,,0.0,0.0
334555,Hand Creek,MT,48.31,-114.84,1534.7,20170819,39.2,70.34,55.4,,,,,0.0,0.0
334556,Hand Creek,MT,48.31,-114.84,1534.7,20170820,35.24,69.44,53.42,,,,,0.0,0.0
334557,Hand Creek,MT,48.31,-114.84,1534.7,20170821,38.12,73.76,55.76,,,,,0.0,0.0
334558,Hand Creek,MT,48.31,-114.84,1534.7,20170822,42.26,82.4,61.88,,,,,0.0,0.0
334559,Hand Creek,MT,48.31,-114.84,1534.7,20170823,44.42,82.58,64.22,,,,,0.0,0.0
334560,Hand Creek,MT,48.31,-114.84,1534.7,20170824,46.4,70.7,60.08,,,,,0.0,0.0
334561,Hand Creek,MT,48.31,-114.84,1534.7,20170825,35.6,72.14,55.4,,,,,0.0,0.0
334562,Hand Creek,MT,48.31,-114.84,1534.7,20170826,35.42,75.56,55.76,,,,,0.0,0.0
334563,Hand Creek,MT,48.31,-114.84,1534.7,20170827,39.38,83.3,61.16,,,,,0.0,0.0
334564,Hand Creek,MT,48.31,-114.84,1534.7,20170828,44.42,84.74,64.4,,,,,0.0,0.0
334565,Hand Creek,MT,48.31,-114.84,1534.7,20170829,47.84,89.24,65.66,,,,,0.0,0.0
334566,Hand Creek,MT,48.31,-114.84,1534.7,20170830,49.46,86.72,64.94,,,,,0.0,0.0
334567,Hand Creek,MT,48.31,-114.84,1534.7,20170831,45.32,75.74,59.54,,,,,0.0,0.0
334568,Hand Creek,MT,48.31,-114.84,1534.7,20170901,42.44,78.08,60.26,,,,,0.0,0.0
334569,Hand Creek,MT,48.31,-114.84,1534.7,20170902,44.42,84.02,64.58,,,,,0.0,0.0
334570,Hand Creek,MT,48.31,-114.84,1534.7,20170903,45.14,84.2,64.4,,,,,0.0,0.0
334571,Hand Creek,MT,48.31,-114.84,1534.7,20170904,38.84,72.14,53.78,,,,,0.0,0.0
334572,Hand Creek,MT,48.31,-114.84,1534.7,20170905,35.6,76.46,54.68,,,,,0.0,0.0
334573,Hand Creek,MT,48.31,-114.84,1534.7,20170906,41.18,78.08,58.46,,,,,0.0,0.0
334574,Hand Creek,MT,48.31,-114.84,1534.7,20170907,45.68,83.12,60.98,,,,,0.0,0.0
334575,Hand Creek,MT,48.31,-114.84,1534.7,20170908,47.84,78.08,60.08,,,,,0.0,0.0
334576,Hand Creek,MT,48.31,-114.84,1534.7,20170909,47.48,74.12,61.7,,,,,0.0,0.0
334577,Hand Creek,MT,48.31,-114.84,1534.7,20170910,45.14,69.08,58.1,,,,,0.0,0.0
334578,Hand Creek,MT,48.31,-114.84,1534.7,20170911,37.76,77.54,56.84,,,,,0.0,0.0
334579,Hand Creek,MT,48.31,-114.84,1534.7,20170912,39.2,78.08,60.08,,,,,0.0,0.0
334580,Hand Creek,MT,48.31,-114.84,1534.7,20170913,34.7,67.46,55.76,,,,,0.0,0.0
334581,Hand Creek,MT,48.31,-114.84,1534.7,20170914,32.54,49.46,41.72,,,,,0.0,0.0
334582,Hand Creek,MT,48.31,-114.84,1534.7,20170915,36.68,44.78,40.46,,,,,0.0,0.0
334583,Hand Creek,MT,48.31,-114.84,1534.7,20170916,28.4,56.3,39.92,,,,,0.0,0.0
334584,Hand Creek,MT,48.31,-114.84,1534.7,20170917,28.04,59.9,45.32,,,,,0.0,0.0
334585,Hand Creek,MT,48.31,-114.84,1534.7,20170918,35.06,46.58,41.72,,,,,0.0,0.70078778
334586,Hand Creek,MT,48.31,-114.84,1534.7,20170919,34.88,42.8,37.58,,,,,0.0,0.09842525
334587,Hand Creek,MT,48.31,-114.84,1534.7,20170920,34.7,43.52,37.58,,,,,0.0,0.20078751
334588,Hand Creek,MT,48.31,-114.84,1534.7,20170921,29.3,49.82,37.58,,,,,0.0,0.0
334589,Blacktail Mtn,MT,47.98,-114.35,1722.1,20170101,-0.04,19.94,10.94,,,,,27.0078886,0.20078751
334590,Blacktail Mtn,MT,47.98,-114.35,1722.1,20170102,-2.38,5.9,0.32,,,,,25.984266,0.0
334591,Blacktail Mtn,MT,47.98,-114.35,1722.1,20170103,-3.46,6.8,0.86,,,,,25.0000135,0.0
334592,Blacktail Mtn,MT,47.98,-114.35,1722.1,20170104,-5.44,11.3,1.58,,,,,24.015760999999998,0.0
334593,Blacktail Mtn,MT,47.98,-114.35,1722.1,20170105,-6.34,9.32,3.38,,,,,24.015760999999998,0.0
334594,Blacktail Mtn,MT,47.98,-114.35,1722.1,20170106,8.06,19.22,12.56,,,,,24.015760999999998,0.0
334595,Blacktail Mtn,MT,47.98,-114.35,1722.1,20170107,11.48,21.74,16.88,,,,,25.0000135,0.29921276
334596,Blacktail Mtn,MT,47.98,-114.35,1722.1,20170108,15.08,29.3,22.82,,,,,27.9921411,0.29921276
334597,Blacktail Mtn,MT,47.98,-114.35,1722.1,20170109,21.38,31.28,26.42,,,,,29.015763699999997,0.20078751
334598,Blacktail Mtn,MT,47.98,-114.35,1722.1,20170110,9.14,26.24,19.4,,,,,27.9921411,0.0
334599,Blacktail Mtn,MT,47.98,-114.35,1722.1,20170111,0.86,13.64,6.26,,,,,27.0078886,0.0
334600,Blacktail Mtn,MT,47.98,-114.35,1722.1,20170112,4.28,17.78,11.66,,,,,27.0078886,0.0
334601,Blacktail Mtn,MT,47.98,-114.35,1722.1,20170113,12.2,21.92,15.26,,,,,25.984266,0.0
334602,Blacktail Mtn,MT,47.98,-114.35,1722.1,20170114,14.18,23.0,17.96,,,,,27.0078886,0.0
334603,Blacktail Mtn,MT,47.98,-114.35,1722.1,20170115,14.9,28.94,20.48,,,,,25.984266,0.0
334604,Blacktail Mtn,MT,47.98,-114.35,1722.1,20170116,16.7,27.86,22.82,,,,,27.0078886,0.09842525
334605,Blacktail Mtn,MT,47.98,-114.35,1722.1,20170117,25.88,38.12,32.0,,,,,25.984266,0.0
334606,Blacktail Mtn,MT,47.98,-114.35,1722.1,20170118,33.8,38.3,35.78,,,,,25.984266,0.0
334607,Blacktail Mtn,MT,47.98,-114.35,1722.1,20170119,28.94,37.4,33.26,,,,,25.0000135,0.0
334608,Blacktail Mtn,MT,47.98,-114.35,1722.1,20170120,25.88,36.14,29.3,,,,,25.0000135,0.0
334609,Blacktail Mtn,MT,47.98,-114.35,1722.1,20170121,24.98,29.48,27.5,,,,,25.0000135,0.0
334610,Blacktail Mtn,MT,47.98,-114.35,1722.1,20170122,26.06,35.6,28.76,,,,,27.0078886,0.09842525
334611,Blacktail Mtn,MT,47.98,-114.35,1722.1,20170123,19.04,27.68,24.26,,,,,27.0078886,0.0
334612,Blacktail Mtn,MT,47.98,-114.35,1722.1,20170124,16.88,23.0,20.12,,,,,25.984266,0.0
334613,Blacktail Mtn,MT,47.98,-114.35,1722.1,20170125,19.22,24.98,21.56,,,,,25.984266,0.09842525
334614,Blacktail Mtn,MT,47.98,-114.35,1722.1,20170126,18.68,24.98,21.56,,,,,27.0078886,0.0
334615,Blacktail Mtn,MT,47.98,-114.35,1722.1,20170127,21.02,24.44,22.28,,,,,27.0078886,0.0
334616,Blacktail Mtn,MT,47.98,-114.35,1722.1,20170128,22.1,31.1,27.14,,,,,25.984266,0.0
334617,Blacktail Mtn,MT,47.98,-114.35,1722.1,20170129,26.42,40.46,32.9,,,,,25.984266,0.0
334618,Blacktail Mtn,MT,47.98,-114.35,1722.1,20170130,22.28,34.34,29.48,,,,,25.984266,0.0
334619,Blacktail Mtn,MT,47.98,-114.35,1722.1,20170131,9.32,25.34,18.68,,,,,25.984266,0.0
334620,Blacktail Mtn,MT,47.98,-114.35,1722.1,20170201,-0.4,17.06,8.06,,,,,25.984266,0.0
334621,Blacktail Mtn,MT,47.98,-114.35,1722.1,20170202,1.94,18.5,6.62,,,,,25.984266,0.0
334622,Blacktail Mtn,MT,47.98,-114.35,1722.1,20170203,4.82,27.5,17.96,,,,,30.0000162,0.40157502
334623,Blacktail Mtn,MT,47.98,-114.35,1722.1,20170204,18.32,30.56,25.88,,,,,30.984268699999998,0.20078751
334624,Blacktail Mtn,MT,47.98,-114.35,1722.1,20170205,29.84,33.08,31.82,,,,,35.0000189,0.29921276
334625,Blacktail Mtn,MT,47.98,-114.35,1722.1,20170206,19.94,32.36,26.06,,,,,37.007894,0.29921276
334626,Blacktail Mtn,MT,47.98,-114.35,1722.1,20170207,12.56,27.32,19.04,,,,,35.9842714,0.0
334627,Blacktail Mtn,MT,47.98,-114.35,1722.1,20170208,14.36,29.3,22.1,,,,,37.007894,0.29921276
334628,Blacktail Mtn,MT,47.98,-114.35,1722.1,20170209,28.58,38.3,35.06,,,,,37.007894,0.50000027
334629,Blacktail Mtn,MT,47.98,-114.35,1722.1,20170210,25.88,37.94,32.72,,,,,35.9842714,0.0
334630,Blacktail Mtn,MT,47.98,-114.35,1722.1,20170211,20.48,32.72,25.52,,,,,35.9842714,0.0
334631,Blacktail Mtn,MT,47.98,-114.35,1722.1,20170212,17.78,33.26,26.24,,,,,35.0000189,0.0
334632,Blacktail Mtn,MT,47.98,-114.35,1722.1,20170213,28.76,39.56,33.08,,,,,35.0000189,0.09842525
334633,Blacktail Mtn,MT,47.98,-114.35,1722.1,20170214,30.02,42.8,36.5,,,,,34.0157664,0.0
334634,Blacktail Mtn,MT,47.98,-114.35,1722.1,20170215,34.7,44.78,40.28,,,,,32.9921438,0.0
334635,Blacktail Mtn,MT,47.98,-114.35,1722.1,20170216,32.9,40.64,37.76,,,,,32.0078913,0.0
334636,Blacktail Mtn,MT,47.98,-114.35,1722.1,20170217,28.76,39.56,32.18,,,,,32.0078913,0.09842525
334637,Blacktail Mtn,MT,47.98,-114.35,1722.1,20170218,29.66,39.38,34.88,,,,,30.984268699999998,0.0
334638,Blacktail Mtn,MT,47.98,-114.35,1722.1,20170219,25.7,39.2,32.0,,,,,30.984268699999998,0.09842525
334639,Blacktail Mtn,MT,47.98,-114.35,1722.1,20170220,24.98,32.9,29.84,,,,,34.0157664,0.29921276
334640,Blacktail Mtn,MT,47.98,-114.35,1722.1,20170221,27.86,34.7,30.92,,,,,39.0157691,0.50000027
334641,Blacktail Mtn,MT,47.98,-114.35,1722.1,20170222,22.64,35.06,27.32,,,,,37.992146500000004,0.0
334642,Blacktail Mtn,MT,47.98,-114.35,1722.1,20170223,19.4,28.94,23.0,,,,,37.992146500000004,0.0
334643,Blacktail Mtn,MT,47.98,-114.35,1722.1,20170224,15.08,27.5,19.58,,,,,37.992146500000004,0.0
334644,Blacktail Mtn,MT,47.98,-114.35,1722.1,20170225,14.36,22.82,17.78,,,,,37.992146500000004,0.0
334645,Blacktail Mtn,MT,47.98,-114.35,1722.1,20170226,13.28,24.44,19.04,,,,,42.9921492,0.50000027
334646,Blacktail Mtn,MT,47.98,-114.35,1722.1,20170227,13.28,23.36,17.96,,,,,45.00002429999999,0.29921276
334647,Blacktail Mtn,MT,47.98,-114.35,1722.1,20170228,14.54,23.72,18.86,,,,,45.984276799999996,0.09842525
334648,Blacktail Mtn,MT,47.98,-114.35,1722.1,20170301,14.9,29.48,24.26,,,,,44.015771799999996,0.09842525
334649,Blacktail Mtn,MT,47.98,-114.35,1722.1,20170302,26.42,36.68,30.2,,,,,42.9921492,0.0
334650,Blacktail Mtn,MT,47.98,-114.35,1722.1,20170303,28.94,36.32,32.36,,,,,42.9921492,0.0
334651,Blacktail Mtn,MT,47.98,-114.35,1722.1,20170304,26.24,37.94,31.82,,,,,47.0078994,0.40157502
334652,Blacktail Mtn,MT,47.98,-114.35,1722.1,20170305,14.18,32.72,25.52,,,,,47.0078994,0.09842525
334653,Blacktail Mtn,MT,47.98,-114.35,1722.1,20170306,13.46,27.86,20.66,,,,,45.984276799999996,0.09842525
334654,Blacktail Mtn,MT,47.98,-114.35,1722.1,20170307,17.06,26.96,22.1,,,,,47.992151899999996,0.29921276
334655,Blacktail Mtn,MT,47.98,-114.35,1722.1,20170308,23.9,34.52,27.32,,,,,45.984276799999996,0.09842525
334656,Blacktail Mtn,MT,47.98,-114.35,1722.1,20170309,23.18,32.9,27.5,,,,,50.000027,0.50000027
334657,Blacktail Mtn,MT,47.98,-114.35,1722.1,20170310,31.64,41.9,35.96,,,,,47.0078994,0.0
334658,Blacktail Mtn,MT,47.98,-114.35,1722.1,20170311,32.54,44.24,36.86,,,,,45.00002429999999,0.0
334659,Blacktail Mtn,MT,47.98,-114.35,1722.1,20170312,32.36,40.46,35.06,,,,,44.015771799999996,0.0
334660,Blacktail Mtn,MT,47.98,-114.35,1722.1,20170313,31.82,41.9,34.7,,,,,45.984276799999996,0.20078751
334661,Blacktail Mtn,MT,47.98,-114.35,1722.1,20170314,34.7,42.08,38.66,,,,,42.9921492,0.20078751
334662,Blacktail Mtn,MT,47.98,-114.35,1722.1,20170315,37.04,40.82,39.56,,,,,40.000021600000004,0.29921276
334663,Blacktail Mtn,MT,47.98,-114.35,1722.1,20170316,26.78,38.3,33.26,,,,,39.0157691,0.0
334664,Blacktail Mtn,MT,47.98,-114.35,1722.1,20170317,23.54,41.9,35.06,,,,,37.992146500000004,0.0
334665,Blacktail Mtn,MT,47.98,-114.35,1722.1,20170318,33.26,41.54,38.84,,,,,35.9842714,0.29921276
334666,Blacktail Mtn,MT,47.98,-114.35,1722.1,20170319,28.22,43.16,33.98,,,,,35.9842714,0.0
334667,Blacktail Mtn,MT,47.98,-114.35,1722.1,20170320,26.06,41.9,33.8,,,,,35.9842714,0.0
334668,Blacktail Mtn,MT,47.98,-114.35,1722.1,20170321,32.0,44.96,38.12,,,,,34.0157664,0.09842525
334669,Blacktail Mtn,MT,47.98,-114.35,1722.1,20170322,33.98,45.14,37.04,,,,,34.0157664,0.20078751
334670,Blacktail Mtn,MT,47.98,-114.35,1722.1,20170323,26.6,43.52,33.8,,,,,34.0157664,0.0
334671,Blacktail Mtn,MT,47.98,-114.35,1722.1,20170324,29.3,41.0,35.24,,,,,32.9921438,0.0
334672,Blacktail Mtn,MT,47.98,-114.35,1722.1,20170325,29.12,41.9,33.62,,,,,32.9921438,0.0
334673,Blacktail Mtn,MT,47.98,-114.35,1722.1,20170326,24.8,43.88,34.34,,,,,32.9921438,0.09842525
334674,Blacktail Mtn,MT,47.98,-114.35,1722.1,20170327,30.74,37.94,34.16,,,,,34.0157664,0.09842525
334675,Blacktail Mtn,MT,47.98,-114.35,1722.1,20170328,29.12,37.94,32.9,,,,,34.0157664,0.0
334676,Blacktail Mtn,MT,47.98,-114.35,1722.1,20170329,31.46,37.76,34.7,,,,,34.0157664,0.20078751
334677,Blacktail Mtn,MT,47.98,-114.35,1722.1,20170330,33.08,43.16,37.4,,,,,34.0157664,0.0
334678,Blacktail Mtn,MT,47.98,-114.35,1722.1,20170331,32.36,49.28,39.74,,,,,32.9921438,0.0
334679,Blacktail Mtn,MT,47.98,-114.35,1722.1,20170401,34.7,43.88,37.76,,,,,32.9921438,0.0
334680,Blacktail Mtn,MT,47.98,-114.35,1722.1,20170402,27.86,42.8,34.52,,,,,32.9921438,0.0
334681,Blacktail Mtn,MT,47.98,-114.35,1722.1,20170403,25.7,36.32,28.76,,,,,32.9921438,0.09842525
334682,Blacktail Mtn,MT,47.98,-114.35,1722.1,20170404,25.16,42.08,32.9,,,,,32.0078913,0.0
334683,Blacktail Mtn,MT,47.98,-114.35,1722.1,20170405,34.34,47.84,40.46,,,,,32.0078913,0.0
334684,Blacktail Mtn,MT,47.98,-114.35,1722.1,20170406,37.22,50.54,43.52,,,,,30.0000162,0.0
334685,Blacktail Mtn,MT,47.98,-114.35,1722.1,20170407,31.28,43.88,37.76,,,,,29.015763699999997,0.09842525
334686,Blacktail Mtn,MT,47.98,-114.35,1722.1,20170408,29.12,42.08,34.7,,,,,30.984268699999998,0.09842525
334687,Blacktail Mtn,MT,47.98,-114.35,1722.1,20170409,21.56,37.04,29.48,,,,,30.0000162,0.09842525
334688,Blacktail Mtn,MT,47.98,-114.35,1722.1,20170410,23.18,36.86,28.94,,,,,30.984268699999998,0.09842525
334689,Blacktail Mtn,MT,47.98,-114.35,1722.1,20170411,24.62,48.92,34.7,,,,,29.015763699999997,0.0
334690,Blacktail Mtn,MT,47.98,-114.35,1722.1,20170412,33.08,40.82,37.58,,,,,29.015763699999997,0.09842525
334691,Blacktail Mtn,MT,47.98,-114.35,1722.1,20170413,32.36,41.36,36.86,,,,,29.015763699999997,0.29921276
334692,Blacktail Mtn,MT,47.98,-114.35,1722.1,20170414,29.48,41.54,33.44,,,,,27.9921411,0.0
334693,Blacktail Mtn,MT,47.98,-114.35,1722.1,20170415,27.14,39.74,32.36,,,,,27.9921411,0.0
334694,Blacktail Mtn,MT,47.98,-114.35,1722.1,20170416,28.04,48.2,38.12,,,,,27.0078886,0.0
334695,Blacktail Mtn,MT,47.98,-114.35,1722.1,20170417,34.34,41.54,36.68,,,,,27.0078886,0.09842525
334696,Blacktail Mtn,MT,47.98,-114.35,1722.1,20170418,33.44,49.46,38.48,,,,,25.984266,0.0
334697,Blacktail Mtn,MT,47.98,-114.35,1722.1,20170419,31.28,50.9,39.92,,,,,25.0000135,0.0
334698,Blacktail Mtn,MT,47.98,-114.35,1722.1,20170420,33.8,45.86,38.66,,,,,25.0000135,0.09842525
334699,Blacktail Mtn,MT,47.98,-114.35,1722.1,20170421,32.0,46.22,36.68,,,,,25.0000135,0.09842525
334700,Blacktail Mtn,MT,47.98,-114.35,1722.1,20170422,32.72,53.24,42.44,,,,,22.992138399999998,0.0
334701,Blacktail Mtn,MT,47.98,-114.35,1722.1,20170423,35.42,44.96,39.56,,,,,22.007885899999998,0.09842525
334702,Blacktail Mtn,MT,47.98,-114.35,1722.1,20170424,33.62,44.42,37.04,,,,,22.007885899999998,0.20078751
334703,Blacktail Mtn,MT,47.98,-114.35,1722.1,20170425,33.98,45.32,36.68,,,,,22.007885899999998,0.20078751
334704,Blacktail Mtn,MT,47.98,-114.35,1722.1,20170426,32.0,40.64,34.7,,,,,24.015760999999998,0.29921276
334705,Blacktail Mtn,MT,47.98,-114.35,1722.1,20170427,30.38,36.5,32.9,,,,,24.015760999999998,0.09842525
334706,Blacktail Mtn,MT,47.98,-114.35,1722.1,20170428,30.92,41.72,34.52,,,,,25.0000135,0.29921276
334707,Blacktail Mtn,MT,47.98,-114.35,1722.1,20170429,31.82,46.76,37.94,,,,,24.015760999999998,0.0
334708,Blacktail Mtn,MT,47.98,-114.35,1722.1,20170430,32.9,47.66,38.12,,,,,24.015760999999998,0.09842525
334709,Blacktail Mtn,MT,47.98,-114.35,1722.1,20170501,32.18,49.82,37.4,,,,,24.015760999999998,0.09842525
334710,Blacktail Mtn,MT,47.98,-114.35,1722.1,20170502,30.74,46.04,37.22,,,,,22.992138399999998,0.0
334711,Blacktail Mtn,MT,47.98,-114.35,1722.1,20170503,35.24,52.7,44.78,,,,,20.9842633,0.0
334712,Blacktail Mtn,MT,47.98,-114.35,1722.1,20170504,41.9,66.74,55.22,,,,,17.0078832,0.0
334713,Blacktail Mtn,MT,47.98,-114.35,1722.1,20170505,49.82,64.76,57.2,,,,,14.015755599999999,0.0
334714,Blacktail Mtn,MT,47.98,-114.35,1722.1,20170506,38.84,55.94,48.02,,,,,12.007880499999999,0.0
334715,Blacktail Mtn,MT,47.98,-114.35,1722.1,20170507,35.06,43.88,37.22,,,,,12.007880499999999,0.09842525
334716,Blacktail Mtn,MT,47.98,-114.35,1722.1,20170508,33.08,54.68,43.7,,,,,9.0157529,0.0
334717,Blacktail Mtn,MT,47.98,-114.35,1722.1,20170509,41.36,59.72,48.74,,,,,7.9921303,0.0
334718,Blacktail Mtn,MT,47.98,-114.35,1722.1,20170510,44.24,65.3,54.14,,,,,4.0157502,0.0
334719,Blacktail Mtn,MT,47.98,-114.35,1722.1,20170511,51.08,71.06,59.9,,,,,0.9842525,0.0
334720,Blacktail Mtn,MT,47.98,-114.35,1722.1,20170512,32.0,54.86,42.62,,,,,0.0,0.20078751
334721,Blacktail Mtn,MT,47.98,-114.35,1722.1,20170513,29.12,42.98,34.7,,,,,0.0,0.0
334722,Blacktail Mtn,MT,47.98,-114.35,1722.1,20170514,29.3,42.44,34.88,,,,,0.0,0.09842525
334723,Blacktail Mtn,MT,47.98,-114.35,1722.1,20170515,29.48,49.1,39.02,,,,,0.0,0.0
334724,Blacktail Mtn,MT,47.98,-114.35,1722.1,20170516,36.5,42.8,39.02,,,,,0.0,0.0
334725,Blacktail Mtn,MT,47.98,-114.35,1722.1,20170517,36.32,46.4,40.1,,,,,0.0,0.0
334726,Blacktail Mtn,MT,47.98,-114.35,1722.1,20170518,36.14,55.4,43.7,,,,,0.0,0.0
334727,Blacktail Mtn,MT,47.98,-114.35,1722.1,20170519,41.9,55.76,47.3,,,,,0.0,0.0
334728,Blacktail Mtn,MT,47.98,-114.35,1722.1,20170520,43.88,56.3,48.2,,,,,0.0,0.0
334729,Blacktail Mtn,MT,47.98,-114.35,1722.1,20170521,43.52,63.68,52.88,,,,,0.0,0.0
334730,Blacktail Mtn,MT,47.98,-114.35,1722.1,20170522,51.44,69.98,58.46,,,,,0.0,0.0
334731,Blacktail Mtn,MT,47.98,-114.35,1722.1,20170523,52.34,72.14,61.34,,,,,0.0,0.0
334732,Blacktail Mtn,MT,47.98,-114.35,1722.1,20170524,35.24,56.66,44.06,,,,,0.0,0.0
334733,Blacktail Mtn,MT,47.98,-114.35,1722.1,20170525,35.6,56.66,45.32,,,,,0.0,0.0
334734,Blacktail Mtn,MT,47.98,-114.35,1722.1,20170526,39.38,59.18,49.1,,,,,0.0,0.0
334735,Blacktail Mtn,MT,47.98,-114.35,1722.1,20170527,48.92,67.64,57.02,,,,,0.0,0.0
334736,Blacktail Mtn,MT,47.98,-114.35,1722.1,20170528,53.42,70.16,59.54,,,,,0.0,0.0
334737,Blacktail Mtn,MT,47.98,-114.35,1722.1,20170529,52.34,74.66,60.62,,,,,0.0,0.0
334738,Blacktail Mtn,MT,47.98,-114.35,1722.1,20170530,54.14,74.66,64.04,,,,,0.0,0.0
334739,Blacktail Mtn,MT,47.98,-114.35,1722.1,20170531,50.54,77.36,63.5,,,,,0.0,0.0
334740,Blacktail Mtn,MT,47.98,-114.35,1722.1,20170601,44.6,56.3,51.44,,,,,0.0,0.09842525
334741,Blacktail Mtn,MT,47.98,-114.35,1722.1,20170602,43.16,61.34,51.26,,,,,0.0,0.0
334742,Blacktail Mtn,MT,47.98,-114.35,1722.1,20170603,47.12,70.88,59.36,,,,,0.0,0.0
334743,Blacktail Mtn,MT,47.98,-114.35,1722.1,20170604,44.42,68.72,54.86,,,,,0.0,0.09842525
334744,Blacktail Mtn,MT,47.98,-114.35,1722.1,20170605,42.44,59.36,49.28,,,,,0.0,0.0
334745,Blacktail Mtn,MT,47.98,-114.35,1722.1,20170606,46.94,69.08,57.92,,,,,0.0,0.0
334746,Blacktail Mtn,MT,47.98,-114.35,1722.1,20170607,56.66,76.28,65.48,,,,,0.0,0.0
334747,Blacktail Mtn,MT,47.98,-114.35,1722.1,20170608,43.7,71.96,60.98,,,,,0.0,0.09842525
334748,Blacktail Mtn,MT,47.98,-114.35,1722.1,20170609,41.18,57.02,46.4,,,,,0.0,0.0
334749,Blacktail Mtn,MT,47.98,-114.35,1722.1,20170610,38.48,53.42,43.88,,,,,0.0,0.0
334750,Blacktail Mtn,MT,47.98,-114.35,1722.1,20170611,36.32,58.46,47.66,,,,,0.0,0.0
334751,Blacktail Mtn,MT,47.98,-114.35,1722.1,20170612,46.22,72.14,59.18,,,,,0.0,0.0
334752,Blacktail Mtn,MT,47.98,-114.35,1722.1,20170613,41.54,57.02,47.66,,,,,0.0,0.09842525
334753,Blacktail Mtn,MT,47.98,-114.35,1722.1,20170614,39.38,59.54,48.02,,,,,0.0,0.0
334754,Blacktail Mtn,MT,47.98,-114.35,1722.1,20170615,43.34,51.8,47.3,,,,,0.0,0.0
334755,Blacktail Mtn,MT,47.98,-114.35,1722.1,20170616,42.08,52.7,46.22,,,,,0.0,0.0
334756,Blacktail Mtn,MT,47.98,-114.35,1722.1,20170617,41.18,57.2,48.2,,,,,0.0,0.0
334757,Blacktail Mtn,MT,47.98,-114.35,1722.1,20170618,45.14,53.42,49.28,,,,,0.0,0.0
334758,Blacktail Mtn,MT,47.98,-114.35,1722.1,20170619,49.64,70.16,59.36,,,,,0.0,0.0
334759,Blacktail Mtn,MT,47.98,-114.35,1722.1,20170620,56.12,70.52,62.24,,,,,0.0,0.0
334760,Blacktail Mtn,MT,47.98,-114.35,1722.1,20170621,49.28,65.3,56.84,,,,,0.0,0.0
334761,Blacktail Mtn,MT,47.98,-114.35,1722.1,20170622,43.52,62.24,51.62,,,,,0.0,0.0
334762,Blacktail Mtn,MT,47.98,-114.35,1722.1,20170623,47.12,64.94,55.22,,,,,0.0,0.0
334763,Blacktail Mtn,MT,47.98,-114.35,1722.1,20170624,50.36,69.44,59.36,,,,,0.0,0.0
334764,Blacktail Mtn,MT,47.98,-114.35,1722.1,20170625,53.6,76.1,64.94,,,,,0.0,0.0
334765,Blacktail Mtn,MT,47.98,-114.35,1722.1,20170626,54.5,80.78,68.54,,,,,0.0,0.0
334766,Blacktail Mtn,MT,47.98,-114.35,1722.1,20170627,53.78,72.14,60.08,,,,,0.0,0.0
334767,Blacktail Mtn,MT,47.98,-114.35,1722.1,20170628,49.1,65.48,56.12,,,,,0.0,0.0
334768,Blacktail Mtn,MT,47.98,-114.35,1722.1,20170629,47.3,63.86,54.32,,,,,0.0,0.0
334769,Blacktail Mtn,MT,47.98,-114.35,1722.1,20170630,50.72,75.38,61.88,,,,,0.0,0.0
334770,Blacktail Mtn,MT,47.98,-114.35,1722.1,20170701,57.56,78.08,66.56,,,,,0.0,0.0
334771,Blacktail Mtn,MT,47.98,-114.35,1722.1,20170702,59.0,76.82,68.0,,,,,0.0,0.0
334772,Blacktail Mtn,MT,47.98,-114.35,1722.1,20170703,57.38,77.9,65.66,,,,,0.0,0.0
334773,Blacktail Mtn,MT,47.98,-114.35,1722.1,20170704,54.14,78.62,65.48,,,,,0.0,0.0
334774,Blacktail Mtn,MT,47.98,-114.35,1722.1,20170705,58.82,84.2,70.7,,,,,0.0,0.0
334775,Blacktail Mtn,MT,47.98,-114.35,1722.1,20170706,65.48,84.02,73.04,,,,,0.0,0.0
334776,Blacktail Mtn,MT,47.98,-114.35,1722.1,20170707,66.74,88.88,74.84,,,,,0.0,0.0
334777,Blacktail Mtn,MT,47.98,-114.35,1722.1,20170708,63.14,87.8,75.2,,,,,0.0,0.0
334778,Blacktail Mtn,MT,47.98,-114.35,1722.1,20170709,61.88,87.26,73.22,,,,,0.0,0.0
334779,Blacktail Mtn,MT,47.98,-114.35,1722.1,20170710,56.3,78.26,66.02,,,,,0.0,0.0
334780,Blacktail Mtn,MT,47.98,-114.35,1722.1,20170711,54.68,71.6,60.98,,,,,0.0,0.0
334781,Blacktail Mtn,MT,47.98,-114.35,1722.1,20170712,55.04,78.08,65.12,,,,,0.0,0.0
334782,Blacktail Mtn,MT,47.98,-114.35,1722.1,20170713,56.48,84.38,70.52,,,,,0.0,0.0
334783,Blacktail Mtn,MT,47.98,-114.35,1722.1,20170714,59.18,86.18,71.6,,,,,0.0,0.0
334784,Blacktail Mtn,MT,47.98,-114.35,1722.1,20170715,58.82,82.22,70.52,,,,,0.0,0.0
334785,Blacktail Mtn,MT,47.98,-114.35,1722.1,20170716,51.98,71.96,61.88,,,,,0.0,0.0
334786,Blacktail Mtn,MT,47.98,-114.35,1722.1,20170717,47.3,70.16,58.64,,,,,0.0,0.0
334787,Blacktail Mtn,MT,47.98,-114.35,1722.1,20170718,53.6,75.02,63.86,,,,,0.0,0.0
334788,Blacktail Mtn,MT,47.98,-114.35,1722.1,20170719,56.48,79.34,67.28,,,,,0.0,0.0
334789,Blacktail Mtn,MT,47.98,-114.35,1722.1,20170720,53.78,78.26,65.84,,,,,0.0,0.0
334790,Blacktail Mtn,MT,47.98,-114.35,1722.1,20170721,50.0,72.86,60.08,,,,,0.0,0.0
334791,Blacktail Mtn,MT,47.98,-114.35,1722.1,20170722,52.34,78.8,65.3,,,,,0.0,0.0
334792,Blacktail Mtn,MT,47.98,-114.35,1722.1,20170723,58.82,84.38,69.98,,,,,0.0,0.0
334793,Blacktail Mtn,MT,47.98,-114.35,1722.1,20170724,59.36,81.32,68.0,,,,,0.0,0.0
334794,Blacktail Mtn,MT,47.98,-114.35,1722.1,20170725,55.22,78.62,65.84,,,,,0.0,0.0
334795,Blacktail Mtn,MT,47.98,-114.35,1722.1,20170726,60.44,81.14,69.62,,,,,0.0,0.0
334796,Blacktail Mtn,MT,47.98,-114.35,1722.1,20170727,60.44,82.76,69.62,,,,,0.0,0.0
334797,Blacktail Mtn,MT,47.98,-114.35,1722.1,20170728,58.1,83.12,70.34,,,,,0.0,0.0
334798,Blacktail Mtn,MT,47.98,-114.35,1722.1,20170729,63.86,86.18,73.04,,,,,0.0,0.0
334799,Blacktail Mtn,MT,47.98,-114.35,1722.1,20170730,64.22,85.46,72.32,,,,,0.0,0.0
334800,Blacktail Mtn,MT,47.98,-114.35,1722.1,20170731,62.42,83.66,71.78,,,,,0.0,0.0
334801,Blacktail Mtn,MT,47.98,-114.35,1722.1,20170801,58.46,83.12,69.44,,,,,0.0,0.09842525
334802,Blacktail Mtn,MT,47.98,-114.35,1722.1,20170802,53.06,75.2,61.34,,,,,0.0,0.0
334803,Blacktail Mtn,MT,47.98,-114.35,1722.1,20170803,52.34,79.16,65.12,,,,,0.0,0.0
334804,Blacktail Mtn,MT,47.98,-114.35,1722.1,20170804,53.06,80.96,66.02,,,,,0.0,0.0
334805,Blacktail Mtn,MT,47.98,-114.35,1722.1,20170805,51.44,69.98,57.74,,,,,0.0,0.0
334806,Blacktail Mtn,MT,47.98,-114.35,1722.1,20170806,51.44,77.36,62.78,,,,,0.0,0.0
334807,Blacktail Mtn,MT,47.98,-114.35,1722.1,20170807,57.92,80.96,67.46,,,,,0.0,0.0
334808,Blacktail Mtn,MT,47.98,-114.35,1722.1,20170808,57.38,75.92,64.4,,,,,0.0,0.0
334809,Blacktail Mtn,MT,47.98,-114.35,1722.1,20170809,55.04,80.24,66.02,,,,,0.0,0.0
334810,Blacktail Mtn,MT,47.98,-114.35,1722.1,20170810,59.54,79.34,67.28,,,,,0.0,0.0
334811,Blacktail Mtn,MT,47.98,-114.35,1722.1,20170811,57.74,76.64,66.02,,,,,0.0,0.0
334812,Blacktail Mtn,MT,47.98,-114.35,1722.1,20170812,59.18,81.14,68.18,,,,,0.0,0.0
334813,Blacktail Mtn,MT,47.98,-114.35,1722.1,20170813,47.12,66.92,56.3,,,,,0.0,0.09842525
334814,Blacktail Mtn,MT,47.98,-114.35,1722.1,20170814,47.84,67.1,54.68,,,,,0.0,0.0
334815,Blacktail Mtn,MT,47.98,-114.35,1722.1,20170815,47.48,71.6,58.46,,,,,0.0,0.0
334816,Blacktail Mtn,MT,47.98,-114.35,1722.1,20170816,53.42,75.38,63.14,,,,,0.0,0.0
334817,Blacktail Mtn,MT,47.98,-114.35,1722.1,20170817,55.94,75.92,63.32,,,,,0.0,0.0
334818,Blacktail Mtn,MT,47.98,-114.35,1722.1,20170818,55.58,78.98,64.58,,,,,0.0,0.0
334819,Blacktail Mtn,MT,47.98,-114.35,1722.1,20170819,53.96,69.98,59.54,,,,,0.0,0.0
334820,Blacktail Mtn,MT,47.98,-114.35,1722.1,20170820,50.54,68.18,59.0,,,,,0.0,0.0
334821,Blacktail Mtn,MT,47.98,-114.35,1722.1,20170821,53.06,71.78,60.8,,,,,0.0,0.0
334822,Blacktail Mtn,MT,47.98,-114.35,1722.1,20170822,57.02,80.06,66.92,,,,,0.0,0.0
334823,Blacktail Mtn,MT,47.98,-114.35,1722.1,20170823,60.08,80.6,71.06,,,,,0.0,0.0
334824,Blacktail Mtn,MT,47.98,-114.35,1722.1,20170824,51.98,65.48,59.18,,,,,0.0,0.50000027
334825,Blacktail Mtn,MT,47.98,-114.35,1722.1,20170825,49.46,71.24,59.72,,,,,0.0,0.09842525
334826,Blacktail Mtn,MT,47.98,-114.35,1722.1,20170826,52.52,73.94,61.88,,,,,0.0,0.0
334827,Blacktail Mtn,MT,47.98,-114.35,1722.1,20170827,56.66,80.24,67.28,,,,,0.0,0.0
334828,Blacktail Mtn,MT,47.98,-114.35,1722.1,20170828,63.5,81.5,70.16,,,,,0.0,0.0
334829,Blacktail Mtn,MT,47.98,-114.35,1722.1,20170829,65.3,84.92,72.86,,,,,0.0,0.0
334830,Blacktail Mtn,MT,47.98,-114.35,1722.1,20170830,64.4,83.48,71.96,,,,,0.0,0.0
334831,Blacktail Mtn,MT,47.98,-114.35,1722.1,20170831,56.84,77.0,64.58,,,,,0.0,0.0
334832,Blacktail Mtn,MT,47.98,-114.35,1722.1,20170901,53.42,77.18,64.58,,,,,0.0,0.0
334833,Blacktail Mtn,MT,47.98,-114.35,1722.1,20170902,59.72,81.68,69.98,,,,,0.0,0.0
334834,Blacktail Mtn,MT,47.98,-114.35,1722.1,20170903,60.08,80.78,71.24,,,,,0.0,0.0
334835,Blacktail Mtn,MT,47.98,-114.35,1722.1,20170904,51.98,70.34,58.82,,,,,0.0,0.0
334836,Blacktail Mtn,MT,47.98,-114.35,1722.1,20170905,51.62,72.68,60.26,,,,,0.0,0.0
334837,Blacktail Mtn,MT,47.98,-114.35,1722.1,20170906,56.48,72.68,64.22,,,,,0.0,0.0
334838,Blacktail Mtn,MT,47.98,-114.35,1722.1,20170907,59.72,77.18,68.72,,,,,0.0,0.0
334839,Blacktail Mtn,MT,47.98,-114.35,1722.1,20170908,60.62,73.76,66.38,,,,,0.0,0.0
334840,Blacktail Mtn,MT,47.98,-114.35,1722.1,20170909,55.76,75.92,64.94,,,,,0.0,0.0
334841,Blacktail Mtn,MT,47.98,-114.35,1722.1,20170910,52.88,68.0,58.46,,,,,0.0,0.0
334842,Blacktail Mtn,MT,47.98,-114.35,1722.1,20170911,50.18,74.48,61.7,,,,,0.0,0.0
334843,Blacktail Mtn,MT,47.98,-114.35,1722.1,20170912,58.1,77.0,65.84,,,,,0.0,0.0
334844,Blacktail Mtn,MT,47.98,-114.35,1722.1,20170913,44.78,63.5,57.2,,,,,0.0,0.20078751
334845,Blacktail Mtn,MT,47.98,-114.35,1722.1,20170914,36.5,44.96,40.46,,,,,0.0,0.09842525
334846,Blacktail Mtn,MT,47.98,-114.35,1722.1,20170915,34.16,41.0,36.32,,,,,0.0,0.0
334847,Blacktail Mtn,MT,47.98,-114.35,1722.1,20170916,32.9,50.9,40.64,,,,,0.0,0.09842525
334848,Blacktail Mtn,MT,47.98,-114.35,1722.1,20170917,39.38,55.4,47.3,,,,,0.0,0.0
334849,Blacktail Mtn,MT,47.98,-114.35,1722.1,20170918,34.7,46.22,40.1,,,,,0.0,0.29921276
334850,Blacktail Mtn,MT,47.98,-114.35,1722.1,20170919,33.8,43.34,36.14,,,,,0.0,0.0
334851,Blacktail Mtn,MT,47.98,-114.35,1722.1,20170920,32.9,41.9,35.42,,,,,0.0,0.20078751
334852,Blacktail Mtn,MT,47.98,-114.35,1722.1,20170921,32.18,43.34,36.32,,,,,0.0,
334853,Sleeping Woman,MT,47.18,-114.33,1874.5,20170101,-3.1,20.3,12.38,,,,,29.015763699999997,0.09842525
334854,Sleeping Woman,MT,47.18,-114.33,1874.5,20170102,-4.72,6.8,0.5,,,,,27.0078886,0.0
334855,Sleeping Woman,MT,47.18,-114.33,1874.5,20170103,-5.98,9.5,0.5,,,,,27.0078886,0.0
334856,Sleeping Woman,MT,47.18,-114.33,1874.5,20170104,-9.58,10.58,-0.58,,,,,25.984266,0.0
334857,Sleeping Woman,MT,47.18,-114.33,1874.5,20170105,-0.58,21.56,9.14,,,,,25.984266,0.09842525
334858,Sleeping Woman,MT,47.18,-114.33,1874.5,20170106,9.86,22.1,14.72,,,,,25.984266,0.0
334859,Sleeping Woman,MT,47.18,-114.33,1874.5,20170107,9.32,24.8,17.6,,,,,27.0078886,0.29921276
334860,Sleeping Woman,MT,47.18,-114.33,1874.5,20170108,19.94,34.88,27.32,,,,,30.984268699999998,0.50000027
334861,Sleeping Woman,MT,47.18,-114.33,1874.5,20170109,21.38,34.7,28.22,,,,,34.0157664,0.40157502
334862,Sleeping Woman,MT,47.18,-114.33,1874.5,20170110,12.02,25.88,21.2,,,,,35.0000189,0.09842525
334863,Sleeping Woman,MT,47.18,-114.33,1874.5,20170111,3.38,12.92,9.14,,,,,34.0157664,0.0
334864,Sleeping Woman,MT,47.18,-114.33,1874.5,20170112,7.16,22.46,15.98,,,,,32.9921438,0.0
334865,Sleeping Woman,MT,47.18,-114.33,1874.5,20170113,13.64,27.86,18.14,,,,,32.0078913,0.0
334866,Sleeping Woman,MT,47.18,-114.33,1874.5,20170114,15.98,32.36,21.92,,,,,30.984268699999998,0.0
334867,Sleeping Woman,MT,47.18,-114.33,1874.5,20170115,18.86,35.78,26.06,,,,,30.0000162,0.0
334868,Sleeping Woman,MT,47.18,-114.33,1874.5,20170116,21.02,35.24,27.32,,,,,30.0000162,0.09842525
334869,Sleeping Woman,MT,47.18,-114.33,1874.5,20170117,29.66,43.34,37.76,,,,,30.0000162,0.0
334870,Sleeping Woman,MT,47.18,-114.33,1874.5,20170118,34.7,42.08,37.58,,,,,30.0000162,0.09842525
334871,Sleeping Woman,MT,47.18,-114.33,1874.5,20170119,27.14,36.14,32.54,,,,,29.015763699999997,0.0
334872,Sleeping Woman,MT,47.18,-114.33,1874.5,20170120,22.46,34.16,26.96,,,,,29.015763699999997,0.0
334873,Sleeping Woman,MT,47.18,-114.33,1874.5,20170121,20.66,31.28,26.78,,,,,29.015763699999997,0.0
334874,Sleeping Woman,MT,47.18,-114.33,1874.5,20170122,21.56,34.88,28.04,,,,,32.0078913,0.29921276
334875,Sleeping Woman,MT,47.18,-114.33,1874.5,20170123,20.3,27.32,24.26,,,,,30.984268699999998,0.0
334876,Sleeping Woman,MT,47.18,-114.33,1874.5,20170124,12.92,30.02,19.58,,,,,30.984268699999998,0.0
334877,Sleeping Woman,MT,47.18,-114.33,1874.5,20170125,15.08,24.08,20.12,,,,,32.9921438,0.09842525
334878,Sleeping Woman,MT,47.18,-114.33,1874.5,20170126,17.6,28.04,20.66,,,,,32.0078913,0.0
334879,Sleeping Woman,MT,47.18,-114.33,1874.5,20170127,14.72,29.48,21.92,,,,,30.984268699999998,0.0
334880,Sleeping Woman,MT,47.18,-114.33,1874.5,20170128,22.46,35.42,29.48,,,,,30.984268699999998,0.0
334881,Sleeping Woman,MT,47.18,-114.33,1874.5,20170129,28.4,43.34,36.32,,,,,30.0000162,0.0
334882,Sleeping Woman,MT,47.18,-114.33,1874.5,20170130,24.98,36.32,29.84,,,,,30.0000162,0.0
334883,Sleeping Woman,MT,47.18,-114.33,1874.5,20170131,11.84,25.16,18.5,,,,,40.9842741,0.59842552
334884,Sleeping Woman,MT,47.18,-114.33,1874.5,20170201,-1.84,17.96,6.62,,,,,39.0157691,0.0
334885,Sleeping Woman,MT,47.18,-114.33,1874.5,20170202,-3.64,16.52,4.1,,,,,37.007894,0.0
334886,Sleeping Woman,MT,47.18,-114.33,1874.5,20170203,3.56,34.7,25.88,,,,,37.007894,0.29921276
334887,Sleeping Woman,MT,47.18,-114.33,1874.5,20170204,31.28,34.34,32.54,,,,,39.0157691,0.40157502
334888,Sleeping Woman,MT,47.18,-114.33,1874.5,20170205,31.82,35.96,33.62,,,,,40.000021600000004,0.40157502
334889,Sleeping Woman,MT,47.18,-114.33,1874.5,20170206,19.58,35.24,27.5,,,,,45.984276799999996,0.59842552
334890,Sleeping Woman,MT,47.18,-114.33,1874.5,20170207,14.36,26.24,20.12,,,,,45.00002429999999,0.20078751
334891,Sleeping Woman,MT,47.18,-114.33,1874.5,20170208,18.86,35.42,25.7,,,,,47.0078994,0.40157502
334892,Sleeping Woman,MT,47.18,-114.33,1874.5,20170209,34.52,39.2,36.5,,,,,45.00002429999999,1.70078832
334893,Sleeping Woman,MT,47.18,-114.33,1874.5,20170210,25.16,35.06,30.56,,,,,45.00002429999999,0.29921276
334894,Sleeping Woman,MT,47.18,-114.33,1874.5,20170211,19.76,29.66,23.54,,,,,45.00002429999999,0.20078751
334895,Sleeping Woman,MT,47.18,-114.33,1874.5,20170212,14.9,36.86,26.06,,,,,44.015771799999996,0.0
334896,Sleeping Woman,MT,47.18,-114.33,1874.5,20170213,24.44,42.8,33.26,,,,,42.9921492,0.0
334897,Sleeping Woman,MT,47.18,-114.33,1874.5,20170214,30.02,50.72,39.38,,,,,42.0078967,0.0
334898,Sleeping Woman,MT,47.18,-114.33,1874.5,20170215,33.26,49.28,43.16,,,,,40.9842741,0.0
334899,Sleeping Woman,MT,47.18,-114.33,1874.5,20170216,31.82,42.26,38.3,,,,,40.000021600000004,0.29921276
334900,Sleeping Woman,MT,47.18,-114.33,1874.5,20170217,27.32,39.92,31.82,,,,,40.000021600000004,0.09842525
334901,Sleeping Woman,MT,47.18,-114.33,1874.5,20170218,27.5,41.9,36.32,,,,,39.0157691,0.0
334902,Sleeping Woman,MT,47.18,-114.33,1874.5,20170219,26.06,36.86,31.28,,,,,40.9842741,0.20078751
334903,Sleeping Woman,MT,47.18,-114.33,1874.5,20170220,27.68,35.96,31.46,,,,,50.000027,1.00000054
334904,Sleeping Woman,MT,47.18,-114.33,1874.5,20170221,26.96,40.82,31.64,,,,,55.0000297,0.70078778
334905,Sleeping Woman,MT,47.18,-114.33,1874.5,20170222,22.1,32.18,26.06,,,,,55.9842822,0.29921276
334906,Sleeping Woman,MT,47.18,-114.33,1874.5,20170223,17.06,28.58,21.92,,,,,54.0157772,0.09842525
334907,Sleeping Woman,MT,47.18,-114.33,1874.5,20170224,12.74,25.34,17.78,,,,,52.9921546,0.0
334908,Sleeping Woman,MT,47.18,-114.33,1874.5,20170225,10.22,21.74,16.7,,,,,52.9921546,0.0
334909,Sleeping Woman,MT,47.18,-114.33,1874.5,20170226,15.98,25.7,19.94,,,,,60.0000324,0.40157502
334910,Sleeping Woman,MT,47.18,-114.33,1874.5,20170227,14.54,26.6,19.76,,,,,62.99216,0.29921276
334911,Sleeping Woman,MT,47.18,-114.33,1874.5,20170228,13.1,24.8,18.14,,,,,60.98428489999999,0.29921276
334912,Sleeping Woman,MT,47.18,-114.33,1874.5,20170301,18.14,28.76,24.62,,,,,59.0157799,0.09842525
334913,Sleeping Woman,MT,47.18,-114.33,1874.5,20170302,25.7,38.3,31.1,,,,,57.0079048,0.0
334914,Sleeping Woman,MT,47.18,-114.33,1874.5,20170303,29.3,39.2,33.98,,,,,55.0000297,0.09842525
334915,Sleeping Woman,MT,47.18,-114.33,1874.5,20170304,26.24,39.02,32.54,,,,,57.992157299999995,0.50000027
334916,Sleeping Woman,MT,47.18,-114.33,1874.5,20170305,15.08,32.72,24.8,,,,,60.0000324,0.20078751
334917,Sleeping Woman,MT,47.18,-114.33,1874.5,20170306,15.08,28.22,20.48,,,,,62.99216,0.20078751
334918,Sleeping Woman,MT,47.18,-114.33,1874.5,20170307,15.62,30.02,23.36,,,,,62.99216,0.29921276
334919,Sleeping Woman,MT,47.18,-114.33,1874.5,20170308,22.46,30.56,27.5,,,,,67.00791020000001,0.50000027
334920,Sleeping Woman,MT,47.18,-114.33,1874.5,20170309,21.56,36.32,30.02,,,,,69.0157853,0.70078778
334921,Sleeping Woman,MT,47.18,-114.33,1874.5,20170310,33.98,40.1,36.32,,,,,65.0000351,0.50000027
334922,Sleeping Woman,MT,47.18,-114.33,1874.5,20170311,28.04,44.78,36.32,,,,,64.0157826,0.20078751
334923,Sleeping Woman,MT,47.18,-114.33,1874.5,20170312,31.46,41.72,34.52,,,,,62.007907499999995,0.0
334924,Sleeping Woman,MT,47.18,-114.33,1874.5,20170313,32.54,41.9,36.14,,,,,62.007907499999995,0.40157502
334925,Sleeping Woman,MT,47.18,-114.33,1874.5,20170314,35.06,45.32,40.82,,,,,57.0079048,0.70078778
334926,Sleeping Woman,MT,47.18,-114.33,1874.5,20170315,35.96,43.52,40.28,,,,,55.0000297,0.40157502
334927,Sleeping Woman,MT,47.18,-114.33,1874.5,20170316,23.54,37.22,32.36,,,,,54.0157772,0.09842525
334928,Sleeping Woman,MT,47.18,-114.33,1874.5,20170317,24.44,46.22,37.4,,,,,52.9921546,0.0
334929,Sleeping Woman,MT,47.18,-114.33,1874.5,20170318,33.26,43.16,39.92,,,,,50.000027,1.09842579
334930,Sleeping Woman,MT,47.18,-114.33,1874.5,20170319,27.14,43.7,33.62,,,,,49.0157745,0.0
334931,Sleeping Woman,MT,47.18,-114.33,1874.5,20170320,23.36,44.24,32.9,,,,,49.0157745,0.0
334932,Sleeping Woman,MT,47.18,-114.33,1874.5,20170321,30.2,51.62,39.38,,,,,47.992151899999996,0.40157502
334933,Sleeping Woman,MT,47.18,-114.33,1874.5,20170322,32.54,49.46,38.12,,,,,47.992151899999996,0.20078751
334934,Sleeping Woman,MT,47.18,-114.33,1874.5,20170323,25.52,41.0,32.36,,,,,47.0078994,0.0
334935,Sleeping Woman,MT,47.18,-114.33,1874.5,20170324,26.24,47.3,35.78,,,,,47.0078994,0.0
334936,Sleeping Woman,MT,47.18,-114.33,1874.5,20170325,26.24,43.16,32.9,,,,,49.0157745,0.20078751
334937,Sleeping Woman,MT,47.18,-114.33,1874.5,20170326,23.0,44.6,33.62,,,,,47.992151899999996,0.09842525
334938,Sleeping Woman,MT,47.18,-114.33,1874.5,20170327,29.3,39.38,33.44,,,,,50.000027,0.29921276
334939,Sleeping Woman,MT,47.18,-114.33,1874.5,20170328,28.04,39.74,32.72,,,,,49.0157745,0.0
334940,Sleeping Woman,MT,47.18,-114.33,1874.5,20170329,30.92,39.74,35.6,,,,,49.0157745,0.20078751
334941,Sleeping Woman,MT,47.18,-114.33,1874.5,20170330,31.1,44.96,36.14,,,,,47.992151899999996,0.0
334942,Sleeping Woman,MT,47.18,-114.33,1874.5,20170331,31.28,47.84,37.94,,,,,47.0078994,0.0
334943,Sleeping Woman,MT,47.18,-114.33,1874.5,20170401,32.54,48.92,38.84,,,,,47.0078994,0.09842525
334944,Sleeping Woman,MT,47.18,-114.33,1874.5,20170402,26.42,40.46,32.54,,,,,47.0078994,0.0
334945,Sleeping Woman,MT,47.18,-114.33,1874.5,20170403,21.38,36.86,26.42,,,,,49.0157745,0.29921276
334946,Sleeping Woman,MT,47.18,-114.33,1874.5,20170404,20.48,43.34,31.82,,,,,47.0078994,0.0
334947,Sleeping Woman,MT,47.18,-114.33,1874.5,20170405,31.1,51.08,40.64,,,,,45.984276799999996,0.0
334948,Sleeping Woman,MT,47.18,-114.33,1874.5,20170406,35.6,52.34,43.16,,,,,45.00002429999999,0.09842525
334949,Sleeping Woman,MT,47.18,-114.33,1874.5,20170407,29.48,50.72,38.12,,,,,45.984276799999996,0.29921276
334950,Sleeping Woman,MT,47.18,-114.33,1874.5,20170408,27.5,42.44,32.72,,,,,49.0157745,0.29921276
334951,Sleeping Woman,MT,47.18,-114.33,1874.5,20170409,22.28,36.68,28.22,,,,,47.0078994,0.0
334952,Sleeping Woman,MT,47.18,-114.33,1874.5,20170410,22.1,39.02,30.2,,,,,47.0078994,0.09842525
334953,Sleeping Woman,MT,47.18,-114.33,1874.5,20170411,23.72,47.84,35.42,,,,,45.984276799999996,0.0
334954,Sleeping Woman,MT,47.18,-114.33,1874.5,20170412,33.44,43.16,38.12,,,,,45.984276799999996,0.09842525
334955,Sleeping Woman,MT,47.18,-114.33,1874.5,20170413,30.56,45.68,37.58,,,,,45.00002429999999,0.40157502
334956,Sleeping Woman,MT,47.18,-114.33,1874.5,20170414,27.14,38.3,31.64,,,,,45.00002429999999,0.0
334957,Sleeping Woman,MT,47.18,-114.33,1874.5,20170415,24.44,37.76,29.66,,,,,45.984276799999996,0.09842525
334958,Sleeping Woman,MT,47.18,-114.33,1874.5,20170416,24.44,49.28,37.58,,,,,44.015771799999996,0.0
334959,Sleeping Woman,MT,47.18,-114.33,1874.5,20170417,33.62,42.26,37.22,,,,,45.00002429999999,0.20078751
334960,Sleeping Woman,MT,47.18,-114.33,1874.5,20170418,32.36,50.9,39.02,,,,,44.015771799999996,0.0
334961,Sleeping Woman,MT,47.18,-114.33,1874.5,20170419,30.74,51.08,39.56,,,,,42.9921492,0.0
334962,Sleeping Woman,MT,47.18,-114.33,1874.5,20170420,32.54,45.86,37.58,,,,,45.00002429999999,0.20078751
334963,Sleeping Woman,MT,47.18,-114.33,1874.5,20170421,31.1,45.5,35.78,,,,,42.9921492,0.0
334964,Sleeping Woman,MT,47.18,-114.33,1874.5,20170422,30.38,54.5,42.08,,,,,42.0078967,0.0
334965,Sleeping Woman,MT,47.18,-114.33,1874.5,20170423,34.16,46.94,38.12,,,,,42.0078967,0.40157502
334966,Sleeping Woman,MT,47.18,-114.33,1874.5,20170424,31.1,44.96,36.5,,,,,44.015771799999996,0.40157502
334967,Sleeping Woman,MT,47.18,-114.33,1874.5,20170425,29.84,43.7,35.42,,,,,42.0078967,0.09842525
334968,Sleeping Woman,MT,47.18,-114.33,1874.5,20170426,31.46,41.0,34.7,,,,,44.015771799999996,0.20078751
334969,Sleeping Woman,MT,47.18,-114.33,1874.5,20170427,29.66,41.72,32.72,,,,,44.015771799999996,0.09842525
334970,Sleeping Woman,MT,47.18,-114.33,1874.5,20170428,30.02,44.96,34.52,,,,,42.9921492,0.0
334971,Sleeping Woman,MT,47.18,-114.33,1874.5,20170429,32.18,49.64,38.66,,,,,42.0078967,0.09842525
334972,Sleeping Woman,MT,47.18,-114.33,1874.5,20170430,34.16,43.7,36.86,,,,,42.0078967,0.09842525
334973,Sleeping Woman,MT,47.18,-114.33,1874.5,20170501,32.0,45.86,36.32,,,,,42.9921492,0.09842525
334974,Sleeping Woman,MT,47.18,-114.33,1874.5,20170502,30.38,46.04,36.5,,,,,42.0078967,0.0
334975,Sleeping Woman,MT,47.18,-114.33,1874.5,20170503,32.54,57.38,44.96,,,,,39.0157691,0.0
334976,Sleeping Woman,MT,47.18,-114.33,1874.5,20170504,40.82,70.34,55.22,,,,,35.9842714,0.0
334977,Sleeping Woman,MT,47.18,-114.33,1874.5,20170505,44.96,68.72,55.58,,,,,32.9921438,0.0
334978,Sleeping Woman,MT,47.18,-114.33,1874.5,20170506,38.3,58.64,46.4,,,,,32.0078913,0.0
334979,Sleeping Woman,MT,47.18,-114.33,1874.5,20170507,32.72,42.8,36.5,,,,,32.0078913,0.29921276
334980,Sleeping Woman,MT,47.18,-114.33,1874.5,20170508,32.36,54.14,43.16,,,,,30.984268699999998,0.0
334981,Sleeping Woman,MT,47.18,-114.33,1874.5,20170509,37.58,57.2,47.12,,,,,29.015763699999997,0.0
334982,Sleeping Woman,MT,47.18,-114.33,1874.5,20170510,39.92,64.4,52.52,,,,,27.0078886,0.0
334983,Sleeping Woman,MT,47.18,-114.33,1874.5,20170511,44.42,68.36,56.84,,,,,24.015760999999998,0.0
334984,Sleeping Woman,MT,47.18,-114.33,1874.5,20170512,29.3,53.42,41.0,,,,,25.0000135,0.40157502
334985,Sleeping Woman,MT,47.18,-114.33,1874.5,20170513,28.04,46.58,32.9,,,,,25.0000135,0.09842525
334986,Sleeping Woman,MT,47.18,-114.33,1874.5,20170514,26.42,45.32,34.16,,,,,25.0000135,0.09842525
334987,Sleeping Woman,MT,47.18,-114.33,1874.5,20170515,29.48,48.56,38.3,,,,,22.992138399999998,0.0
334988,Sleeping Woman,MT,47.18,-114.33,1874.5,20170516,30.2,44.24,37.76,,,,,25.0000135,0.40157502
334989,Sleeping Woman,MT,47.18,-114.33,1874.5,20170517,28.94,39.92,34.7,,,,,27.0078886,0.70078778
334990,Sleeping Woman,MT,47.18,-114.33,1874.5,20170518,35.06,51.62,41.54,,,,,25.0000135,0.0
334991,Sleeping Woman,MT,47.18,-114.33,1874.5,20170519,37.22,53.24,43.7,,,,,22.992138399999998,0.29921276
334992,Sleeping Woman,MT,47.18,-114.33,1874.5,20170520,39.74,57.02,44.96,,,,,22.992138399999998,0.0
334993,Sleeping Woman,MT,47.18,-114.33,1874.5,20170521,38.84,62.78,50.72,,,,,20.000010800000002,0.0
334994,Sleeping Woman,MT,47.18,-114.33,1874.5,20170522,47.3,66.02,55.22,,,,,17.0078832,0.0
334995,Sleeping Woman,MT,47.18,-114.33,1874.5,20170523,48.92,70.16,59.72,,,,,14.015755599999999,0.0
334996,Sleeping Woman,MT,47.18,-114.33,1874.5,20170524,36.5,55.94,44.06,,,,,10.9842579,0.0
334997,Sleeping Woman,MT,47.18,-114.33,1874.5,20170525,35.6,56.3,44.06,,,,,9.0157529,0.0
334998,Sleeping Woman,MT,47.18,-114.33,1874.5,20170526,38.12,56.84,48.02,,,,,7.007877799999999,0.0
334999,Sleeping Woman,MT,47.18,-114.33,1874.5,20170527,44.6,64.58,53.06,,,,,4.0157502,0.0
335000,Sleeping Woman,MT,47.18,-114.33,1874.5,20170528,47.3,67.64,56.66,,,,,0.0,0.0
335001,Sleeping Woman,MT,47.18,-114.33,1874.5,20170529,48.02,68.54,58.82,,,,,0.0,0.0
335002,Sleeping Woman,MT,47.18,-114.33,1874.5,20170530,47.12,72.86,60.98,,,,,0.0,0.0
335003,Sleeping Woman,MT,47.18,-114.33,1874.5,20170531,46.58,74.66,60.98,,,,,0.0,0.29921276
335004,Sleeping Woman,MT,47.18,-114.33,1874.5,20170601,44.06,57.74,50.36,,,,,0.0,0.20078751
335005,Sleeping Woman,MT,47.18,-114.33,1874.5,20170602,41.54,59.9,50.36,,,,,0.0,0.0
335006,Sleeping Woman,MT,47.18,-114.33,1874.5,20170603,43.52,70.88,58.82,,,,,0.0,0.0
335007,Sleeping Woman,MT,47.18,-114.33,1874.5,20170604,42.26,66.2,53.96,,,,,0.0,0.29921276
335008,Sleeping Woman,MT,47.18,-114.33,1874.5,20170605,41.72,57.2,48.02,,,,,0.0,0.0
335009,Sleeping Woman,MT,47.18,-114.33,1874.5,20170606,43.34,68.0,56.12,,,,,0.0,0.0
335010,Sleeping Woman,MT,47.18,-114.33,1874.5,20170607,50.0,74.3,63.68,,,,,0.0,0.0
335011,Sleeping Woman,MT,47.18,-114.33,1874.5,20170608,43.16,69.44,58.64,,,,,0.0,0.0
335012,Sleeping Woman,MT,47.18,-114.33,1874.5,20170609,39.74,52.7,44.96,,,,,0.0,0.09842525
335013,Sleeping Woman,MT,47.18,-114.33,1874.5,20170610,35.96,48.02,40.46,,,,,0.0,0.0
335014,Sleeping Woman,MT,47.18,-114.33,1874.5,20170611,34.52,57.2,45.68,,,,,0.0,0.0
335015,Sleeping Woman,MT,47.18,-114.33,1874.5,20170612,43.7,64.22,54.5,,,,,0.0,0.09842525
335016,Sleeping Woman,MT,47.18,-114.33,1874.5,20170613,39.74,50.0,42.44,,,,,0.0,0.59842552
335017,Sleeping Woman,MT,47.18,-114.33,1874.5,20170614,38.66,57.02,47.12,,,,,0.0,0.0
335018,Sleeping Woman,MT,47.18,-114.33,1874.5,20170615,43.7,53.24,47.3,,,,,0.0,0.09842525
335019,Sleeping Woman,MT,47.18,-114.33,1874.5,20170616,41.54,52.52,45.86,,,,,0.0,0.59842552
335020,Sleeping Woman,MT,47.18,-114.33,1874.5,20170617,40.1,55.58,47.48,,,,,0.0,0.0
335021,Sleeping Woman,MT,47.18,-114.33,1874.5,20170618,43.16,53.42,48.02,,,,,0.0,0.0
335022,Sleeping Woman,MT,47.18,-114.33,1874.5,20170619,47.66,72.5,60.08,,,,,0.0,0.0
335023,Sleeping Woman,MT,47.18,-114.33,1874.5,20170620,54.86,70.88,62.42,,,,,0.0,0.0
335024,Sleeping Woman,MT,47.18,-114.33,1874.5,20170621,48.2,62.24,55.04,,,,,0.0,0.0
335025,Sleeping Woman,MT,47.18,-114.33,1874.5,20170622,42.44,59.36,50.36,,,,,0.0,0.0
335026,Sleeping Woman,MT,47.18,-114.33,1874.5,20170623,45.32,64.22,54.14,,,,,0.0,0.0
335027,Sleeping Woman,MT,47.18,-114.33,1874.5,20170624,48.02,67.82,58.64,,,,,0.0,0.0
335028,Sleeping Woman,MT,47.18,-114.33,1874.5,20170625,50.18,75.2,63.86,,,,,0.0,0.0
335029,Sleeping Woman,MT,47.18,-114.33,1874.5,20170626,57.92,79.34,68.72,,,,,0.0,0.0
335030,Sleeping Woman,MT,47.18,-114.33,1874.5,20170627,51.44,68.72,59.18,,,,,0.0,0.0
335031,Sleeping Woman,MT,47.18,-114.33,1874.5,20170628,47.66,65.66,56.12,,,,,0.0,0.0
335032,Sleeping Woman,MT,47.18,-114.33,1874.5,20170629,47.3,63.68,52.52,,,,,0.0,0.0
335033,Sleeping Woman,MT,47.18,-114.33,1874.5,20170630,49.46,70.34,60.08,,,,,0.0,0.0
335034,Sleeping Woman,MT,47.18,-114.33,1874.5,20170701,53.6,76.64,65.3,,,,,0.0,0.0
335035,Sleeping Woman,MT,47.18,-114.33,1874.5,20170702,56.12,77.0,66.56,,,,,0.0,0.0
335036,Sleeping Woman,MT,47.18,-114.33,1874.5,20170703,52.7,74.66,64.04,,,,,0.0,0.0
335037,Sleeping Woman,MT,47.18,-114.33,1874.5,20170704,49.28,77.54,64.58,,,,,0.0,0.0
335038,Sleeping Woman,MT,47.18,-114.33,1874.5,20170705,59.9,80.78,70.34,,,,,0.0,0.0
335039,Sleeping Woman,MT,47.18,-114.33,1874.5,20170706,60.62,81.5,70.88,,,,,0.0,0.0
335040,Sleeping Woman,MT,47.18,-114.33,1874.5,20170707,62.42,86.9,73.76,,,,,0.0,0.0
335041,Sleeping Woman,MT,47.18,-114.33,1874.5,20170708,62.42,85.1,73.04,,,,,0.0,0.0
335042,Sleeping Woman,MT,47.18,-114.33,1874.5,20170709,62.06,83.3,72.5,,,,,0.0,0.0
335043,Sleeping Woman,MT,47.18,-114.33,1874.5,20170710,54.14,73.4,64.04,,,,,0.0,0.09842525
335044,Sleeping Woman,MT,47.18,-114.33,1874.5,20170711,53.06,70.34,59.72,,,,,0.0,0.0
335045,Sleeping Woman,MT,47.18,-114.33,1874.5,20170712,50.18,76.28,63.86,,,,,0.0,0.0
335046,Sleeping Woman,MT,47.18,-114.33,1874.5,20170713,58.46,81.68,69.8,,,,,0.0,0.0
335047,Sleeping Woman,MT,47.18,-114.33,1874.5,20170714,57.92,83.66,71.24,,,,,0.0,0.0
335048,Sleeping Woman,MT,47.18,-114.33,1874.5,20170715,54.68,78.44,68.72,,,,,0.0,0.20078751
335049,Sleeping Woman,MT,47.18,-114.33,1874.5,20170716,48.56,68.9,60.26,,,,,0.0,0.09842525
335050,Sleeping Woman,MT,47.18,-114.33,1874.5,20170717,45.5,68.72,57.74,,,,,0.0,0.0
335051,Sleeping Woman,MT,47.18,-114.33,1874.5,20170718,50.36,74.12,62.96,,,,,0.0,0.0
335052,Sleeping Woman,MT,47.18,-114.33,1874.5,20170719,55.58,77.0,66.38,,,,,0.0,0.0
335053,Sleeping Woman,MT,47.18,-114.33,1874.5,20170720,54.14,72.86,64.4,,,,,0.0,0.0
335054,Sleeping Woman,MT,47.18,-114.33,1874.5,20170721,48.56,70.34,59.0,,,,,0.0,0.0
335055,Sleeping Woman,MT,47.18,-114.33,1874.5,20170722,51.98,75.74,63.32,,,,,0.0,0.0
335056,Sleeping Woman,MT,47.18,-114.33,1874.5,20170723,55.94,80.6,68.36,,,,,0.0,0.0
335057,Sleeping Woman,MT,47.18,-114.33,1874.5,20170724,56.66,76.64,66.56,,,,,0.0,0.0
335058,Sleeping Woman,MT,47.18,-114.33,1874.5,20170725,53.78,75.02,64.94,,,,,0.0,0.0
335059,Sleeping Woman,MT,47.18,-114.33,1874.5,20170726,56.12,78.26,68.18,,,,,0.0,0.0
335060,Sleeping Woman,MT,47.18,-114.33,1874.5,20170727,59.18,76.64,67.82,,,,,0.0,0.40157502
335061,Sleeping Woman,MT,47.18,-114.33,1874.5,20170728,56.66,78.62,67.64,,,,,0.0,0.0
335062,Sleeping Woman,MT,47.18,-114.33,1874.5,20170729,62.24,81.86,70.52,,,,,0.0,0.0
335063,Sleeping Woman,MT,47.18,-114.33,1874.5,20170730,60.08,80.24,70.16,,,,,0.0,0.0
335064,Sleeping Woman,MT,47.18,-114.33,1874.5,20170731,57.02,78.8,68.54,,,,,0.0,0.0
335065,Sleeping Woman,MT,47.18,-114.33,1874.5,20170801,58.64,78.62,68.54,,,,,0.0,0.0
335066,Sleeping Woman,MT,47.18,-114.33,1874.5,20170802,53.96,73.58,62.42,,,,,0.0,0.0
335067,Sleeping Woman,MT,47.18,-114.33,1874.5,20170803,51.26,75.02,63.5,,,,,0.0,0.0
335068,Sleeping Woman,MT,47.18,-114.33,1874.5,20170804,54.68,78.26,67.82,,,,,0.0,0.0
335069,Sleeping Woman,MT,47.18,-114.33,1874.5,20170805,49.28,68.18,58.46,,,,,0.0,0.0
335070,Sleeping Woman,MT,47.18,-114.33,1874.5,20170806,50.0,72.32,60.98,,,,,0.0,0.0
335071,Sleeping Woman,MT,47.18,-114.33,1874.5,20170807,53.96,76.1,65.66,,,,,0.0,0.0
335072,Sleeping Woman,MT,47.18,-114.33,1874.5,20170808,54.14,73.76,63.68,,,,,0.0,0.0
335073,Sleeping Woman,MT,47.18,-114.33,1874.5,20170809,53.42,74.12,63.68,,,,,0.0,0.0
335074,Sleeping Woman,MT,47.18,-114.33,1874.5,20170810,56.84,78.44,66.38,,,,,0.0,0.0
335075,Sleeping Woman,MT,47.18,-114.33,1874.5,20170811,56.66,77.54,66.56,,,,,0.0,0.0
335076,Sleeping Woman,MT,47.18,-114.33,1874.5,20170812,56.84,77.18,66.92,,,,,0.0,0.0
335077,Sleeping Woman,MT,47.18,-114.33,1874.5,20170813,47.84,64.76,55.4,,,,,0.0,0.0
335078,Sleeping Woman,MT,47.18,-114.33,1874.5,20170814,46.58,63.5,53.96,,,,,0.0,0.09842525
335079,Sleeping Woman,MT,47.18,-114.33,1874.5,20170815,45.32,67.64,56.48,,,,,0.0,0.0
335080,Sleeping Woman,MT,47.18,-114.33,1874.5,20170816,48.02,70.34,60.08,,,,,0.0,0.0
335081,Sleeping Woman,MT,47.18,-114.33,1874.5,20170817,52.7,71.24,61.16,,,,,0.0,0.0
335082,Sleeping Woman,MT,47.18,-114.33,1874.5,20170818,49.28,74.66,62.78,,,,,0.0,0.0
335083,Sleeping Woman,MT,47.18,-114.33,1874.5,20170819,50.0,64.58,56.84,,,,,0.0,0.0
335084,Sleeping Woman,MT,47.18,-114.33,1874.5,20170820,49.64,68.0,57.38,,,,,0.0,0.0
335085,Sleeping Woman,MT,47.18,-114.33,1874.5,20170821,50.72,69.44,59.0,,,,,0.0,0.0
335086,Sleeping Woman,MT,47.18,-114.33,1874.5,20170822,53.96,76.1,65.3,,,,,0.0,0.0
335087,Sleeping Woman,MT,47.18,-114.33,1874.5,20170823,59.36,78.44,67.82,,,,,0.0,0.0
335088,Sleeping Woman,MT,47.18,-114.33,1874.5,20170824,52.52,67.46,60.98,,,,,0.0,0.0
335089,Sleeping Woman,MT,47.18,-114.33,1874.5,20170825,46.94,70.34,58.64,,,,,0.0,0.0
335090,Sleeping Woman,MT,47.18,-114.33,1874.5,20170826,48.56,71.42,60.08,,,,,0.0,0.0
335091,Sleeping Woman,MT,47.18,-114.33,1874.5,20170827,55.4,77.36,66.38,,,,,0.0,0.0
335092,Sleeping Woman,MT,47.18,-114.33,1874.5,20170828,58.82,79.16,68.54,,,,,0.0,0.0
335093,Sleeping Woman,MT,47.18,-114.33,1874.5,20170829,64.04,83.84,72.32,,,,,0.0,0.0
335094,Sleeping Woman,MT,47.18,-114.33,1874.5,20170830,63.14,80.6,70.52,,,,,0.0,0.0
335095,Sleeping Woman,MT,47.18,-114.33,1874.5,20170831,53.78,71.42,62.24,,,,,0.0,0.0
335096,Sleeping Woman,MT,47.18,-114.33,1874.5,20170901,53.42,74.66,63.32,,,,,0.0,0.0
335097,Sleeping Woman,MT,47.18,-114.33,1874.5,20170902,55.4,81.86,69.44,,,,,0.0,0.0
335098,Sleeping Woman,MT,47.18,-114.33,1874.5,20170903,60.08,82.04,70.52,,,,,0.0,0.0
335099,Sleeping Woman,MT,47.18,-114.33,1874.5,20170904,50.54,63.14,56.84,,,,,0.0,0.0
335100,Sleeping Woman,MT,47.18,-114.33,1874.5,20170905,51.44,68.9,59.54,,,,,0.0,0.0
335101,Sleeping Woman,MT,47.18,-114.33,1874.5,20170906,55.04,73.58,63.86,,,,,0.0,0.0
335102,Sleeping Woman,MT,47.18,-114.33,1874.5,20170907,59.72,78.8,68.72,,,,,0.0,0.0
335103,Sleeping Woman,MT,47.18,-114.33,1874.5,20170908,59.54,75.38,66.38,,,,,0.0,0.0
335104,Sleeping Woman,MT,47.18,-114.33,1874.5,20170909,54.86,73.4,63.86,,,,,0.0,0.0
335105,Sleeping Woman,MT,47.18,-114.33,1874.5,20170910,49.1,65.3,56.48,,,,,0.0,0.0
335106,Sleeping Woman,MT,47.18,-114.33,1874.5,20170911,47.66,75.56,61.7,,,,,0.0,0.09842525
335107,Sleeping Woman,MT,47.18,-114.33,1874.5,20170912,55.76,77.0,65.3,,,,,0.0,0.0
335108,Sleeping Woman,MT,47.18,-114.33,1874.5,20170913,50.36,66.56,58.1,,,,,0.0,0.0
335109,Sleeping Woman,MT,47.18,-114.33,1874.5,20170914,34.7,51.26,40.46,,,,,0.0,0.29921276
335110,Sleeping Woman,MT,47.18,-114.33,1874.5,20170915,33.08,36.32,34.16,,,,,4.0157502,0.59842552
335111,Sleeping Woman,MT,47.18,-114.33,1874.5,20170916,31.28,48.02,39.2,,,,,0.9842525,0.09842525
335112,Sleeping Woman,MT,47.18,-114.33,1874.5,20170917,37.04,53.96,46.22,,,,,0.0,0.0
335113,Sleeping Woman,MT,47.18,-114.33,1874.5,20170918,34.7,51.8,41.36,,,,,0.0,0.20078751
335114,Sleeping Woman,MT,47.18,-114.33,1874.5,20170919,32.9,38.48,35.24,,,,,2.0078751,0.40157502
335115,Sleeping Woman,MT,47.18,-114.33,1874.5,20170920,32.36,38.66,35.06,,,,,0.9842525,0.09842525
335116,Sleeping Woman,MT,47.18,-114.33,1874.5,20170921,32.72,41.9,35.06,,,,,0.9842525,0.20078751
335381,Twin Lakes,MT,46.14,-114.51,1950.7,20170101,1.58,26.42,13.46,,,,,57.0079048,0.0
335382,Twin Lakes,MT,46.14,-114.51,1950.7,20170102,-5.26,5.36,-0.58,,,,,55.0000297,0.0
335383,Twin Lakes,MT,46.14,-114.51,1950.7,20170103,-8.14,17.24,3.2,,,,,52.9921546,0.0
335384,Twin Lakes,MT,46.14,-114.51,1950.7,20170104,-9.58,7.88,-3.28,,,,,52.0079021,0.0
335385,Twin Lakes,MT,46.14,-114.51,1950.7,20170105,-10.48,26.6,2.84,,,,,50.9842795,0.0
335386,Twin Lakes,MT,46.14,-114.51,1950.7,20170106,3.56,28.94,11.84,,,,,50.000027,0.0
335387,Twin Lakes,MT,46.14,-114.51,1950.7,20170107,2.3,26.6,14.0,,,,,52.9921546,0.50000027
335388,Twin Lakes,MT,46.14,-114.51,1950.7,20170108,26.24,36.32,30.38,,,,,55.0000297,0.90157529
335389,Twin Lakes,MT,46.14,-114.51,1950.7,20170109,20.84,35.6,27.68,,,,,59.0157799,0.79921303
335390,Twin Lakes,MT,46.14,-114.51,1950.7,20170110,20.12,25.34,22.46,,,,,60.0000324,0.40157502
335391,Twin Lakes,MT,46.14,-114.51,1950.7,20170111,10.22,22.1,16.52,,,,,64.0157826,0.20078751
335392,Twin Lakes,MT,46.14,-114.51,1950.7,20170112,7.16,27.68,15.26,,,,,60.98428489999999,0.0
335393,Twin Lakes,MT,46.14,-114.51,1950.7,20170113,6.98,37.76,13.28,,,,,59.0157799,0.0
335394,Twin Lakes,MT,46.14,-114.51,1950.7,20170114,9.32,41.0,17.42,,,,,57.0079048,0.0
335395,Twin Lakes,MT,46.14,-114.51,1950.7,20170115,10.94,43.16,17.96,,,,,55.9842822,0.0
335396,Twin Lakes,MT,46.14,-114.51,1950.7,20170116,10.76,41.72,20.84,,,,,55.0000297,0.0
335397,Twin Lakes,MT,46.14,-114.51,1950.7,20170117,20.66,45.86,32.36,,,,,54.0157772,0.29921276
335398,Twin Lakes,MT,46.14,-114.51,1950.7,20170118,30.2,41.36,35.24,,,,,55.0000297,0.29921276
335399,Twin Lakes,MT,46.14,-114.51,1950.7,20170119,26.24,37.04,31.64,,,,,59.0157799,0.29921276
335400,Twin Lakes,MT,46.14,-114.51,1950.7,20170120,14.9,34.7,23.18,,,,,57.992157299999995,0.0
335401,Twin Lakes,MT,46.14,-114.51,1950.7,20170121,15.08,32.0,23.54,,,,,57.0079048,0.0
335402,Twin Lakes,MT,46.14,-114.51,1950.7,20170122,14.9,31.28,24.08,,,,,57.0079048,0.09842525
335403,Twin Lakes,MT,46.14,-114.51,1950.7,20170123,12.92,32.0,21.56,,,,,55.9842822,0.0
335404,Twin Lakes,MT,46.14,-114.51,1950.7,20170124,7.88,31.46,17.06,,,,,55.9842822,0.0
335405,Twin Lakes,MT,46.14,-114.51,1950.7,20170125,14.54,22.1,18.32,,,,,55.9842822,0.09842525
335406,Twin Lakes,MT,46.14,-114.51,1950.7,20170126,14.36,23.54,18.86,,,,,55.0000297,0.0
335407,Twin Lakes,MT,46.14,-114.51,1950.7,20170127,13.82,34.52,20.12,,,,,55.0000297,0.0
335408,Twin Lakes,MT,46.14,-114.51,1950.7,20170128,16.34,41.72,27.86,,,,,54.0157772,0.0
335409,Twin Lakes,MT,46.14,-114.51,1950.7,20170129,27.68,50.0,35.24,,,,,54.0157772,0.09842525
335410,Twin Lakes,MT,46.14,-114.51,1950.7,20170130,27.5,39.56,32.0,,,,,55.0000297,0.09842525
335411,Twin Lakes,MT,46.14,-114.51,1950.7,20170131,12.92,27.86,23.36,,,,,60.0000324,0.29921276
335412,Twin Lakes,MT,46.14,-114.51,1950.7,20170201,0.5,14.72,7.7,,,,,60.0000324,0.0
335413,Twin Lakes,MT,46.14,-114.51,1950.7,20170202,-2.02,20.84,4.28,,,,,57.992157299999995,0.0
335414,Twin Lakes,MT,46.14,-114.51,1950.7,20170203,8.78,35.78,25.52,,,,,64.0157826,0.79921303
335415,Twin Lakes,MT,46.14,-114.51,1950.7,20170204,30.38,34.16,32.54,,,,,70.0000378,1.2992133
335416,Twin Lakes,MT,46.14,-114.51,1950.7,20170205,31.46,37.4,33.98,,,,,67.9921627,0.20078751
335417,Twin Lakes,MT,46.14,-114.51,1950.7,20170206,19.4,37.76,28.76,,,,,72.00791290000001,0.29921276
335418,Twin Lakes,MT,46.14,-114.51,1950.7,20170207,10.04,28.94,20.3,,,,,72.9921654,0.40157502
335419,Twin Lakes,MT,46.14,-114.51,1950.7,20170208,22.1,35.6,29.12,,,,,80.00004320000001,1.20078805
335420,Twin Lakes,MT,46.14,-114.51,1950.7,20170209,34.7,41.0,38.12,,,,,74.015788,2.5984266
335421,Twin Lakes,MT,46.14,-114.51,1950.7,20170210,24.44,37.4,31.46,,,,,85.9842984,1.20078805
335422,Twin Lakes,MT,46.14,-114.51,1950.7,20170211,11.3,28.22,21.02,,,,,82.0079183,0.0
335423,Twin Lakes,MT,46.14,-114.51,1950.7,20170212,12.92,43.88,22.82,,,,,79.0157907,0.09842525
335424,Twin Lakes,MT,46.14,-114.51,1950.7,20170213,17.06,53.24,28.76,,,,,75.98429300000001,0.0
335425,Twin Lakes,MT,46.14,-114.51,1950.7,20170214,23.9,56.3,35.24,,,,,74.015788,0.20078751
335426,Twin Lakes,MT,46.14,-114.51,1950.7,20170215,31.82,53.06,42.44,,,,,72.00791290000001,0.09842525
335427,Twin Lakes,MT,46.14,-114.51,1950.7,20170216,29.84,47.12,39.38,,,,,70.9842903,0.29921276
335428,Twin Lakes,MT,46.14,-114.51,1950.7,20170217,28.4,40.1,32.36,,,,,72.00791290000001,0.29921276
335429,Twin Lakes,MT,46.14,-114.51,1950.7,20170218,29.3,44.42,35.06,,,,,70.0000378,0.09842525
335430,Twin Lakes,MT,46.14,-114.51,1950.7,20170219,26.24,43.34,30.92,,,,,72.00791290000001,0.09842525
335431,Twin Lakes,MT,46.14,-114.51,1950.7,20170220,26.78,40.64,33.26,,,,,72.00791290000001,0.40157502
335432,Twin Lakes,MT,46.14,-114.51,1950.7,20170221,25.88,40.28,32.36,,,,,75.98429300000001,0.29921276
335433,Twin Lakes,MT,46.14,-114.51,1950.7,20170222,20.48,36.86,26.6,,,,,77.9921681,0.20078751
335434,Twin Lakes,MT,46.14,-114.51,1950.7,20170223,17.06,30.74,22.46,,,,,80.00004320000001,0.09842525
335435,Twin Lakes,MT,46.14,-114.51,1950.7,20170224,6.98,26.06,15.98,,,,,77.9921681,0.0
335436,Twin Lakes,MT,46.14,-114.51,1950.7,20170225,7.34,20.66,16.16,,,,,80.00004320000001,0.20078751
335437,Twin Lakes,MT,46.14,-114.51,1950.7,20170226,16.52,26.24,20.3,,,,,84.0157934,0.40157502
335438,Twin Lakes,MT,46.14,-114.51,1950.7,20170227,14.18,26.78,19.22,,,,,84.0157934,0.20078751
335439,Twin Lakes,MT,46.14,-114.51,1950.7,20170228,16.34,23.54,18.14,,,,,87.99217349999999,0.40157502
335440,Twin Lakes,MT,46.14,-114.51,1950.7,20170301,19.04,28.4,24.26,,,,,87.99217349999999,0.40157502
335441,Twin Lakes,MT,46.14,-114.51,1950.7,20170302,21.74,42.8,30.92,,,,,84.0157934,0.20078751
335442,Twin Lakes,MT,46.14,-114.51,1950.7,20170303,29.66,46.04,36.14,,,,,82.0079183,0.09842525
335443,Twin Lakes,MT,46.14,-114.51,1950.7,20170304,29.3,41.9,33.08,,,,,85.0000459,0.59842552
335444,Twin Lakes,MT,46.14,-114.51,1950.7,20170305,10.58,29.66,24.08,,,,,90.9843011,0.40157502
335445,Twin Lakes,MT,46.14,-114.51,1950.7,20170306,9.32,24.8,19.04,,,,,97.0079264,0.50000027
335446,Twin Lakes,MT,46.14,-114.51,1950.7,20170307,16.34,30.74,24.08,,,,,99.0158015,0.90157529
335447,Twin Lakes,MT,46.14,-114.51,1950.7,20170308,28.4,33.08,30.74,,,,,112.00793449999999,1.90157583
335448,Twin Lakes,MT,46.14,-114.51,1950.7,20170309,29.48,38.3,34.16,,,,,109.01580690000002,2.00000108
335449,Twin Lakes,MT,46.14,-114.51,1950.7,20170310,31.46,45.32,38.12,,,,,100.000054,0.50000027
335450,Twin Lakes,MT,46.14,-114.51,1950.7,20170311,27.5,48.56,36.32,,,,,102.0079291,0.29921276
335451,Twin Lakes,MT,46.14,-114.51,1950.7,20170312,30.38,43.34,34.7,,,,,97.99217890000001,0.40157502
335452,Twin Lakes,MT,46.14,-114.51,1950.7,20170313,31.1,52.34,39.56,,,,,95.0000513,0.09842525
335453,Twin Lakes,MT,46.14,-114.51,1950.7,20170314,34.7,51.62,42.08,,,,,90.00004859999999,0.40157502
335454,Twin Lakes,MT,46.14,-114.51,1950.7,20170315,34.7,46.76,40.28,,,,,87.007921,1.09842579
335455,Twin Lakes,MT,46.14,-114.51,1950.7,20170316,22.82,38.12,31.28,,,,,89.01579609999999,0.70078778
335456,Twin Lakes,MT,46.14,-114.51,1950.7,20170317,21.38,51.98,36.32,,,,,87.99217349999999,0.20078751
335457,Twin Lakes,MT,46.14,-114.51,1950.7,20170318,33.62,54.14,41.54,,,,,85.0000459,0.50000027
335458,Twin Lakes,MT,46.14,-114.51,1950.7,20170319,31.82,43.7,35.06,,,,,82.9921708,0.29921276
335459,Twin Lakes,MT,46.14,-114.51,1950.7,20170320,28.94,39.74,33.44,,,,,82.9921708,0.09842525
335460,Twin Lakes,MT,46.14,-114.51,1950.7,20170321,32.9,54.14,39.74,,,,,82.9921708,0.20078751
335461,Twin Lakes,MT,46.14,-114.51,1950.7,20170322,30.92,50.36,37.94,,,,,80.9842957,0.20078751
335462,Twin Lakes,MT,46.14,-114.51,1950.7,20170323,24.26,44.96,31.82,,,,,80.9842957,0.0
335463,Twin Lakes,MT,46.14,-114.51,1950.7,20170324,23.54,53.24,34.88,,,,,82.9921708,0.20078751
335464,Twin Lakes,MT,46.14,-114.51,1950.7,20170325,27.32,44.96,32.54,,,,,85.0000459,0.20078751
335465,Twin Lakes,MT,46.14,-114.51,1950.7,20170326,21.02,53.06,33.44,,,,,84.0157934,0.29921276
335466,Twin Lakes,MT,46.14,-114.51,1950.7,20170327,26.78,41.36,32.18,,,,,85.9842984,0.20078751
335467,Twin Lakes,MT,46.14,-114.51,1950.7,20170328,25.7,42.08,32.54,,,,,85.0000459,0.0
335468,Twin Lakes,MT,46.14,-114.51,1950.7,20170329,31.82,39.92,35.06,,,,,87.007921,0.50000027
335469,Twin Lakes,MT,46.14,-114.51,1950.7,20170330,29.12,39.2,33.08,,,,,85.0000459,0.40157502
335470,Twin Lakes,MT,46.14,-114.51,1950.7,20170331,27.86,48.38,34.52,,,,,82.9921708,0.20078751
335471,Twin Lakes,MT,46.14,-114.51,1950.7,20170401,27.14,47.84,36.68,,,,,84.0157934,0.09842525
335472,Twin Lakes,MT,46.14,-114.51,1950.7,20170402,24.44,43.16,31.46,,,,,82.0079183,0.0
335473,Twin Lakes,MT,46.14,-114.51,1950.7,20170403,14.72,33.98,24.98,,,,,80.9842957,0.0
335474,Twin Lakes,MT,46.14,-114.51,1950.7,20170404,11.84,46.76,30.02,,,,,80.9842957,0.40157502
335475,Twin Lakes,MT,46.14,-114.51,1950.7,20170405,32.9,52.16,39.02,,,,,82.0079183,0.0
335476,Twin Lakes,MT,46.14,-114.51,1950.7,20170406,33.44,59.72,42.44,,,,,82.9921708,0.09842525
335477,Twin Lakes,MT,46.14,-114.51,1950.7,20170407,28.76,50.18,39.56,,,,,82.0079183,0.0
335478,Twin Lakes,MT,46.14,-114.51,1950.7,20170408,25.34,47.3,30.92,,,,,80.9842957,0.0
335479,Twin Lakes,MT,46.14,-114.51,1950.7,20170409,18.14,42.8,26.78,,,,,80.9842957,0.29921276
335480,Twin Lakes,MT,46.14,-114.51,1950.7,20170410,19.4,41.18,27.86,,,,,82.0079183,0.09842525
335481,Twin Lakes,MT,46.14,-114.51,1950.7,20170411,15.8,50.72,33.8,,,,,84.0157934,0.29921276
335482,Twin Lakes,MT,46.14,-114.51,1950.7,20170412,32.18,51.26,39.74,,,,,84.0157934,0.29921276
335483,Twin Lakes,MT,46.14,-114.51,1950.7,20170413,28.22,47.12,35.78,,,,,87.007921,0.29921276
335484,Twin Lakes,MT,46.14,-114.51,1950.7,20170414,24.8,42.98,29.84,,,,,85.9842984,0.0
335485,Twin Lakes,MT,46.14,-114.51,1950.7,20170415,20.48,42.26,29.66,,,,,84.0157934,0.29921276
335486,Twin Lakes,MT,46.14,-114.51,1950.7,20170416,18.86,54.14,36.86,,,,,85.0000459,0.09842525
335487,Twin Lakes,MT,46.14,-114.51,1950.7,20170417,31.82,45.14,36.68,,,,,85.0000459,0.29921276
335488,Twin Lakes,MT,46.14,-114.51,1950.7,20170418,30.2,52.16,37.94,,,,,82.9921708,0.09842525
335489,Twin Lakes,MT,46.14,-114.51,1950.7,20170419,27.86,51.8,37.76,,,,,82.0079183,0.20078751
335490,Twin Lakes,MT,46.14,-114.51,1950.7,20170420,30.38,43.7,34.88,,,,,80.00004320000001,0.0
335491,Twin Lakes,MT,46.14,-114.51,1950.7,20170421,27.32,44.96,34.52,,,,,82.0079183,0.20078751
335492,Twin Lakes,MT,46.14,-114.51,1950.7,20170422,25.7,57.74,40.46,,,,,82.0079183,0.20078751
335493,Twin Lakes,MT,46.14,-114.51,1950.7,20170423,31.28,48.38,37.4,,,,,82.9921708,0.09842525
335494,Twin Lakes,MT,46.14,-114.51,1950.7,20170424,25.88,50.18,34.88,,,,,80.9842957,0.09842525
335495,Twin Lakes,MT,46.14,-114.51,1950.7,20170425,26.42,47.66,34.88,,,,,80.9842957,0.20078751
335496,Twin Lakes,MT,46.14,-114.51,1950.7,20170426,29.66,45.5,35.06,,,,,82.9921708,0.40157502
335497,Twin Lakes,MT,46.14,-114.51,1950.7,20170427,24.98,39.38,30.02,,,,,84.0157934,0.40157502
335498,Twin Lakes,MT,46.14,-114.51,1950.7,20170428,21.02,40.1,31.1,,,,,82.0079183,0.09842525
335499,Twin Lakes,MT,46.14,-114.51,1950.7,20170429,19.58,50.9,37.22,,,,,82.9921708,0.29921276
335500,Twin Lakes,MT,46.14,-114.51,1950.7,20170430,32.72,47.48,36.86,,,,,80.9842957,0.09842525
335501,Twin Lakes,MT,46.14,-114.51,1950.7,20170501,30.56,49.64,36.68,,,,,82.0079183,0.20078751
335502,Twin Lakes,MT,46.14,-114.51,1950.7,20170502,29.3,45.32,35.24,,,,,82.9921708,0.09842525
335503,Twin Lakes,MT,46.14,-114.51,1950.7,20170503,29.66,57.74,43.16,,,,,82.9921708,0.29921276
335504,Twin Lakes,MT,46.14,-114.51,1950.7,20170504,37.76,72.86,52.7,,,,,79.0157907,0.09842525
335505,Twin Lakes,MT,46.14,-114.51,1950.7,20170505,39.74,67.64,50.36,,,,,75.0000405,0.0
335506,Twin Lakes,MT,46.14,-114.51,1950.7,20170506,35.42,54.86,42.62,,,,,70.9842903,0.0
335507,Twin Lakes,MT,46.14,-114.51,1950.7,20170507,26.24,43.16,34.34,,,,,67.00791020000001,0.0
335508,Twin Lakes,MT,46.14,-114.51,1950.7,20170508,24.26,58.28,39.92,,,,,65.0000351,0.0
335509,Twin Lakes,MT,46.14,-114.51,1950.7,20170509,31.28,60.26,44.24,,,,,65.0000351,0.09842525
335510,Twin Lakes,MT,46.14,-114.51,1950.7,20170510,34.7,68.36,49.46,,,,,62.007907499999995,0.09842525
335511,Twin Lakes,MT,46.14,-114.51,1950.7,20170511,39.02,71.06,50.54,,,,,60.0000324,0.0
335512,Twin Lakes,MT,46.14,-114.51,1950.7,20170512,29.3,53.42,38.12,,,,,57.992157299999995,0.0
335513,Twin Lakes,MT,46.14,-114.51,1950.7,20170513,23.36,46.58,32.9,,,,,60.0000324,0.20078751
335514,Twin Lakes,MT,46.14,-114.51,1950.7,20170514,27.14,47.48,35.06,,,,,59.0157799,0.20078751
335515,Twin Lakes,MT,46.14,-114.51,1950.7,20170515,29.12,52.16,38.48,,,,,59.0157799,0.0
335516,Twin Lakes,MT,46.14,-114.51,1950.7,20170516,26.6,45.68,35.06,,,,,60.98428489999999,0.09842525
335517,Twin Lakes,MT,46.14,-114.51,1950.7,20170517,26.24,39.38,31.64,,,,,65.9842876,0.40157502
335518,Twin Lakes,MT,46.14,-114.51,1950.7,20170518,31.46,51.62,39.02,,,,,62.007907499999995,0.40157502
335519,Twin Lakes,MT,46.14,-114.51,1950.7,20170519,29.84,59.9,42.98,,,,,57.992157299999995,0.20078751
335520,Twin Lakes,MT,46.14,-114.51,1950.7,20170520,34.34,61.88,44.24,,,,,55.9842822,0.09842525
335521,Twin Lakes,MT,46.14,-114.51,1950.7,20170521,33.8,63.86,46.76,,,,,55.0000297,0.0
335522,Twin Lakes,MT,46.14,-114.51,1950.7,20170522,37.22,67.28,50.36,,,,,52.0079021,0.0
335523,Twin Lakes,MT,46.14,-114.51,1950.7,20170523,39.38,74.48,55.76,,,,,47.0078994,0.0
335524,Twin Lakes,MT,46.14,-114.51,1950.7,20170524,35.24,55.4,43.88,,,,,45.984276799999996,0.0
335525,Twin Lakes,MT,46.14,-114.51,1950.7,20170525,30.74,54.5,41.54,,,,,42.9921492,0.0
335526,Twin Lakes,MT,46.14,-114.51,1950.7,20170526,32.18,60.98,44.06,,,,,40.9842741,0.0
335527,Twin Lakes,MT,46.14,-114.51,1950.7,20170527,34.52,62.96,47.12,,,,,40.000021600000004,0.0
335528,Twin Lakes,MT,46.14,-114.51,1950.7,20170528,38.12,70.52,52.16,,,,,37.007894,0.0
335529,Twin Lakes,MT,46.14,-114.51,1950.7,20170529,40.1,73.04,54.14,,,,,32.0078913,0.0
335530,Twin Lakes,MT,46.14,-114.51,1950.7,20170530,41.54,76.46,55.58,,,,,29.015763699999997,0.0
335531,Twin Lakes,MT,46.14,-114.51,1950.7,20170531,40.46,77.0,53.78,,,,,27.0078886,0.0
335532,Twin Lakes,MT,46.14,-114.51,1950.7,20170601,39.02,54.86,44.6,,,,,24.015760999999998,0.0
335533,Twin Lakes,MT,46.14,-114.51,1950.7,20170602,39.2,61.7,48.2,,,,,20.9842633,0.09842525
335534,Twin Lakes,MT,46.14,-114.51,1950.7,20170603,38.84,72.5,53.42,,,,,17.9921357,0.0
335535,Twin Lakes,MT,46.14,-114.51,1950.7,20170604,38.3,75.38,52.88,,,,,15.0000081,0.0
335536,Twin Lakes,MT,46.14,-114.51,1950.7,20170605,37.4,62.6,47.3,,,,,10.9842579,0.0
335537,Twin Lakes,MT,46.14,-114.51,1950.7,20170606,37.94,70.88,52.16,,,,,7.9921303,0.0
335538,Twin Lakes,MT,46.14,-114.51,1950.7,20170607,43.34,81.14,59.0,,,,,4.0157502,0.0
335539,Twin Lakes,MT,46.14,-114.51,1950.7,20170608,41.72,71.78,55.58,,,,,0.9842525,0.0
335540,Twin Lakes,MT,46.14,-114.51,1950.7,20170609,34.34,52.34,41.54,,,,,0.0,0.0
335541,Twin Lakes,MT,46.14,-114.51,1950.7,20170610,29.84,44.96,35.96,,,,,0.0,0.50000027
335542,Twin Lakes,MT,46.14,-114.51,1950.7,20170611,27.86,59.36,44.96,,,,,0.0,0.59842552
335543,Twin Lakes,MT,46.14,-114.51,1950.7,20170612,37.22,62.24,48.02,,,,,0.0,0.40157502
335544,Twin Lakes,MT,46.14,-114.51,1950.7,20170613,35.6,44.24,38.3,,,,,0.0,1.59842606
335545,Twin Lakes,MT,46.14,-114.51,1950.7,20170614,35.78,57.2,45.68,,,,,0.0,0.50000027
335546,Twin Lakes,MT,46.14,-114.51,1950.7,20170615,38.84,51.98,45.86,,,,,0.0,0.09842525
335547,Twin Lakes,MT,46.14,-114.51,1950.7,20170616,40.28,49.28,43.7,,,,,0.0,0.70078778
335548,Twin Lakes,MT,46.14,-114.51,1950.7,20170617,37.58,57.02,46.76,,,,,0.0,0.59842552
335549,Twin Lakes,MT,46.14,-114.51,1950.7,20170618,41.36,54.14,46.04,,,,,0.0,0.0
335550,Twin Lakes,MT,46.14,-114.51,1950.7,20170619,41.0,74.84,58.82,,,,,0.0,0.0
335551,Twin Lakes,MT,46.14,-114.51,1950.7,20170620,51.98,73.94,61.88,,,,,0.0,0.0
335552,Twin Lakes,MT,46.14,-114.51,1950.7,20170621,41.54,63.5,53.96,,,,,0.0,0.0
335553,Twin Lakes,MT,46.14,-114.51,1950.7,20170622,37.58,58.64,48.56,,,,,0.0,0.0
335554,Twin Lakes,MT,46.14,-114.51,1950.7,20170623,35.96,65.3,51.62,,,,,0.0,0.0
335555,Twin Lakes,MT,46.14,-114.51,1950.7,20170624,40.1,71.42,55.58,,,,,0.0,0.0
335556,Twin Lakes,MT,46.14,-114.51,1950.7,20170625,43.16,80.42,61.34,,,,,0.0,0.0
335557,Twin Lakes,MT,46.14,-114.51,1950.7,20170626,48.38,82.22,65.12,,,,,0.0,0.0
335558,Twin Lakes,MT,46.14,-114.51,1950.7,20170627,46.04,66.2,55.22,,,,,0.0,0.0
335559,Twin Lakes,MT,46.14,-114.51,1950.7,20170628,42.44,65.48,54.32,,,,,0.0,0.0
335560,Twin Lakes,MT,46.14,-114.51,1950.7,20170629,41.54,62.24,49.82,,,,,0.0,0.0
335561,Twin Lakes,MT,46.14,-114.51,1950.7,20170630,41.54,72.14,57.02,,,,,0.0,0.09842525
335562,Twin Lakes,MT,46.14,-114.51,1950.7,20170701,46.58,74.48,60.98,,,,,0.0,0.0
335563,Twin Lakes,MT,46.14,-114.51,1950.7,20170702,50.0,78.44,63.32,,,,,0.0,0.0
335564,Twin Lakes,MT,46.14,-114.51,1950.7,20170703,47.84,73.94,61.34,,,,,0.0,0.0
335565,Twin Lakes,MT,46.14,-114.51,1950.7,20170704,45.32,77.18,62.24,,,,,0.0,0.0
335566,Twin Lakes,MT,46.14,-114.51,1950.7,20170705,51.26,83.84,68.72,,,,,0.0,0.0
335567,Twin Lakes,MT,46.14,-114.51,1950.7,20170706,53.24,84.2,69.44,,,,,0.0,0.0
335568,Twin Lakes,MT,46.14,-114.51,1950.7,20170707,56.84,86.54,70.7,,,,,0.0,0.0
335569,Twin Lakes,MT,46.14,-114.51,1950.7,20170708,54.32,84.56,69.44,,,,,0.0,0.0
335570,Twin Lakes,MT,46.14,-114.51,1950.7,20170709,55.4,83.66,68.36,,,,,0.0,0.0
335571,Twin Lakes,MT,46.14,-114.51,1950.7,20170710,49.82,73.22,61.52,,,,,0.0,0.0
335572,Twin Lakes,MT,46.14,-114.51,1950.7,20170711,46.4,70.52,57.56,,,,,0.0,0.0
335573,Twin Lakes,MT,46.14,-114.51,1950.7,20170712,44.78,75.02,60.98,,,,,0.0,0.0
335574,Twin Lakes,MT,46.14,-114.51,1950.7,20170713,49.82,83.3,66.92,,,,,0.0,0.0
335575,Twin Lakes,MT,46.14,-114.51,1950.7,20170714,51.62,84.2,66.38,,,,,0.0,0.0
335576,Twin Lakes,MT,46.14,-114.51,1950.7,20170715,52.88,82.58,65.3,,,,,0.0,0.0
335577,Twin Lakes,MT,46.14,-114.51,1950.7,20170716,44.24,70.34,58.46,,,,,0.0,0.0
335578,Twin Lakes,MT,46.14,-114.51,1950.7,20170717,41.54,70.7,56.3,,,,,0.0,0.0
335579,Twin Lakes,MT,46.14,-114.51,1950.7,20170718,44.24,76.82,61.7,,,,,0.0,0.0
335580,Twin Lakes,MT,46.14,-114.51,1950.7,20170719,48.38,78.98,64.22,,,,,0.0,0.0
335581,Twin Lakes,MT,46.14,-114.51,1950.7,20170720,47.12,73.22,60.98,,,,,0.0,0.0
335582,Twin Lakes,MT,46.14,-114.51,1950.7,20170721,42.08,70.88,56.48,,,,,0.0,0.0
335583,Twin Lakes,MT,46.14,-114.51,1950.7,20170722,44.06,73.76,59.9,,,,,0.0,0.0
335584,Twin Lakes,MT,46.14,-114.51,1950.7,20170723,50.0,80.24,65.12,,,,,0.0,0.0
335585,Twin Lakes,MT,46.14,-114.51,1950.7,20170724,50.9,76.1,62.78,,,,,0.0,0.0
335586,Twin Lakes,MT,46.14,-114.51,1950.7,20170725,49.82,77.72,62.24,,,,,0.0,0.0
335587,Twin Lakes,MT,46.14,-114.51,1950.7,20170726,49.82,78.8,63.14,,,,,0.0,0.0
335588,Twin Lakes,MT,46.14,-114.51,1950.7,20170727,51.08,75.92,60.98,,,,,0.0,0.0
335589,Twin Lakes,MT,46.14,-114.51,1950.7,20170728,50.0,80.06,62.6,,,,,0.0,0.0
335590,Twin Lakes,MT,46.14,-114.51,1950.7,20170729,50.72,80.42,65.66,,,,,0.0,0.09842525
335591,Twin Lakes,MT,46.14,-114.51,1950.7,20170730,51.08,79.52,65.3,,,,,0.0,0.0
335592,Twin Lakes,MT,46.14,-114.51,1950.7,20170731,48.92,80.06,64.04,,,,,0.0,0.0
335593,Twin Lakes,MT,46.14,-114.51,1950.7,20170801,50.18,78.26,63.86,,,,,0.0,0.0
335594,Twin Lakes,MT,46.14,-114.51,1950.7,20170802,49.1,79.52,61.88,,,,,0.0,0.0
335595,Twin Lakes,MT,46.14,-114.51,1950.7,20170803,46.58,78.62,62.42,,,,,0.0,0.0
335596,Twin Lakes,MT,46.14,-114.51,1950.7,20170804,51.44,77.72,64.04,,,,,0.0,0.0
335597,Twin Lakes,MT,46.14,-114.51,1950.7,20170805,45.5,71.78,57.92,,,,,0.0,0.0
335598,Twin Lakes,MT,46.14,-114.51,1950.7,20170806,44.78,72.14,57.92,,,,,0.0,0.0
335599,Twin Lakes,MT,46.14,-114.51,1950.7,20170807,48.2,76.64,60.44,,,,,0.0,0.09842525
335600,Twin Lakes,MT,46.14,-114.51,1950.7,20170808,48.38,76.28,60.8,,,,,0.0,0.0
335601,Twin Lakes,MT,46.14,-114.51,1950.7,20170809,48.02,76.82,59.54,,,,,0.0,0.0
335602,Twin Lakes,MT,46.14,-114.51,1950.7,20170810,48.38,76.46,62.06,,,,,0.0,0.09842525
335603,Twin Lakes,MT,46.14,-114.51,1950.7,20170811,49.82,78.98,62.96,,,,,0.0,0.0
335604,Twin Lakes,MT,46.14,-114.51,1950.7,20170812,50.18,79.16,63.32,,,,,0.0,0.20078751
335605,Twin Lakes,MT,46.14,-114.51,1950.7,20170813,46.22,62.06,52.34,,,,,0.0,0.0
335606,Twin Lakes,MT,46.14,-114.51,1950.7,20170814,41.36,64.22,52.34,,,,,0.0,0.0
335607,Twin Lakes,MT,46.14,-114.51,1950.7,20170815,39.38,68.72,53.6,,,,,0.0,0.09842525
335608,Twin Lakes,MT,46.14,-114.51,1950.7,20170816,42.26,69.44,56.12,,,,,0.0,0.09842525
335609,Twin Lakes,MT,46.14,-114.51,1950.7,20170817,44.24,70.7,57.02,,,,,0.0,0.0
335610,Twin Lakes,MT,46.14,-114.51,1950.7,20170818,45.5,74.48,59.9,,,,,0.0,0.0
335611,Twin Lakes,MT,46.14,-114.51,1950.7,20170819,42.8,66.74,55.22,,,,,0.0,0.0
335612,Twin Lakes,MT,46.14,-114.51,1950.7,20170820,39.38,67.46,53.24,,,,,0.0,0.0
335613,Twin Lakes,MT,46.14,-114.51,1950.7,20170821,41.9,71.96,55.4,,,,,0.0,0.0
335614,Twin Lakes,MT,46.14,-114.51,1950.7,20170822,46.58,77.72,60.8,,,,,0.0,0.0
335615,Twin Lakes,MT,46.14,-114.51,1950.7,20170823,52.16,79.88,64.22,,,,,0.0,0.0
335616,Twin Lakes,MT,46.14,-114.51,1950.7,20170824,46.4,69.98,56.12,,,,,0.0,0.0
335617,Twin Lakes,MT,46.14,-114.51,1950.7,20170825,44.24,70.16,56.3,,,,,0.0,0.0
335618,Twin Lakes,MT,46.14,-114.51,1950.7,20170826,44.06,74.3,58.46,,,,,0.0,0.0
335619,Twin Lakes,MT,46.14,-114.51,1950.7,20170827,48.02,79.88,62.24,,,,,0.0,0.0
335620,Twin Lakes,MT,46.14,-114.51,1950.7,20170828,51.8,80.6,66.2,,,,,0.0,0.0
335621,Twin Lakes,MT,46.14,-114.51,1950.7,20170829,56.84,82.22,67.1,,,,,0.0,0.0
335622,Twin Lakes,MT,46.14,-114.51,1950.7,20170830,48.2,80.96,63.32,,,,,0.0,0.0
335623,Twin Lakes,MT,46.14,-114.51,1950.7,20170831,46.94,69.08,57.74,,,,,0.0,0.0
335624,Twin Lakes,MT,46.14,-114.51,1950.7,20170901,43.16,72.68,57.2,,,,,0.0,0.0
335625,Twin Lakes,MT,46.14,-114.51,1950.7,20170902,49.28,80.96,64.76,,,,,0.0,0.0
335626,Twin Lakes,MT,46.14,-114.51,1950.7,20170903,54.14,82.94,68.0,,,,,0.0,0.0
335627,Twin Lakes,MT,46.14,-114.51,1950.7,20170904,46.58,67.28,56.84,,,,,0.0,0.0
335628,Twin Lakes,MT,46.14,-114.51,1950.7,20170905,44.42,77.36,58.1,,,,,0.0,0.0
335629,Twin Lakes,MT,46.14,-114.51,1950.7,20170906,52.16,79.52,62.24,,,,,0.0,0.0
335630,Twin Lakes,MT,46.14,-114.51,1950.7,20170907,51.8,78.98,63.5,,,,,0.0,0.0
335631,Twin Lakes,MT,46.14,-114.51,1950.7,20170908,51.44,77.0,62.6,,,,,0.0,0.0
335632,Twin Lakes,MT,46.14,-114.51,1950.7,20170909,50.54,73.76,60.98,,,,,0.0,0.0
335633,Twin Lakes,MT,46.14,-114.51,1950.7,20170910,44.96,69.44,55.94,,,,,0.0,0.0
335634,Twin Lakes,MT,46.14,-114.51,1950.7,20170911,43.16,77.18,58.64,,,,,0.0,0.0
335635,Twin Lakes,MT,46.14,-114.51,1950.7,20170912,49.1,75.56,62.42,,,,,0.0,0.0
335636,Twin Lakes,MT,46.14,-114.51,1950.7,20170913,50.72,67.82,58.1,,,,,0.0,0.0
335637,Twin Lakes,MT,46.14,-114.51,1950.7,20170914,35.42,51.26,43.88,,,,,0.0,0.0
335638,Twin Lakes,MT,46.14,-114.51,1950.7,20170915,32.36,36.5,34.16,,,,,0.0,0.0
335639,Twin Lakes,MT,46.14,-114.51,1950.7,20170916,31.64,45.32,35.6,,,,,0.0,0.0
335640,Twin Lakes,MT,46.14,-114.51,1950.7,20170917,31.82,57.74,45.68,,,,,0.0,0.0
335641,Twin Lakes,MT,46.14,-114.51,1950.7,20170918,33.44,50.72,41.18,,,,,0.0,0.29921276
335642,Twin Lakes,MT,46.14,-114.51,1950.7,20170919,32.72,37.22,33.98,,,,,2.9921276000000003,0.70078778
335643,Twin Lakes,MT,46.14,-114.51,1950.7,20170920,32.18,37.58,33.98,,,,,7.007877799999999,1.09842579
335644,Twin Lakes,MT,46.14,-114.51,1950.7,20170921,30.56,50.18,35.96,,,,,,0.0
335645,Twelvemile Creek,MT,46.14,-114.45,1706.9,20170101,5.9,28.04,14.72,,,,,37.007894,0.0
335646,Twelvemile Creek,MT,46.14,-114.45,1706.9,20170102,-5.62,9.68,2.48,,,,,35.9842714,0.0
335647,Twelvemile Creek,MT,46.14,-114.45,1706.9,20170103,-7.06,13.82,3.02,,,,,35.0000189,0.0
335648,Twelvemile Creek,MT,46.14,-114.45,1706.9,20170104,-19.12,8.96,-4.0,,,,,34.0157664,0.0
335649,Twelvemile Creek,MT,46.14,-114.45,1706.9,20170105,-23.08,15.62,-4.36,,,,,32.9921438,0.0
335650,Twelvemile Creek,MT,46.14,-114.45,1706.9,20170106,-5.98,28.04,6.08,,,,,32.0078913,0.0
335651,Twelvemile Creek,MT,46.14,-114.45,1706.9,20170107,-10.12,28.94,8.96,,,,,35.0000189,0.40157502
335652,Twelvemile Creek,MT,46.14,-114.45,1706.9,20170108,28.58,36.32,31.82,,,,,37.007894,0.70078778
335653,Twelvemile Creek,MT,46.14,-114.45,1706.9,20170109,23.9,35.96,29.66,,,,,39.0157691,0.59842552
335654,Twelvemile Creek,MT,46.14,-114.45,1706.9,20170110,22.64,28.76,25.16,,,,,40.000021600000004,0.29921276
335655,Twelvemile Creek,MT,46.14,-114.45,1706.9,20170111,12.02,24.44,15.98,,,,,42.9921492,0.29921276
335656,Twelvemile Creek,MT,46.14,-114.45,1706.9,20170112,2.12,32.18,16.52,,,,,40.000021600000004,0.0
335657,Twelvemile Creek,MT,46.14,-114.45,1706.9,20170113,0.68,33.98,10.22,,,,,39.0157691,0.0
335658,Twelvemile Creek,MT,46.14,-114.45,1706.9,20170114,-0.22,34.16,11.3,,,,,37.992146500000004,0.0
335659,Twelvemile Creek,MT,46.14,-114.45,1706.9,20170115,2.12,33.62,13.46,,,,,37.992146500000004,0.0
335660,Twelvemile Creek,MT,46.14,-114.45,1706.9,20170116,4.46,38.66,18.32,,,,,37.992146500000004,0.0
335661,Twelvemile Creek,MT,46.14,-114.45,1706.9,20170117,16.34,41.36,28.04,,,,,35.9842714,0.0
335662,Twelvemile Creek,MT,46.14,-114.45,1706.9,20170118,25.88,40.1,34.16,,,,,35.9842714,0.29921276
335663,Twelvemile Creek,MT,46.14,-114.45,1706.9,20170119,28.58,37.58,33.26,,,,,35.9842714,0.09842525
335664,Twelvemile Creek,MT,46.14,-114.45,1706.9,20170120,11.12,35.78,23.36,,,,,35.9842714,0.09842525
335665,Twelvemile Creek,MT,46.14,-114.45,1706.9,20170121,9.68,34.16,23.0,,,,,35.0000189,0.0
335666,Twelvemile Creek,MT,46.14,-114.45,1706.9,20170122,13.1,33.44,24.44,,,,,35.9842714,0.09842525
335667,Twelvemile Creek,MT,46.14,-114.45,1706.9,20170123,11.3,31.28,22.28,,,,,35.9842714,0.0
335668,Twelvemile Creek,MT,46.14,-114.45,1706.9,20170124,6.8,30.56,17.24,,,,,35.0000189,0.0
335669,Twelvemile Creek,MT,46.14,-114.45,1706.9,20170125,17.06,26.42,21.2,,,,,35.0000189,0.0
335670,Twelvemile Creek,MT,46.14,-114.45,1706.9,20170126,17.96,27.5,22.1,,,,,35.9842714,0.0
335671,Twelvemile Creek,MT,46.14,-114.45,1706.9,20170127,16.88,34.7,23.72,,,,,35.9842714,0.0
335672,Twelvemile Creek,MT,46.14,-114.45,1706.9,20170128,20.12,42.26,30.2,,,,,35.0000189,0.09842525
335673,Twelvemile Creek,MT,46.14,-114.45,1706.9,20170129,19.22,50.18,31.64,,,,,35.0000189,0.0
335674,Twelvemile Creek,MT,46.14,-114.45,1706.9,20170130,30.74,44.24,35.78,,,,,32.0078913,0.0
335675,Twelvemile Creek,MT,46.14,-114.45,1706.9,20170131,15.98,30.74,26.06,,,,,40.9842741,0.29921276
335676,Twelvemile Creek,MT,46.14,-114.45,1706.9,20170201,-1.12,21.2,10.76,,,,,40.000021600000004,0.0
335677,Twelvemile Creek,MT,46.14,-114.45,1706.9,20170202,-11.2,20.3,3.38,,,,,39.0157691,0.0
335678,Twelvemile Creek,MT,46.14,-114.45,1706.9,20170203,-3.46,34.52,22.82,,,,,42.0078967,0.50000027
335679,Twelvemile Creek,MT,46.14,-114.45,1706.9,20170204,33.08,35.78,34.34,,,,,45.00002429999999,1.09842579
335680,Twelvemile Creek,MT,46.14,-114.45,1706.9,20170205,33.44,37.94,34.52,,,,,44.015771799999996,0.09842525
335681,Twelvemile Creek,MT,46.14,-114.45,1706.9,20170206,23.0,38.12,30.56,,,,,47.0078994,0.40157502
335682,Twelvemile Creek,MT,46.14,-114.45,1706.9,20170207,12.38,29.84,22.82,,,,,49.0157745,0.20078751
335683,Twelvemile Creek,MT,46.14,-114.45,1706.9,20170208,24.98,34.7,30.92,,,,,52.0079021,0.79921303
335684,Twelvemile Creek,MT,46.14,-114.45,1706.9,20170209,33.98,41.54,37.4,,,,,45.00002429999999,2.09842633
335685,Twelvemile Creek,MT,46.14,-114.45,1706.9,20170210,27.5,38.12,33.44,,,,,55.0000297,1.09842579
335686,Twelvemile Creek,MT,46.14,-114.45,1706.9,20170211,11.48,30.2,24.44,,,,,52.9921546,0.20078751
335687,Twelvemile Creek,MT,46.14,-114.45,1706.9,20170212,9.32,42.98,23.36,,,,,50.9842795,0.09842525
335688,Twelvemile Creek,MT,46.14,-114.45,1706.9,20170213,11.84,50.18,26.78,,,,,49.0157745,0.0
335689,Twelvemile Creek,MT,46.14,-114.45,1706.9,20170214,14.36,51.98,33.08,,,,,45.984276799999996,0.0
335690,Twelvemile Creek,MT,46.14,-114.45,1706.9,20170215,19.76,54.32,33.8,,,,,45.00002429999999,0.0
335691,Twelvemile Creek,MT,46.14,-114.45,1706.9,20170216,31.64,48.02,37.94,,,,,42.0078967,0.20078751
335692,Twelvemile Creek,MT,46.14,-114.45,1706.9,20170217,30.38,45.32,34.7,,,,,44.015771799999996,0.50000027
335693,Twelvemile Creek,MT,46.14,-114.45,1706.9,20170218,29.48,45.68,35.96,,,,,42.0078967,0.0
335694,Twelvemile Creek,MT,46.14,-114.45,1706.9,20170219,26.24,46.58,33.08,,,,,44.015771799999996,0.0
335695,Twelvemile Creek,MT,46.14,-114.45,1706.9,20170220,27.32,42.62,34.16,,,,,45.00002429999999,0.20078751
335696,Twelvemile Creek,MT,46.14,-114.45,1706.9,20170221,28.94,43.16,34.7,,,,,47.0078994,0.29921276
335697,Twelvemile Creek,MT,46.14,-114.45,1706.9,20170222,25.88,41.72,30.2,,,,,47.0078994,0.09842525
335698,Twelvemile Creek,MT,46.14,-114.45,1706.9,20170223,21.2,37.22,26.6,,,,,47.0078994,0.09842525
335699,Twelvemile Creek,MT,46.14,-114.45,1706.9,20170224,9.14,30.74,20.3,,,,,47.992151899999996,0.09842525
335700,Twelvemile Creek,MT,46.14,-114.45,1706.9,20170225,8.42,24.8,19.04,,,,,47.992151899999996,0.0
335701,Twelvemile Creek,MT,46.14,-114.45,1706.9,20170226,20.3,29.66,23.9,,,,,50.000027,0.20078751
335702,Twelvemile Creek,MT,46.14,-114.45,1706.9,20170227,17.06,36.14,22.82,,,,,50.000027,0.20078751
335703,Twelvemile Creek,MT,46.14,-114.45,1706.9,20170228,15.62,38.48,21.56,,,,,50.9842795,0.20078751
335704,Twelvemile Creek,MT,46.14,-114.45,1706.9,20170301,22.64,42.98,27.86,,,,,52.0079021,0.29921276
335705,Twelvemile Creek,MT,46.14,-114.45,1706.9,20170302,23.0,44.96,32.9,,,,,50.000027,0.09842525
335706,Twelvemile Creek,MT,46.14,-114.45,1706.9,20170303,30.02,50.9,37.94,,,,,47.992151899999996,0.0
335707,Twelvemile Creek,MT,46.14,-114.45,1706.9,20170304,30.56,45.14,35.24,,,,,50.000027,0.40157502
335708,Twelvemile Creek,MT,46.14,-114.45,1706.9,20170305,16.7,32.9,27.68,,,,,55.0000297,0.40157502
335709,Twelvemile Creek,MT,46.14,-114.45,1706.9,20170306,14.36,31.28,22.46,,,,,59.0157799,0.29921276
335710,Twelvemile Creek,MT,46.14,-114.45,1706.9,20170307,20.12,34.52,27.32,,,,,60.0000324,0.59842552
335711,Twelvemile Creek,MT,46.14,-114.45,1706.9,20170308,30.92,34.7,33.08,,,,,74.015788,1.2992133
335712,Twelvemile Creek,MT,46.14,-114.45,1706.9,20170309,26.6,39.02,33.62,,,,,67.00791020000001,1.50000081
335713,Twelvemile Creek,MT,46.14,-114.45,1706.9,20170310,31.28,46.58,37.94,,,,,59.0157799,0.59842552
335714,Twelvemile Creek,MT,46.14,-114.45,1706.9,20170311,28.76,53.06,37.94,,,,,57.0079048,0.29921276
335715,Twelvemile Creek,MT,46.14,-114.45,1706.9,20170312,32.72,47.66,37.22,,,,,55.9842822,0.20078751
335716,Twelvemile Creek,MT,46.14,-114.45,1706.9,20170313,32.18,54.32,41.36,,,,,54.0157772,0.0
335717,Twelvemile Creek,MT,46.14,-114.45,1706.9,20170314,35.24,55.4,41.36,,,,,50.000027,0.50000027
335718,Twelvemile Creek,MT,46.14,-114.45,1706.9,20170315,35.06,49.28,39.2,,,,,49.0157745,0.79921303
335719,Twelvemile Creek,MT,46.14,-114.45,1706.9,20170316,26.78,39.92,34.16,,,,,47.0078994,0.59842552
335720,Twelvemile Creek,MT,46.14,-114.45,1706.9,20170317,23.9,51.44,36.86,,,,,45.984276799999996,0.09842525
335721,Twelvemile Creek,MT,46.14,-114.45,1706.9,20170318,27.14,53.6,39.74,,,,,45.984276799999996,0.50000027
335722,Twelvemile Creek,MT,46.14,-114.45,1706.9,20170319,33.8,45.5,37.4,,,,,45.00002429999999,0.09842525
335723,Twelvemile Creek,MT,46.14,-114.45,1706.9,20170320,29.84,40.64,34.52,,,,,45.984276799999996,0.09842525
335724,Twelvemile Creek,MT,46.14,-114.45,1706.9,20170321,32.9,53.24,43.16,,,,,44.015771799999996,0.20078751
335725,Twelvemile Creek,MT,46.14,-114.45,1706.9,20170322,32.0,51.8,39.02,,,,,42.9921492,0.09842525
335726,Twelvemile Creek,MT,46.14,-114.45,1706.9,20170323,24.62,46.76,35.6,,,,,42.9921492,0.0
335727,Twelvemile Creek,MT,46.14,-114.45,1706.9,20170324,22.64,55.22,35.42,,,,,42.0078967,0.20078751
335728,Twelvemile Creek,MT,46.14,-114.45,1706.9,20170325,31.1,48.02,35.42,,,,,40.9842741,0.20078751
335729,Twelvemile Creek,MT,46.14,-114.45,1706.9,20170326,22.82,52.16,35.6,,,,,40.000021600000004,0.09842525
335730,Twelvemile Creek,MT,46.14,-114.45,1706.9,20170327,30.74,46.58,38.66,,,,,40.9842741,0.09842525
335731,Twelvemile Creek,MT,46.14,-114.45,1706.9,20170328,29.66,45.68,35.96,,,,,40.9842741,0.09842525
335732,Twelvemile Creek,MT,46.14,-114.45,1706.9,20170329,33.98,43.7,37.22,,,,,40.000021600000004,0.50000027
335733,Twelvemile Creek,MT,46.14,-114.45,1706.9,20170330,32.18,42.98,37.4,,,,,40.000021600000004,0.09842525
335734,Twelvemile Creek,MT,46.14,-114.45,1706.9,20170331,30.02,50.0,39.92,,,,,39.0157691,0.09842525
335735,Twelvemile Creek,MT,46.14,-114.45,1706.9,20170401,29.12,51.08,40.1,,,,,37.992146500000004,0.09842525
335736,Twelvemile Creek,MT,46.14,-114.45,1706.9,20170402,27.86,46.76,34.34,,,,,37.992146500000004,0.0
335737,Twelvemile Creek,MT,46.14,-114.45,1706.9,20170403,18.68,39.74,28.76,,,,,37.992146500000004,0.09842525
335738,Twelvemile Creek,MT,46.14,-114.45,1706.9,20170404,13.46,49.1,31.64,,,,,37.007894,0.20078751
335739,Twelvemile Creek,MT,46.14,-114.45,1706.9,20170405,29.3,53.42,38.84,,,,,35.9842714,0.0
335740,Twelvemile Creek,MT,46.14,-114.45,1706.9,20170406,30.92,60.98,40.82,,,,,35.0000189,0.0
335741,Twelvemile Creek,MT,46.14,-114.45,1706.9,20170407,28.58,55.22,38.66,,,,,34.0157664,0.0
335742,Twelvemile Creek,MT,46.14,-114.45,1706.9,20170408,27.32,48.2,33.08,,,,,34.0157664,0.0
335743,Twelvemile Creek,MT,46.14,-114.45,1706.9,20170409,20.3,46.58,30.74,,,,,35.0000189,0.09842525
335744,Twelvemile Creek,MT,46.14,-114.45,1706.9,20170410,19.76,45.5,30.38,,,,,34.0157664,0.09842525
335745,Twelvemile Creek,MT,46.14,-114.45,1706.9,20170411,16.7,52.16,35.6,,,,,34.0157664,0.20078751
335746,Twelvemile Creek,MT,46.14,-114.45,1706.9,20170412,32.9,52.88,40.64,,,,,32.9921438,0.0
335747,Twelvemile Creek,MT,46.14,-114.45,1706.9,20170413,31.28,46.94,39.2,,,,,32.9921438,0.29921276
335748,Twelvemile Creek,MT,46.14,-114.45,1706.9,20170414,27.32,43.88,32.72,,,,,32.9921438,0.0
335749,Twelvemile Creek,MT,46.14,-114.45,1706.9,20170415,26.6,45.32,33.08,,,,,32.9921438,0.29921276
335750,Twelvemile Creek,MT,46.14,-114.45,1706.9,20170416,20.66,54.86,37.58,,,,,32.0078913,0.0
335751,Twelvemile Creek,MT,46.14,-114.45,1706.9,20170417,31.64,45.86,38.84,,,,,30.984268699999998,0.29921276
335752,Twelvemile Creek,MT,46.14,-114.45,1706.9,20170418,30.02,54.14,39.2,,,,,29.015763699999997,0.09842525
335753,Twelvemile Creek,MT,46.14,-114.45,1706.9,20170419,28.76,54.14,39.38,,,,,27.9921411,0.09842525
335754,Twelvemile Creek,MT,46.14,-114.45,1706.9,20170420,28.22,46.58,35.78,,,,,27.9921411,0.0
335755,Twelvemile Creek,MT,46.14,-114.45,1706.9,20170421,27.32,48.56,36.86,,,,,27.9921411,0.0
335756,Twelvemile Creek,MT,46.14,-114.45,1706.9,20170422,23.72,59.18,40.46,,,,,25.0000135,0.09842525
335757,Twelvemile Creek,MT,46.14,-114.45,1706.9,20170423,33.98,51.44,42.8,,,,,22.992138399999998,0.20078751
335758,Twelvemile Creek,MT,46.14,-114.45,1706.9,20170424,30.56,47.3,37.4,,,,,22.007885899999998,0.20078751
335759,Twelvemile Creek,MT,46.14,-114.45,1706.9,20170425,31.64,48.2,39.92,,,,,20.9842633,0.0
335760,Twelvemile Creek,MT,46.14,-114.45,1706.9,20170426,32.36,47.48,37.4,,,,,20.000010800000002,0.29921276
335761,Twelvemile Creek,MT,46.14,-114.45,1706.9,20170427,29.48,38.3,33.8,,,,,20.9842633,0.40157502
335762,Twelvemile Creek,MT,46.14,-114.45,1706.9,20170428,27.86,45.68,36.68,,,,,20.9842633,0.0
335763,Twelvemile Creek,MT,46.14,-114.45,1706.9,20170429,25.52,54.14,39.38,,,,,17.9921357,0.0
335764,Twelvemile Creek,MT,46.14,-114.45,1706.9,20170430,35.78,50.0,42.8,,,,,17.0078832,0.09842525
335765,Twelvemile Creek,MT,46.14,-114.45,1706.9,20170501,34.16,52.52,43.34,,,,,15.0000081,0.0
335766,Twelvemile Creek,MT,46.14,-114.45,1706.9,20170502,30.56,47.3,37.76,,,,,14.015755599999999,0.0
335767,Twelvemile Creek,MT,46.14,-114.45,1706.9,20170503,31.82,60.8,44.78,,,,,12.007880499999999,0.09842525
335768,Twelvemile Creek,MT,46.14,-114.45,1706.9,20170504,32.0,75.38,49.64,,,,,7.9921303,0.0
335769,Twelvemile Creek,MT,46.14,-114.45,1706.9,20170505,33.44,69.44,48.02,,,,,4.0157502,0.0
335770,Twelvemile Creek,MT,46.14,-114.45,1706.9,20170506,33.98,56.3,44.96,,,,,0.9842525,0.0
335771,Twelvemile Creek,MT,46.14,-114.45,1706.9,20170507,29.66,43.7,37.04,,,,,0.0,0.0
335772,Twelvemile Creek,MT,46.14,-114.45,1706.9,20170508,26.42,59.72,41.18,,,,,0.0,0.09842525
335773,Twelvemile Creek,MT,46.14,-114.45,1706.9,20170509,30.38,61.52,44.78,,,,,0.0,0.0
335774,Twelvemile Creek,MT,46.14,-114.45,1706.9,20170510,30.56,69.62,48.2,,,,,0.0,0.09842525
335775,Twelvemile Creek,MT,46.14,-114.45,1706.9,20170511,31.82,69.62,48.38,,,,,0.0,0.0
335776,Twelvemile Creek,MT,46.14,-114.45,1706.9,20170512,33.26,52.7,40.46,,,,,0.9842525,0.29921276
335777,Twelvemile Creek,MT,46.14,-114.45,1706.9,20170513,29.66,45.5,35.24,,,,,0.0,0.0
335778,Twelvemile Creek,MT,46.14,-114.45,1706.9,20170514,30.74,48.56,37.76,,,,,0.0,0.09842525
335779,Twelvemile Creek,MT,46.14,-114.45,1706.9,20170515,30.02,53.6,40.1,,,,,0.0,0.09842525
335780,Twelvemile Creek,MT,46.14,-114.45,1706.9,20170516,29.3,46.22,36.68,,,,,0.0,0.0
335781,Twelvemile Creek,MT,46.14,-114.45,1706.9,20170517,29.12,37.58,33.44,,,,,2.0078751,0.40157502
335782,Twelvemile Creek,MT,46.14,-114.45,1706.9,20170518,31.46,52.52,40.1,,,,,0.0,0.20078751
335783,Twelvemile Creek,MT,46.14,-114.45,1706.9,20170519,29.66,58.64,43.16,,,,,0.0,0.09842525
335784,Twelvemile Creek,MT,46.14,-114.45,1706.9,20170520,31.82,63.14,44.96,,,,,0.0,0.09842525
335785,Twelvemile Creek,MT,46.14,-114.45,1706.9,20170521,31.28,65.3,46.76,,,,,0.0,0.0
335786,Twelvemile Creek,MT,46.14,-114.45,1706.9,20170522,35.24,71.24,51.26,,,,,0.0,0.0
335787,Twelvemile Creek,MT,46.14,-114.45,1706.9,20170523,35.06,73.76,54.5,,,,,0.0,0.0
335788,Twelvemile Creek,MT,46.14,-114.45,1706.9,20170524,36.14,59.18,48.02,,,,,0.0,0.0
335789,Twelvemile Creek,MT,46.14,-114.45,1706.9,20170525,32.9,55.04,43.88,,,,,0.0,0.0
335790,Twelvemile Creek,MT,46.14,-114.45,1706.9,20170526,31.64,62.42,45.68,,,,,0.0,0.0
335791,Twelvemile Creek,MT,46.14,-114.45,1706.9,20170527,32.9,68.0,49.28,,,,,0.0,0.0
335792,Twelvemile Creek,MT,46.14,-114.45,1706.9,20170528,33.98,72.32,53.24,,,,,0.0,0.09842525
335793,Twelvemile Creek,MT,46.14,-114.45,1706.9,20170529,35.06,75.92,54.68,,,,,0.0,0.09842525
335794,Twelvemile Creek,MT,46.14,-114.45,1706.9,20170530,37.4,78.8,56.84,,,,,0.0,0.0
335795,Twelvemile Creek,MT,46.14,-114.45,1706.9,20170531,38.48,81.86,55.22,,,,,0.0,0.0
335796,Twelvemile Creek,MT,46.14,-114.45,1706.9,20170601,42.44,55.22,48.02,,,,,0.0,0.29921276
335797,Twelvemile Creek,MT,46.14,-114.45,1706.9,20170602,37.76,66.2,51.08,,,,,0.0,0.09842525
335798,Twelvemile Creek,MT,46.14,-114.45,1706.9,20170603,35.06,76.46,55.4,,,,,0.0,0.09842525
335799,Twelvemile Creek,MT,46.14,-114.45,1706.9,20170604,42.08,77.36,55.58,,,,,0.0,0.0
335800,Twelvemile Creek,MT,46.14,-114.45,1706.9,20170605,36.68,65.48,50.54,,,,,0.0,0.0
335801,Twelvemile Creek,MT,46.14,-114.45,1706.9,20170606,34.34,75.38,53.78,,,,,0.0,0.0
335802,Twelvemile Creek,MT,46.14,-114.45,1706.9,20170607,39.02,83.48,60.62,,,,,0.0,0.0
335803,Twelvemile Creek,MT,46.14,-114.45,1706.9,20170608,44.42,77.18,57.02,,,,,0.0,0.0
335804,Twelvemile Creek,MT,46.14,-114.45,1706.9,20170609,37.58,58.46,45.32,,,,,0.0,0.0
335805,Twelvemile Creek,MT,46.14,-114.45,1706.9,20170610,31.64,47.12,39.02,,,,,0.0,0.40157502
335806,Twelvemile Creek,MT,46.14,-114.45,1706.9,20170611,29.12,64.4,46.58,,,,,0.0,0.40157502
335807,Twelvemile Creek,MT,46.14,-114.45,1706.9,20170612,35.78,65.84,49.28,,,,,0.0,0.90157529
335808,Twelvemile Creek,MT,46.14,-114.45,1706.9,20170613,39.38,46.04,41.18,,,,,0.0,1.40157556
335809,Twelvemile Creek,MT,46.14,-114.45,1706.9,20170614,35.96,61.7,48.2,,,,,0.0,0.20078751
335810,Twelvemile Creek,MT,46.14,-114.45,1706.9,20170615,41.0,56.48,48.56,,,,,0.0,0.09842525
335811,Twelvemile Creek,MT,46.14,-114.45,1706.9,20170616,42.8,52.7,46.22,,,,,0.0,0.79921303
335812,Twelvemile Creek,MT,46.14,-114.45,1706.9,20170617,41.0,61.88,48.74,,,,,0.0,0.29921276
335813,Twelvemile Creek,MT,46.14,-114.45,1706.9,20170618,41.0,60.62,49.28,,,,,0.0,0.0
335814,Twelvemile Creek,MT,46.14,-114.45,1706.9,20170619,39.2,79.7,59.72,,,,,0.0,0.09842525
335815,Twelvemile Creek,MT,46.14,-114.45,1706.9,20170620,51.08,78.08,63.32,,,,,0.0,0.0
335816,Twelvemile Creek,MT,46.14,-114.45,1706.9,20170621,41.9,68.18,56.84,,,,,0.0,0.0
335817,Twelvemile Creek,MT,46.14,-114.45,1706.9,20170622,36.32,63.86,50.36,,,,,0.0,0.0
335818,Twelvemile Creek,MT,46.14,-114.45,1706.9,20170623,34.88,70.52,53.42,,,,,0.0,0.0
335819,Twelvemile Creek,MT,46.14,-114.45,1706.9,20170624,37.22,75.38,55.94,,,,,0.0,0.0
335820,Twelvemile Creek,MT,46.14,-114.45,1706.9,20170625,38.84,83.66,60.44,,,,,0.0,0.0
335821,Twelvemile Creek,MT,46.14,-114.45,1706.9,20170626,44.06,85.82,65.3,,,,,0.0,0.0
335822,Twelvemile Creek,MT,46.14,-114.45,1706.9,20170627,47.12,71.06,57.56,,,,,0.0,0.0
335823,Twelvemile Creek,MT,46.14,-114.45,1706.9,20170628,44.06,69.44,56.84,,,,,0.0,0.0
335824,Twelvemile Creek,MT,46.14,-114.45,1706.9,20170629,41.9,68.0,53.24,,,,,0.0,0.0
335825,Twelvemile Creek,MT,46.14,-114.45,1706.9,20170630,38.48,76.64,58.1,,,,,0.0,0.0
335826,Twelvemile Creek,MT,46.14,-114.45,1706.9,20170701,42.8,79.7,61.7,,,,,0.0,0.0
335827,Twelvemile Creek,MT,46.14,-114.45,1706.9,20170702,47.48,84.2,64.22,,,,,0.0,0.0
335828,Twelvemile Creek,MT,46.14,-114.45,1706.9,20170703,46.76,79.88,63.14,,,,,0.0,0.0
335829,Twelvemile Creek,MT,46.14,-114.45,1706.9,20170704,41.18,82.4,62.42,,,,,0.0,0.0
335830,Twelvemile Creek,MT,46.14,-114.45,1706.9,20170705,45.86,89.42,68.0,,,,,0.0,0.0
335831,Twelvemile Creek,MT,46.14,-114.45,1706.9,20170706,48.74,88.7,69.08,,,,,0.0,0.0
335832,Twelvemile Creek,MT,46.14,-114.45,1706.9,20170707,53.06,90.68,70.52,,,,,0.0,0.0
335833,Twelvemile Creek,MT,46.14,-114.45,1706.9,20170708,50.9,89.42,69.98,,,,,0.0,0.0
335834,Twelvemile Creek,MT,46.14,-114.45,1706.9,20170709,50.0,87.62,68.36,,,,,0.0,0.0
335835,Twelvemile Creek,MT,46.14,-114.45,1706.9,20170710,49.1,78.62,62.96,,,,,0.0,0.0
335836,Twelvemile Creek,MT,46.14,-114.45,1706.9,20170711,47.12,75.38,60.62,,,,,0.0,0.0
335837,Twelvemile Creek,MT,46.14,-114.45,1706.9,20170712,41.9,80.6,61.88,,,,,0.0,0.0
335838,Twelvemile Creek,MT,46.14,-114.45,1706.9,20170713,43.16,88.34,66.38,,,,,0.0,0.0
335839,Twelvemile Creek,MT,46.14,-114.45,1706.9,20170714,47.48,89.6,65.12,,,,,0.0,0.0
335840,Twelvemile Creek,MT,46.14,-114.45,1706.9,20170715,48.2,87.98,64.04,,,,,0.0,0.0
335841,Twelvemile Creek,MT,46.14,-114.45,1706.9,20170716,45.86,75.56,60.98,,,,,0.0,0.0
335842,Twelvemile Creek,MT,46.14,-114.45,1706.9,20170717,39.92,75.74,58.1,,,,,0.0,0.0
335843,Twelvemile Creek,MT,46.14,-114.45,1706.9,20170718,39.02,81.86,62.06,,,,,0.0,0.0
335844,Twelvemile Creek,MT,46.14,-114.45,1706.9,20170719,46.4,84.02,65.12,,,,,0.0,0.0
335845,Twelvemile Creek,MT,46.14,-114.45,1706.9,20170720,44.42,78.8,61.88,,,,,0.0,0.0
335846,Twelvemile Creek,MT,46.14,-114.45,1706.9,20170721,43.52,74.84,58.64,,,,,0.0,0.0
335847,Twelvemile Creek,MT,46.14,-114.45,1706.9,20170722,41.0,79.52,60.8,,,,,0.0,0.0
335848,Twelvemile Creek,MT,46.14,-114.45,1706.9,20170723,44.78,85.1,65.12,,,,,0.0,0.0
335849,Twelvemile Creek,MT,46.14,-114.45,1706.9,20170724,50.0,81.5,64.58,,,,,0.0,0.0
335850,Twelvemile Creek,MT,46.14,-114.45,1706.9,20170725,45.32,82.22,62.96,,,,,0.0,0.0
335851,Twelvemile Creek,MT,46.14,-114.45,1706.9,20170726,43.34,83.12,63.32,,,,,0.0,0.0
335852,Twelvemile Creek,MT,46.14,-114.45,1706.9,20170727,50.18,80.96,63.5,,,,,0.0,0.0
335853,Twelvemile Creek,MT,46.14,-114.45,1706.9,20170728,45.5,84.2,62.78,,,,,0.0,0.0
335854,Twelvemile Creek,MT,46.14,-114.45,1706.9,20170729,47.12,85.64,65.84,,,,,0.0,0.0
335855,Twelvemile Creek,MT,46.14,-114.45,1706.9,20170730,49.28,84.74,66.2,,,,,0.0,0.0
335856,Twelvemile Creek,MT,46.14,-114.45,1706.9,20170731,45.14,84.56,64.04,,,,,0.0,0.0
335857,Twelvemile Creek,MT,46.14,-114.45,1706.9,20170801,41.54,83.3,62.96,,,,,0.0,0.0
335858,Twelvemile Creek,MT,46.14,-114.45,1706.9,20170802,41.54,80.6,60.44,,,,,0.0,0.0
335859,Twelvemile Creek,MT,46.14,-114.45,1706.9,20170803,43.16,84.2,62.42,,,,,0.0,0.0
335860,Twelvemile Creek,MT,46.14,-114.45,1706.9,20170804,47.12,83.3,64.94,,,,,0.0,0.0
335861,Twelvemile Creek,MT,46.14,-114.45,1706.9,20170805,42.26,76.1,57.92,,,,,0.0,0.0
335862,Twelvemile Creek,MT,46.14,-114.45,1706.9,20170806,41.36,77.18,58.1,,,,,0.0,0.0
335863,Twelvemile Creek,MT,46.14,-114.45,1706.9,20170807,40.82,79.16,59.36,,,,,0.0,0.0
335864,Twelvemile Creek,MT,46.14,-114.45,1706.9,20170808,41.9,81.32,59.0,,,,,0.0,0.0
335865,Twelvemile Creek,MT,46.14,-114.45,1706.9,20170809,41.72,77.9,58.28,,,,,0.0,0.0
335866,Twelvemile Creek,MT,46.14,-114.45,1706.9,20170810,42.98,82.4,61.7,,,,,0.0,0.0
335867,Twelvemile Creek,MT,46.14,-114.45,1706.9,20170811,44.24,82.22,61.16,,,,,0.0,0.0
335868,Twelvemile Creek,MT,46.14,-114.45,1706.9,20170812,42.98,84.02,62.78,,,,,0.0,0.0
335869,Twelvemile Creek,MT,46.14,-114.45,1706.9,20170813,48.2,63.86,55.58,,,,,0.0,0.0
335870,Twelvemile Creek,MT,46.14,-114.45,1706.9,20170814,41.54,68.9,55.76,,,,,0.0,0.0
335871,Twelvemile Creek,MT,46.14,-114.45,1706.9,20170815,36.68,75.2,55.04,,,,,0.0,0.0
335872,Twelvemile Creek,MT,46.14,-114.45,1706.9,20170816,39.74,74.3,57.92,,,,,0.0,0.0
335873,Twelvemile Creek,MT,46.14,-114.45,1706.9,20170817,43.34,75.2,58.1,,,,,0.0,0.0
335874,Twelvemile Creek,MT,46.14,-114.45,1706.9,20170818,42.62,79.52,60.8,,,,,0.0,0.0
335875,Twelvemile Creek,MT,46.14,-114.45,1706.9,20170819,43.16,71.96,56.84,,,,,0.0,0.0
335876,Twelvemile Creek,MT,46.14,-114.45,1706.9,20170820,37.76,71.24,55.22,,,,,0.0,0.0
335877,Twelvemile Creek,MT,46.14,-114.45,1706.9,20170821,38.12,76.46,55.76,,,,,0.0,0.0
335878,Twelvemile Creek,MT,46.14,-114.45,1706.9,20170822,39.74,82.22,59.54,,,,,0.0,0.0
335879,Twelvemile Creek,MT,46.14,-114.45,1706.9,20170823,43.7,84.2,62.78,,,,,0.0,0.0
335880,Twelvemile Creek,MT,46.14,-114.45,1706.9,20170824,47.3,73.76,57.56,,,,,0.0,0.0
335881,Twelvemile Creek,MT,46.14,-114.45,1706.9,20170825,43.16,74.3,58.1,,,,,0.0,0.0
335882,Twelvemile Creek,MT,46.14,-114.45,1706.9,20170826,39.02,78.44,58.64,,,,,0.0,0.0
335883,Twelvemile Creek,MT,46.14,-114.45,1706.9,20170827,41.0,85.28,60.98,,,,,0.0,0.0
335884,Twelvemile Creek,MT,46.14,-114.45,1706.9,20170828,42.62,85.28,64.22,,,,,0.0,0.0
335885,Twelvemile Creek,MT,46.14,-114.45,1706.9,20170829,50.18,85.64,65.48,,,,,0.0,0.0
335886,Twelvemile Creek,MT,46.14,-114.45,1706.9,20170830,47.84,87.26,62.6,,,,,0.0,0.0
335887,Twelvemile Creek,MT,46.14,-114.45,1706.9,20170831,45.68,73.94,59.0,,,,,0.0,0.0
335888,Twelvemile Creek,MT,46.14,-114.45,1706.9,20170901,41.0,76.82,58.46,,,,,0.0,0.0
335889,Twelvemile Creek,MT,46.14,-114.45,1706.9,20170902,42.98,85.64,63.32,,,,,0.0,0.0
335890,Twelvemile Creek,MT,46.14,-114.45,1706.9,20170903,47.3,87.8,66.2,,,,,0.0,0.0
335891,Twelvemile Creek,MT,46.14,-114.45,1706.9,20170904,41.54,68.54,54.5,,,,,0.0,0.0
335892,Twelvemile Creek,MT,46.14,-114.45,1706.9,20170905,37.76,76.28,55.04,,,,,0.0,0.0
335893,Twelvemile Creek,MT,46.14,-114.45,1706.9,20170906,41.9,76.82,56.84,,,,,0.0,0.0
335894,Twelvemile Creek,MT,46.14,-114.45,1706.9,20170907,41.54,79.52,58.46,,,,,0.0,0.0
335895,Twelvemile Creek,MT,46.14,-114.45,1706.9,20170908,48.92,81.14,62.6,,,,,0.0,0.0
335896,Twelvemile Creek,MT,46.14,-114.45,1706.9,20170909,44.6,78.62,60.98,,,,,0.0,0.0
335897,Twelvemile Creek,MT,46.14,-114.45,1706.9,20170910,45.86,74.66,58.28,,,,,0.0,0.0
335898,Twelvemile Creek,MT,46.14,-114.45,1706.9,20170911,39.92,81.5,58.46,,,,,0.0,0.0
335899,Twelvemile Creek,MT,46.14,-114.45,1706.9,20170912,40.28,80.78,60.98,,,,,0.0,0.0
335900,Twelvemile Creek,MT,46.14,-114.45,1706.9,20170913,47.66,73.58,60.08,,,,,0.0,0.0
335901,Twelvemile Creek,MT,46.14,-114.45,1706.9,20170914,37.94,54.14,46.4,,,,,0.0,0.20078751
335902,Twelvemile Creek,MT,46.14,-114.45,1706.9,20170915,35.06,39.56,36.86,,,,,0.0,0.09842525
335903,Twelvemile Creek,MT,46.14,-114.45,1706.9,20170916,30.38,47.84,37.76,,,,,0.0,0.0
335904,Twelvemile Creek,MT,46.14,-114.45,1706.9,20170917,29.66,60.08,45.14,,,,,0.0,0.0
335905,Twelvemile Creek,MT,46.14,-114.45,1706.9,20170918,35.24,54.68,41.72,,,,,0.0,0.29921276
335906,Twelvemile Creek,MT,46.14,-114.45,1706.9,20170919,33.98,41.54,35.96,,,,,2.0078751,0.59842552
335907,Twelvemile Creek,MT,46.14,-114.45,1706.9,20170920,33.8,39.38,35.06,,,,,2.9921276000000003,0.90157529
335908,Twelvemile Creek,MT,46.14,-114.45,1706.9,20170921,30.56,50.36,38.12,,,,,0.9842525,0.0
335909,Nez Perce Camp,MT,45.73,-114.48,1722.1,20170101,7.16,27.86,15.98,,,,,30.984268699999998,0.20078751
335910,Nez Perce Camp,MT,45.73,-114.48,1722.1,20170102,-7.06,9.14,3.56,,,,,30.0000162,0.0
335911,Nez Perce Camp,MT,45.73,-114.48,1722.1,20170103,-5.8,18.14,2.3,,,,,29.015763699999997,0.0
335912,Nez Perce Camp,MT,45.73,-114.48,1722.1,20170104,-14.08,10.22,-0.58,,,,,29.015763699999997,0.0
335913,Nez Perce Camp,MT,45.73,-114.48,1722.1,20170105,-17.68,6.26,-6.34,,,,,29.015763699999997,0.0
335914,Nez Perce Camp,MT,45.73,-114.48,1722.1,20170106,-0.94,14.36,4.1,,,,,29.015763699999997,0.0
335915,Nez Perce Camp,MT,45.73,-114.48,1722.1,20170107,-4.54,21.02,9.32,,,,,32.9921438,0.50000027
335916,Nez Perce Camp,MT,45.73,-114.48,1722.1,20170108,20.66,35.06,29.84,,,,,30.0000162,0.29921276
335917,Nez Perce Camp,MT,45.73,-114.48,1722.1,20170109,21.56,36.68,29.66,,,,,30.984268699999998,0.20078751
335918,Nez Perce Camp,MT,45.73,-114.48,1722.1,20170110,20.48,31.28,25.7,,,,,34.0157664,0.29921276
335919,Nez Perce Camp,MT,45.73,-114.48,1722.1,20170111,16.52,26.6,20.84,,,,,35.0000189,0.09842525
335920,Nez Perce Camp,MT,45.73,-114.48,1722.1,20170112,2.84,26.24,13.82,,,,,35.0000189,0.0
335921,Nez Perce Camp,MT,45.73,-114.48,1722.1,20170113,-0.4,17.24,6.44,,,,,34.0157664,0.0
335922,Nez Perce Camp,MT,45.73,-114.48,1722.1,20170114,0.86,18.68,8.6,,,,,32.9921438,0.0
335923,Nez Perce Camp,MT,45.73,-114.48,1722.1,20170115,4.82,29.3,14.0,,,,,32.0078913,0.0
335924,Nez Perce Camp,MT,45.73,-114.48,1722.1,20170116,5.18,24.08,14.0,,,,,32.0078913,0.0
335925,Nez Perce Camp,MT,45.73,-114.48,1722.1,20170117,12.92,31.1,20.48,,,,,32.0078913,0.0
335926,Nez Perce Camp,MT,45.73,-114.48,1722.1,20170118,24.44,36.86,31.28,,,,,30.0000162,0.20078751
335927,Nez Perce Camp,MT,45.73,-114.48,1722.1,20170119,29.84,37.76,32.54,,,,,32.9921438,0.09842525
335928,Nez Perce Camp,MT,45.73,-114.48,1722.1,20170120,13.28,32.36,23.18,,,,,32.9921438,0.0
335929,Nez Perce Camp,MT,45.73,-114.48,1722.1,20170121,13.1,34.7,24.44,,,,,32.9921438,0.0
335930,Nez Perce Camp,MT,45.73,-114.48,1722.1,20170122,13.46,31.82,22.1,,,,,32.9921438,0.0
335931,Nez Perce Camp,MT,45.73,-114.48,1722.1,20170123,10.58,30.02,21.02,,,,,32.9921438,0.0
335932,Nez Perce Camp,MT,45.73,-114.48,1722.1,20170124,7.16,30.02,18.14,,,,,32.9921438,0.0
335933,Nez Perce Camp,MT,45.73,-114.48,1722.1,20170125,10.76,27.68,19.22,,,,,32.9921438,0.09842525
335934,Nez Perce Camp,MT,45.73,-114.48,1722.1,20170126,12.02,27.68,21.02,,,,,32.9921438,0.0
335935,Nez Perce Camp,MT,45.73,-114.48,1722.1,20170127,8.06,29.84,18.14,,,,,32.9921438,0.0
335936,Nez Perce Camp,MT,45.73,-114.48,1722.1,20170128,15.8,37.4,25.16,,,,,32.0078913,0.09842525
335937,Nez Perce Camp,MT,45.73,-114.48,1722.1,20170129,23.0,38.48,28.94,,,,,32.0078913,0.0
335938,Nez Perce Camp,MT,45.73,-114.48,1722.1,20170130,24.44,42.08,32.36,,,,,30.984268699999998,0.09842525
335939,Nez Perce Camp,MT,45.73,-114.48,1722.1,20170131,19.94,32.72,28.58,,,,,37.007894,0.20078751
335940,Nez Perce Camp,MT,45.73,-114.48,1722.1,20170201,9.68,19.94,14.0,,,,,35.9842714,0.0
335941,Nez Perce Camp,MT,45.73,-114.48,1722.1,20170202,-2.92,19.76,6.98,,,,,37.007894,0.0
335942,Nez Perce Camp,MT,45.73,-114.48,1722.1,20170203,4.82,35.06,24.44,,,,,35.9842714,0.20078751
335943,Nez Perce Camp,MT,45.73,-114.48,1722.1,20170204,30.02,38.12,33.98,,,,,37.007894,0.29921276
335944,Nez Perce Camp,MT,45.73,-114.48,1722.1,20170205,31.1,39.56,34.16,,,,,35.9842714,0.0
335945,Nez Perce Camp,MT,45.73,-114.48,1722.1,20170206,24.8,41.72,31.46,,,,,39.0157691,0.20078751
335946,Nez Perce Camp,MT,45.73,-114.48,1722.1,20170207,17.6,29.12,24.8,,,,,42.9921492,0.40157502
335947,Nez Perce Camp,MT,45.73,-114.48,1722.1,20170208,26.42,36.5,31.46,,,,,47.992151899999996,0.70078778
335948,Nez Perce Camp,MT,45.73,-114.48,1722.1,20170209,34.52,37.76,35.6,,,,,42.9921492,0.40157502
335949,Nez Perce Camp,MT,45.73,-114.48,1722.1,20170210,28.22,40.46,35.06,,,,,42.9921492,0.09842525
335950,Nez Perce Camp,MT,45.73,-114.48,1722.1,20170211,10.94,31.82,24.44,,,,,42.9921492,0.0
335951,Nez Perce Camp,MT,45.73,-114.48,1722.1,20170212,8.24,37.94,19.94,,,,,40.9842741,0.0
335952,Nez Perce Camp,MT,45.73,-114.48,1722.1,20170213,12.74,41.18,23.0,,,,,40.9842741,0.0
335953,Nez Perce Camp,MT,45.73,-114.48,1722.1,20170214,17.06,43.16,25.88,,,,,40.9842741,0.0
335954,Nez Perce Camp,MT,45.73,-114.48,1722.1,20170215,19.04,52.52,32.0,,,,,40.000021600000004,0.09842525
335955,Nez Perce Camp,MT,45.73,-114.48,1722.1,20170216,32.0,52.7,38.84,,,,,39.0157691,0.0
335956,Nez Perce Camp,MT,45.73,-114.48,1722.1,20170217,32.0,44.96,35.96,,,,,39.0157691,0.0
335957,Nez Perce Camp,MT,45.73,-114.48,1722.1,20170218,30.92,47.3,37.22,,,,,37.992146500000004,0.0
335958,Nez Perce Camp,MT,45.73,-114.48,1722.1,20170219,28.22,44.42,34.52,,,,,37.007894,0.0
335959,Nez Perce Camp,MT,45.73,-114.48,1722.1,20170220,29.84,43.16,34.16,,,,,37.007894,0.09842525
335960,Nez Perce Camp,MT,45.73,-114.48,1722.1,20170221,30.02,44.24,35.42,,,,,40.000021600000004,0.20078751
335961,Nez Perce Camp,MT,45.73,-114.48,1722.1,20170222,24.8,36.5,29.12,,,,,42.0078967,0.20078751
335962,Nez Perce Camp,MT,45.73,-114.48,1722.1,20170223,21.38,31.28,26.24,,,,,42.0078967,0.09842525
335963,Nez Perce Camp,MT,45.73,-114.48,1722.1,20170224,15.26,27.5,20.48,,,,,42.9921492,0.0
335964,Nez Perce Camp,MT,45.73,-114.48,1722.1,20170225,15.8,24.98,19.76,,,,,40.9842741,0.09842525
335965,Nez Perce Camp,MT,45.73,-114.48,1722.1,20170226,15.8,28.76,22.64,,,,,42.0078967,0.09842525
335966,Nez Perce Camp,MT,45.73,-114.48,1722.1,20170227,10.58,32.72,19.4,,,,,44.015771799999996,0.20078751
335967,Nez Perce Camp,MT,45.73,-114.48,1722.1,20170228,14.72,26.6,21.02,,,,,45.00002429999999,0.09842525
335968,Nez Perce Camp,MT,45.73,-114.48,1722.1,20170301,22.64,36.32,29.12,,,,,45.00002429999999,0.09842525
335969,Nez Perce Camp,MT,45.73,-114.48,1722.1,20170302,14.54,43.16,28.4,,,,,44.015771799999996,0.0
335970,Nez Perce Camp,MT,45.73,-114.48,1722.1,20170303,25.16,47.84,35.6,,,,,42.0078967,0.09842525
335971,Nez Perce Camp,MT,45.73,-114.48,1722.1,20170304,31.1,44.24,36.14,,,,,42.9921492,0.29921276
335972,Nez Perce Camp,MT,45.73,-114.48,1722.1,20170305,20.66,35.6,28.76,,,,,47.992151899999996,0.09842525
335973,Nez Perce Camp,MT,45.73,-114.48,1722.1,20170306,19.22,32.18,24.26,,,,,45.984276799999996,0.0
335974,Nez Perce Camp,MT,45.73,-114.48,1722.1,20170307,20.3,35.42,28.22,,,,,47.992151899999996,0.40157502
335975,Nez Perce Camp,MT,45.73,-114.48,1722.1,20170308,30.74,36.5,34.7,,,,,54.0157772,1.09842579
335976,Nez Perce Camp,MT,45.73,-114.48,1722.1,20170309,34.88,42.8,36.32,,,,,49.0157745,1.2992133
335977,Nez Perce Camp,MT,45.73,-114.48,1722.1,20170310,29.66,45.68,37.22,,,,,47.0078994,0.0
335978,Nez Perce Camp,MT,45.73,-114.48,1722.1,20170311,26.24,49.82,35.96,,,,,45.984276799999996,0.20078751
335979,Nez Perce Camp,MT,45.73,-114.48,1722.1,20170312,32.9,46.58,37.22,,,,,45.984276799999996,0.09842525
335980,Nez Perce Camp,MT,45.73,-114.48,1722.1,20170313,31.82,54.14,40.46,,,,,45.00002429999999,0.0
335981,Nez Perce Camp,MT,45.73,-114.48,1722.1,20170314,35.06,56.48,40.46,,,,,42.9921492,0.09842525
335982,Nez Perce Camp,MT,45.73,-114.48,1722.1,20170315,34.7,46.76,38.66,,,,,42.9921492,0.09842525
335983,Nez Perce Camp,MT,45.73,-114.48,1722.1,20170316,27.68,39.38,34.7,,,,,42.9921492,0.59842552
335984,Nez Perce Camp,MT,45.73,-114.48,1722.1,20170317,23.54,48.02,34.7,,,,,42.0078967,0.09842525
335985,Nez Perce Camp,MT,45.73,-114.48,1722.1,20170318,33.98,54.68,41.18,,,,,40.9842741,0.20078751
335986,Nez Perce Camp,MT,45.73,-114.48,1722.1,20170319,33.44,44.96,37.58,,,,,40.9842741,0.20078751
335987,Nez Perce Camp,MT,45.73,-114.48,1722.1,20170320,32.18,43.52,36.5,,,,,40.9842741,0.09842525
335988,Nez Perce Camp,MT,45.73,-114.48,1722.1,20170321,33.26,55.4,39.56,,,,,40.000021600000004,0.0
335989,Nez Perce Camp,MT,45.73,-114.48,1722.1,20170322,29.48,51.26,37.58,,,,,40.000021600000004,0.0
335990,Nez Perce Camp,MT,45.73,-114.48,1722.1,20170323,25.52,46.76,35.78,,,,,40.000021600000004,0.0
335991,Nez Perce Camp,MT,45.73,-114.48,1722.1,20170324,23.54,51.26,36.14,,,,,37.992146500000004,0.09842525
335992,Nez Perce Camp,MT,45.73,-114.48,1722.1,20170325,30.74,46.94,36.5,,,,,39.0157691,0.09842525
335993,Nez Perce Camp,MT,45.73,-114.48,1722.1,20170326,24.62,48.92,35.78,,,,,37.992146500000004,0.0
335994,Nez Perce Camp,MT,45.73,-114.48,1722.1,20170327,29.48,43.16,34.88,,,,,39.0157691,0.20078751
335995,Nez Perce Camp,MT,45.73,-114.48,1722.1,20170328,29.66,45.86,36.32,,,,,39.0157691,0.0
335996,Nez Perce Camp,MT,45.73,-114.48,1722.1,20170329,30.2,43.34,36.86,,,,,37.992146500000004,0.70078778
335997,Nez Perce Camp,MT,45.73,-114.48,1722.1,20170330,32.72,40.1,35.24,,,,,37.992146500000004,0.0
335998,Nez Perce Camp,MT,45.73,-114.48,1722.1,20170331,30.2,45.5,36.14,,,,,37.992146500000004,0.0
335999,Nez Perce Camp,MT,45.73,-114.48,1722.1,20170401,30.02,52.34,39.56,,,,,35.9842714,0.09842525
336000,Nez Perce Camp,MT,45.73,-114.48,1722.1,20170402,28.04,45.5,35.42,,,,,35.9842714,0.0
336001,Nez Perce Camp,MT,45.73,-114.48,1722.1,20170403,19.22,37.58,28.4,,,,,37.992146500000004,0.09842525
336002,Nez Perce Camp,MT,45.73,-114.48,1722.1,20170404,14.54,47.3,30.38,,,,,35.9842714,0.0
336003,Nez Perce Camp,MT,45.73,-114.48,1722.1,20170405,29.66,55.04,38.48,,,,,35.9842714,0.09842525
336004,Nez Perce Camp,MT,45.73,-114.48,1722.1,20170406,32.54,57.92,40.1,,,,,35.0000189,0.0
336005,Nez Perce Camp,MT,45.73,-114.48,1722.1,20170407,30.92,52.34,38.12,,,,,35.0000189,0.09842525
336006,Nez Perce Camp,MT,45.73,-114.48,1722.1,20170408,27.86,48.2,33.62,,,,,35.0000189,0.09842525
336007,Nez Perce Camp,MT,45.73,-114.48,1722.1,20170409,22.64,43.7,31.64,,,,,35.0000189,0.0
336008,Nez Perce Camp,MT,45.73,-114.48,1722.1,20170410,20.84,46.22,30.2,,,,,35.9842714,0.29921276
336009,Nez Perce Camp,MT,45.73,-114.48,1722.1,20170411,17.6,49.28,33.8,,,,,35.0000189,0.0
336010,Nez Perce Camp,MT,45.73,-114.48,1722.1,20170412,32.72,53.6,40.1,,,,,34.0157664,0.09842525
336011,Nez Perce Camp,MT,45.73,-114.48,1722.1,20170413,30.92,41.72,36.14,,,,,34.0157664,0.20078751
336012,Nez Perce Camp,MT,45.73,-114.48,1722.1,20170414,27.86,39.74,32.54,,,,,35.9842714,0.20078751
336013,Nez Perce Camp,MT,45.73,-114.48,1722.1,20170415,23.54,41.0,31.82,,,,,35.0000189,0.0
336014,Nez Perce Camp,MT,45.73,-114.48,1722.1,20170416,20.3,54.86,36.5,,,,,30.984268699999998,0.0
336015,Nez Perce Camp,MT,45.73,-114.48,1722.1,20170417,30.92,47.48,38.12,,,,,32.0078913,0.20078751
336016,Nez Perce Camp,MT,45.73,-114.48,1722.1,20170418,29.84,54.5,38.48,,,,,32.9921438,0.09842525
336017,Nez Perce Camp,MT,45.73,-114.48,1722.1,20170419,29.84,53.78,39.2,,,,,32.0078913,0.0
336018,Nez Perce Camp,MT,45.73,-114.48,1722.1,20170420,30.02,41.54,35.24,,,,,30.0000162,0.20078751
336019,Nez Perce Camp,MT,45.73,-114.48,1722.1,20170421,27.68,46.94,36.32,,,,,30.984268699999998,0.09842525
336020,Nez Perce Camp,MT,45.73,-114.48,1722.1,20170422,24.44,57.74,39.02,,,,,30.984268699999998,0.0
336021,Nez Perce Camp,MT,45.73,-114.48,1722.1,20170423,34.88,50.0,39.74,,,,,30.0000162,0.40157502
336022,Nez Perce Camp,MT,45.73,-114.48,1722.1,20170424,32.9,43.88,37.04,,,,,29.015763699999997,0.20078751
336023,Nez Perce Camp,MT,45.73,-114.48,1722.1,20170425,30.92,48.02,37.76,,,,,29.015763699999997,0.0
336024,Nez Perce Camp,MT,45.73,-114.48,1722.1,20170426,32.9,45.86,37.4,,,,,27.9921411,0.29921276
336025,Nez Perce Camp,MT,45.73,-114.48,1722.1,20170427,29.3,41.18,33.26,,,,,29.015763699999997,0.20078751
336026,Nez Perce Camp,MT,45.73,-114.48,1722.1,20170428,28.4,46.4,35.06,,,,,29.015763699999997,0.09842525
336027,Nez Perce Camp,MT,45.73,-114.48,1722.1,20170429,24.44,54.5,38.66,,,,,27.9921411,0.0
336028,Nez Perce Camp,MT,45.73,-114.48,1722.1,20170430,35.6,50.0,40.64,,,,,25.0000135,0.09842525
336029,Nez Perce Camp,MT,45.73,-114.48,1722.1,20170501,35.24,51.62,41.18,,,,,25.0000135,0.0
336030,Nez Perce Camp,MT,45.73,-114.48,1722.1,20170502,31.1,50.54,39.02,,,,,25.0000135,0.0
336031,Nez Perce Camp,MT,45.73,-114.48,1722.1,20170503,28.94,62.6,43.16,,,,,22.992138399999998,0.09842525
336032,Nez Perce Camp,MT,45.73,-114.48,1722.1,20170504,33.08,74.3,48.02,,,,,20.9842633,0.0
336033,Nez Perce Camp,MT,45.73,-114.48,1722.1,20170505,34.88,70.34,48.38,,,,,14.015755599999999,0.0
336034,Nez Perce Camp,MT,45.73,-114.48,1722.1,20170506,36.32,60.08,45.86,,,,,15.0000081,0.29921276
336035,Nez Perce Camp,MT,45.73,-114.48,1722.1,20170507,29.66,42.08,37.76,,,,,14.015755599999999,0.09842525
336036,Nez Perce Camp,MT,45.73,-114.48,1722.1,20170508,26.24,60.98,41.18,,,,,12.007880499999999,0.0
336037,Nez Perce Camp,MT,45.73,-114.48,1722.1,20170509,30.74,63.32,44.96,,,,,10.9842579,0.0
336038,Nez Perce Camp,MT,45.73,-114.48,1722.1,20170510,31.28,71.24,48.74,,,,,10.000005400000001,0.0
336039,Nez Perce Camp,MT,45.73,-114.48,1722.1,20170511,34.16,73.4,50.36,,,,,7.007877799999999,0.0
336040,Nez Perce Camp,MT,45.73,-114.48,1722.1,20170512,33.44,57.74,42.08,,,,,9.0157529,0.40157502
336041,Nez Perce Camp,MT,45.73,-114.48,1722.1,20170513,29.3,44.78,35.06,,,,,7.9921303,0.0
336042,Nez Perce Camp,MT,45.73,-114.48,1722.1,20170514,29.84,50.18,39.02,,,,,7.007877799999999,0.09842525
336043,Nez Perce Camp,MT,45.73,-114.48,1722.1,20170515,29.84,52.34,39.38,,,,,5.984255200000001,0.0
336044,Nez Perce Camp,MT,45.73,-114.48,1722.1,20170516,28.76,47.3,36.68,,,,,5.984255200000001,0.29921276
336045,Nez Perce Camp,MT,45.73,-114.48,1722.1,20170517,29.84,36.5,33.44,,,,,7.007877799999999,0.29921276
336046,Nez Perce Camp,MT,45.73,-114.48,1722.1,20170518,33.26,51.44,40.82,,,,,4.0157502,0.0
336047,Nez Perce Camp,MT,45.73,-114.48,1722.1,20170519,30.92,56.66,43.52,,,,,4.0157502,0.0
336048,Nez Perce Camp,MT,45.73,-114.48,1722.1,20170520,32.72,59.36,45.5,,,,,2.0078751,0.0
336049,Nez Perce Camp,MT,45.73,-114.48,1722.1,20170521,32.9,65.84,47.84,,,,,0.0,0.0
336050,Nez Perce Camp,MT,45.73,-114.48,1722.1,20170522,35.96,69.98,51.62,,,,,0.0,0.0
336051,Nez Perce Camp,MT,45.73,-114.48,1722.1,20170523,36.68,75.02,55.58,,,,,0.0,0.0
336052,Nez Perce Camp,MT,45.73,-114.48,1722.1,20170524,35.78,58.28,49.46,,,,,0.0,0.0
336053,Nez Perce Camp,MT,45.73,-114.48,1722.1,20170525,32.54,54.14,44.78,,,,,0.0,0.0
336054,Nez Perce Camp,MT,45.73,-114.48,1722.1,20170526,36.5,62.06,48.56,,,,,0.0,0.0
336055,Nez Perce Camp,MT,45.73,-114.48,1722.1,20170527,36.5,66.56,49.64,,,,,0.0,0.0
336056,Nez Perce Camp,MT,45.73,-114.48,1722.1,20170528,35.42,72.32,52.88,,,,,0.0,0.0
336057,Nez Perce Camp,MT,45.73,-114.48,1722.1,20170529,37.58,76.28,55.58,,,,,0.0,0.0
336058,Nez Perce Camp,MT,45.73,-114.48,1722.1,20170530,39.56,79.34,57.74,,,,,0.0,0.0
336059,Nez Perce Camp,MT,45.73,-114.48,1722.1,20170531,42.62,82.58,60.8,,,,,0.0,0.0
336060,Nez Perce Camp,MT,45.73,-114.48,1722.1,20170601,43.52,59.18,51.08,,,,,0.0,0.29921276
336061,Nez Perce Camp,MT,45.73,-114.48,1722.1,20170602,40.1,67.82,52.34,,,,,0.0,0.0
336062,Nez Perce Camp,MT,45.73,-114.48,1722.1,20170603,38.3,77.18,57.56,,,,,0.0,0.0
336063,Nez Perce Camp,MT,45.73,-114.48,1722.1,20170604,40.28,80.96,58.1,,,,,0.0,0.0
336064,Nez Perce Camp,MT,45.73,-114.48,1722.1,20170605,39.38,67.82,51.62,,,,,0.0,0.0
336065,Nez Perce Camp,MT,45.73,-114.48,1722.1,20170606,36.86,75.02,55.4,,,,,0.0,0.09842525
336066,Nez Perce Camp,MT,45.73,-114.48,1722.1,20170607,41.9,85.64,61.34,,,,,0.0,0.0
336067,Nez Perce Camp,MT,45.73,-114.48,1722.1,20170608,43.7,77.18,57.2,,,,,0.0,0.0
336068,Nez Perce Camp,MT,45.73,-114.48,1722.1,20170609,39.38,60.44,47.48,,,,,0.0,0.0
336069,Nez Perce Camp,MT,45.73,-114.48,1722.1,20170610,30.38,47.84,39.02,,,,,0.0,0.20078751
336070,Nez Perce Camp,MT,45.73,-114.48,1722.1,20170611,28.04,64.22,47.12,,,,,0.0,0.09842525
336071,Nez Perce Camp,MT,45.73,-114.48,1722.1,20170612,37.04,60.8,49.1,,,,,2.0078751,1.50000081
336072,Nez Perce Camp,MT,45.73,-114.48,1722.1,20170613,37.76,45.68,42.26,,,,,2.0078751,0.50000027
336073,Nez Perce Camp,MT,45.73,-114.48,1722.1,20170614,34.34,64.58,48.2,,,,,0.0,0.0
336074,Nez Perce Camp,MT,45.73,-114.48,1722.1,20170615,39.02,56.48,48.38,,,,,0.0,0.40157502
336075,Nez Perce Camp,MT,45.73,-114.48,1722.1,20170616,43.34,51.44,47.66,,,,,0.0,0.59842552
336076,Nez Perce Camp,MT,45.73,-114.48,1722.1,20170617,39.74,63.68,50.0,,,,,0.0,0.0
336077,Nez Perce Camp,MT,45.73,-114.48,1722.1,20170618,43.16,62.96,51.8,,,,,0.0,0.0
336078,Nez Perce Camp,MT,45.73,-114.48,1722.1,20170619,40.46,81.68,60.44,,,,,0.0,0.0
336079,Nez Perce Camp,MT,45.73,-114.48,1722.1,20170620,51.8,83.48,66.02,,,,,0.0,0.0
336080,Nez Perce Camp,MT,45.73,-114.48,1722.1,20170621,44.06,72.5,58.82,,,,,0.0,0.0
336081,Nez Perce Camp,MT,45.73,-114.48,1722.1,20170622,37.04,65.3,50.9,,,,,0.0,0.0
336082,Nez Perce Camp,MT,45.73,-114.48,1722.1,20170623,34.34,71.6,52.7,,,,,0.0,0.0
336083,Nez Perce Camp,MT,45.73,-114.48,1722.1,20170624,37.76,77.54,56.84,,,,,0.0,0.0
336084,Nez Perce Camp,MT,45.73,-114.48,1722.1,20170625,39.92,84.74,61.16,,,,,0.0,0.0
336085,Nez Perce Camp,MT,45.73,-114.48,1722.1,20170626,44.96,87.8,63.5,,,,,0.0,0.40157502
336086,Nez Perce Camp,MT,45.73,-114.48,1722.1,20170627,45.32,73.76,55.76,,,,,0.0,0.0
336087,Nez Perce Camp,MT,45.73,-114.48,1722.1,20170628,41.72,70.16,55.04,,,,,0.0,0.0
336088,Nez Perce Camp,MT,45.73,-114.48,1722.1,20170629,42.26,66.92,52.88,,,,,0.0,0.0
336089,Nez Perce Camp,MT,45.73,-114.48,1722.1,20170630,39.38,77.54,58.28,,,,,0.0,0.0
336090,Nez Perce Camp,MT,45.73,-114.48,1722.1,20170701,44.24,80.6,60.62,,,,,0.0,0.0
336091,Nez Perce Camp,MT,45.73,-114.48,1722.1,20170702,47.66,84.02,63.86,,,,,0.0,0.0
336092,Nez Perce Camp,MT,45.73,-114.48,1722.1,20170703,47.3,81.86,64.04,,,,,0.0,0.0
336093,Nez Perce Camp,MT,45.73,-114.48,1722.1,20170704,43.88,83.3,63.32,,,,,0.0,0.0
336094,Nez Perce Camp,MT,45.73,-114.48,1722.1,20170705,47.12,91.04,68.0,,,,,0.0,0.0
336095,Nez Perce Camp,MT,45.73,-114.48,1722.1,20170706,49.64,90.68,67.82,,,,,0.0,0.0
336096,Nez Perce Camp,MT,45.73,-114.48,1722.1,20170707,55.58,90.32,68.72,,,,,0.0,0.0
336097,Nez Perce Camp,MT,45.73,-114.48,1722.1,20170708,51.62,91.22,69.26,,,,,0.0,0.0
336098,Nez Perce Camp,MT,45.73,-114.48,1722.1,20170709,50.9,88.7,66.56,,,,,0.0,0.0
336099,Nez Perce Camp,MT,45.73,-114.48,1722.1,20170710,48.92,79.7,62.6,,,,,0.0,0.0
336100,Nez Perce Camp,MT,45.73,-114.48,1722.1,20170711,48.02,77.72,62.06,,,,,0.0,0.0
336101,Nez Perce Camp,MT,45.73,-114.48,1722.1,20170712,42.8,82.4,61.88,,,,,0.0,0.0
336102,Nez Perce Camp,MT,45.73,-114.48,1722.1,20170713,44.42,88.7,66.2,,,,,0.0,0.0
336103,Nez Perce Camp,MT,45.73,-114.48,1722.1,20170714,48.92,88.34,63.68,,,,,0.0,0.0
336104,Nez Perce Camp,MT,45.73,-114.48,1722.1,20170715,49.1,89.06,63.68,,,,,0.0,0.0
336105,Nez Perce Camp,MT,45.73,-114.48,1722.1,20170716,47.3,78.44,62.6,,,,,0.0,0.0
336106,Nez Perce Camp,MT,45.73,-114.48,1722.1,20170717,41.36,77.54,58.46,,,,,0.0,0.0
336107,Nez Perce Camp,MT,45.73,-114.48,1722.1,20170718,40.82,83.3,61.52,,,,,0.0,0.0
336108,Nez Perce Camp,MT,45.73,-114.48,1722.1,20170719,45.32,84.56,64.22,,,,,0.0,0.0
336109,Nez Perce Camp,MT,45.73,-114.48,1722.1,20170720,45.32,82.22,63.86,,,,,0.0,0.0
336110,Nez Perce Camp,MT,45.73,-114.48,1722.1,20170721,45.32,79.16,60.8,,,,,0.0,0.0
336111,Nez Perce Camp,MT,45.73,-114.48,1722.1,20170722,41.9,81.68,61.34,,,,,0.0,0.0
336112,Nez Perce Camp,MT,45.73,-114.48,1722.1,20170723,45.86,87.26,65.48,,,,,0.0,0.0
336113,Nez Perce Camp,MT,45.73,-114.48,1722.1,20170724,50.9,85.1,66.02,,,,,0.0,0.0
336114,Nez Perce Camp,MT,45.73,-114.48,1722.1,20170725,48.2,82.94,64.94,,,,,0.0,0.0
336115,Nez Perce Camp,MT,45.73,-114.48,1722.1,20170726,46.76,82.4,58.82,,,,,0.0,0.09842525
336116,Nez Perce Camp,MT,45.73,-114.48,1722.1,20170727,46.22,80.42,58.46,,,,,0.0,0.09842525
336117,Nez Perce Camp,MT,45.73,-114.48,1722.1,20170728,45.86,80.6,60.08,,,,,0.0,0.0
336118,Nez Perce Camp,MT,45.73,-114.48,1722.1,20170729,45.86,86.72,64.58,,,,,0.0,0.0
336119,Nez Perce Camp,MT,45.73,-114.48,1722.1,20170730,48.56,85.82,65.3,,,,,0.0,0.0
336120,Nez Perce Camp,MT,45.73,-114.48,1722.1,20170731,45.86,86.9,64.4,,,,,0.0,0.0
336121,Nez Perce Camp,MT,45.73,-114.48,1722.1,20170801,44.06,84.92,62.78,,,,,0.0,0.0
336122,Nez Perce Camp,MT,45.73,-114.48,1722.1,20170802,43.34,83.3,61.88,,,,,0.0,0.0
336123,Nez Perce Camp,MT,45.73,-114.48,1722.1,20170803,45.68,85.64,63.14,,,,,0.0,0.0
336124,Nez Perce Camp,MT,45.73,-114.48,1722.1,20170804,47.12,85.28,65.12,,,,,0.0,0.0
336125,Nez Perce Camp,MT,45.73,-114.48,1722.1,20170805,46.04,77.36,60.08,,,,,0.0,0.0
336126,Nez Perce Camp,MT,45.73,-114.48,1722.1,20170806,43.52,77.54,59.18,,,,,0.0,0.0
336127,Nez Perce Camp,MT,45.73,-114.48,1722.1,20170807,43.34,79.52,60.62,,,,,0.0,0.0
336128,Nez Perce Camp,MT,45.73,-114.48,1722.1,20170808,45.32,80.06,61.34,,,,,0.0,0.0
336129,Nez Perce Camp,MT,45.73,-114.48,1722.1,20170809,45.86,78.62,61.16,,,,,0.0,0.0
336130,Nez Perce Camp,MT,45.73,-114.48,1722.1,20170810,44.96,81.5,61.7,,,,,0.0,0.0
336131,Nez Perce Camp,MT,45.73,-114.48,1722.1,20170811,45.14,82.58,62.24,,,,,0.0,0.0
336132,Nez Perce Camp,MT,45.73,-114.48,1722.1,20170812,45.32,80.42,62.24,,,,,0.0,0.0
336133,Nez Perce Camp,MT,45.73,-114.48,1722.1,20170813,46.76,64.94,55.4,,,,,0.0,0.09842525
336134,Nez Perce Camp,MT,45.73,-114.48,1722.1,20170814,43.88,70.52,56.66,,,,,0.0,0.0
336135,Nez Perce Camp,MT,45.73,-114.48,1722.1,20170815,37.76,74.84,55.58,,,,,0.0,0.0
336136,Nez Perce Camp,MT,45.73,-114.48,1722.1,20170816,40.82,75.92,57.74,,,,,0.0,0.0
336137,Nez Perce Camp,MT,45.73,-114.48,1722.1,20170817,44.6,76.82,58.46,,,,,0.0,0.09842525
336138,Nez Perce Camp,MT,45.73,-114.48,1722.1,20170818,42.08,81.32,60.44,,,,,0.0,0.0
336139,Nez Perce Camp,MT,45.73,-114.48,1722.1,20170819,45.68,76.28,59.36,,,,,0.0,0.0
336140,Nez Perce Camp,MT,45.73,-114.48,1722.1,20170820,39.92,73.76,56.48,,,,,0.0,0.0
336141,Nez Perce Camp,MT,45.73,-114.48,1722.1,20170821,39.74,78.98,55.76,,,,,0.0,0.0
336142,Nez Perce Camp,MT,45.73,-114.48,1722.1,20170822,41.36,83.3,60.08,,,,,0.0,0.0
336143,Nez Perce Camp,MT,45.73,-114.48,1722.1,20170823,44.96,83.48,63.5,,,,,0.0,0.0
336144,Nez Perce Camp,MT,45.73,-114.48,1722.1,20170824,48.02,75.2,58.82,,,,,0.0,0.0
336145,Nez Perce Camp,MT,45.73,-114.48,1722.1,20170825,45.14,76.1,59.36,,,,,0.0,0.0
336146,Nez Perce Camp,MT,45.73,-114.48,1722.1,20170826,42.26,80.24,59.54,,,,,0.0,0.0
336147,Nez Perce Camp,MT,45.73,-114.48,1722.1,20170827,42.8,85.28,61.52,,,,,0.0,0.0
336148,Nez Perce Camp,MT,45.73,-114.48,1722.1,20170828,44.06,85.82,63.5,,,,,0.0,0.0
336149,Nez Perce Camp,MT,45.73,-114.48,1722.1,20170829,50.0,86.72,66.38,,,,,0.0,0.0
336150,Nez Perce Camp,MT,45.73,-114.48,1722.1,20170830,48.56,83.66,62.78,,,,,0.0,0.0
336151,Nez Perce Camp,MT,45.73,-114.48,1722.1,20170831,45.32,75.92,59.18,,,,,0.0,0.0
336152,Nez Perce Camp,MT,45.73,-114.48,1722.1,20170901,42.62,80.42,59.0,,,,,0.0,0.0
336153,Nez Perce Camp,MT,45.73,-114.48,1722.1,20170902,44.24,87.26,63.5,,,,,0.0,0.0
336154,Nez Perce Camp,MT,45.73,-114.48,1722.1,20170903,48.02,89.24,66.38,,,,,0.0,0.0
336155,Nez Perce Camp,MT,45.73,-114.48,1722.1,20170904,44.6,75.2,58.28,,,,,0.0,0.0
336156,Nez Perce Camp,MT,45.73,-114.48,1722.1,20170905,39.74,83.48,57.2,,,,,0.0,0.0
336157,Nez Perce Camp,MT,45.73,-114.48,1722.1,20170906,44.78,85.64,60.44,,,,,0.0,0.0
336158,Nez Perce Camp,MT,45.73,-114.48,1722.1,20170907,45.14,85.64,61.16,,,,,0.0,0.0
336159,Nez Perce Camp,MT,45.73,-114.48,1722.1,20170908,46.58,80.42,60.26,,,,,0.0,0.0
336160,Nez Perce Camp,MT,45.73,-114.48,1722.1,20170909,44.24,78.8,59.18,,,,,0.0,0.0
336161,Nez Perce Camp,MT,45.73,-114.48,1722.1,20170910,46.94,75.2,59.36,,,,,0.0,0.0
336162,Nez Perce Camp,MT,45.73,-114.48,1722.1,20170911,42.08,82.22,58.64,,,,,0.0,0.0
336163,Nez Perce Camp,MT,45.73,-114.48,1722.1,20170912,43.52,80.78,60.98,,,,,0.0,0.0
336164,Nez Perce Camp,MT,45.73,-114.48,1722.1,20170913,52.88,73.4,60.98,,,,,0.0,0.0
336165,Nez Perce Camp,MT,45.73,-114.48,1722.1,20170914,38.84,55.76,48.02,,,,,0.0,0.09842525
336166,Nez Perce Camp,MT,45.73,-114.48,1722.1,20170915,35.06,39.38,37.4,,,,,0.0,0.20078751
336167,Nez Perce Camp,MT,45.73,-114.48,1722.1,20170916,32.36,46.94,38.12,,,,,0.0,0.0
336168,Nez Perce Camp,MT,45.73,-114.48,1722.1,20170917,32.0,60.98,44.96,,,,,0.0,0.09842525
336169,Nez Perce Camp,MT,45.73,-114.48,1722.1,20170918,34.7,52.52,42.08,,,,,2.0078751,0.20078751
336170,Nez Perce Camp,MT,45.73,-114.48,1722.1,20170919,32.9,42.26,36.14,,,,,4.0157502,0.70078778
336171,Nez Perce Camp,MT,45.73,-114.48,1722.1,20170920,33.08,39.02,35.42,,,,,4.0157502,0.50000027
336172,Nez Perce Camp,MT,45.73,-114.48,1722.1,20170921,30.2,45.32,35.96,,,,,2.9921276000000003,0.0
340922,Hawkins Lake,MT,48.97,-115.95,1966.0,20170101,-3.82,15.44,5.36,,,,,50.000027,0.20078751
340923,Hawkins Lake,MT,48.97,-115.95,1966.0,20170102,-11.2,3.92,-4.18,,,,,47.0078994,0.0
340924,Hawkins Lake,MT,48.97,-115.95,1966.0,20170103,-11.92,1.58,-5.98,,,,,45.00002429999999,0.0
340925,Hawkins Lake,MT,48.97,-115.95,1966.0,20170104,-8.5,22.82,3.92,,,,,44.015771799999996,0.0
340926,Hawkins Lake,MT,48.97,-115.95,1966.0,20170105,6.8,15.98,11.3,,,,,44.015771799999996,0.0
340927,Hawkins Lake,MT,48.97,-115.95,1966.0,20170106,2.3,14.9,7.16,,,,,42.9921492,0.0
340928,Hawkins Lake,MT,48.97,-115.95,1966.0,20170107,4.1,22.82,14.0,,,,,42.9921492,0.09842525
340929,Hawkins Lake,MT,48.97,-115.95,1966.0,20170108,8.06,26.78,16.7,,,,,45.984276799999996,0.40157502
340930,Hawkins Lake,MT,48.97,-115.95,1966.0,20170109,16.34,26.42,21.02,,,,,45.984276799999996,0.09842525
340931,Hawkins Lake,MT,48.97,-115.95,1966.0,20170110,-5.98,21.92,9.86,,,,,45.00002429999999,0.0
340932,Hawkins Lake,MT,48.97,-115.95,1966.0,20170111,-6.52,21.2,3.56,,,,,44.015771799999996,0.0
340933,Hawkins Lake,MT,48.97,-115.95,1966.0,20170112,-0.94,20.3,10.76,,,,,44.015771799999996,0.0
340934,Hawkins Lake,MT,48.97,-115.95,1966.0,20170113,4.46,23.72,11.48,,,,,44.015771799999996,0.09842525
340935,Hawkins Lake,MT,48.97,-115.95,1966.0,20170114,4.1,27.86,16.7,,,,,42.9921492,0.0
340936,Hawkins Lake,MT,48.97,-115.95,1966.0,20170115,21.02,32.9,25.16,,,,,42.9921492,0.0
340937,Hawkins Lake,MT,48.97,-115.95,1966.0,20170116,18.32,36.14,27.14,,,,,42.0078967,0.0
340938,Hawkins Lake,MT,48.97,-115.95,1966.0,20170117,25.7,33.44,29.66,,,,,42.0078967,0.0
340939,Hawkins Lake,MT,48.97,-115.95,1966.0,20170118,29.12,33.8,31.82,,,,,42.9921492,0.59842552
340940,Hawkins Lake,MT,48.97,-115.95,1966.0,20170119,25.34,32.36,28.22,,,,,42.9921492,0.09842525
340941,Hawkins Lake,MT,48.97,-115.95,1966.0,20170120,19.76,29.12,24.44,,,,,42.9921492,0.0
340942,Hawkins Lake,MT,48.97,-115.95,1966.0,20170121,19.94,30.38,24.44,,,,,44.015771799999996,0.20078751
340943,Hawkins Lake,MT,48.97,-115.95,1966.0,20170122,22.28,25.88,24.26,,,,,42.9921492,0.0
340944,Hawkins Lake,MT,48.97,-115.95,1966.0,20170123,13.82,29.48,20.3,,,,,45.00002429999999,0.09842525
340945,Hawkins Lake,MT,48.97,-115.95,1966.0,20170124,13.28,36.5,20.66,,,,,45.00002429999999,0.0
340946,Hawkins Lake,MT,48.97,-115.95,1966.0,20170125,17.06,23.18,19.22,,,,,45.00002429999999,0.0
340947,Hawkins Lake,MT,48.97,-115.95,1966.0,20170126,15.44,22.1,18.14,,,,,45.00002429999999,0.0
340948,Hawkins Lake,MT,48.97,-115.95,1966.0,20170127,18.14,25.34,20.84,,,,,45.00002429999999,0.09842525
340949,Hawkins Lake,MT,48.97,-115.95,1966.0,20170128,22.64,39.74,28.04,,,,,44.015771799999996,0.0
340950,Hawkins Lake,MT,48.97,-115.95,1966.0,20170129,23.36,39.74,29.12,,,,,44.015771799999996,0.0
340951,Hawkins Lake,MT,48.97,-115.95,1966.0,20170130,16.7,28.76,21.74,,,,,44.015771799999996,0.0
340952,Hawkins Lake,MT,48.97,-115.95,1966.0,20170131,1.76,23.18,11.48,,,,,42.9921492,0.0
340953,Hawkins Lake,MT,48.97,-115.95,1966.0,20170201,-1.48,17.42,5.54,,,,,44.015771799999996,0.0
340954,Hawkins Lake,MT,48.97,-115.95,1966.0,20170202,-2.56,18.32,4.64,,,,,42.9921492,0.0
340955,Hawkins Lake,MT,48.97,-115.95,1966.0,20170203,1.04,24.98,15.98,,,,,45.984276799999996,0.29921276
340956,Hawkins Lake,MT,48.97,-115.95,1966.0,20170204,11.84,28.58,23.36,,,,,49.0157745,0.50000027
340957,Hawkins Lake,MT,48.97,-115.95,1966.0,20170205,15.62,28.58,24.98,,,,,65.0000351,1.40157556
340958,Hawkins Lake,MT,48.97,-115.95,1966.0,20170206,6.08,23.18,16.52,,,,,74.015788,1.2992133
340959,Hawkins Lake,MT,48.97,-115.95,1966.0,20170207,9.5,24.44,14.9,,,,,72.9921654,0.29921276
340960,Hawkins Lake,MT,48.97,-115.95,1966.0,20170208,11.12,28.04,17.6,,,,,72.9921654,0.29921276
340961,Hawkins Lake,MT,48.97,-115.95,1966.0,20170209,25.88,34.88,32.9,,,,,80.9842957,2.00000108
340962,Hawkins Lake,MT,48.97,-115.95,1966.0,20170210,22.46,31.1,25.88,,,,,79.0157907,0.20078751
340963,Hawkins Lake,MT,48.97,-115.95,1966.0,20170211,17.96,25.88,20.84,,,,,77.9921681,0.0
340964,Hawkins Lake,MT,48.97,-115.95,1966.0,20170212,17.6,39.02,25.52,,,,,75.98429300000001,0.29921276
340965,Hawkins Lake,MT,48.97,-115.95,1966.0,20170213,25.34,46.58,33.62,,,,,74.015788,0.09842525
340966,Hawkins Lake,MT,48.97,-115.95,1966.0,20170214,28.76,52.34,39.2,,,,,74.015788,0.09842525
340967,Hawkins Lake,MT,48.97,-115.95,1966.0,20170215,32.36,41.0,35.96,,,,,74.015788,0.29921276
340968,Hawkins Lake,MT,48.97,-115.95,1966.0,20170216,29.84,35.6,33.62,,,,,77.9921681,1.00000054
340969,Hawkins Lake,MT,48.97,-115.95,1966.0,20170217,22.82,41.36,29.84,,,,,77.00791559999999,0.29921276
340970,Hawkins Lake,MT,48.97,-115.95,1966.0,20170218,24.08,31.46,28.22,,,,,79.0157907,0.59842552
340971,Hawkins Lake,MT,48.97,-115.95,1966.0,20170219,23.72,32.72,26.96,,,,,80.00004320000001,0.09842525
340972,Hawkins Lake,MT,48.97,-115.95,1966.0,20170220,23.54,31.82,27.86,,,,,84.0157934,0.50000027
340973,Hawkins Lake,MT,48.97,-115.95,1966.0,20170221,23.9,31.28,26.42,,,,,82.9921708,0.0
340974,Hawkins Lake,MT,48.97,-115.95,1966.0,20170222,12.38,31.64,21.56,,,,,80.9842957,0.0
340975,Hawkins Lake,MT,48.97,-115.95,1966.0,20170223,9.14,36.14,17.42,,,,,80.00004320000001,0.0
340976,Hawkins Lake,MT,48.97,-115.95,1966.0,20170224,12.2,31.1,16.7,,,,,79.0157907,0.0
340977,Hawkins Lake,MT,48.97,-115.95,1966.0,20170225,12.02,24.08,15.08,,,,,80.00004320000001,0.0
340978,Hawkins Lake,MT,48.97,-115.95,1966.0,20170226,7.88,19.4,14.9,,,,,82.0079183,0.20078751
340979,Hawkins Lake,MT,48.97,-115.95,1966.0,20170227,11.84,22.46,15.26,,,,,84.0157934,0.20078751
340980,Hawkins Lake,MT,48.97,-115.95,1966.0,20170228,11.48,22.82,14.9,,,,,84.0157934,0.09842525
340981,Hawkins Lake,MT,48.97,-115.95,1966.0,20170301,15.44,25.52,21.56,,,,,87.007921,0.29921276
340982,Hawkins Lake,MT,48.97,-115.95,1966.0,20170302,22.28,27.86,24.62,,,,,85.9842984,0.29921276
340983,Hawkins Lake,MT,48.97,-115.95,1966.0,20170303,24.44,29.84,27.32,,,,,87.007921,0.29921276
340984,Hawkins Lake,MT,48.97,-115.95,1966.0,20170304,15.8,29.84,24.8,,,,,85.9842984,0.20078751
340985,Hawkins Lake,MT,48.97,-115.95,1966.0,20170305,14.0,28.94,19.22,,,,,89.01579609999999,0.20078751
340986,Hawkins Lake,MT,48.97,-115.95,1966.0,20170306,15.44,22.1,17.6,,,,,90.9843011,0.09842525
340987,Hawkins Lake,MT,48.97,-115.95,1966.0,20170307,14.36,28.58,19.4,,,,,92.0079237,0.40157502
340988,Hawkins Lake,MT,48.97,-115.95,1966.0,20170308,17.24,26.24,20.84,,,,,90.9843011,0.09842525
340989,Hawkins Lake,MT,48.97,-115.95,1966.0,20170309,17.78,32.18,23.18,,,,,92.9921762,0.40157502
340990,Hawkins Lake,MT,48.97,-115.95,1966.0,20170310,30.74,33.44,32.18,,,,,92.0079237,0.50000027
340991,Hawkins Lake,MT,48.97,-115.95,1966.0,20170311,29.12,41.54,32.72,,,,,90.9843011,0.20078751
340992,Hawkins Lake,MT,48.97,-115.95,1966.0,20170312,28.58,36.32,30.74,,,,,90.9843011,0.20078751
340993,Hawkins Lake,MT,48.97,-115.95,1966.0,20170313,28.58,35.42,32.0,,,,,90.9843011,0.40157502
340994,Hawkins Lake,MT,48.97,-115.95,1966.0,20170314,32.9,39.38,36.86,,,,,87.99217349999999,0.40157502
340995,Hawkins Lake,MT,48.97,-115.95,1966.0,20170315,34.52,38.3,36.32,,,,,85.9842984,0.70078778
340996,Hawkins Lake,MT,48.97,-115.95,1966.0,20170316,22.82,34.7,27.5,,,,,90.00004859999999,0.29921276
340997,Hawkins Lake,MT,48.97,-115.95,1966.0,20170317,15.98,35.42,28.58,,,,,90.00004859999999,0.50000027
340998,Hawkins Lake,MT,48.97,-115.95,1966.0,20170318,25.52,39.02,35.24,,,,,87.007921,2.90157637
340999,Hawkins Lake,MT,48.97,-115.95,1966.0,20170319,16.52,37.4,25.34,,,,,85.9842984,0.0
341000,Hawkins Lake,MT,48.97,-115.95,1966.0,20170320,14.36,39.2,26.96,,,,,85.0000459,0.0
341001,Hawkins Lake,MT,48.97,-115.95,1966.0,20170321,26.24,37.76,32.54,,,,,85.0000459,0.0
341002,Hawkins Lake,MT,48.97,-115.95,1966.0,20170322,30.02,43.16,33.44,,,,,85.0000459,0.29921276
341003,Hawkins Lake,MT,48.97,-115.95,1966.0,20170323,20.48,36.5,28.04,,,,,87.99217349999999,0.50000027
341004,Hawkins Lake,MT,48.97,-115.95,1966.0,20170324,22.82,36.32,30.02,,,,,89.01579609999999,0.0
341005,Hawkins Lake,MT,48.97,-115.95,1966.0,20170325,24.62,35.24,28.4,,,,,90.9843011,0.59842552
341006,Hawkins Lake,MT,48.97,-115.95,1966.0,20170326,23.36,42.98,30.38,,,,,90.9843011,0.0
341007,Hawkins Lake,MT,48.97,-115.95,1966.0,20170327,27.68,42.26,31.64,,,,,90.00004859999999,0.20078751
341008,Hawkins Lake,MT,48.97,-115.95,1966.0,20170328,27.32,31.64,29.12,,,,,90.9843011,0.0
341009,Hawkins Lake,MT,48.97,-115.95,1966.0,20170329,28.76,39.38,32.9,,,,,90.9843011,0.40157502
341010,Hawkins Lake,MT,48.97,-115.95,1966.0,20170330,28.22,44.24,32.9,,,,,90.00004859999999,0.0
341011,Hawkins Lake,MT,48.97,-115.95,1966.0,20170331,26.96,48.74,36.68,,,,,90.00004859999999,0.0
341012,Hawkins Lake,MT,48.97,-115.95,1966.0,20170401,31.28,35.96,33.26,,,,,89.01579609999999,0.0
341013,Hawkins Lake,MT,48.97,-115.95,1966.0,20170402,21.02,41.54,29.48,,,,,90.00004859999999,0.29921276
341014,Hawkins Lake,MT,48.97,-115.95,1966.0,20170403,17.06,45.32,28.04,,,,,89.01579609999999,0.0
341015,Hawkins Lake,MT,48.97,-115.95,1966.0,20170404,19.04,42.98,32.0,,,,,87.99217349999999,0.0
341016,Hawkins Lake,MT,48.97,-115.95,1966.0,20170405,28.76,45.86,36.86,,,,,87.007921,0.0
341017,Hawkins Lake,MT,48.97,-115.95,1966.0,20170406,32.72,40.1,37.04,,,,,85.9842984,0.29921276
341018,Hawkins Lake,MT,48.97,-115.95,1966.0,20170407,29.48,37.22,33.8,,,,,90.00004859999999,0.79921303
341019,Hawkins Lake,MT,48.97,-115.95,1966.0,20170408,24.98,44.6,31.46,,,,,87.99217349999999,0.0
341020,Hawkins Lake,MT,48.97,-115.95,1966.0,20170409,21.38,33.98,26.42,,,,,90.00004859999999,0.29921276
341021,Hawkins Lake,MT,48.97,-115.95,1966.0,20170410,20.48,41.36,26.96,,,,,89.01579609999999,0.0
341022,Hawkins Lake,MT,48.97,-115.95,1966.0,20170411,22.64,45.86,32.0,,,,,87.007921,0.0
341023,Hawkins Lake,MT,48.97,-115.95,1966.0,20170412,27.5,36.5,32.0,,,,,90.9843011,0.29921276
341024,Hawkins Lake,MT,48.97,-115.95,1966.0,20170413,28.76,40.1,33.26,,,,,94.0157988,0.59842552
341025,Hawkins Lake,MT,48.97,-115.95,1966.0,20170414,25.34,37.4,29.66,,,,,95.0000513,0.29921276
341026,Hawkins Lake,MT,48.97,-115.95,1966.0,20170415,23.9,37.58,28.22,,,,,94.0157988,0.09842525
341027,Hawkins Lake,MT,48.97,-115.95,1966.0,20170416,19.4,47.48,34.7,,,,,92.0079237,0.09842525
341028,Hawkins Lake,MT,48.97,-115.95,1966.0,20170417,31.82,43.88,35.24,,,,,92.0079237,0.0
341029,Hawkins Lake,MT,48.97,-115.95,1966.0,20170418,30.2,40.28,34.7,,,,,92.0079237,0.20078751
341030,Hawkins Lake,MT,48.97,-115.95,1966.0,20170419,29.48,46.76,37.04,,,,,90.9843011,0.09842525
341031,Hawkins Lake,MT,48.97,-115.95,1966.0,20170420,30.92,40.46,34.7,,,,,90.9843011,0.09842525
341032,Hawkins Lake,MT,48.97,-115.95,1966.0,20170421,30.02,45.86,36.32,,,,,90.9843011,0.0
341033,Hawkins Lake,MT,48.97,-115.95,1966.0,20170422,30.74,52.16,39.38,,,,,89.01579609999999,0.0
341034,Hawkins Lake,MT,48.97,-115.95,1966.0,20170423,31.28,44.96,36.14,,,,,87.99217349999999,0.20078751
341035,Hawkins Lake,MT,48.97,-115.95,1966.0,20170424,30.56,47.3,34.88,,,,,87.99217349999999,0.20078751
341036,Hawkins Lake,MT,48.97,-115.95,1966.0,20170425,30.92,46.04,34.16,,,,,90.00004859999999,0.29921276
341037,Hawkins Lake,MT,48.97,-115.95,1966.0,20170426,29.66,44.42,33.62,,,,,89.01579609999999,0.20078751
341038,Hawkins Lake,MT,48.97,-115.95,1966.0,20170427,29.12,40.82,32.0,,,,,90.00004859999999,0.50000027
341039,Hawkins Lake,MT,48.97,-115.95,1966.0,20170428,28.58,50.0,34.7,,,,,89.01579609999999,0.09842525
341040,Hawkins Lake,MT,48.97,-115.95,1966.0,20170429,29.48,45.14,35.06,,,,,89.01579609999999,0.09842525
341041,Hawkins Lake,MT,48.97,-115.95,1966.0,20170430,29.48,41.9,33.08,,,,,89.01579609999999,0.29921276
341042,Hawkins Lake,MT,48.97,-115.95,1966.0,20170501,27.14,48.2,34.34,,,,,89.01579609999999,0.0
341043,Hawkins Lake,MT,48.97,-115.95,1966.0,20170502,28.4,46.58,35.42,,,,,87.99217349999999,0.0
341044,Hawkins Lake,MT,48.97,-115.95,1966.0,20170503,34.7,49.82,41.18,,,,,85.9842984,0.0
341045,Hawkins Lake,MT,48.97,-115.95,1966.0,20170504,37.94,65.84,53.42,,,,,82.9921708,0.0
341046,Hawkins Lake,MT,48.97,-115.95,1966.0,20170505,40.1,65.66,52.7,,,,,79.0157907,0.59842552
341047,Hawkins Lake,MT,48.97,-115.95,1966.0,20170506,33.26,46.04,38.48,,,,,77.9921681,0.09842525
341048,Hawkins Lake,MT,48.97,-115.95,1966.0,20170507,30.92,45.5,35.96,,,,,77.00791559999999,0.0
341049,Hawkins Lake,MT,48.97,-115.95,1966.0,20170508,30.2,50.54,41.54,,,,,74.015788,0.0
341050,Hawkins Lake,MT,48.97,-115.95,1966.0,20170509,34.7,57.56,44.6,,,,,70.0000378,0.0
341051,Hawkins Lake,MT,48.97,-115.95,1966.0,20170510,35.78,62.78,49.64,,,,,67.9921627,0.0
341052,Hawkins Lake,MT,48.97,-115.95,1966.0,20170511,41.0,64.22,51.62,,,,,67.00791020000001,0.0
341053,Hawkins Lake,MT,48.97,-115.95,1966.0,20170512,28.94,44.78,35.42,,,,,62.007907499999995,0.40157502
341054,Hawkins Lake,MT,48.97,-115.95,1966.0,20170513,27.68,42.98,32.54,,,,,59.0157799,0.09842525
341055,Hawkins Lake,MT,48.97,-115.95,1966.0,20170514,27.32,43.52,32.36,,,,,62.99216,0.20078751
341056,Hawkins Lake,MT,48.97,-115.95,1966.0,20170515,26.96,48.38,35.24,,,,,62.99216,0.0
341057,Hawkins Lake,MT,48.97,-115.95,1966.0,20170516,31.1,40.46,34.16,,,,,65.9842876,0.59842552
341058,Hawkins Lake,MT,48.97,-115.95,1966.0,20170517,32.9,42.26,35.6,,,,,65.9842876,0.0
341059,Hawkins Lake,MT,48.97,-115.95,1966.0,20170518,32.54,51.98,41.36,,,,,65.9842876,0.0
341060,Hawkins Lake,MT,48.97,-115.95,1966.0,20170519,36.14,56.3,45.86,,,,,50.9842795,0.0
341061,Hawkins Lake,MT,48.97,-115.95,1966.0,20170520,38.3,57.2,45.32,,,,,62.007907499999995,0.0
341062,Hawkins Lake,MT,48.97,-115.95,1966.0,20170521,39.74,62.6,51.44,,,,,60.0000324,0.0
341063,Hawkins Lake,MT,48.97,-115.95,1966.0,20170522,42.08,66.74,55.4,,,,,55.9842822,0.0
341064,Hawkins Lake,MT,48.97,-115.95,1966.0,20170523,49.64,65.3,56.66,,,,,50.9842795,0.0
341065,Hawkins Lake,MT,48.97,-115.95,1966.0,20170524,33.26,50.0,37.22,,,,,50.000027,0.09842525
341066,Hawkins Lake,MT,48.97,-115.95,1966.0,20170525,34.7,54.32,42.8,,,,,49.0157745,0.29921276
341067,Hawkins Lake,MT,48.97,-115.95,1966.0,20170526,33.62,56.84,46.4,,,,,45.00002429999999,0.09842525
341068,Hawkins Lake,MT,48.97,-115.95,1966.0,20170527,39.38,64.58,53.96,,,,,40.000021600000004,0.0
341069,Hawkins Lake,MT,48.97,-115.95,1966.0,20170528,45.68,70.34,56.66,,,,,39.0157691,0.0
341070,Hawkins Lake,MT,48.97,-115.95,1966.0,20170529,44.96,70.7,56.3,,,,,35.9842714,0.0
341071,Hawkins Lake,MT,48.97,-115.95,1966.0,20170530,46.94,72.14,59.72,,,,,30.0000162,0.0
341072,Hawkins Lake,MT,48.97,-115.95,1966.0,20170531,44.78,66.56,56.12,,,,,27.0078886,0.09842525
341073,Hawkins Lake,MT,48.97,-115.95,1966.0,20170601,40.64,53.24,44.96,,,,,24.015760999999998,0.20078751
341074,Hawkins Lake,MT,48.97,-115.95,1966.0,20170602,40.46,52.52,44.96,,,,,20.000010800000002,0.0
341075,Hawkins Lake,MT,48.97,-115.95,1966.0,20170603,39.92,62.06,52.7,,,,,15.9842606,0.09842525
341076,Hawkins Lake,MT,48.97,-115.95,1966.0,20170604,40.82,54.14,48.02,,,,,12.992133,0.0
341077,Hawkins Lake,MT,48.97,-115.95,1966.0,20170605,39.56,58.46,47.12,,,,,7.007877799999999,0.0
341078,Hawkins Lake,MT,48.97,-115.95,1966.0,20170606,41.54,65.12,52.16,,,,,4.0157502,0.0
341079,Hawkins Lake,MT,48.97,-115.95,1966.0,20170607,46.04,70.88,59.9,,,,,0.0,0.0
341080,Hawkins Lake,MT,48.97,-115.95,1966.0,20170608,40.64,67.82,53.6,,,,,0.0,0.40157502
341081,Hawkins Lake,MT,48.97,-115.95,1966.0,20170609,36.68,46.04,40.28,,,,,0.0,0.29921276
341082,Hawkins Lake,MT,48.97,-115.95,1966.0,20170610,34.88,45.14,38.48,,,,,0.0,0.09842525
341083,Hawkins Lake,MT,48.97,-115.95,1966.0,20170611,35.06,50.54,41.54,,,,,0.0,0.0
341084,Hawkins Lake,MT,48.97,-115.95,1966.0,20170612,37.4,65.66,52.88,,,,,0.0,0.0
341085,Hawkins Lake,MT,48.97,-115.95,1966.0,20170613,41.54,59.9,49.46,,,,,0.0,0.0
341086,Hawkins Lake,MT,48.97,-115.95,1966.0,20170614,36.32,48.38,42.08,,,,,0.0,0.0
341087,Hawkins Lake,MT,48.97,-115.95,1966.0,20170615,38.3,44.24,41.18,,,,,0.0,0.29921276
341088,Hawkins Lake,MT,48.97,-115.95,1966.0,20170616,36.32,46.58,42.44,,,,,0.0,0.90157529
341089,Hawkins Lake,MT,48.97,-115.95,1966.0,20170617,37.58,51.62,43.7,,,,,0.0,0.0
341090,Hawkins Lake,MT,48.97,-115.95,1966.0,20170618,41.18,51.8,46.58,,,,,0.0,0.0
341091,Hawkins Lake,MT,48.97,-115.95,1966.0,20170619,45.5,62.6,53.96,,,,,0.0,0.0
341092,Hawkins Lake,MT,48.97,-115.95,1966.0,20170620,47.66,62.78,55.04,,,,,0.0,0.20078751
341093,Hawkins Lake,MT,48.97,-115.95,1966.0,20170621,41.0,56.48,48.56,,,,,0.0,0.0
341094,Hawkins Lake,MT,48.97,-115.95,1966.0,20170622,37.4,58.28,47.66,,,,,0.0,0.0
341095,Hawkins Lake,MT,48.97,-115.95,1966.0,20170623,38.3,62.78,50.9,,,,,0.0,0.0
341096,Hawkins Lake,MT,48.97,-115.95,1966.0,20170624,44.6,68.18,56.66,,,,,0.0,0.0
341097,Hawkins Lake,MT,48.97,-115.95,1966.0,20170625,48.92,74.3,62.96,,,,,0.0,0.0
341098,Hawkins Lake,MT,48.97,-115.95,1966.0,20170626,51.62,75.56,63.68,,,,,0.0,0.20078751
341099,Hawkins Lake,MT,48.97,-115.95,1966.0,20170627,48.92,61.52,54.68,,,,,0.0,0.0
341100,Hawkins Lake,MT,48.97,-115.95,1966.0,20170628,44.96,61.52,52.34,,,,,0.0,0.0
341101,Hawkins Lake,MT,48.97,-115.95,1966.0,20170629,40.64,64.4,52.7,,,,,0.0,0.0
341102,Hawkins Lake,MT,48.97,-115.95,1966.0,20170630,51.62,70.34,60.44,,,,,0.0,0.0
341103,Hawkins Lake,MT,48.97,-115.95,1966.0,20170701,53.42,69.8,61.34,,,,,0.0,0.0
341104,Hawkins Lake,MT,48.97,-115.95,1966.0,20170702,56.48,71.42,63.68,,,,,0.0,0.0
341105,Hawkins Lake,MT,48.97,-115.95,1966.0,20170703,54.68,66.02,59.72,,,,,0.0,0.0
341106,Hawkins Lake,MT,48.97,-115.95,1966.0,20170704,49.64,69.08,60.62,,,,,0.0,0.0
341107,Hawkins Lake,MT,48.97,-115.95,1966.0,20170705,54.5,74.48,65.48,,,,,0.0,0.0
341108,Hawkins Lake,MT,48.97,-115.95,1966.0,20170706,54.32,78.26,68.54,,,,,0.0,0.0
341109,Hawkins Lake,MT,48.97,-115.95,1966.0,20170707,61.88,80.96,71.42,,,,,0.0,0.0
341110,Hawkins Lake,MT,48.97,-115.95,1966.0,20170708,60.44,76.1,67.64,,,,,0.0,0.0
341111,Hawkins Lake,MT,48.97,-115.95,1966.0,20170709,59.72,75.2,66.74,,,,,0.0,0.0
341112,Hawkins Lake,MT,48.97,-115.95,1966.0,20170710,50.9,68.9,59.36,,,,,0.0,0.0
341113,Hawkins Lake,MT,48.97,-115.95,1966.0,20170711,51.08,66.92,55.76,,,,,0.0,0.0
341114,Hawkins Lake,MT,48.97,-115.95,1966.0,20170712,48.2,69.08,59.54,,,,,0.0,0.0
341115,Hawkins Lake,MT,48.97,-115.95,1966.0,20170713,55.04,71.06,62.96,,,,,0.0,0.0
341116,Hawkins Lake,MT,48.97,-115.95,1966.0,20170714,53.96,74.66,65.12,,,,,0.0,0.0
341117,Hawkins Lake,MT,48.97,-115.95,1966.0,20170715,56.66,72.5,63.5,,,,,0.0,0.0
341118,Hawkins Lake,MT,48.97,-115.95,1966.0,20170716,48.2,58.82,53.78,,,,,0.0,0.0
341119,Hawkins Lake,MT,48.97,-115.95,1966.0,20170717,41.36,61.88,52.7,,,,,0.0,0.0
341120,Hawkins Lake,MT,48.97,-115.95,1966.0,20170718,44.42,67.64,57.02,,,,,0.0,0.0
341121,Hawkins Lake,MT,48.97,-115.95,1966.0,20170719,52.34,71.96,62.06,,,,,0.0,0.0
341122,Hawkins Lake,MT,48.97,-115.95,1966.0,20170720,48.2,64.04,55.94,,,,,0.0,0.0
341123,Hawkins Lake,MT,48.97,-115.95,1966.0,20170721,46.22,62.06,53.24,,,,,0.0,0.0
341124,Hawkins Lake,MT,48.97,-115.95,1966.0,20170722,49.64,69.44,59.9,,,,,0.0,0.0
341125,Hawkins Lake,MT,48.97,-115.95,1966.0,20170723,57.74,73.22,64.04,,,,,0.0,0.0
341126,Hawkins Lake,MT,48.97,-115.95,1966.0,20170724,48.38,66.74,57.92,,,,,0.0,0.0
341127,Hawkins Lake,MT,48.97,-115.95,1966.0,20170725,43.88,71.78,60.26,,,,,0.0,0.0
341128,Hawkins Lake,MT,48.97,-115.95,1966.0,20170726,52.16,74.48,64.94,,,,,0.0,0.0
341129,Hawkins Lake,MT,48.97,-115.95,1966.0,20170727,59.18,72.32,64.76,,,,,0.0,0.0
341130,Hawkins Lake,MT,48.97,-115.95,1966.0,20170728,56.84,73.58,63.86,,,,,0.0,0.0
341131,Hawkins Lake,MT,48.97,-115.95,1966.0,20170729,57.2,75.56,66.2,,,,,0.0,0.0
341132,Hawkins Lake,MT,48.97,-115.95,1966.0,20170730,59.72,74.66,66.38,,,,,0.0,0.0
341133,Hawkins Lake,MT,48.97,-115.95,1966.0,20170731,57.02,75.38,66.2,,,,,0.0,0.0
341134,Hawkins Lake,MT,48.97,-115.95,1966.0,20170801,52.88,76.1,65.12,,,,,0.0,0.0
341135,Hawkins Lake,MT,48.97,-115.95,1966.0,20170802,48.02,70.7,57.74,,,,,0.0,0.0
341136,Hawkins Lake,MT,48.97,-115.95,1966.0,20170803,54.14,75.38,65.3,,,,,0.0,0.0
341137,Hawkins Lake,MT,48.97,-115.95,1966.0,20170804,49.28,72.14,61.88,,,,,0.0,0.0
341138,Hawkins Lake,MT,48.97,-115.95,1966.0,20170805,45.86,68.18,55.94,,,,,0.0,0.0
341139,Hawkins Lake,MT,48.97,-115.95,1966.0,20170806,52.52,71.78,60.44,,,,,0.0,0.0
341140,Hawkins Lake,MT,48.97,-115.95,1966.0,20170807,54.32,74.3,64.58,,,,,0.0,0.0
341141,Hawkins Lake,MT,48.97,-115.95,1966.0,20170808,55.58,73.76,61.88,,,,,0.0,0.0
341142,Hawkins Lake,MT,48.97,-115.95,1966.0,20170809,52.7,74.12,62.96,,,,,0.0,0.0
341143,Hawkins Lake,MT,48.97,-115.95,1966.0,20170810,57.74,75.38,64.76,,,,,0.0,0.0
341144,Hawkins Lake,MT,48.97,-115.95,1966.0,20170811,57.2,76.28,66.02,,,,,0.0,0.0
341145,Hawkins Lake,MT,48.97,-115.95,1966.0,20170812,57.02,80.6,65.84,,,,,0.0,0.0
341146,Hawkins Lake,MT,48.97,-115.95,1966.0,20170813,46.76,64.22,51.98,,,,,0.0,0.0
341147,Hawkins Lake,MT,48.97,-115.95,1966.0,20170814,43.52,57.02,49.46,,,,,0.0,0.0
341148,Hawkins Lake,MT,48.97,-115.95,1966.0,20170815,44.06,62.42,53.6,,,,,0.0,0.0
341149,Hawkins Lake,MT,48.97,-115.95,1966.0,20170816,50.9,66.56,58.46,,,,,0.0,0.0
341150,Hawkins Lake,MT,48.97,-115.95,1966.0,20170817,51.62,68.72,59.36,,,,,0.0,0.0
341151,Hawkins Lake,MT,48.97,-115.95,1966.0,20170818,53.78,68.0,60.08,,,,,0.0,0.0
341152,Hawkins Lake,MT,48.97,-115.95,1966.0,20170819,48.2,62.24,54.14,,,,,0.0,0.0
341153,Hawkins Lake,MT,48.97,-115.95,1966.0,20170820,46.58,62.96,53.6,,,,,0.0,0.0
341154,Hawkins Lake,MT,48.97,-115.95,1966.0,20170821,46.22,66.56,56.3,,,,,0.0,0.0
341155,Hawkins Lake,MT,48.97,-115.95,1966.0,20170822,50.54,75.74,63.5,,,,,0.0,0.0
341156,Hawkins Lake,MT,48.97,-115.95,1966.0,20170823,58.28,73.58,64.22,,,,,0.0,0.0
341157,Hawkins Lake,MT,48.97,-115.95,1966.0,20170824,49.1,65.3,56.84,,,,,0.0,0.0
341158,Hawkins Lake,MT,48.97,-115.95,1966.0,20170825,41.72,61.88,52.7,,,,,0.0,0.0
341159,Hawkins Lake,MT,48.97,-115.95,1966.0,20170826,45.5,68.36,57.92,,,,,0.0,0.0
341160,Hawkins Lake,MT,48.97,-115.95,1966.0,20170827,52.52,75.74,64.76,,,,,0.0,0.0
341161,Hawkins Lake,MT,48.97,-115.95,1966.0,20170828,57.02,78.62,67.46,,,,,0.0,0.0
341162,Hawkins Lake,MT,48.97,-115.95,1966.0,20170829,59.18,81.68,70.16,,,,,0.0,0.0
341163,Hawkins Lake,MT,48.97,-115.95,1966.0,20170830,59.72,80.6,68.9,,,,,0.0,0.0
341164,Hawkins Lake,MT,48.97,-115.95,1966.0,20170831,51.44,64.94,58.82,,,,,0.0,0.0
341165,Hawkins Lake,MT,48.97,-115.95,1966.0,20170901,50.72,68.72,60.26,,,,,0.0,0.0
341166,Hawkins Lake,MT,48.97,-115.95,1966.0,20170902,58.46,75.02,66.02,,,,,0.0,0.0
341167,Hawkins Lake,MT,48.97,-115.95,1966.0,20170903,57.74,75.56,66.38,,,,,0.0,0.0
341168,Hawkins Lake,MT,48.97,-115.95,1966.0,20170904,49.1,64.22,56.84,,,,,0.0,0.0
341169,Hawkins Lake,MT,48.97,-115.95,1966.0,20170905,52.7,68.0,59.36,,,,,0.0,0.0
341170,Hawkins Lake,MT,48.97,-115.95,1966.0,20170906,55.22,75.2,64.22,,,,,0.0,0.0
341171,Hawkins Lake,MT,48.97,-115.95,1966.0,20170907,59.18,77.18,67.64,,,,,0.0,0.0
341172,Hawkins Lake,MT,48.97,-115.95,1966.0,20170908,57.2,73.22,64.22,,,,,0.0,0.0
341173,Hawkins Lake,MT,48.97,-115.95,1966.0,20170909,50.36,62.96,55.4,,,,,0.0,0.0
341174,Hawkins Lake,MT,48.97,-115.95,1966.0,20170910,46.22,60.26,52.16,,,,,0.0,0.0
341175,Hawkins Lake,MT,48.97,-115.95,1966.0,20170911,48.92,68.54,58.64,,,,,0.0,0.0
341176,Hawkins Lake,MT,48.97,-115.95,1966.0,20170912,54.32,68.54,60.62,,,,,0.0,0.0
341177,Hawkins Lake,MT,48.97,-115.95,1966.0,20170913,37.04,59.9,50.9,,,,,0.0,0.0
341178,Hawkins Lake,MT,48.97,-115.95,1966.0,20170914,33.44,43.88,38.12,,,,,0.0,0.0
341179,Hawkins Lake,MT,48.97,-115.95,1966.0,20170915,30.74,41.36,35.6,,,,,0.0,0.0
341180,Hawkins Lake,MT,48.97,-115.95,1966.0,20170916,30.2,51.08,41.0,,,,,0.0,0.0
341181,Hawkins Lake,MT,48.97,-115.95,1966.0,20170917,37.04,54.32,44.24,,,,,0.0,0.0
341182,Hawkins Lake,MT,48.97,-115.95,1966.0,20170918,32.0,43.16,37.04,,,,,2.9921276000000003,1.09842579
341183,Hawkins Lake,MT,48.97,-115.95,1966.0,20170919,31.28,38.3,33.62,,,,,2.0078751,0.20078751
341184,Hawkins Lake,MT,48.97,-115.95,1966.0,20170920,31.28,42.26,33.44,,,,,2.0078751,0.29921276
341185,Hawkins Lake,MT,48.97,-115.95,1966.0,20170921,31.1,40.28,33.26,,,,,2.0078751,0.20078751
341186,Garver Creek,MT,48.98,-115.82,1295.4,20170101,0.86,22.1,14.72,,,,,19.0157583,0.0
341187,Garver Creek,MT,48.98,-115.82,1295.4,20170102,-10.84,8.96,-2.92,,,,,19.0157583,0.0
341188,Garver Creek,MT,48.98,-115.82,1295.4,20170103,-16.78,9.32,-5.8,,,,,17.9921357,0.0
341189,Garver Creek,MT,48.98,-115.82,1295.4,20170104,-22.36,-2.56,-14.44,,,,,19.0157583,0.0
341190,Garver Creek,MT,48.98,-115.82,1295.4,20170105,-16.42,9.86,-0.94,,,,,17.9921357,0.0
341191,Garver Creek,MT,48.98,-115.82,1295.4,20170106,-3.82,19.4,8.06,,,,,17.0078832,0.0
341192,Garver Creek,MT,48.98,-115.82,1295.4,20170107,-7.78,12.74,2.84,,,,,15.9842606,0.20078751
341193,Garver Creek,MT,48.98,-115.82,1295.4,20170108,5.0,19.94,14.54,,,,,20.9842633,0.40157502
341194,Garver Creek,MT,48.98,-115.82,1295.4,20170109,15.08,27.86,21.02,,,,,22.992138399999998,0.0
341195,Garver Creek,MT,48.98,-115.82,1295.4,20170110,-4.18,23.0,12.02,,,,,22.007885899999998,0.0
341196,Garver Creek,MT,48.98,-115.82,1295.4,20170111,-14.62,3.74,-7.06,,,,,20.9842633,0.0
341197,Garver Creek,MT,48.98,-115.82,1295.4,20170112,-15.52,8.06,-5.8,,,,,20.9842633,0.0
341198,Garver Creek,MT,48.98,-115.82,1295.4,20170113,-10.48,8.96,-2.2,,,,,20.9842633,0.0
341199,Garver Creek,MT,48.98,-115.82,1295.4,20170114,4.64,23.36,15.26,,,,,20.000010800000002,0.0
341200,Garver Creek,MT,48.98,-115.82,1295.4,20170115,3.74,22.28,14.54,,,,,20.000010800000002,0.0
341201,Garver Creek,MT,48.98,-115.82,1295.4,20170116,-0.94,17.96,9.86,,,,,19.0157583,0.29921276
341202,Garver Creek,MT,48.98,-115.82,1295.4,20170117,17.96,31.64,26.06,,,,,20.000010800000002,0.09842525
341203,Garver Creek,MT,48.98,-115.82,1295.4,20170118,29.12,36.68,32.72,,,,,20.9842633,0.40157502
341204,Garver Creek,MT,48.98,-115.82,1295.4,20170119,33.8,35.96,34.7,,,,,20.9842633,0.0
341205,Garver Creek,MT,48.98,-115.82,1295.4,20170120,21.38,37.22,30.92,,,,,19.0157583,0.0
341206,Garver Creek,MT,48.98,-115.82,1295.4,20170121,20.3,33.08,26.78,,,,,20.9842633,0.20078751
341207,Garver Creek,MT,48.98,-115.82,1295.4,20170122,28.4,35.96,30.2,,,,,22.007885899999998,0.0
341208,Garver Creek,MT,48.98,-115.82,1295.4,20170123,15.44,33.98,27.32,,,,,22.992138399999998,0.0
341209,Garver Creek,MT,48.98,-115.82,1295.4,20170124,5.9,29.66,18.32,,,,,22.007885899999998,0.0
341210,Garver Creek,MT,48.98,-115.82,1295.4,20170125,19.94,31.1,24.8,,,,,20.9842633,0.0
341211,Garver Creek,MT,48.98,-115.82,1295.4,20170126,19.4,29.66,24.44,,,,,20.9842633,0.0
341212,Garver Creek,MT,48.98,-115.82,1295.4,20170127,24.26,32.36,27.14,,,,,20.9842633,0.0
341213,Garver Creek,MT,48.98,-115.82,1295.4,20170128,16.52,33.44,25.34,,,,,20.9842633,0.0
341214,Garver Creek,MT,48.98,-115.82,1295.4,20170129,12.38,33.26,21.74,,,,,20.9842633,0.0
341215,Garver Creek,MT,48.98,-115.82,1295.4,20170130,19.22,33.44,26.24,,,,,20.9842633,0.0
341216,Garver Creek,MT,48.98,-115.82,1295.4,20170131,1.22,25.52,14.18,,,,,22.007885899999998,0.09842525
341217,Garver Creek,MT,48.98,-115.82,1295.4,20170201,-6.7,21.02,2.48,,,,,22.007885899999998,0.0
341218,Garver Creek,MT,48.98,-115.82,1295.4,20170202,-12.28,17.24,-1.84,,,,,22.007885899999998,0.0
341219,Garver Creek,MT,48.98,-115.82,1295.4,20170203,-10.12,17.6,7.16,,,,,25.0000135,0.09842525
341220,Garver Creek,MT,48.98,-115.82,1295.4,20170204,15.26,24.62,19.4,,,,,30.0000162,0.50000027
341221,Garver Creek,MT,48.98,-115.82,1295.4,20170205,17.06,34.88,29.66,,,,,39.0157691,0.79921303
341222,Garver Creek,MT,48.98,-115.82,1295.4,20170206,10.94,28.4,19.22,,,,,44.015771799999996,0.59842552
341223,Garver Creek,MT,48.98,-115.82,1295.4,20170207,7.52,26.06,16.88,,,,,42.0078967,0.0
341224,Garver Creek,MT,48.98,-115.82,1295.4,20170208,5.36,25.7,16.16,,,,,42.9921492,0.09842525
341225,Garver Creek,MT,48.98,-115.82,1295.4,20170209,19.04,36.86,28.58,,,,,44.015771799999996,1.50000081
341226,Garver Creek,MT,48.98,-115.82,1295.4,20170210,30.92,37.22,34.16,,,,,40.9842741,0.50000027
341227,Garver Creek,MT,48.98,-115.82,1295.4,20170211,24.44,35.42,28.76,,,,,40.9842741,0.0
341228,Garver Creek,MT,48.98,-115.82,1295.4,20170212,14.72,37.22,24.08,,,,,40.000021600000004,0.0
341229,Garver Creek,MT,48.98,-115.82,1295.4,20170213,14.18,37.4,23.0,,,,,40.000021600000004,0.0
341230,Garver Creek,MT,48.98,-115.82,1295.4,20170214,12.92,35.42,22.82,,,,,39.0157691,0.0
341231,Garver Creek,MT,48.98,-115.82,1295.4,20170215,19.94,38.48,29.84,,,,,37.992146500000004,0.0
341232,Garver Creek,MT,48.98,-115.82,1295.4,20170216,34.34,39.92,35.96,,,,,35.9842714,0.50000027
341233,Garver Creek,MT,48.98,-115.82,1295.4,20170217,28.76,44.42,34.88,,,,,35.9842714,0.0
341234,Garver Creek,MT,48.98,-115.82,1295.4,20170218,27.68,36.5,32.54,,,,,37.007894,0.29921276
341235,Garver Creek,MT,48.98,-115.82,1295.4,20170219,30.56,40.28,34.16,,,,,35.9842714,0.09842525
341236,Garver Creek,MT,48.98,-115.82,1295.4,20170220,31.28,37.04,33.98,,,,,44.015771799999996,0.40157502
341237,Garver Creek,MT,48.98,-115.82,1295.4,20170221,27.68,37.22,32.9,,,,,42.0078967,0.09842525
341238,Garver Creek,MT,48.98,-115.82,1295.4,20170222,14.54,38.66,25.88,,,,,42.0078967,0.0
341239,Garver Creek,MT,48.98,-115.82,1295.4,20170223,7.34,34.34,17.6,,,,,40.9842741,0.0
341240,Garver Creek,MT,48.98,-115.82,1295.4,20170224,4.46,30.92,15.98,,,,,40.9842741,0.0
341241,Garver Creek,MT,48.98,-115.82,1295.4,20170225,6.62,31.82,19.4,,,,,40.9842741,0.0
341242,Garver Creek,MT,48.98,-115.82,1295.4,20170226,13.1,27.32,21.56,,,,,42.9921492,0.09842525
341243,Garver Creek,MT,48.98,-115.82,1295.4,20170227,11.48,31.1,19.22,,,,,40.000021600000004,0.0
341244,Garver Creek,MT,48.98,-115.82,1295.4,20170228,14.36,33.62,20.48,,,,,42.9921492,0.09842525
341245,Garver Creek,MT,48.98,-115.82,1295.4,20170301,17.78,35.96,28.58,,,,,40.9842741,0.0
341246,Garver Creek,MT,48.98,-115.82,1295.4,20170302,24.26,36.32,30.38,,,,,42.0078967,0.0
341247,Garver Creek,MT,48.98,-115.82,1295.4,20170303,29.84,36.86,33.62,,,,,44.015771799999996,0.40157502
341248,Garver Creek,MT,48.98,-115.82,1295.4,20170304,24.44,39.38,32.36,,,,,45.00002429999999,0.20078751
341249,Garver Creek,MT,48.98,-115.82,1295.4,20170305,20.3,33.62,26.06,,,,,45.984276799999996,0.09842525
341250,Garver Creek,MT,48.98,-115.82,1295.4,20170306,18.5,34.16,23.9,,,,,45.984276799999996,0.0
341251,Garver Creek,MT,48.98,-115.82,1295.4,20170307,16.88,33.98,25.34,,,,,49.0157745,0.20078751
341252,Garver Creek,MT,48.98,-115.82,1295.4,20170308,19.4,35.42,27.68,,,,,47.992151899999996,0.40157502
341253,Garver Creek,MT,48.98,-115.82,1295.4,20170309,16.16,34.7,27.14,,,,,50.000027,0.29921276
341254,Garver Creek,MT,48.98,-115.82,1295.4,20170310,30.02,41.72,34.7,,,,,49.0157745,0.20078751
341255,Garver Creek,MT,48.98,-115.82,1295.4,20170311,29.66,42.44,35.6,,,,,47.0078994,0.20078751
341256,Garver Creek,MT,48.98,-115.82,1295.4,20170312,34.16,47.84,37.58,,,,,45.00002429999999,0.0
341257,Garver Creek,MT,48.98,-115.82,1295.4,20170313,33.62,41.18,36.32,,,,,44.015771799999996,0.0
341258,Garver Creek,MT,48.98,-115.82,1295.4,20170314,34.52,47.84,38.12,,,,,40.9842741,0.29921276
341259,Garver Creek,MT,48.98,-115.82,1295.4,20170315,36.32,47.12,39.02,,,,,40.000021600000004,0.40157502
341260,Garver Creek,MT,48.98,-115.82,1295.4,20170316,27.32,42.8,35.06,,,,,40.9842741,0.09842525
341261,Garver Creek,MT,48.98,-115.82,1295.4,20170317,22.46,42.8,32.54,,,,,40.9842741,0.29921276
341262,Garver Creek,MT,48.98,-115.82,1295.4,20170318,32.72,44.06,37.76,,,,,37.992146500000004,1.40157556
341263,Garver Creek,MT,48.98,-115.82,1295.4,20170319,22.28,44.42,32.36,,,,,37.992146500000004,0.0
341264,Garver Creek,MT,48.98,-115.82,1295.4,20170320,16.7,46.76,31.1,,,,,37.992146500000004,0.0
341265,Garver Creek,MT,48.98,-115.82,1295.4,20170321,32.36,45.5,36.68,,,,,37.007894,0.09842525
341266,Garver Creek,MT,48.98,-115.82,1295.4,20170322,33.26,50.0,37.58,,,,,37.007894,0.20078751
341267,Garver Creek,MT,48.98,-115.82,1295.4,20170323,27.32,45.68,35.06,,,,,37.007894,0.0
341268,Garver Creek,MT,48.98,-115.82,1295.4,20170324,26.06,41.54,33.8,,,,,35.9842714,0.20078751
341269,Garver Creek,MT,48.98,-115.82,1295.4,20170325,29.12,44.42,35.42,,,,,35.9842714,0.09842525
341270,Garver Creek,MT,48.98,-115.82,1295.4,20170326,24.8,46.94,34.52,,,,,35.9842714,0.09842525
341271,Garver Creek,MT,48.98,-115.82,1295.4,20170327,31.1,50.0,37.22,,,,,35.9842714,0.0
341272,Garver Creek,MT,48.98,-115.82,1295.4,20170328,31.1,41.0,35.6,,,,,35.9842714,0.09842525
341273,Garver Creek,MT,48.98,-115.82,1295.4,20170329,32.72,42.62,36.86,,,,,35.9842714,0.20078751
341274,Garver Creek,MT,48.98,-115.82,1295.4,20170330,30.38,47.3,37.04,,,,,35.0000189,0.0
341275,Garver Creek,MT,48.98,-115.82,1295.4,20170331,29.3,54.68,37.76,,,,,35.0000189,0.0
341276,Garver Creek,MT,48.98,-115.82,1295.4,20170401,29.3,45.86,36.5,,,,,35.0000189,0.0
341277,Garver Creek,MT,48.98,-115.82,1295.4,20170402,27.5,48.92,34.88,,,,,34.0157664,0.0
341278,Garver Creek,MT,48.98,-115.82,1295.4,20170403,21.38,48.56,32.18,,,,,34.0157664,0.0
341279,Garver Creek,MT,48.98,-115.82,1295.4,20170404,19.4,49.28,32.9,,,,,34.0157664,0.0
341280,Garver Creek,MT,48.98,-115.82,1295.4,20170405,30.2,49.64,38.3,,,,,32.9921438,0.0
341281,Garver Creek,MT,48.98,-115.82,1295.4,20170406,31.82,45.32,37.58,,,,,32.0078913,0.0
341282,Garver Creek,MT,48.98,-115.82,1295.4,20170407,31.1,49.28,36.5,,,,,30.984268699999998,0.50000027
341283,Garver Creek,MT,48.98,-115.82,1295.4,20170408,29.3,45.32,35.96,,,,,30.984268699999998,0.0
341284,Garver Creek,MT,48.98,-115.82,1295.4,20170409,26.06,46.58,35.42,,,,,30.984268699999998,0.0
341285,Garver Creek,MT,48.98,-115.82,1295.4,20170410,20.84,43.34,32.0,,,,,30.984268699999998,0.0
341286,Garver Creek,MT,48.98,-115.82,1295.4,20170411,27.32,50.0,35.42,,,,,30.984268699999998,0.0
341287,Garver Creek,MT,48.98,-115.82,1295.4,20170412,30.74,44.24,36.14,,,,,30.0000162,0.40157502
341288,Garver Creek,MT,48.98,-115.82,1295.4,20170413,31.64,45.14,37.04,,,,,30.0000162,0.40157502
341289,Garver Creek,MT,48.98,-115.82,1295.4,20170414,30.02,47.3,36.14,,,,,27.9921411,0.0
341290,Garver Creek,MT,48.98,-115.82,1295.4,20170415,27.86,45.5,35.06,,,,,27.9921411,0.0
341291,Garver Creek,MT,48.98,-115.82,1295.4,20170416,23.18,55.04,36.32,,,,,27.9921411,0.0
341292,Garver Creek,MT,48.98,-115.82,1295.4,20170417,32.18,48.56,38.84,,,,,27.9921411,0.09842525
341293,Garver Creek,MT,48.98,-115.82,1295.4,20170418,31.64,51.44,39.2,,,,,27.0078886,0.0
341294,Garver Creek,MT,48.98,-115.82,1295.4,20170419,29.84,55.04,38.66,,,,,25.984266,0.0
341295,Garver Creek,MT,48.98,-115.82,1295.4,20170420,29.84,47.66,37.04,,,,,25.984266,0.09842525
341296,Garver Creek,MT,48.98,-115.82,1295.4,20170421,31.28,55.04,39.56,,,,,25.0000135,0.0
341297,Garver Creek,MT,48.98,-115.82,1295.4,20170422,29.84,59.0,41.36,,,,,22.992138399999998,0.0
341298,Garver Creek,MT,48.98,-115.82,1295.4,20170423,30.92,51.98,38.84,,,,,22.992138399999998,0.09842525
341299,Garver Creek,MT,48.98,-115.82,1295.4,20170424,32.18,48.92,37.76,,,,,22.007885899999998,0.20078751
341300,Garver Creek,MT,48.98,-115.82,1295.4,20170425,32.9,51.08,37.94,,,,,22.007885899999998,0.09842525
341301,Garver Creek,MT,48.98,-115.82,1295.4,20170426,33.62,48.74,38.66,,,,,20.000010800000002,0.0
341302,Garver Creek,MT,48.98,-115.82,1295.4,20170427,33.44,48.92,39.2,,,,,20.000010800000002,0.0
341303,Garver Creek,MT,48.98,-115.82,1295.4,20170428,31.28,52.7,39.74,,,,,17.9921357,0.0
341304,Garver Creek,MT,48.98,-115.82,1295.4,20170429,28.94,51.44,39.2,,,,,17.9921357,0.09842525
341305,Garver Creek,MT,48.98,-115.82,1295.4,20170430,30.02,52.34,38.12,,,,,17.0078832,0.0
341306,Garver Creek,MT,48.98,-115.82,1295.4,20170501,26.96,50.9,37.22,,,,,17.0078832,0.0
341307,Garver Creek,MT,48.98,-115.82,1295.4,20170502,30.2,52.88,38.84,,,,,15.9842606,0.0
341308,Garver Creek,MT,48.98,-115.82,1295.4,20170503,30.56,52.52,39.92,,,,,14.015755599999999,0.0
341309,Garver Creek,MT,48.98,-115.82,1295.4,20170504,31.28,72.14,45.68,,,,,12.992133,0.0
341310,Garver Creek,MT,48.98,-115.82,1295.4,20170505,34.88,64.04,45.68,,,,,10.9842579,0.09842525
341311,Garver Creek,MT,48.98,-115.82,1295.4,20170506,33.62,49.28,39.74,,,,,10.9842579,0.0
341312,Garver Creek,MT,48.98,-115.82,1295.4,20170507,30.02,53.24,39.56,,,,,10.9842579,0.0
341313,Garver Creek,MT,48.98,-115.82,1295.4,20170508,27.86,59.54,41.36,,,,,9.0157529,0.0
341314,Garver Creek,MT,48.98,-115.82,1295.4,20170509,31.28,61.88,42.44,,,,,7.9921303,0.0
341315,Garver Creek,MT,48.98,-115.82,1295.4,20170510,31.1,69.8,45.86,,,,,7.007877799999999,0.0
341316,Garver Creek,MT,48.98,-115.82,1295.4,20170511,32.9,73.4,48.56,,,,,4.0157502,0.0
341317,Garver Creek,MT,48.98,-115.82,1295.4,20170512,33.08,47.48,41.18,,,,,4.0157502,0.20078751
341318,Garver Creek,MT,48.98,-115.82,1295.4,20170513,31.28,50.9,38.3,,,,,2.9921276000000003,0.0
341319,Garver Creek,MT,48.98,-115.82,1295.4,20170514,30.2,52.34,38.66,,,,,2.0078751,0.0
341320,Garver Creek,MT,48.98,-115.82,1295.4,20170515,27.86,52.7,39.2,,,,,0.9842525,0.0
341321,Garver Creek,MT,48.98,-115.82,1295.4,20170516,35.06,46.58,39.02,,,,,0.0,0.29921276
341322,Garver Creek,MT,48.98,-115.82,1295.4,20170517,33.98,53.42,41.72,,,,,0.0,0.0
341323,Garver Creek,MT,48.98,-115.82,1295.4,20170518,31.28,57.92,42.62,,,,,0.0,0.0
341324,Garver Creek,MT,48.98,-115.82,1295.4,20170519,31.28,63.14,45.14,,,,,0.0,0.0
341325,Garver Creek,MT,48.98,-115.82,1295.4,20170520,33.98,66.56,46.22,,,,,0.0,0.0
341326,Garver Creek,MT,48.98,-115.82,1295.4,20170521,31.64,70.7,48.92,,,,,0.0,0.0
341327,Garver Creek,MT,48.98,-115.82,1295.4,20170522,32.9,75.38,51.8,,,,,0.0,0.0
341328,Garver Creek,MT,48.98,-115.82,1295.4,20170523,36.14,75.2,56.3,,,,,0.0,0.0
341329,Garver Creek,MT,48.98,-115.82,1295.4,20170524,38.48,56.84,46.04,,,,,0.0,0.0
341330,Garver Creek,MT,48.98,-115.82,1295.4,20170525,32.0,60.98,46.04,,,,,0.0,0.0
341331,Garver Creek,MT,48.98,-115.82,1295.4,20170526,32.9,65.66,48.2,,,,,0.0,0.0
341332,Garver Creek,MT,48.98,-115.82,1295.4,20170527,32.9,74.12,53.06,,,,,0.0,0.0
341333,Garver Creek,MT,48.98,-115.82,1295.4,20170528,38.12,76.28,55.4,,,,,0.0,0.0
341334,Garver Creek,MT,48.98,-115.82,1295.4,20170529,39.92,80.06,56.48,,,,,0.0,0.0
341335,Garver Creek,MT,48.98,-115.82,1295.4,20170530,40.46,81.5,59.18,,,,,0.0,0.0
341336,Garver Creek,MT,48.98,-115.82,1295.4,20170531,47.3,74.12,59.18,,,,,0.0,0.0
341337,Garver Creek,MT,48.98,-115.82,1295.4,20170601,46.76,60.08,52.88,,,,,0.0,0.09842525
341338,Garver Creek,MT,48.98,-115.82,1295.4,20170602,38.84,64.76,51.26,,,,,0.0,0.0
341339,Garver Creek,MT,48.98,-115.82,1295.4,20170603,34.88,74.12,53.42,,,,,0.0,0.09842525
341340,Garver Creek,MT,48.98,-115.82,1295.4,20170604,46.58,59.0,52.16,,,,,0.0,0.0
341341,Garver Creek,MT,48.98,-115.82,1295.4,20170605,39.38,65.66,50.18,,,,,0.0,0.0
341342,Garver Creek,MT,48.98,-115.82,1295.4,20170606,35.6,73.94,53.78,,,,,0.0,0.0
341343,Garver Creek,MT,48.98,-115.82,1295.4,20170607,40.28,82.04,60.26,,,,,0.0,0.0
341344,Garver Creek,MT,48.98,-115.82,1295.4,20170608,48.02,73.22,56.48,,,,,0.0,0.0
341345,Garver Creek,MT,48.98,-115.82,1295.4,20170609,41.9,59.72,49.46,,,,,0.0,0.09842525
341346,Garver Creek,MT,48.98,-115.82,1295.4,20170610,37.04,58.46,45.68,,,,,0.0,0.0
341347,Garver Creek,MT,48.98,-115.82,1295.4,20170611,34.88,62.42,46.94,,,,,0.0,0.09842525
341348,Garver Creek,MT,48.98,-115.82,1295.4,20170612,32.9,75.56,53.6,,,,,0.0,0.0
341349,Garver Creek,MT,48.98,-115.82,1295.4,20170613,40.82,69.98,53.06,,,,,0.0,0.0
341350,Garver Creek,MT,48.98,-115.82,1295.4,20170614,39.92,59.36,49.82,,,,,0.0,0.09842525
341351,Garver Creek,MT,48.98,-115.82,1295.4,20170615,35.42,53.42,46.94,,,,,0.0,0.0
341352,Garver Creek,MT,48.98,-115.82,1295.4,20170616,44.6,55.94,49.64,,,,,0.0,0.50000027
341353,Garver Creek,MT,48.98,-115.82,1295.4,20170617,36.86,62.78,48.92,,,,,0.0,0.0
341354,Garver Creek,MT,48.98,-115.82,1295.4,20170618,43.34,66.38,53.6,,,,,0.0,0.0
341355,Garver Creek,MT,48.98,-115.82,1295.4,20170619,46.22,72.86,59.18,,,,,0.0,0.0
341356,Garver Creek,MT,48.98,-115.82,1295.4,20170620,48.2,75.38,58.46,,,,,0.0,0.09842525
341357,Garver Creek,MT,48.98,-115.82,1295.4,20170621,38.84,67.64,51.8,,,,,0.0,0.0
341358,Garver Creek,MT,48.98,-115.82,1295.4,20170622,33.44,68.36,50.0,,,,,0.0,0.0
341359,Garver Creek,MT,48.98,-115.82,1295.4,20170623,35.06,71.6,52.34,,,,,0.0,0.0
341360,Garver Creek,MT,48.98,-115.82,1295.4,20170624,37.22,77.18,56.48,,,,,0.0,0.0
341361,Garver Creek,MT,48.98,-115.82,1295.4,20170625,41.0,83.84,61.34,,,,,0.0,0.0
341362,Garver Creek,MT,48.98,-115.82,1295.4,20170626,45.68,81.68,61.88,,,,,0.0,0.09842525
341363,Garver Creek,MT,48.98,-115.82,1295.4,20170627,45.5,72.14,59.0,,,,,0.0,0.0
341364,Garver Creek,MT,48.98,-115.82,1295.4,20170628,39.56,72.68,54.86,,,,,0.0,0.0
341365,Garver Creek,MT,48.98,-115.82,1295.4,20170629,40.64,72.86,55.94,,,,,0.0,0.0
341366,Garver Creek,MT,48.98,-115.82,1295.4,20170630,42.44,80.06,60.44,,,,,0.0,0.0
341367,Garver Creek,MT,48.98,-115.82,1295.4,20170701,46.58,79.88,62.06,,,,,0.0,0.0
341368,Garver Creek,MT,48.98,-115.82,1295.4,20170702,47.12,82.94,63.86,,,,,0.0,0.0
341369,Garver Creek,MT,48.98,-115.82,1295.4,20170703,47.66,78.26,62.06,,,,,0.0,0.0
341370,Garver Creek,MT,48.98,-115.82,1295.4,20170704,41.36,78.8,59.36,,,,,0.0,0.0
341371,Garver Creek,MT,48.98,-115.82,1295.4,20170705,41.18,86.36,62.6,,,,,0.0,0.0
341372,Garver Creek,MT,48.98,-115.82,1295.4,20170706,45.86,90.14,65.48,,,,,0.0,0.0
341373,Garver Creek,MT,48.98,-115.82,1295.4,20170707,47.12,91.04,67.28,,,,,0.0,0.0
341374,Garver Creek,MT,48.98,-115.82,1295.4,20170708,51.08,86.54,66.38,,,,,0.0,0.0
341375,Garver Creek,MT,48.98,-115.82,1295.4,20170709,44.96,86.18,65.3,,,,,0.0,0.0
341376,Garver Creek,MT,48.98,-115.82,1295.4,20170710,48.92,79.16,62.24,,,,,0.0,0.0
341377,Garver Creek,MT,48.98,-115.82,1295.4,20170711,48.2,75.38,59.18,,,,,0.0,0.0
341378,Garver Creek,MT,48.98,-115.82,1295.4,20170712,43.88,79.52,60.26,,,,,0.0,0.0
341379,Garver Creek,MT,48.98,-115.82,1295.4,20170713,42.8,82.94,61.88,,,,,0.0,0.0
341380,Garver Creek,MT,48.98,-115.82,1295.4,20170714,43.34,86.54,63.14,,,,,0.0,0.0
341381,Garver Creek,MT,48.98,-115.82,1295.4,20170715,46.58,81.86,62.06,,,,,0.0,0.0
341382,Garver Creek,MT,48.98,-115.82,1295.4,20170716,44.96,70.34,58.64,,,,,0.0,0.0
341383,Garver Creek,MT,48.98,-115.82,1295.4,20170717,38.12,73.04,54.32,,,,,0.0,0.0
341384,Garver Creek,MT,48.98,-115.82,1295.4,20170718,36.68,77.36,56.3,,,,,0.0,0.0
341385,Garver Creek,MT,48.98,-115.82,1295.4,20170719,40.46,81.14,59.72,,,,,0.0,0.0
341386,Garver Creek,MT,48.98,-115.82,1295.4,20170720,47.48,75.74,59.18,,,,,0.0,0.0
341387,Garver Creek,MT,48.98,-115.82,1295.4,20170721,41.18,71.78,56.48,,,,,0.0,0.0
341388,Garver Creek,MT,48.98,-115.82,1295.4,20170722,42.08,80.78,60.26,,,,,0.0,0.0
341389,Garver Creek,MT,48.98,-115.82,1295.4,20170723,47.48,82.94,64.76,,,,,0.0,0.0
341390,Garver Creek,MT,48.98,-115.82,1295.4,20170724,45.14,78.26,60.08,,,,,0.0,0.0
341391,Garver Creek,MT,48.98,-115.82,1295.4,20170725,39.56,80.42,57.56,,,,,0.0,0.0
341392,Garver Creek,MT,48.98,-115.82,1295.4,20170726,41.18,85.82,61.88,,,,,0.0,0.0
341393,Garver Creek,MT,48.98,-115.82,1295.4,20170727,45.86,83.3,63.14,,,,,0.0,0.0
341394,Garver Creek,MT,48.98,-115.82,1295.4,20170728,45.14,83.48,62.78,,,,,0.0,0.0
341395,Garver Creek,MT,48.98,-115.82,1295.4,20170729,44.24,85.64,62.96,,,,,0.0,0.0
341396,Garver Creek,MT,48.98,-115.82,1295.4,20170730,45.5,85.64,64.04,,,,,0.0,0.0
341397,Garver Creek,MT,48.98,-115.82,1295.4,20170731,44.96,85.1,63.14,,,,,0.0,0.0
341398,Garver Creek,MT,48.98,-115.82,1295.4,20170801,46.04,85.64,64.58,,,,,0.0,0.0
341399,Garver Creek,MT,48.98,-115.82,1295.4,20170802,50.0,79.34,63.32,,,,,0.0,0.0
341400,Garver Creek,MT,48.98,-115.82,1295.4,20170803,44.6,85.1,62.96,,,,,0.0,0.0
341401,Garver Creek,MT,48.98,-115.82,1295.4,20170804,47.12,79.16,61.88,,,,,0.0,0.0
341402,Garver Creek,MT,48.98,-115.82,1295.4,20170805,44.42,76.28,58.46,,,,,0.0,0.0
341403,Garver Creek,MT,48.98,-115.82,1295.4,20170806,44.06,80.96,60.44,,,,,0.0,0.0
341404,Garver Creek,MT,48.98,-115.82,1295.4,20170807,44.78,83.12,62.42,,,,,0.0,0.0
341405,Garver Creek,MT,48.98,-115.82,1295.4,20170808,47.66,80.6,62.06,,,,,0.0,0.0
341406,Garver Creek,MT,48.98,-115.82,1295.4,20170809,44.78,83.12,61.34,,,,,0.0,0.0
341407,Garver Creek,MT,48.98,-115.82,1295.4,20170810,46.22,82.94,62.42,,,,,0.0,0.0
341408,Garver Creek,MT,48.98,-115.82,1295.4,20170811,45.68,83.66,62.96,,,,,0.0,0.0
341409,Garver Creek,MT,48.98,-115.82,1295.4,20170812,48.02,84.56,61.88,,,,,0.0,0.09842525
341410,Garver Creek,MT,48.98,-115.82,1295.4,20170813,49.64,64.04,55.22,,,,,0.0,0.0
341411,Garver Creek,MT,48.98,-115.82,1295.4,20170814,41.0,66.2,53.96,,,,,0.0,0.09842525
341412,Garver Creek,MT,48.98,-115.82,1295.4,20170815,36.68,72.32,53.06,,,,,0.0,0.0
341413,Garver Creek,MT,48.98,-115.82,1295.4,20170816,39.2,75.92,57.2,,,,,0.0,0.0
341414,Garver Creek,MT,48.98,-115.82,1295.4,20170817,44.42,78.44,59.18,,,,,0.0,0.0
341415,Garver Creek,MT,48.98,-115.82,1295.4,20170818,43.34,78.26,59.9,,,,,0.0,0.0
341416,Garver Creek,MT,48.98,-115.82,1295.4,20170819,42.98,71.6,55.94,,,,,0.0,0.0
341417,Garver Creek,MT,48.98,-115.82,1295.4,20170820,37.58,69.26,53.06,,,,,0.0,0.0
341418,Garver Creek,MT,48.98,-115.82,1295.4,20170821,38.84,75.38,54.86,,,,,0.0,0.0
341419,Garver Creek,MT,48.98,-115.82,1295.4,20170822,42.26,83.3,59.9,,,,,0.0,0.0
341420,Garver Creek,MT,48.98,-115.82,1295.4,20170823,44.42,82.04,62.24,,,,,0.0,0.0
341421,Garver Creek,MT,48.98,-115.82,1295.4,20170824,50.72,73.58,61.52,,,,,0.0,0.0
341422,Garver Creek,MT,48.98,-115.82,1295.4,20170825,38.48,71.42,53.42,,,,,0.0,0.0
341423,Garver Creek,MT,48.98,-115.82,1295.4,20170826,35.6,77.18,54.14,,,,,0.0,0.0
341424,Garver Creek,MT,48.98,-115.82,1295.4,20170827,39.02,84.74,58.64,,,,,0.0,0.0
341425,Garver Creek,MT,48.98,-115.82,1295.4,20170828,43.7,86.9,62.06,,,,,0.0,0.0
341426,Garver Creek,MT,48.98,-115.82,1295.4,20170829,46.76,87.8,62.96,,,,,0.0,0.0
341427,Garver Creek,MT,48.98,-115.82,1295.4,20170830,47.84,85.46,63.68,,,,,0.0,0.0
341428,Garver Creek,MT,48.98,-115.82,1295.4,20170831,47.12,74.3,59.9,,,,,0.0,0.0
341429,Garver Creek,MT,48.98,-115.82,1295.4,20170901,41.36,78.8,59.18,,,,,0.0,0.0
341430,Garver Creek,MT,48.98,-115.82,1295.4,20170902,45.14,84.02,61.88,,,,,0.0,0.0
341431,Garver Creek,MT,48.98,-115.82,1295.4,20170903,46.58,84.02,61.7,,,,,0.0,0.0
341432,Garver Creek,MT,48.98,-115.82,1295.4,20170904,44.78,71.24,55.04,,,,,0.0,0.0
341433,Garver Creek,MT,48.98,-115.82,1295.4,20170905,39.56,70.88,52.52,,,,,0.0,0.0
341434,Garver Creek,MT,48.98,-115.82,1295.4,20170906,42.08,77.9,57.2,,,,,0.0,0.0
341435,Garver Creek,MT,48.98,-115.82,1295.4,20170907,46.04,80.6,59.18,,,,,0.0,0.0
341436,Garver Creek,MT,48.98,-115.82,1295.4,20170908,46.94,77.72,59.18,,,,,0.0,0.0
341437,Garver Creek,MT,48.98,-115.82,1295.4,20170909,48.02,74.48,58.82,,,,,0.0,0.0
341438,Garver Creek,MT,48.98,-115.82,1295.4,20170910,43.34,68.36,54.86,,,,,0.0,0.0
341439,Garver Creek,MT,48.98,-115.82,1295.4,20170911,36.86,77.72,54.14,,,,,0.0,0.0
341440,Garver Creek,MT,48.98,-115.82,1295.4,20170912,39.56,76.46,56.66,,,,,0.0,0.0
341441,Garver Creek,MT,48.98,-115.82,1295.4,20170913,47.12,67.82,55.4,,,,,0.0,0.0
341442,Garver Creek,MT,48.98,-115.82,1295.4,20170914,31.28,53.42,45.32,,,,,0.0,0.09842525
341443,Garver Creek,MT,48.98,-115.82,1295.4,20170915,29.48,51.44,38.3,,,,,0.0,0.0
341444,Garver Creek,MT,48.98,-115.82,1295.4,20170916,25.7,58.64,39.38,,,,,0.0,0.0
341445,Garver Creek,MT,48.98,-115.82,1295.4,20170917,29.48,61.16,44.6,,,,,0.0,0.0
341446,Garver Creek,MT,48.98,-115.82,1295.4,20170918,34.88,53.06,43.52,,,,,0.0,0.59842552
341447,Garver Creek,MT,48.98,-115.82,1295.4,20170919,34.34,45.32,38.12,,,,,0.0,0.09842525
341448,Garver Creek,MT,48.98,-115.82,1295.4,20170920,35.06,51.08,39.74,,,,,0.0,0.20078751
341449,Garver Creek,MT,48.98,-115.82,1295.4,20170921,32.72,43.34,38.48,,,,,4.0157502,0.20078751
341450,Banfield Mountain,MT,48.57,-115.45,1706.9,20170101,2.48,19.04,10.58,,,,,32.0078913,0.09842525
341451,Banfield Mountain,MT,48.57,-115.45,1706.9,20170102,-2.92,4.64,1.04,,,,,30.0000162,0.0
341452,Banfield Mountain,MT,48.57,-115.45,1706.9,20170103,-4.0,3.38,-0.4,,,,,29.015763699999997,0.0
341453,Banfield Mountain,MT,48.57,-115.45,1706.9,20170104,-4.36,7.88,2.3,,,,,27.9921411,0.0
341454,Banfield Mountain,MT,48.57,-115.45,1706.9,20170105,0.14,9.14,5.54,,,,,27.0078886,0.09842525
341455,Banfield Mountain,MT,48.57,-115.45,1706.9,20170106,6.44,15.62,9.86,,,,,27.0078886,0.0
341456,Banfield Mountain,MT,48.57,-115.45,1706.9,20170107,8.42,14.36,11.48,,,,,27.9921411,0.20078751
341457,Banfield Mountain,MT,48.57,-115.45,1706.9,20170108,10.58,21.92,16.52,,,,,29.015763699999997,0.29921276
341458,Banfield Mountain,MT,48.57,-115.45,1706.9,20170109,19.4,26.78,23.72,,,,,30.984268699999998,0.20078751
341459,Banfield Mountain,MT,48.57,-115.45,1706.9,20170110,4.1,23.18,16.52,,,,,30.0000162,0.0
341460,Banfield Mountain,MT,48.57,-115.45,1706.9,20170111,-1.48,7.88,3.38,,,,,30.0000162,0.0
341461,Banfield Mountain,MT,48.57,-115.45,1706.9,20170112,2.3,11.48,7.16,,,,,30.0000162,0.0
341462,Banfield Mountain,MT,48.57,-115.45,1706.9,20170113,7.34,15.98,12.56,,,,,29.015763699999997,0.0
341463,Banfield Mountain,MT,48.57,-115.45,1706.9,20170114,12.38,16.7,14.18,,,,,27.0078886,0.0
341464,Banfield Mountain,MT,48.57,-115.45,1706.9,20170115,13.46,22.46,17.24,,,,,25.984266,0.0
341465,Banfield Mountain,MT,48.57,-115.45,1706.9,20170116,14.54,24.44,19.58,,,,,25.0000135,0.0
341466,Banfield Mountain,MT,48.57,-115.45,1706.9,20170117,22.1,31.64,28.22,,,,,25.984266,0.09842525
341467,Banfield Mountain,MT,48.57,-115.45,1706.9,20170118,29.3,34.88,33.26,,,,,29.015763699999997,0.79921303
341468,Banfield Mountain,MT,48.57,-115.45,1706.9,20170119,28.76,34.52,31.64,,,,,29.015763699999997,0.09842525
341469,Banfield Mountain,MT,48.57,-115.45,1706.9,20170120,24.62,33.26,27.86,,,,,29.015763699999997,0.0
341470,Banfield Mountain,MT,48.57,-115.45,1706.9,20170121,23.9,29.66,26.06,,,,,29.015763699999997,0.0
341471,Banfield Mountain,MT,48.57,-115.45,1706.9,20170122,25.88,30.56,27.32,,,,,29.015763699999997,0.09842525
341472,Banfield Mountain,MT,48.57,-115.45,1706.9,20170123,21.2,28.76,24.26,,,,,29.015763699999997,0.0
341473,Banfield Mountain,MT,48.57,-115.45,1706.9,20170124,18.14,25.7,21.56,,,,,29.015763699999997,0.0
341474,Banfield Mountain,MT,48.57,-115.45,1706.9,20170125,21.02,26.42,22.64,,,,,29.015763699999997,0.09842525
341475,Banfield Mountain,MT,48.57,-115.45,1706.9,20170126,19.04,23.9,21.56,,,,,29.015763699999997,0.0
341476,Banfield Mountain,MT,48.57,-115.45,1706.9,20170127,21.38,26.24,23.72,,,,,29.015763699999997,0.0
341477,Banfield Mountain,MT,48.57,-115.45,1706.9,20170128,23.36,31.28,26.24,,,,,29.015763699999997,0.0
341478,Banfield Mountain,MT,48.57,-115.45,1706.9,20170129,22.28,35.24,27.32,,,,,29.015763699999997,0.0
341479,Banfield Mountain,MT,48.57,-115.45,1706.9,20170130,20.3,29.3,24.8,,,,,27.9921411,0.0
341480,Banfield Mountain,MT,48.57,-115.45,1706.9,20170131,10.04,23.9,16.34,,,,,27.0078886,0.0
341481,Banfield Mountain,MT,48.57,-115.45,1706.9,20170201,0.68,19.4,8.6,,,,,29.015763699999997,0.0
341482,Banfield Mountain,MT,48.57,-115.45,1706.9,20170202,-0.22,18.14,5.72,,,,,29.015763699999997,0.0
341483,Banfield Mountain,MT,48.57,-115.45,1706.9,20170203,3.02,19.04,11.3,,,,,32.9921438,0.40157502
341484,Banfield Mountain,MT,48.57,-115.45,1706.9,20170204,14.36,30.92,21.74,,,,,37.007894,0.50000027
341485,Banfield Mountain,MT,48.57,-115.45,1706.9,20170205,23.72,31.82,29.66,,,,,49.0157745,1.2992133
341486,Banfield Mountain,MT,48.57,-115.45,1706.9,20170206,16.88,28.76,22.82,,,,,52.9921546,0.70078778
341487,Banfield Mountain,MT,48.57,-115.45,1706.9,20170207,12.2,23.9,18.32,,,,,49.0157745,0.0
341488,Banfield Mountain,MT,48.57,-115.45,1706.9,20170208,12.02,22.1,18.32,,,,,50.000027,0.20078751
341489,Banfield Mountain,MT,48.57,-115.45,1706.9,20170209,22.1,36.86,32.54,,,,,50.9842795,0.79921303
341490,Banfield Mountain,MT,48.57,-115.45,1706.9,20170210,25.88,34.88,30.56,,,,,50.000027,0.0
341491,Banfield Mountain,MT,48.57,-115.45,1706.9,20170211,19.4,30.02,23.54,,,,,49.0157745,0.0
341492,Banfield Mountain,MT,48.57,-115.45,1706.9,20170212,18.14,31.46,24.26,,,,,47.0078994,0.0
341493,Banfield Mountain,MT,48.57,-115.45,1706.9,20170213,23.9,39.74,30.92,,,,,47.0078994,0.0
341494,Banfield Mountain,MT,48.57,-115.45,1706.9,20170214,28.94,41.36,34.16,,,,,45.984276799999996,0.0
341495,Banfield Mountain,MT,48.57,-115.45,1706.9,20170215,34.34,43.52,37.4,,,,,45.00002429999999,1.40157556
341496,Banfield Mountain,MT,48.57,-115.45,1706.9,20170216,32.9,38.3,35.78,,,,,42.0078967,0.70078778
341497,Banfield Mountain,MT,48.57,-115.45,1706.9,20170217,27.5,36.32,32.18,,,,,42.9921492,0.09842525
341498,Banfield Mountain,MT,48.57,-115.45,1706.9,20170218,27.5,33.8,30.56,,,,,44.015771799999996,0.20078751
341499,Banfield Mountain,MT,48.57,-115.45,1706.9,20170219,25.7,34.52,30.56,,,,,42.0078967,0.0
341500,Banfield Mountain,MT,48.57,-115.45,1706.9,20170220,25.52,33.26,29.66,,,,,47.992151899999996,0.40157502
341501,Banfield Mountain,MT,48.57,-115.45,1706.9,20170221,26.6,33.62,29.3,,,,,47.992151899999996,0.20078751
341502,Banfield Mountain,MT,48.57,-115.45,1706.9,20170222,20.3,31.82,25.7,,,,,47.0078994,0.0
341503,Banfield Mountain,MT,48.57,-115.45,1706.9,20170223,15.44,28.94,20.66,,,,,47.0078994,0.09842525
341504,Banfield Mountain,MT,48.57,-115.45,1706.9,20170224,13.64,27.14,17.78,,,,,45.984276799999996,0.09842525
341505,Banfield Mountain,MT,48.57,-115.45,1706.9,20170225,13.1,22.46,17.6,,,,,47.0078994,0.09842525
341506,Banfield Mountain,MT,48.57,-115.45,1706.9,20170226,12.56,23.36,18.14,,,,,50.9842795,0.20078751
341507,Banfield Mountain,MT,48.57,-115.45,1706.9,20170227,10.22,24.44,17.06,,,,,52.9921546,0.09842525
341508,Banfield Mountain,MT,48.57,-115.45,1706.9,20170228,14.0,24.8,18.5,,,,,55.9842822,0.29921276
341509,Banfield Mountain,MT,48.57,-115.45,1706.9,20170301,17.78,28.4,24.8,,,,,54.0157772,0.40157502
341510,Banfield Mountain,MT,48.57,-115.45,1706.9,20170302,24.8,33.8,28.76,,,,,55.9842822,0.09842525
341511,Banfield Mountain,MT,48.57,-115.45,1706.9,20170303,28.04,33.62,30.74,,,,,55.0000297,0.20078751
341512,Banfield Mountain,MT,48.57,-115.45,1706.9,20170304,23.54,33.62,29.12,,,,,54.0157772,0.09842525
341513,Banfield Mountain,MT,48.57,-115.45,1706.9,20170305,15.26,32.9,23.18,,,,,57.0079048,0.20078751
341514,Banfield Mountain,MT,48.57,-115.45,1706.9,20170306,16.7,27.5,21.02,,,,,59.0157799,0.20078751
341515,Banfield Mountain,MT,48.57,-115.45,1706.9,20170307,15.98,28.76,22.1,,,,,60.98428489999999,0.40157502
341516,Banfield Mountain,MT,48.57,-115.45,1706.9,20170308,21.02,31.46,25.16,,,,,60.98428489999999,0.20078751
341517,Banfield Mountain,MT,48.57,-115.45,1706.9,20170309,21.38,31.1,26.24,,,,,60.0000324,0.59842552
341518,Banfield Mountain,MT,48.57,-115.45,1706.9,20170310,28.58,35.6,33.8,,,,,60.0000324,0.29921276
341519,Banfield Mountain,MT,48.57,-115.45,1706.9,20170311,30.74,41.0,34.7,,,,,60.98428489999999,0.50000027
341520,Banfield Mountain,MT,48.57,-115.45,1706.9,20170312,32.18,37.94,33.8,,,,,60.0000324,0.20078751
341521,Banfield Mountain,MT,48.57,-115.45,1706.9,20170313,31.1,36.14,33.8,,,,,60.0000324,0.20078751
341522,Banfield Mountain,MT,48.57,-115.45,1706.9,20170314,33.8,41.0,37.22,,,,,60.0000324,0.59842552
341523,Banfield Mountain,MT,48.57,-115.45,1706.9,20170315,36.14,42.98,38.48,,,,,57.0079048,0.40157502
341524,Banfield Mountain,MT,48.57,-115.45,1706.9,20170316,24.98,36.86,32.36,,,,,55.9842822,0.09842525
341525,Banfield Mountain,MT,48.57,-115.45,1706.9,20170317,22.82,38.3,31.46,,,,,55.9842822,0.0
341526,Banfield Mountain,MT,48.57,-115.45,1706.9,20170318,31.46,41.9,37.76,,,,,54.0157772,0.90157529
341527,Banfield Mountain,MT,48.57,-115.45,1706.9,20170319,25.34,38.12,30.38,,,,,52.9921546,0.09842525
341528,Banfield Mountain,MT,48.57,-115.45,1706.9,20170320,21.38,39.74,31.82,,,,,52.9921546,0.0
341529,Banfield Mountain,MT,48.57,-115.45,1706.9,20170321,30.56,42.62,35.6,,,,,52.0079021,0.0
341530,Banfield Mountain,MT,48.57,-115.45,1706.9,20170322,32.54,42.98,35.96,,,,,52.0079021,0.29921276
341531,Banfield Mountain,MT,48.57,-115.45,1706.9,20170323,26.06,38.84,31.64,,,,,50.9842795,0.0
341532,Banfield Mountain,MT,48.57,-115.45,1706.9,20170324,26.24,39.2,32.36,,,,,52.0079021,0.29921276
341533,Banfield Mountain,MT,48.57,-115.45,1706.9,20170325,27.86,37.76,32.36,,,,,52.0079021,0.09842525
341534,Banfield Mountain,MT,48.57,-115.45,1706.9,20170326,24.8,41.0,33.26,,,,,52.0079021,0.09842525
341535,Banfield Mountain,MT,48.57,-115.45,1706.9,20170327,29.3,40.1,33.98,,,,,52.0079021,0.0
341536,Banfield Mountain,MT,48.57,-115.45,1706.9,20170328,29.84,36.14,32.36,,,,,50.000027,0.20078751
341537,Banfield Mountain,MT,48.57,-115.45,1706.9,20170329,31.46,36.68,34.16,,,,,55.0000297,0.50000027
341538,Banfield Mountain,MT,48.57,-115.45,1706.9,20170330,32.72,40.46,35.24,,,,,54.0157772,0.20078751
341539,Banfield Mountain,MT,48.57,-115.45,1706.9,20170331,30.92,49.46,38.3,,,,,52.9921546,0.0
341540,Banfield Mountain,MT,48.57,-115.45,1706.9,20170401,31.46,44.06,36.32,,,,,52.0079021,0.0
341541,Banfield Mountain,MT,48.57,-115.45,1706.9,20170402,25.34,45.14,34.34,,,,,50.9842795,0.0
341542,Banfield Mountain,MT,48.57,-115.45,1706.9,20170403,24.44,37.94,29.3,,,,,52.0079021,0.20078751
341543,Banfield Mountain,MT,48.57,-115.45,1706.9,20170404,25.52,44.06,34.34,,,,,50.9842795,0.0
341544,Banfield Mountain,MT,48.57,-115.45,1706.9,20170405,32.0,47.48,39.2,,,,,50.000027,0.0
341545,Banfield Mountain,MT,48.57,-115.45,1706.9,20170406,37.04,46.94,39.92,,,,,49.0157745,0.09842525
341546,Banfield Mountain,MT,48.57,-115.45,1706.9,20170407,31.1,41.9,35.96,,,,,47.992151899999996,0.40157502
341547,Banfield Mountain,MT,48.57,-115.45,1706.9,20170408,27.5,40.82,33.08,,,,,47.992151899999996,0.09842525
341548,Banfield Mountain,MT,48.57,-115.45,1706.9,20170409,24.98,36.14,30.02,,,,,50.000027,0.0
341549,Banfield Mountain,MT,48.57,-115.45,1706.9,20170410,24.44,36.32,29.12,,,,,50.000027,0.09842525
341550,Banfield Mountain,MT,48.57,-115.45,1706.9,20170411,25.34,43.34,33.08,,,,,49.0157745,0.09842525
341551,Banfield Mountain,MT,48.57,-115.45,1706.9,20170412,32.18,37.22,35.06,,,,,50.000027,0.20078751
341552,Banfield Mountain,MT,48.57,-115.45,1706.9,20170413,32.0,41.54,36.14,,,,,50.000027,0.09842525
341553,Banfield Mountain,MT,48.57,-115.45,1706.9,20170414,29.12,40.82,32.9,,,,,49.0157745,0.0
341554,Banfield Mountain,MT,48.57,-115.45,1706.9,20170415,26.06,36.5,30.38,,,,,49.0157745,0.20078751
341555,Banfield Mountain,MT,48.57,-115.45,1706.9,20170416,25.52,46.22,36.68,,,,,49.0157745,0.0
341556,Banfield Mountain,MT,48.57,-115.45,1706.9,20170417,34.16,41.54,37.04,,,,,47.992151899999996,0.09842525
341557,Banfield Mountain,MT,48.57,-115.45,1706.9,20170418,32.18,45.32,37.22,,,,,47.992151899999996,0.0
341558,Banfield Mountain,MT,48.57,-115.45,1706.9,20170419,31.64,47.48,39.38,,,,,47.0078994,0.0
341559,Banfield Mountain,MT,48.57,-115.45,1706.9,20170420,33.62,47.3,38.3,,,,,45.984276799999996,0.0
341560,Banfield Mountain,MT,48.57,-115.45,1706.9,20170421,32.18,48.2,38.12,,,,,44.015771799999996,0.0
341561,Banfield Mountain,MT,48.57,-115.45,1706.9,20170422,33.44,53.06,41.54,,,,,44.015771799999996,0.09842525
341562,Banfield Mountain,MT,48.57,-115.45,1706.9,20170423,33.44,47.66,38.48,,,,,42.0078967,0.0
341563,Banfield Mountain,MT,48.57,-115.45,1706.9,20170424,33.26,43.16,36.5,,,,,42.9921492,0.09842525
341564,Banfield Mountain,MT,48.57,-115.45,1706.9,20170425,32.54,45.68,36.5,,,,,42.0078967,0.29921276
341565,Banfield Mountain,MT,48.57,-115.45,1706.9,20170426,32.18,38.3,34.7,,,,,44.015771799999996,0.29921276
341566,Banfield Mountain,MT,48.57,-115.45,1706.9,20170427,31.82,35.96,33.26,,,,,45.00002429999999,0.29921276
341567,Banfield Mountain,MT,48.57,-115.45,1706.9,20170428,31.28,46.22,35.96,,,,,44.015771799999996,0.09842525
341568,Banfield Mountain,MT,48.57,-115.45,1706.9,20170429,32.18,46.4,37.94,,,,,42.9921492,0.0
341569,Banfield Mountain,MT,48.57,-115.45,1706.9,20170430,32.54,43.34,35.42,,,,,42.9921492,0.20078751
341570,Banfield Mountain,MT,48.57,-115.45,1706.9,20170501,30.02,46.22,36.14,,,,,42.0078967,0.0
341571,Banfield Mountain,MT,48.57,-115.45,1706.9,20170502,29.84,45.32,36.5,,,,,42.0078967,0.0
341572,Banfield Mountain,MT,48.57,-115.45,1706.9,20170503,33.62,51.62,42.62,,,,,40.9842741,0.0
341573,Banfield Mountain,MT,48.57,-115.45,1706.9,20170504,41.54,65.84,53.78,,,,,37.992146500000004,0.09842525
341574,Banfield Mountain,MT,48.57,-115.45,1706.9,20170505,42.98,60.08,53.06,,,,,35.9842714,0.0
341575,Banfield Mountain,MT,48.57,-115.45,1706.9,20170506,36.14,44.24,40.64,,,,,35.0000189,0.0
341576,Banfield Mountain,MT,48.57,-115.45,1706.9,20170507,33.8,45.68,37.4,,,,,34.0157664,0.09842525
341577,Banfield Mountain,MT,48.57,-115.45,1706.9,20170508,32.54,52.88,42.98,,,,,32.9921438,0.0
341578,Banfield Mountain,MT,48.57,-115.45,1706.9,20170509,38.66,58.46,47.12,,,,,32.0078913,0.0
341579,Banfield Mountain,MT,48.57,-115.45,1706.9,20170510,44.96,63.32,53.42,,,,,29.015763699999997,0.0
341580,Banfield Mountain,MT,48.57,-115.45,1706.9,20170511,46.76,66.56,55.76,,,,,25.984266,0.09842525
341581,Banfield Mountain,MT,48.57,-115.45,1706.9,20170512,32.0,47.12,38.48,,,,,25.0000135,0.0
341582,Banfield Mountain,MT,48.57,-115.45,1706.9,20170513,31.1,44.06,35.6,,,,,25.0000135,0.0
341583,Banfield Mountain,MT,48.57,-115.45,1706.9,20170514,30.2,42.44,34.88,,,,,25.0000135,0.0
341584,Banfield Mountain,MT,48.57,-115.45,1706.9,20170515,29.12,48.74,38.12,,,,,22.992138399999998,0.09842525
341585,Banfield Mountain,MT,48.57,-115.45,1706.9,20170516,33.8,42.08,36.68,,,,,25.984266,0.50000027
341586,Banfield Mountain,MT,48.57,-115.45,1706.9,20170517,35.42,45.14,39.56,,,,,25.0000135,0.0
341587,Banfield Mountain,MT,48.57,-115.45,1706.9,20170518,35.24,52.16,41.9,,,,,22.992138399999998,0.0
341588,Banfield Mountain,MT,48.57,-115.45,1706.9,20170519,38.12,57.56,46.4,,,,,22.007885899999998,0.0
341589,Banfield Mountain,MT,48.57,-115.45,1706.9,20170520,43.52,56.66,47.12,,,,,20.000010800000002,0.20078751
341590,Banfield Mountain,MT,48.57,-115.45,1706.9,20170521,44.42,62.6,53.42,,,,,17.0078832,0.09842525
341591,Banfield Mountain,MT,48.57,-115.45,1706.9,20170522,47.84,66.56,57.02,,,,,14.015755599999999,0.0
341592,Banfield Mountain,MT,48.57,-115.45,1706.9,20170523,51.26,68.54,58.82,,,,,10.9842579,0.0
341593,Banfield Mountain,MT,48.57,-115.45,1706.9,20170524,35.6,53.78,41.18,,,,,10.000005400000001,0.0
341594,Banfield Mountain,MT,48.57,-115.45,1706.9,20170525,34.52,55.04,44.42,,,,,9.0157529,0.0
341595,Banfield Mountain,MT,48.57,-115.45,1706.9,20170526,38.3,58.46,48.2,,,,,7.007877799999999,0.0
341596,Banfield Mountain,MT,48.57,-115.45,1706.9,20170527,45.5,66.38,55.94,,,,,4.0157502,0.0
341597,Banfield Mountain,MT,48.57,-115.45,1706.9,20170528,51.62,69.98,59.0,,,,,0.9842525,0.0
341598,Banfield Mountain,MT,48.57,-115.45,1706.9,20170529,52.7,72.32,60.44,,,,,0.0,0.0
341599,Banfield Mountain,MT,48.57,-115.45,1706.9,20170530,54.32,73.94,62.96,,,,,0.0,0.0
341600,Banfield Mountain,MT,48.57,-115.45,1706.9,20170531,50.18,71.96,60.62,,,,,0.0,0.0
341601,Banfield Mountain,MT,48.57,-115.45,1706.9,20170601,44.24,55.76,48.92,,,,,0.0,0.20078751
341602,Banfield Mountain,MT,48.57,-115.45,1706.9,20170602,43.52,57.74,49.28,,,,,0.0,0.0
341603,Banfield Mountain,MT,48.57,-115.45,1706.9,20170603,45.14,69.62,57.56,,,,,0.0,0.29921276
341604,Banfield Mountain,MT,48.57,-115.45,1706.9,20170604,44.96,52.16,48.38,,,,,0.0,0.20078751
341605,Banfield Mountain,MT,48.57,-115.45,1706.9,20170605,38.84,60.08,49.28,,,,,0.0,0.0
341606,Banfield Mountain,MT,48.57,-115.45,1706.9,20170606,44.06,64.76,56.3,,,,,0.0,0.0
341607,Banfield Mountain,MT,48.57,-115.45,1706.9,20170607,53.78,73.04,63.14,,,,,0.0,0.0
341608,Banfield Mountain,MT,48.57,-115.45,1706.9,20170608,44.24,71.24,58.1,,,,,0.0,0.0
341609,Banfield Mountain,MT,48.57,-115.45,1706.9,20170609,38.48,55.22,45.86,,,,,0.0,0.0
341610,Banfield Mountain,MT,48.57,-115.45,1706.9,20170610,36.86,51.8,43.16,,,,,0.0,0.0
341611,Banfield Mountain,MT,48.57,-115.45,1706.9,20170611,35.06,57.38,46.22,,,,,0.0,0.09842525
341612,Banfield Mountain,MT,48.57,-115.45,1706.9,20170612,43.34,68.72,56.48,,,,,0.0,0.0
341613,Banfield Mountain,MT,48.57,-115.45,1706.9,20170613,44.42,55.58,50.0,,,,,0.0,0.0
341614,Banfield Mountain,MT,48.57,-115.45,1706.9,20170614,39.92,55.4,45.86,,,,,0.0,0.0
341615,Banfield Mountain,MT,48.57,-115.45,1706.9,20170615,40.82,51.26,45.5,,,,,0.0,0.0
341616,Banfield Mountain,MT,48.57,-115.45,1706.9,20170616,42.26,52.88,46.04,,,,,0.0,0.40157502
341617,Banfield Mountain,MT,48.57,-115.45,1706.9,20170617,39.2,55.4,46.58,,,,,0.0,0.09842525
341618,Banfield Mountain,MT,48.57,-115.45,1706.9,20170618,43.34,57.56,48.56,,,,,0.0,0.09842525
341619,Banfield Mountain,MT,48.57,-115.45,1706.9,20170619,48.38,67.82,57.92,,,,,0.0,0.0
341620,Banfield Mountain,MT,48.57,-115.45,1706.9,20170620,52.7,69.08,59.18,,,,,0.0,0.0
341621,Banfield Mountain,MT,48.57,-115.45,1706.9,20170621,43.7,64.4,53.42,,,,,0.0,0.0
341622,Banfield Mountain,MT,48.57,-115.45,1706.9,20170622,39.92,59.9,49.82,,,,,0.0,0.0
341623,Banfield Mountain,MT,48.57,-115.45,1706.9,20170623,45.5,65.3,54.5,,,,,0.0,0.0
341624,Banfield Mountain,MT,48.57,-115.45,1706.9,20170624,50.0,68.36,59.18,,,,,0.0,0.0
341625,Banfield Mountain,MT,48.57,-115.45,1706.9,20170625,55.76,75.38,65.66,,,,,0.0,0.0
341626,Banfield Mountain,MT,48.57,-115.45,1706.9,20170626,51.44,77.18,64.94,,,,,0.0,0.20078751
341627,Banfield Mountain,MT,48.57,-115.45,1706.9,20170627,50.0,67.28,57.2,,,,,0.0,0.0
341628,Banfield Mountain,MT,48.57,-115.45,1706.9,20170628,46.76,66.74,53.42,,,,,0.0,0.0
341629,Banfield Mountain,MT,48.57,-115.45,1706.9,20170629,43.88,64.76,54.32,,,,,0.0,0.0
341630,Banfield Mountain,MT,48.57,-115.45,1706.9,20170630,51.8,73.04,61.88,,,,,0.0,0.0
341631,Banfield Mountain,MT,48.57,-115.45,1706.9,20170701,53.96,73.58,63.5,,,,,0.0,0.0
341632,Banfield Mountain,MT,48.57,-115.45,1706.9,20170702,57.2,77.9,65.84,,,,,0.0,0.09842525
341633,Banfield Mountain,MT,48.57,-115.45,1706.9,20170703,54.86,72.5,62.42,,,,,0.0,0.0
341634,Banfield Mountain,MT,48.57,-115.45,1706.9,20170704,53.24,73.58,62.6,,,,,0.0,0.0
341635,Banfield Mountain,MT,48.57,-115.45,1706.9,20170705,56.12,79.52,67.28,,,,,0.0,0.0
341636,Banfield Mountain,MT,48.57,-115.45,1706.9,20170706,61.7,82.22,72.14,,,,,0.0,0.0
341637,Banfield Mountain,MT,48.57,-115.45,1706.9,20170707,64.4,86.36,73.76,,,,,0.0,0.0
341638,Banfield Mountain,MT,48.57,-115.45,1706.9,20170708,60.62,83.12,70.16,,,,,0.0,0.0
341639,Banfield Mountain,MT,48.57,-115.45,1706.9,20170709,58.46,81.32,68.72,,,,,0.0,0.0
341640,Banfield Mountain,MT,48.57,-115.45,1706.9,20170710,52.7,71.78,61.34,,,,,0.0,0.0
341641,Banfield Mountain,MT,48.57,-115.45,1706.9,20170711,52.34,69.98,60.08,,,,,0.0,0.0
341642,Banfield Mountain,MT,48.57,-115.45,1706.9,20170712,54.5,73.76,62.96,,,,,0.0,0.0
341643,Banfield Mountain,MT,48.57,-115.45,1706.9,20170713,55.58,78.8,66.38,,,,,0.0,0.0
341644,Banfield Mountain,MT,48.57,-115.45,1706.9,20170714,54.68,79.88,68.36,,,,,0.0,0.0
341645,Banfield Mountain,MT,48.57,-115.45,1706.9,20170715,56.12,72.68,64.76,,,,,0.0,0.0
341646,Banfield Mountain,MT,48.57,-115.45,1706.9,20170716,48.02,65.66,57.56,,,,,0.0,0.0
341647,Banfield Mountain,MT,48.57,-115.45,1706.9,20170717,47.48,67.82,56.84,,,,,0.0,0.0
341648,Banfield Mountain,MT,48.57,-115.45,1706.9,20170718,51.98,72.14,60.98,,,,,0.0,0.0
341649,Banfield Mountain,MT,48.57,-115.45,1706.9,20170719,54.32,77.0,64.58,,,,,0.0,0.0
341650,Banfield Mountain,MT,48.57,-115.45,1706.9,20170720,49.82,72.14,61.34,,,,,0.0,0.0
341651,Banfield Mountain,MT,48.57,-115.45,1706.9,20170721,46.58,68.54,56.48,,,,,0.0,0.0
341652,Banfield Mountain,MT,48.57,-115.45,1706.9,20170722,51.44,74.48,62.42,,,,,0.0,0.0
341653,Banfield Mountain,MT,48.57,-115.45,1706.9,20170723,56.48,78.8,67.1,,,,,0.0,0.0
341654,Banfield Mountain,MT,48.57,-115.45,1706.9,20170724,55.22,73.94,62.78,,,,,0.0,0.0
341655,Banfield Mountain,MT,48.57,-115.45,1706.9,20170725,53.06,75.2,63.68,,,,,0.0,0.09842525
341656,Banfield Mountain,MT,48.57,-115.45,1706.9,20170726,59.72,78.8,68.72,,,,,0.0,0.0
341657,Banfield Mountain,MT,48.57,-115.45,1706.9,20170727,58.28,78.98,66.92,,,,,0.0,0.0
341658,Banfield Mountain,MT,48.57,-115.45,1706.9,20170728,55.22,79.16,66.38,,,,,0.0,0.0
341659,Banfield Mountain,MT,48.57,-115.45,1706.9,20170729,58.46,80.96,68.0,,,,,0.0,0.0
341660,Banfield Mountain,MT,48.57,-115.45,1706.9,20170730,57.56,81.32,68.0,,,,,0.0,0.0
341661,Banfield Mountain,MT,48.57,-115.45,1706.9,20170731,59.54,81.32,68.72,,,,,0.0,0.09842525
341662,Banfield Mountain,MT,48.57,-115.45,1706.9,20170801,59.18,82.58,69.26,,,,,0.0,0.0
341663,Banfield Mountain,MT,48.57,-115.45,1706.9,20170802,52.16,73.04,61.7,,,,,0.0,0.0
341664,Banfield Mountain,MT,48.57,-115.45,1706.9,20170803,53.24,77.18,64.58,,,,,0.0,0.0
341665,Banfield Mountain,MT,48.57,-115.45,1706.9,20170804,53.6,80.42,66.2,,,,,0.0,0.0
341666,Banfield Mountain,MT,48.57,-115.45,1706.9,20170805,50.18,69.62,59.0,,,,,0.0,0.0
341667,Banfield Mountain,MT,48.57,-115.45,1706.9,20170806,52.7,74.66,63.14,,,,,0.0,0.0
341668,Banfield Mountain,MT,48.57,-115.45,1706.9,20170807,60.26,77.72,68.0,,,,,0.0,0.0
341669,Banfield Mountain,MT,48.57,-115.45,1706.9,20170808,55.04,72.86,63.68,,,,,0.0,0.0
341670,Banfield Mountain,MT,48.57,-115.45,1706.9,20170809,55.22,76.82,65.84,,,,,0.0,0.0
341671,Banfield Mountain,MT,48.57,-115.45,1706.9,20170810,60.62,77.9,67.28,,,,,0.0,0.0
341672,Banfield Mountain,MT,48.57,-115.45,1706.9,20170811,58.64,78.62,66.56,,,,,0.0,0.0
341673,Banfield Mountain,MT,48.57,-115.45,1706.9,20170812,59.18,81.14,67.82,,,,,0.0,0.0
341674,Banfield Mountain,MT,48.57,-115.45,1706.9,20170813,46.94,63.5,54.32,,,,,0.0,0.0
341675,Banfield Mountain,MT,48.57,-115.45,1706.9,20170814,46.4,64.22,53.06,,,,,0.0,0.0
341676,Banfield Mountain,MT,48.57,-115.45,1706.9,20170815,46.58,68.72,56.84,,,,,0.0,0.0
341677,Banfield Mountain,MT,48.57,-115.45,1706.9,20170816,51.44,72.14,60.26,,,,,0.0,0.09842525
341678,Banfield Mountain,MT,48.57,-115.45,1706.9,20170817,53.96,73.76,61.7,,,,,0.0,0.0
341679,Banfield Mountain,MT,48.57,-115.45,1706.9,20170818,52.88,74.66,62.24,,,,,0.0,0.0
341680,Banfield Mountain,MT,48.57,-115.45,1706.9,20170819,50.54,67.46,57.38,,,,,0.0,0.0
341681,Banfield Mountain,MT,48.57,-115.45,1706.9,20170820,47.84,67.28,56.3,,,,,0.0,0.0
341682,Banfield Mountain,MT,48.57,-115.45,1706.9,20170821,50.72,69.62,59.72,,,,,0.0,0.0
341683,Banfield Mountain,MT,48.57,-115.45,1706.9,20170822,56.66,78.8,66.2,,,,,0.0,0.0
341684,Banfield Mountain,MT,48.57,-115.45,1706.9,20170823,57.38,78.8,66.38,,,,,0.0,0.0
341685,Banfield Mountain,MT,48.57,-115.45,1706.9,20170824,49.64,67.1,58.46,,,,,0.0,0.0
341686,Banfield Mountain,MT,48.57,-115.45,1706.9,20170825,47.3,69.26,56.12,,,,,0.0,0.0
341687,Banfield Mountain,MT,48.57,-115.45,1706.9,20170826,49.64,72.86,60.08,,,,,0.0,0.0
341688,Banfield Mountain,MT,48.57,-115.45,1706.9,20170827,58.1,80.6,66.92,,,,,0.0,0.09842525
341689,Banfield Mountain,MT,48.57,-115.45,1706.9,20170828,62.6,80.96,70.52,,,,,0.0,0.0
341690,Banfield Mountain,MT,48.57,-115.45,1706.9,20170829,66.2,82.94,72.86,,,,,0.0,0.0
341691,Banfield Mountain,MT,48.57,-115.45,1706.9,20170830,61.16,83.12,70.88,,,,,0.0,0.0
341692,Banfield Mountain,MT,48.57,-115.45,1706.9,20170831,53.96,70.88,61.52,,,,,0.0,0.0
341693,Banfield Mountain,MT,48.57,-115.45,1706.9,20170901,51.08,75.74,62.6,,,,,0.0,0.0
341694,Banfield Mountain,MT,48.57,-115.45,1706.9,20170902,57.2,77.0,66.74,,,,,0.0,0.0
341695,Banfield Mountain,MT,48.57,-115.45,1706.9,20170903,60.44,79.34,68.9,,,,,0.0,0.0
341696,Banfield Mountain,MT,48.57,-115.45,1706.9,20170904,51.62,68.54,59.18,,,,,0.0,0.0
341697,Banfield Mountain,MT,48.57,-115.45,1706.9,20170905,50.54,68.36,60.26,,,,,0.0,0.0
341698,Banfield Mountain,MT,48.57,-115.45,1706.9,20170906,59.18,71.96,65.66,,,,,0.0,0.0
341699,Banfield Mountain,MT,48.57,-115.45,1706.9,20170907,62.42,76.1,68.9,,,,,0.0,0.0
341700,Banfield Mountain,MT,48.57,-115.45,1706.9,20170908,58.64,73.94,65.3,,,,,0.0,0.0
341701,Banfield Mountain,MT,48.57,-115.45,1706.9,20170909,53.6,69.26,60.08,,,,,0.0,0.0
341702,Banfield Mountain,MT,48.57,-115.45,1706.9,20170910,49.28,62.6,55.76,,,,,0.0,0.0
341703,Banfield Mountain,MT,48.57,-115.45,1706.9,20170911,48.92,71.6,59.18,,,,,0.0,0.0
341704,Banfield Mountain,MT,48.57,-115.45,1706.9,20170912,53.96,72.68,62.96,,,,,0.0,0.0
341705,Banfield Mountain,MT,48.57,-115.45,1706.9,20170913,43.34,63.68,55.22,,,,,0.0,0.0
341706,Banfield Mountain,MT,48.57,-115.45,1706.9,20170914,33.98,45.68,41.0,,,,,0.0,0.0
341707,Banfield Mountain,MT,48.57,-115.45,1706.9,20170915,32.54,44.06,38.84,,,,,0.0,0.0
341708,Banfield Mountain,MT,48.57,-115.45,1706.9,20170916,32.9,51.44,42.26,,,,,0.0,0.0
341709,Banfield Mountain,MT,48.57,-115.45,1706.9,20170917,39.38,56.84,47.3,,,,,0.0,0.09842525
341710,Banfield Mountain,MT,48.57,-115.45,1706.9,20170918,34.52,47.12,40.28,,,,,2.0078751,0.50000027
341711,Banfield Mountain,MT,48.57,-115.45,1706.9,20170919,34.16,37.22,35.06,,,,,0.9842525,0.20078751
341712,Banfield Mountain,MT,48.57,-115.45,1706.9,20170920,33.26,39.2,35.24,,,,,0.0,0.20078751
341713,Banfield Mountain,MT,48.57,-115.45,1706.9,20170921,33.26,40.82,35.96,,,,,,0.0
341714,Poorman Creek,MT,48.13,-115.62,1554.5,20170101,4.64,20.48,14.18,,,,,59.0157799,0.59842552
341715,Poorman Creek,MT,48.13,-115.62,1554.5,20170102,-5.98,5.36,-0.58,,,,,55.9842822,0.0
341716,Poorman Creek,MT,48.13,-115.62,1554.5,20170103,-6.88,7.34,0.68,,,,,52.0079021,0.0
341717,Poorman Creek,MT,48.13,-115.62,1554.5,20170104,-10.3,0.68,-4.9,,,,,50.000027,0.0
341718,Poorman Creek,MT,48.13,-115.62,1554.5,20170105,-3.82,17.06,7.52,,,,,50.9842795,0.0
341719,Poorman Creek,MT,48.13,-115.62,1554.5,20170106,4.1,18.68,11.66,,,,,50.000027,0.0
341720,Poorman Creek,MT,48.13,-115.62,1554.5,20170107,1.58,14.72,7.88,,,,,50.000027,0.09842525
341721,Poorman Creek,MT,48.13,-115.62,1554.5,20170108,10.4,22.1,15.98,,,,,54.0157772,0.59842552
341722,Poorman Creek,MT,48.13,-115.62,1554.5,20170109,22.28,31.64,27.14,,,,,62.007907499999995,1.00000054
341723,Poorman Creek,MT,48.13,-115.62,1554.5,20170110,11.3,24.62,20.66,,,,,62.007907499999995,0.20078751
341724,Poorman Creek,MT,48.13,-115.62,1554.5,20170111,-3.28,11.3,1.76,,,,,60.0000324,0.0
341725,Poorman Creek,MT,48.13,-115.62,1554.5,20170112,-3.28,20.12,5.72,,,,,59.0157799,0.0
341726,Poorman Creek,MT,48.13,-115.62,1554.5,20170113,3.74,19.22,9.32,,,,,57.0079048,0.0
341727,Poorman Creek,MT,48.13,-115.62,1554.5,20170114,5.0,14.18,9.32,,,,,55.9842822,0.0
341728,Poorman Creek,MT,48.13,-115.62,1554.5,20170115,2.84,30.38,12.56,,,,,55.9842822,0.0
341729,Poorman Creek,MT,48.13,-115.62,1554.5,20170116,10.04,38.3,18.5,,,,,55.0000297,0.0
341730,Poorman Creek,MT,48.13,-115.62,1554.5,20170117,30.56,38.84,34.16,,,,,52.9921546,0.20078751
341731,Poorman Creek,MT,48.13,-115.62,1554.5,20170118,33.98,38.3,35.42,,,,,52.9921546,0.79921303
341732,Poorman Creek,MT,48.13,-115.62,1554.5,20170119,30.92,35.78,33.26,,,,,52.9921546,0.0
341733,Poorman Creek,MT,48.13,-115.62,1554.5,20170120,21.92,34.16,28.4,,,,,50.000027,0.0
341734,Poorman Creek,MT,48.13,-115.62,1554.5,20170121,21.92,30.74,26.78,,,,,50.9842795,0.20078751
341735,Poorman Creek,MT,48.13,-115.62,1554.5,20170122,23.72,31.82,26.96,,,,,52.9921546,0.0
341736,Poorman Creek,MT,48.13,-115.62,1554.5,20170123,17.78,30.92,25.52,,,,,54.0157772,0.09842525
341737,Poorman Creek,MT,48.13,-115.62,1554.5,20170124,12.92,23.0,17.24,,,,,52.9921546,0.0
341738,Poorman Creek,MT,48.13,-115.62,1554.5,20170125,22.28,27.5,24.44,,,,,54.0157772,0.09842525
341739,Poorman Creek,MT,48.13,-115.62,1554.5,20170126,19.58,25.52,23.54,,,,,52.9921546,0.0
341740,Poorman Creek,MT,48.13,-115.62,1554.5,20170127,21.56,28.4,25.88,,,,,52.9921546,0.0
341741,Poorman Creek,MT,48.13,-115.62,1554.5,20170128,27.68,37.58,33.08,,,,,52.0079021,0.0
341742,Poorman Creek,MT,48.13,-115.62,1554.5,20170129,32.0,39.38,35.6,,,,,50.9842795,0.0
341743,Poorman Creek,MT,48.13,-115.62,1554.5,20170130,24.08,32.54,29.48,,,,,50.000027,0.09842525
341744,Poorman Creek,MT,48.13,-115.62,1554.5,20170131,7.52,24.98,17.96,,,,,50.9842795,0.09842525
341745,Poorman Creek,MT,48.13,-115.62,1554.5,20170201,1.04,15.44,6.62,,,,,50.000027,0.0
341746,Poorman Creek,MT,48.13,-115.62,1554.5,20170202,-2.2,6.44,1.58,,,,,50.9842795,0.0
341747,Poorman Creek,MT,48.13,-115.62,1554.5,20170203,-1.84,14.72,8.96,,,,,60.0000324,1.00000054
341748,Poorman Creek,MT,48.13,-115.62,1554.5,20170204,12.92,33.8,22.1,,,,,70.9842903,1.90157583
341749,Poorman Creek,MT,48.13,-115.62,1554.5,20170205,30.74,35.24,32.9,,,,,85.0000459,2.4015761
341750,Poorman Creek,MT,48.13,-115.62,1554.5,20170206,23.0,35.96,27.86,,,,,87.007921,1.00000054
341751,Poorman Creek,MT,48.13,-115.62,1554.5,20170207,12.56,26.06,19.76,,,,,82.0079183,0.0
341752,Poorman Creek,MT,48.13,-115.62,1554.5,20170208,19.04,24.44,21.74,,,,,84.0157934,0.59842552
341753,Poorman Creek,MT,48.13,-115.62,1554.5,20170209,21.56,41.36,34.7,,,,,79.0157907,1.00000054
341754,Poorman Creek,MT,48.13,-115.62,1554.5,20170210,27.5,37.4,32.36,,,,,77.00791559999999,0.0
341755,Poorman Creek,MT,48.13,-115.62,1554.5,20170211,24.98,29.84,26.78,,,,,77.00791559999999,0.0
341756,Poorman Creek,MT,48.13,-115.62,1554.5,20170212,24.8,35.06,30.02,,,,,75.98429300000001,0.0
341757,Poorman Creek,MT,48.13,-115.62,1554.5,20170213,24.08,37.22,29.66,,,,,75.0000405,0.0
341758,Poorman Creek,MT,48.13,-115.62,1554.5,20170214,24.62,36.5,29.12,,,,,75.0000405,0.0
341759,Poorman Creek,MT,48.13,-115.62,1554.5,20170215,31.46,47.3,39.2,,,,,72.9921654,0.79921303
341760,Poorman Creek,MT,48.13,-115.62,1554.5,20170216,33.8,41.36,37.04,,,,,70.9842903,1.50000081
341761,Poorman Creek,MT,48.13,-115.62,1554.5,20170217,26.06,37.04,31.82,,,,,74.015788,0.29921276
341762,Poorman Creek,MT,48.13,-115.62,1554.5,20170218,25.88,35.6,31.46,,,,,74.015788,0.29921276
341763,Poorman Creek,MT,48.13,-115.62,1554.5,20170219,28.22,35.6,32.0,,,,,77.00791559999999,0.40157502
341764,Poorman Creek,MT,48.13,-115.62,1554.5,20170220,27.86,36.86,32.36,,,,,77.9921681,0.50000027
341765,Poorman Creek,MT,48.13,-115.62,1554.5,20170221,29.66,37.4,32.0,,,,,80.00004320000001,0.29921276
341766,Poorman Creek,MT,48.13,-115.62,1554.5,20170222,16.52,32.18,26.42,,,,,79.0157907,0.0
341767,Poorman Creek,MT,48.13,-115.62,1554.5,20170223,12.92,29.3,19.76,,,,,77.9921681,0.09842525
341768,Poorman Creek,MT,48.13,-115.62,1554.5,20170224,14.54,27.14,20.48,,,,,75.98429300000001,0.20078751
341769,Poorman Creek,MT,48.13,-115.62,1554.5,20170225,19.04,22.28,20.66,,,,,77.9921681,0.40157502
341770,Poorman Creek,MT,48.13,-115.62,1554.5,20170226,16.52,30.2,22.64,,,,,85.0000459,0.50000027
341771,Poorman Creek,MT,48.13,-115.62,1554.5,20170227,14.72,24.26,19.76,,,,,89.01579609999999,0.40157502
341772,Poorman Creek,MT,48.13,-115.62,1554.5,20170228,18.32,23.0,20.48,,,,,92.9921762,0.70078778
341773,Poorman Creek,MT,48.13,-115.62,1554.5,20170301,21.92,30.56,27.14,,,,,97.0079264,1.2992133
341774,Poorman Creek,MT,48.13,-115.62,1554.5,20170302,28.94,36.86,31.46,,,,,95.98430379999999,0.50000027
341775,Poorman Creek,MT,48.13,-115.62,1554.5,20170303,30.2,36.5,33.62,,,,,94.0157988,0.29921276
341776,Poorman Creek,MT,48.13,-115.62,1554.5,20170304,23.18,35.06,30.2,,,,,95.98430379999999,0.70078778
341777,Poorman Creek,MT,48.13,-115.62,1554.5,20170305,18.5,33.26,24.44,,,,,95.98430379999999,0.20078751
341778,Poorman Creek,MT,48.13,-115.62,1554.5,20170306,21.2,26.42,23.18,,,,,102.9921816,1.00000054
341779,Poorman Creek,MT,48.13,-115.62,1554.5,20170307,20.12,29.84,24.08,,,,,105.0000567,0.70078778
341780,Poorman Creek,MT,48.13,-115.62,1554.5,20170308,24.8,31.46,27.68,,,,,102.0079291,0.20078751
341781,Poorman Creek,MT,48.13,-115.62,1554.5,20170309,23.72,34.52,28.94,,,,,105.9843092,1.09842579
341782,Poorman Creek,MT,48.13,-115.62,1554.5,20170310,32.9,38.3,35.96,,,,,102.0079291,0.40157502
341783,Poorman Creek,MT,48.13,-115.62,1554.5,20170311,32.72,46.58,36.68,,,,,102.0079291,1.00000054
341784,Poorman Creek,MT,48.13,-115.62,1554.5,20170312,33.62,38.12,35.06,,,,,100.98430649999999,0.70078778
341785,Poorman Creek,MT,48.13,-115.62,1554.5,20170313,34.52,39.02,36.32,,,,,99.0158015,0.0
341786,Poorman Creek,MT,48.13,-115.62,1554.5,20170314,34.52,44.24,39.02,,,,,95.0000513,0.90157529
341787,Poorman Creek,MT,48.13,-115.62,1554.5,20170315,36.32,43.52,39.38,,,,,92.0079237,1.70078832
341788,Poorman Creek,MT,48.13,-115.62,1554.5,20170316,24.08,38.84,33.08,,,,,90.9843011,0.50000027
341789,Poorman Creek,MT,48.13,-115.62,1554.5,20170317,20.66,41.9,32.9,,,,,90.00004859999999,0.20078751
341790,Poorman Creek,MT,48.13,-115.62,1554.5,20170318,35.06,45.14,39.74,,,,,87.99217349999999,1.79921357
341791,Poorman Creek,MT,48.13,-115.62,1554.5,20170319,24.26,40.82,31.82,,,,,87.007921,0.0
341792,Poorman Creek,MT,48.13,-115.62,1554.5,20170320,21.2,41.54,31.64,,,,,85.9842984,0.0
341793,Poorman Creek,MT,48.13,-115.62,1554.5,20170321,33.08,45.14,37.4,,,,,85.0000459,0.40157502
341794,Poorman Creek,MT,48.13,-115.62,1554.5,20170322,34.52,46.04,37.4,,,,,85.0000459,0.40157502
341795,Poorman Creek,MT,48.13,-115.62,1554.5,20170323,25.88,38.84,32.9,,,,,85.0000459,0.09842525
341796,Poorman Creek,MT,48.13,-115.62,1554.5,20170324,25.88,43.34,33.44,,,,,85.0000459,0.29921276
341797,Poorman Creek,MT,48.13,-115.62,1554.5,20170325,31.82,36.5,33.62,,,,,87.007921,0.29921276
341798,Poorman Creek,MT,48.13,-115.62,1554.5,20170326,27.14,44.24,35.42,,,,,85.0000459,0.20078751
341799,Poorman Creek,MT,48.13,-115.62,1554.5,20170327,33.98,36.86,35.06,,,,,87.007921,0.20078751
341800,Poorman Creek,MT,48.13,-115.62,1554.5,20170328,32.9,35.6,34.16,,,,,90.00004859999999,0.50000027
341801,Poorman Creek,MT,48.13,-115.62,1554.5,20170329,33.08,39.74,36.32,,,,,87.99217349999999,0.79921303
341802,Poorman Creek,MT,48.13,-115.62,1554.5,20170330,32.36,41.18,36.32,,,,,87.99217349999999,0.09842525
341803,Poorman Creek,MT,48.13,-115.62,1554.5,20170331,31.82,49.82,40.28,,,,,87.007921,0.0
341804,Poorman Creek,MT,48.13,-115.62,1554.5,20170401,36.5,43.52,39.2,,,,,85.9842984,0.09842525
341805,Poorman Creek,MT,48.13,-115.62,1554.5,20170402,29.84,39.74,34.16,,,,,87.007921,0.29921276
341806,Poorman Creek,MT,48.13,-115.62,1554.5,20170403,23.54,43.16,31.46,,,,,87.007921,0.0
341807,Poorman Creek,MT,48.13,-115.62,1554.5,20170404,24.44,47.66,35.06,,,,,85.9842984,0.0
341808,Poorman Creek,MT,48.13,-115.62,1554.5,20170405,35.24,54.5,42.08,,,,,85.0000459,0.0
341809,Poorman Creek,MT,48.13,-115.62,1554.5,20170406,34.7,47.84,39.74,,,,,84.0157934,0.29921276
341810,Poorman Creek,MT,48.13,-115.62,1554.5,20170407,33.98,45.32,37.4,,,,,82.9921708,0.79921303
341811,Poorman Creek,MT,48.13,-115.62,1554.5,20170408,31.28,39.02,34.7,,,,,84.0157934,0.09842525
341812,Poorman Creek,MT,48.13,-115.62,1554.5,20170409,22.82,35.06,30.02,,,,,82.9921708,0.0
341813,Poorman Creek,MT,48.13,-115.62,1554.5,20170410,21.74,35.6,29.66,,,,,85.9842984,0.40157502
341814,Poorman Creek,MT,48.13,-115.62,1554.5,20170411,29.84,47.3,36.14,,,,,82.9921708,0.0
341815,Poorman Creek,MT,48.13,-115.62,1554.5,20170412,33.08,40.1,36.32,,,,,82.9921708,0.40157502
341816,Poorman Creek,MT,48.13,-115.62,1554.5,20170413,35.06,41.9,37.22,,,,,82.9921708,0.20078751
341817,Poorman Creek,MT,48.13,-115.62,1554.5,20170414,30.38,36.5,33.62,,,,,82.0079183,0.09842525
341818,Poorman Creek,MT,48.13,-115.62,1554.5,20170415,29.3,37.04,32.72,,,,,84.0157934,0.09842525
341819,Poorman Creek,MT,48.13,-115.62,1554.5,20170416,24.98,51.62,37.94,,,,,82.0079183,0.09842525
341820,Poorman Creek,MT,48.13,-115.62,1554.5,20170417,34.7,39.74,36.68,,,,,82.9921708,0.50000027
341821,Poorman Creek,MT,48.13,-115.62,1554.5,20170418,34.34,42.62,37.76,,,,,82.0079183,0.40157502
341822,Poorman Creek,MT,48.13,-115.62,1554.5,20170419,34.34,50.9,39.92,,,,,80.9842957,0.0
341823,Poorman Creek,MT,48.13,-115.62,1554.5,20170420,33.62,43.52,37.58,,,,,80.9842957,0.29921276
341824,Poorman Creek,MT,48.13,-115.62,1554.5,20170421,33.44,46.4,38.84,,,,,80.00004320000001,0.0
341825,Poorman Creek,MT,48.13,-115.62,1554.5,20170422,32.72,56.66,41.9,,,,,77.9921681,0.20078751
341826,Poorman Creek,MT,48.13,-115.62,1554.5,20170423,36.32,44.96,40.28,,,,,77.00791559999999,0.09842525
341827,Poorman Creek,MT,48.13,-115.62,1554.5,20170424,34.34,44.96,37.94,,,,,75.98429300000001,0.29921276
341828,Poorman Creek,MT,48.13,-115.62,1554.5,20170425,34.52,43.34,37.04,,,,,77.00791559999999,0.50000027
341829,Poorman Creek,MT,48.13,-115.62,1554.5,20170426,33.98,39.56,35.78,,,,,79.0157907,0.70078778
341830,Poorman Creek,MT,48.13,-115.62,1554.5,20170427,31.46,37.76,34.16,,,,,80.9842957,0.40157502
341831,Poorman Creek,MT,48.13,-115.62,1554.5,20170428,32.54,43.88,37.22,,,,,79.0157907,0.09842525
341832,Poorman Creek,MT,48.13,-115.62,1554.5,20170429,35.06,47.66,39.74,,,,,77.9921681,0.20078751
341833,Poorman Creek,MT,48.13,-115.62,1554.5,20170430,34.34,40.28,36.86,,,,,79.0157907,0.29921276
341834,Poorman Creek,MT,48.13,-115.62,1554.5,20170501,33.26,47.66,37.76,,,,,79.0157907,0.29921276
341835,Poorman Creek,MT,48.13,-115.62,1554.5,20170502,31.64,46.76,38.3,,,,,77.9921681,0.0
341836,Poorman Creek,MT,48.13,-115.62,1554.5,20170503,35.42,54.68,44.78,,,,,75.0000405,0.0
341837,Poorman Creek,MT,48.13,-115.62,1554.5,20170504,38.3,63.32,47.48,,,,,72.9921654,0.0
341838,Poorman Creek,MT,48.13,-115.62,1554.5,20170505,41.9,62.06,49.28,,,,,70.0000378,0.09842525
341839,Poorman Creek,MT,48.13,-115.62,1554.5,20170506,37.94,45.68,41.36,,,,,67.9921627,0.0
341840,Poorman Creek,MT,48.13,-115.62,1554.5,20170507,35.96,46.4,40.64,,,,,67.00791020000001,0.0
341841,Poorman Creek,MT,48.13,-115.62,1554.5,20170508,34.52,53.42,43.34,,,,,65.0000351,0.0
341842,Poorman Creek,MT,48.13,-115.62,1554.5,20170509,36.14,57.2,44.96,,,,,62.99216,0.0
341843,Poorman Creek,MT,48.13,-115.62,1554.5,20170510,37.76,61.16,47.3,,,,,60.98428489999999,0.0
341844,Poorman Creek,MT,48.13,-115.62,1554.5,20170511,40.82,65.48,50.18,,,,,59.0157799,0.0
341845,Poorman Creek,MT,48.13,-115.62,1554.5,20170512,34.34,47.12,39.2,,,,,57.0079048,0.09842525
341846,Poorman Creek,MT,48.13,-115.62,1554.5,20170513,33.8,41.9,36.68,,,,,57.0079048,0.0
341847,Poorman Creek,MT,48.13,-115.62,1554.5,20170514,31.1,41.0,35.06,,,,,59.0157799,0.29921276
341848,Poorman Creek,MT,48.13,-115.62,1554.5,20170515,29.3,50.54,38.3,,,,,57.0079048,0.09842525
341849,Poorman Creek,MT,48.13,-115.62,1554.5,20170516,34.7,46.22,38.12,,,,,57.0079048,0.40157502
341850,Poorman Creek,MT,48.13,-115.62,1554.5,20170517,35.06,44.78,39.38,,,,,55.9842822,0.20078751
341851,Poorman Creek,MT,48.13,-115.62,1554.5,20170518,35.96,53.24,42.44,,,,,55.0000297,0.0
341852,Poorman Creek,MT,48.13,-115.62,1554.5,20170519,35.78,57.2,46.58,,,,,52.9921546,0.0
341853,Poorman Creek,MT,48.13,-115.62,1554.5,20170520,37.94,57.2,43.52,,,,,50.9842795,0.29921276
341854,Poorman Creek,MT,48.13,-115.62,1554.5,20170521,37.58,63.5,50.54,,,,,47.992151899999996,0.09842525
341855,Poorman Creek,MT,48.13,-115.62,1554.5,20170522,41.36,66.2,51.62,,,,,45.00002429999999,0.0
341856,Poorman Creek,MT,48.13,-115.62,1554.5,20170523,43.52,70.34,57.38,,,,,39.0157691,0.0
341857,Poorman Creek,MT,48.13,-115.62,1554.5,20170524,37.4,56.48,42.8,,,,,37.992146500000004,0.0
341858,Poorman Creek,MT,48.13,-115.62,1554.5,20170525,36.32,54.32,44.24,,,,,35.9842714,0.0
341859,Poorman Creek,MT,48.13,-115.62,1554.5,20170526,36.5,59.72,48.92,,,,,32.0078913,0.0
341860,Poorman Creek,MT,48.13,-115.62,1554.5,20170527,44.6,66.56,54.32,,,,,29.015763699999997,0.0
341861,Poorman Creek,MT,48.13,-115.62,1554.5,20170528,44.96,68.18,53.96,,,,,27.0078886,0.0
341862,Poorman Creek,MT,48.13,-115.62,1554.5,20170529,43.34,73.22,55.22,,,,,22.992138399999998,0.0
341863,Poorman Creek,MT,48.13,-115.62,1554.5,20170530,44.6,75.2,56.3,,,,,20.000010800000002,0.09842525
341864,Poorman Creek,MT,48.13,-115.62,1554.5,20170531,47.48,70.34,58.1,,,,,15.0000081,0.0
341865,Poorman Creek,MT,48.13,-115.62,1554.5,20170601,44.96,51.98,48.2,,,,,12.992133,0.20078751
341866,Poorman Creek,MT,48.13,-115.62,1554.5,20170602,41.18,58.28,49.28,,,,,10.000005400000001,0.0
341867,Poorman Creek,MT,48.13,-115.62,1554.5,20170603,39.38,72.86,55.58,,,,,7.007877799999999,0.09842525
341868,Poorman Creek,MT,48.13,-115.62,1554.5,20170604,44.42,54.86,49.64,,,,,5.0000027000000005,0.20078751
341869,Poorman Creek,MT,48.13,-115.62,1554.5,20170605,41.36,59.54,48.56,,,,,2.0078751,0.0
341870,Poorman Creek,MT,48.13,-115.62,1554.5,20170606,40.46,68.0,53.24,,,,,0.0,0.0
341871,Poorman Creek,MT,48.13,-115.62,1554.5,20170607,46.04,75.74,59.9,,,,,0.0,0.0
341872,Poorman Creek,MT,48.13,-115.62,1554.5,20170608,44.78,68.72,55.04,,,,,0.0,0.29921276
341873,Poorman Creek,MT,48.13,-115.62,1554.5,20170609,42.08,51.62,46.04,,,,,0.0,0.09842525
341874,Poorman Creek,MT,48.13,-115.62,1554.5,20170610,38.12,45.86,41.9,,,,,0.0,0.09842525
341875,Poorman Creek,MT,48.13,-115.62,1554.5,20170611,39.2,57.2,46.76,,,,,0.0,0.0
341876,Poorman Creek,MT,48.13,-115.62,1554.5,20170612,38.66,68.18,55.22,,,,,0.0,0.0
341877,Poorman Creek,MT,48.13,-115.62,1554.5,20170613,44.78,56.66,49.28,,,,,0.0,0.09842525
341878,Poorman Creek,MT,48.13,-115.62,1554.5,20170614,41.18,53.06,46.22,,,,,0.0,0.0
341879,Poorman Creek,MT,48.13,-115.62,1554.5,20170615,42.98,50.36,47.12,,,,,0.0,0.29921276
341880,Poorman Creek,MT,48.13,-115.62,1554.5,20170616,42.8,49.46,46.4,,,,,0.0,1.59842606
341881,Poorman Creek,MT,48.13,-115.62,1554.5,20170617,41.54,55.04,48.56,,,,,0.0,0.0
341882,Poorman Creek,MT,48.13,-115.62,1554.5,20170618,44.78,56.84,50.9,,,,,0.0,0.0
341883,Poorman Creek,MT,48.13,-115.62,1554.5,20170619,51.08,71.06,59.36,,,,,0.0,0.0
341884,Poorman Creek,MT,48.13,-115.62,1554.5,20170620,50.18,66.92,59.18,,,,,0.0,0.0
341885,Poorman Creek,MT,48.13,-115.62,1554.5,20170621,44.96,62.96,55.58,,,,,0.0,0.0
341886,Poorman Creek,MT,48.13,-115.62,1554.5,20170622,39.38,60.08,49.46,,,,,0.0,0.0
341887,Poorman Creek,MT,48.13,-115.62,1554.5,20170623,41.54,66.38,54.14,,,,,0.0,0.09842525
341888,Poorman Creek,MT,48.13,-115.62,1554.5,20170624,43.7,73.04,57.74,,,,,0.0,0.0
341889,Poorman Creek,MT,48.13,-115.62,1554.5,20170625,47.48,80.6,62.96,,,,,0.0,0.0
341890,Poorman Creek,MT,48.13,-115.62,1554.5,20170626,53.42,76.28,63.86,,,,,0.0,0.0
341891,Poorman Creek,MT,48.13,-115.62,1554.5,20170627,54.14,67.28,59.72,,,,,0.0,0.0
341892,Poorman Creek,MT,48.13,-115.62,1554.5,20170628,45.5,66.2,56.12,,,,,0.0,0.09842525
341893,Poorman Creek,MT,48.13,-115.62,1554.5,20170629,44.78,66.2,53.24,,,,,0.0,0.0
341894,Poorman Creek,MT,48.13,-115.62,1554.5,20170630,49.46,73.22,60.8,,,,,0.0,0.0
341895,Poorman Creek,MT,48.13,-115.62,1554.5,20170701,51.62,73.58,63.14,,,,,0.0,0.0
341896,Poorman Creek,MT,48.13,-115.62,1554.5,20170702,53.6,77.72,65.48,,,,,0.0,0.0
341897,Poorman Creek,MT,48.13,-115.62,1554.5,20170703,53.96,71.96,64.4,,,,,0.0,0.0
341898,Poorman Creek,MT,48.13,-115.62,1554.5,20170704,47.3,73.76,60.62,,,,,0.0,0.0
341899,Poorman Creek,MT,48.13,-115.62,1554.5,20170705,49.28,80.78,65.3,,,,,0.0,0.0
341900,Poorman Creek,MT,48.13,-115.62,1554.5,20170706,53.24,84.56,68.9,,,,,0.0,0.0
341901,Poorman Creek,MT,48.13,-115.62,1554.5,20170707,56.84,88.52,70.7,,,,,0.0,0.0
341902,Poorman Creek,MT,48.13,-115.62,1554.5,20170708,55.4,82.94,67.82,,,,,0.0,0.0
341903,Poorman Creek,MT,48.13,-115.62,1554.5,20170709,55.04,80.6,67.1,,,,,0.0,0.0
341904,Poorman Creek,MT,48.13,-115.62,1554.5,20170710,53.6,72.14,62.78,,,,,0.0,0.0
341905,Poorman Creek,MT,48.13,-115.62,1554.5,20170711,49.1,69.44,58.82,,,,,0.0,0.0
341906,Poorman Creek,MT,48.13,-115.62,1554.5,20170712,47.3,75.38,60.62,,,,,0.0,0.0
341907,Poorman Creek,MT,48.13,-115.62,1554.5,20170713,50.0,78.26,63.86,,,,,0.0,0.09842525
341908,Poorman Creek,MT,48.13,-115.62,1554.5,20170714,50.36,84.38,65.84,,,,,0.0,0.0
341909,Poorman Creek,MT,48.13,-115.62,1554.5,20170715,53.42,78.44,62.96,,,,,0.0,0.09842525
341910,Poorman Creek,MT,48.13,-115.62,1554.5,20170716,45.86,65.66,57.56,,,,,0.0,0.0
341911,Poorman Creek,MT,48.13,-115.62,1554.5,20170717,43.34,67.82,54.86,,,,,0.0,0.0
341912,Poorman Creek,MT,48.13,-115.62,1554.5,20170718,44.6,73.94,58.82,,,,,0.0,0.0
341913,Poorman Creek,MT,48.13,-115.62,1554.5,20170719,50.54,76.82,62.42,,,,,0.0,0.0
341914,Poorman Creek,MT,48.13,-115.62,1554.5,20170720,50.36,70.16,60.8,,,,,0.0,0.0
341915,Poorman Creek,MT,48.13,-115.62,1554.5,20170721,51.62,67.64,59.18,,,,,0.0,0.0
341916,Poorman Creek,MT,48.13,-115.62,1554.5,20170722,48.92,74.3,62.06,,,,,0.0,0.0
341917,Poorman Creek,MT,48.13,-115.62,1554.5,20170723,54.32,78.44,67.82,,,,,0.0,0.0
341918,Poorman Creek,MT,48.13,-115.62,1554.5,20170724,49.64,73.58,63.32,,,,,0.0,0.0
341919,Poorman Creek,MT,48.13,-115.62,1554.5,20170725,51.98,75.92,65.48,,,,,0.0,0.0
341920,Poorman Creek,MT,48.13,-115.62,1554.5,20170726,50.72,78.8,66.02,,,,,0.0,0.0
341921,Poorman Creek,MT,48.13,-115.62,1554.5,20170727,54.14,78.26,66.74,,,,,0.0,0.0
341922,Poorman Creek,MT,48.13,-115.62,1554.5,20170728,54.14,79.34,65.84,,,,,0.0,0.0
341923,Poorman Creek,MT,48.13,-115.62,1554.5,20170729,53.24,81.14,65.84,,,,,0.0,0.0
341924,Poorman Creek,MT,48.13,-115.62,1554.5,20170730,54.68,79.7,67.82,,,,,0.0,0.0
341925,Poorman Creek,MT,48.13,-115.62,1554.5,20170731,52.16,80.6,66.2,,,,,0.0,0.0
341926,Poorman Creek,MT,48.13,-115.62,1554.5,20170801,52.7,81.86,66.38,,,,,0.0,0.0
341927,Poorman Creek,MT,48.13,-115.62,1554.5,20170802,50.18,75.38,61.16,,,,,0.0,0.0
341928,Poorman Creek,MT,48.13,-115.62,1554.5,20170803,48.56,79.88,63.32,,,,,0.0,0.0
341929,Poorman Creek,MT,48.13,-115.62,1554.5,20170804,51.62,80.78,68.0,,,,,0.0,0.0
341930,Poorman Creek,MT,48.13,-115.62,1554.5,20170805,47.3,71.6,58.1,,,,,0.0,0.0
341931,Poorman Creek,MT,48.13,-115.62,1554.5,20170806,47.66,77.0,60.44,,,,,0.0,0.0
341932,Poorman Creek,MT,48.13,-115.62,1554.5,20170807,51.8,78.44,64.04,,,,,0.0,0.0
341933,Poorman Creek,MT,48.13,-115.62,1554.5,20170808,50.72,76.64,62.96,,,,,0.0,0.0
341934,Poorman Creek,MT,48.13,-115.62,1554.5,20170809,50.9,78.26,62.96,,,,,0.0,0.0
341935,Poorman Creek,MT,48.13,-115.62,1554.5,20170810,52.7,78.8,63.86,,,,,0.0,0.0
341936,Poorman Creek,MT,48.13,-115.62,1554.5,20170811,51.98,80.6,64.4,,,,,0.0,0.0
341937,Poorman Creek,MT,48.13,-115.62,1554.5,20170812,53.24,80.24,66.38,,,,,0.0,0.0
341938,Poorman Creek,MT,48.13,-115.62,1554.5,20170813,50.0,66.92,55.04,,,,,0.0,0.20078751
341939,Poorman Creek,MT,48.13,-115.62,1554.5,20170814,44.24,62.78,52.88,,,,,0.0,0.0
341940,Poorman Creek,MT,48.13,-115.62,1554.5,20170815,43.16,69.62,56.12,,,,,0.0,0.0
341941,Poorman Creek,MT,48.13,-115.62,1554.5,20170816,48.92,71.6,61.34,,,,,0.0,0.0
341942,Poorman Creek,MT,48.13,-115.62,1554.5,20170817,59.9,71.78,64.04,,,,,0.0,0.0
341943,Poorman Creek,MT,48.13,-115.62,1554.5,20170818,58.82,74.48,64.58,,,,,0.0,0.0
341944,Poorman Creek,MT,48.13,-115.62,1554.5,20170819,50.0,64.76,58.28,,,,,0.0,0.0
341945,Poorman Creek,MT,48.13,-115.62,1554.5,20170820,47.12,66.56,58.28,,,,,0.0,0.0
341946,Poorman Creek,MT,48.13,-115.62,1554.5,20170821,46.58,72.14,58.1,,,,,0.0,0.0
341947,Poorman Creek,MT,48.13,-115.62,1554.5,20170822,50.18,80.24,62.96,,,,,0.0,0.0
341948,Poorman Creek,MT,48.13,-115.62,1554.5,20170823,53.6,78.62,65.66,,,,,0.0,0.0
341949,Poorman Creek,MT,48.13,-115.62,1554.5,20170824,51.98,65.66,59.9,,,,,0.0,0.09842525
341950,Poorman Creek,MT,48.13,-115.62,1554.5,20170825,43.16,68.72,57.02,,,,,0.0,0.0
341951,Poorman Creek,MT,48.13,-115.62,1554.5,20170826,45.5,73.76,58.64,,,,,0.0,0.0
341952,Poorman Creek,MT,48.13,-115.62,1554.5,20170827,49.1,81.14,63.32,,,,,0.0,0.0
341953,Poorman Creek,MT,48.13,-115.62,1554.5,20170828,55.04,81.32,65.48,,,,,0.0,0.0
341954,Poorman Creek,MT,48.13,-115.62,1554.5,20170829,57.56,85.1,67.82,,,,,0.0,0.0
341955,Poorman Creek,MT,48.13,-115.62,1554.5,20170830,57.74,85.1,69.8,,,,,0.0,0.0
341956,Poorman Creek,MT,48.13,-115.62,1554.5,20170831,52.7,70.16,62.42,,,,,0.0,0.0
341957,Poorman Creek,MT,48.13,-115.62,1554.5,20170901,51.98,74.84,64.4,,,,,0.0,0.0
341958,Poorman Creek,MT,48.13,-115.62,1554.5,20170902,55.04,80.24,68.72,,,,,0.0,0.0
341959,Poorman Creek,MT,48.13,-115.62,1554.5,20170903,59.72,80.42,72.32,,,,,0.0,0.0
341960,Poorman Creek,MT,48.13,-115.62,1554.5,20170904,49.1,68.72,57.38,,,,,0.0,0.0
341961,Poorman Creek,MT,48.13,-115.62,1554.5,20170905,45.86,70.52,57.02,,,,,0.0,0.0
341962,Poorman Creek,MT,48.13,-115.62,1554.5,20170906,50.9,76.28,61.34,,,,,0.0,0.0
341963,Poorman Creek,MT,48.13,-115.62,1554.5,20170907,54.68,80.24,64.58,,,,,0.0,0.0
341964,Poorman Creek,MT,48.13,-115.62,1554.5,20170908,57.74,76.46,66.2,,,,,0.0,0.0
341965,Poorman Creek,MT,48.13,-115.62,1554.5,20170909,55.76,68.72,61.7,,,,,0.0,0.0
341966,Poorman Creek,MT,48.13,-115.62,1554.5,20170910,49.82,65.84,58.1,,,,,0.0,0.0
341967,Poorman Creek,MT,48.13,-115.62,1554.5,20170911,44.6,75.02,59.0,,,,,0.0,0.0
341968,Poorman Creek,MT,48.13,-115.62,1554.5,20170912,53.24,74.66,64.04,,,,,0.0,0.0
341969,Poorman Creek,MT,48.13,-115.62,1554.5,20170913,43.7,62.24,55.04,,,,,0.0,0.0
341970,Poorman Creek,MT,48.13,-115.62,1554.5,20170914,36.5,47.84,43.34,,,,,0.0,0.0
341971,Poorman Creek,MT,48.13,-115.62,1554.5,20170915,32.72,44.96,39.74,,,,,0.0,0.0
341972,Poorman Creek,MT,48.13,-115.62,1554.5,20170916,29.66,56.3,40.64,,,,,0.0,0.0
341973,Poorman Creek,MT,48.13,-115.62,1554.5,20170917,35.42,58.46,46.4,,,,,0.0,0.20078751
341974,Poorman Creek,MT,48.13,-115.62,1554.5,20170918,34.7,44.42,40.46,,,,,0.0,1.59842606
341975,Poorman Creek,MT,48.13,-115.62,1554.5,20170919,34.34,37.04,35.24,,,,,2.9921276000000003,1.00000054
341976,Poorman Creek,MT,48.13,-115.62,1554.5,20170920,33.98,39.74,36.32,,,,,2.0078751,0.29921276
341977,Poorman Creek,MT,48.13,-115.62,1554.5,20170921,31.64,46.94,37.04,,,,,0.9842525,0.0
343826,Hoodoo Basin,MT,46.98,-115.03,1844.0,20170101,2.12,20.84,14.0,,,,,52.9921546,0.09842525
343827,Hoodoo Basin,MT,46.98,-115.03,1844.0,20170102,-1.84,5.72,1.22,,,,,50.9842795,0.0
343828,Hoodoo Basin,MT,46.98,-115.03,1844.0,20170103,-0.94,9.14,2.12,,,,,50.000027,0.0
343829,Hoodoo Basin,MT,46.98,-115.03,1844.0,20170104,-7.06,1.76,-2.2,,,,,49.0157745,0.0
343830,Hoodoo Basin,MT,46.98,-115.03,1844.0,20170105,-1.84,13.46,6.44,,,,,47.0078994,0.09842525
343831,Hoodoo Basin,MT,46.98,-115.03,1844.0,20170106,6.8,17.42,10.94,,,,,45.984276799999996,0.09842525
343832,Hoodoo Basin,MT,46.98,-115.03,1844.0,20170107,9.68,24.08,15.62,,,,,47.992151899999996,0.20078751
343833,Hoodoo Basin,MT,46.98,-115.03,1844.0,20170108,22.46,33.62,28.04,,,,,52.9921546,0.79921303
343834,Hoodoo Basin,MT,46.98,-115.03,1844.0,20170109,22.28,33.44,27.5,,,,,62.007907499999995,1.20078805
343835,Hoodoo Basin,MT,46.98,-115.03,1844.0,20170110,20.3,24.8,22.64,,,,,64.0157826,0.50000027
343836,Hoodoo Basin,MT,46.98,-115.03,1844.0,20170111,11.3,20.48,15.08,,,,,62.99216,0.0
343837,Hoodoo Basin,MT,46.98,-115.03,1844.0,20170112,11.84,20.48,16.52,,,,,60.98428489999999,0.0
343838,Hoodoo Basin,MT,46.98,-115.03,1844.0,20170113,12.02,21.38,16.16,,,,,59.0157799,0.0
343839,Hoodoo Basin,MT,46.98,-115.03,1844.0,20170114,12.92,23.9,17.96,,,,,57.992157299999995,0.0
343840,Hoodoo Basin,MT,46.98,-115.03,1844.0,20170115,15.8,25.88,19.58,,,,,57.0079048,0.0
343841,Hoodoo Basin,MT,46.98,-115.03,1844.0,20170116,15.62,27.14,21.56,,,,,55.9842822,0.0
343842,Hoodoo Basin,MT,46.98,-115.03,1844.0,20170117,22.82,36.32,30.38,,,,,52.9921546,0.0
343843,Hoodoo Basin,MT,46.98,-115.03,1844.0,20170118,31.82,35.78,34.34,,,,,55.0000297,0.59842552
343844,Hoodoo Basin,MT,46.98,-115.03,1844.0,20170119,25.34,34.7,31.28,,,,,59.0157799,0.40157502
343845,Hoodoo Basin,MT,46.98,-115.03,1844.0,20170120,24.44,30.38,26.42,,,,,57.0079048,0.0
343846,Hoodoo Basin,MT,46.98,-115.03,1844.0,20170121,22.28,29.3,26.24,,,,,57.0079048,0.09842525
343847,Hoodoo Basin,MT,46.98,-115.03,1844.0,20170122,22.46,32.54,27.32,,,,,60.98428489999999,0.29921276
343848,Hoodoo Basin,MT,46.98,-115.03,1844.0,20170123,22.1,29.66,25.52,,,,,59.0157799,0.09842525
343849,Hoodoo Basin,MT,46.98,-115.03,1844.0,20170124,16.52,29.12,21.38,,,,,57.992157299999995,0.0
343850,Hoodoo Basin,MT,46.98,-115.03,1844.0,20170125,19.4,22.64,20.66,,,,,57.992157299999995,0.09842525
343851,Hoodoo Basin,MT,46.98,-115.03,1844.0,20170126,16.7,24.44,20.66,,,,,57.992157299999995,0.0
343852,Hoodoo Basin,MT,46.98,-115.03,1844.0,20170127,15.44,24.98,19.94,,,,,57.0079048,0.0
343853,Hoodoo Basin,MT,46.98,-115.03,1844.0,20170128,19.58,30.92,25.52,,,,,55.9842822,0.0
343854,Hoodoo Basin,MT,46.98,-115.03,1844.0,20170129,25.52,36.68,29.84,,,,,55.9842822,0.0
343855,Hoodoo Basin,MT,46.98,-115.03,1844.0,20170130,25.16,29.84,26.96,,,,,55.0000297,0.0
343856,Hoodoo Basin,MT,46.98,-115.03,1844.0,20170131,14.9,25.16,21.38,,,,,62.99216,0.50000027
343857,Hoodoo Basin,MT,46.98,-115.03,1844.0,20170201,2.12,14.9,8.78,,,,,60.98428489999999,0.0
343858,Hoodoo Basin,MT,46.98,-115.03,1844.0,20170202,-2.38,10.58,3.02,,,,,60.0000324,0.0
343859,Hoodoo Basin,MT,46.98,-115.03,1844.0,20170203,1.58,33.26,26.42,,,,,65.0000351,1.00000054
343860,Hoodoo Basin,MT,46.98,-115.03,1844.0,20170204,31.1,33.26,32.0,,,,,77.9921681,2.00000108
343861,Hoodoo Basin,MT,46.98,-115.03,1844.0,20170205,31.82,33.62,32.72,,,,,82.9921708,0.90157529
343862,Hoodoo Basin,MT,46.98,-115.03,1844.0,20170206,19.76,33.62,26.6,,,,,90.9843011,1.2992133
343863,Hoodoo Basin,MT,46.98,-115.03,1844.0,20170207,14.18,28.22,21.02,,,,,90.00004859999999,0.20078751
343864,Hoodoo Basin,MT,46.98,-115.03,1844.0,20170208,21.2,33.62,26.24,,,,,92.0079237,0.79921303
343865,Hoodoo Basin,MT,46.98,-115.03,1844.0,20170209,33.44,39.2,36.32,,,,,92.0079237,2.50000135
343866,Hoodoo Basin,MT,46.98,-115.03,1844.0,20170210,24.98,35.06,30.2,,,,,92.0079237,0.0
343867,Hoodoo Basin,MT,46.98,-115.03,1844.0,20170211,17.96,25.7,22.82,,,,,90.00004859999999,0.0
343868,Hoodoo Basin,MT,46.98,-115.03,1844.0,20170212,15.98,30.92,22.82,,,,,87.99217349999999,0.0
343869,Hoodoo Basin,MT,46.98,-115.03,1844.0,20170213,20.84,36.32,28.76,,,,,85.9842984,0.0
343870,Hoodoo Basin,MT,46.98,-115.03,1844.0,20170214,30.2,38.66,33.8,,,,,84.0157934,0.0
343871,Hoodoo Basin,MT,46.98,-115.03,1844.0,20170215,31.1,44.96,37.76,,,,,82.0079183,0.0
343872,Hoodoo Basin,MT,46.98,-115.03,1844.0,20170216,31.82,38.84,36.32,,,,,82.9921708,1.70078832
343873,Hoodoo Basin,MT,46.98,-115.03,1844.0,20170217,28.04,35.24,31.1,,,,,84.0157934,0.59842552
343874,Hoodoo Basin,MT,46.98,-115.03,1844.0,20170218,28.22,38.12,33.44,,,,,84.0157934,0.0
343875,Hoodoo Basin,MT,46.98,-115.03,1844.0,20170219,27.68,33.44,30.2,,,,,84.0157934,0.50000027
343876,Hoodoo Basin,MT,46.98,-115.03,1844.0,20170220,26.24,35.06,31.1,,,,,92.9921762,1.00000054
343877,Hoodoo Basin,MT,46.98,-115.03,1844.0,20170221,25.52,35.06,30.56,,,,,100.98430649999999,1.2992133
343878,Hoodoo Basin,MT,46.98,-115.03,1844.0,20170222,23.36,31.82,26.42,,,,,97.99217890000001,0.0
343879,Hoodoo Basin,MT,46.98,-115.03,1844.0,20170223,13.64,30.56,22.28,,,,,95.0000513,0.0
343880,Hoodoo Basin,MT,46.98,-115.03,1844.0,20170224,9.5,26.78,16.52,,,,,94.0157988,0.0
343881,Hoodoo Basin,MT,46.98,-115.03,1844.0,20170225,14.0,19.76,17.06,,,,,92.0079237,0.0
343882,Hoodoo Basin,MT,46.98,-115.03,1844.0,20170226,18.68,26.42,21.02,,,,,99.0158015,0.40157502
343883,Hoodoo Basin,MT,46.98,-115.03,1844.0,20170227,17.06,24.44,20.48,,,,,105.0000567,0.40157502
343884,Hoodoo Basin,MT,46.98,-115.03,1844.0,20170228,15.8,23.0,18.5,,,,,104.0158042,0.09842525
343885,Hoodoo Basin,MT,46.98,-115.03,1844.0,20170301,17.78,27.32,24.8,,,,,105.9843092,0.50000027
343886,Hoodoo Basin,MT,46.98,-115.03,1844.0,20170302,26.24,34.52,29.66,,,,,100.98430649999999,0.0
343887,Hoodoo Basin,MT,46.98,-115.03,1844.0,20170303,28.76,37.94,32.18,,,,,100.98430649999999,0.0
343888,Hoodoo Basin,MT,46.98,-115.03,1844.0,20170304,27.86,37.04,31.82,,,,,107.0079318,1.00000054
343889,Hoodoo Basin,MT,46.98,-115.03,1844.0,20170305,14.9,29.12,24.44,,,,,109.01580690000002,0.50000027
343890,Hoodoo Basin,MT,46.98,-115.03,1844.0,20170306,16.7,24.26,20.3,,,,,115.00006210000001,0.79921303
343891,Hoodoo Basin,MT,46.98,-115.03,1844.0,20170307,17.24,29.66,23.54,,,,,124.01581499999999,1.00000054
343892,Hoodoo Basin,MT,46.98,-115.03,1844.0,20170308,25.16,30.2,27.86,,,,,132.0079453,1.2992133
343893,Hoodoo Basin,MT,46.98,-115.03,1844.0,20170309,25.16,35.6,30.74,,,,,134.01582040000002,1.09842579
343894,Hoodoo Basin,MT,46.98,-115.03,1844.0,20170310,33.08,36.86,35.42,,,,,127.99219509999999,0.70078778
343895,Hoodoo Basin,MT,46.98,-115.03,1844.0,20170311,30.2,42.62,35.06,,,,,125.98432,0.40157502
343896,Hoodoo Basin,MT,46.98,-115.03,1844.0,20170312,31.1,36.5,33.08,,,,,124.01581499999999,0.29921276
343897,Hoodoo Basin,MT,46.98,-115.03,1844.0,20170313,32.18,39.38,35.06,,,,,125.0000675,0.29921276
343898,Hoodoo Basin,MT,46.98,-115.03,1844.0,20170314,34.34,42.44,39.2,,,,,119.0158123,0.70078778
343899,Hoodoo Basin,MT,46.98,-115.03,1844.0,20170315,34.7,41.0,38.84,,,,,114.0158096,0.59842552
343900,Hoodoo Basin,MT,46.98,-115.03,1844.0,20170316,24.08,34.7,30.56,,,,,112.00793449999999,0.20078751
343901,Hoodoo Basin,MT,46.98,-115.03,1844.0,20170317,22.82,42.98,34.34,,,,,109.01580690000002,2.09842633
343902,Hoodoo Basin,MT,46.98,-115.03,1844.0,20170318,31.64,41.54,38.48,,,,,105.9843092,2.29921384
343903,Hoodoo Basin,MT,46.98,-115.03,1844.0,20170319,25.52,36.68,30.56,,,,,105.0000567,0.09842525
343904,Hoodoo Basin,MT,46.98,-115.03,1844.0,20170320,24.26,42.26,32.18,,,,,104.0158042,0.09842525
343905,Hoodoo Basin,MT,46.98,-115.03,1844.0,20170321,31.82,45.14,37.22,,,,,102.0079291,0.20078751
343906,Hoodoo Basin,MT,46.98,-115.03,1844.0,20170322,32.18,41.36,36.14,,,,,102.9921816,0.09842525
343907,Hoodoo Basin,MT,46.98,-115.03,1844.0,20170323,24.08,34.7,30.02,,,,,102.9921816,0.20078751
343908,Hoodoo Basin,MT,46.98,-115.03,1844.0,20170324,25.34,41.18,32.72,,,,,105.0000567,0.09842525
343909,Hoodoo Basin,MT,46.98,-115.03,1844.0,20170325,27.14,36.86,31.82,,,,,105.9843092,0.20078751
343910,Hoodoo Basin,MT,46.98,-115.03,1844.0,20170326,22.82,40.46,32.36,,,,,105.0000567,0.09842525
343911,Hoodoo Basin,MT,46.98,-115.03,1844.0,20170327,19.04,36.14,32.72,,,,,107.0079318,0.20078751
343912,Hoodoo Basin,MT,46.98,-115.03,1844.0,20170328,28.94,35.24,31.46,,,,,107.0079318,0.0
343913,Hoodoo Basin,MT,46.98,-115.03,1844.0,20170329,30.92,37.04,34.34,,,,,107.99218429999999,0.50000027
343914,Hoodoo Basin,MT,46.98,-115.03,1844.0,20170330,31.1,37.58,33.8,,,,,107.0079318,0.29921276
343915,Hoodoo Basin,MT,46.98,-115.03,1844.0,20170331,29.84,46.94,36.32,,,,,105.9843092,0.20078751
343916,Hoodoo Basin,MT,46.98,-115.03,1844.0,20170401,32.9,43.7,38.3,,,,,105.9843092,0.09842525
343917,Hoodoo Basin,MT,46.98,-115.03,1844.0,20170402,26.24,35.96,30.56,,,,,105.9843092,0.09842525
343918,Hoodoo Basin,MT,46.98,-115.03,1844.0,20170403,19.04,32.72,25.88,,,,,105.9843092,0.09842525
343919,Hoodoo Basin,MT,46.98,-115.03,1844.0,20170404,17.6,40.1,29.48,,,,,104.0158042,0.09842525
343920,Hoodoo Basin,MT,46.98,-115.03,1844.0,20170405,31.46,48.2,39.74,,,,,105.9843092,0.0
343921,Hoodoo Basin,MT,46.98,-115.03,1844.0,20170406,34.16,50.18,42.08,,,,,105.0000567,0.40157502
343922,Hoodoo Basin,MT,46.98,-115.03,1844.0,20170407,30.38,41.36,35.78,,,,,104.0158042,0.50000027
343923,Hoodoo Basin,MT,46.98,-115.03,1844.0,20170408,27.5,35.24,31.1,,,,,109.01580690000002,0.50000027
343924,Hoodoo Basin,MT,46.98,-115.03,1844.0,20170409,22.46,33.08,27.32,,,,,109.01580690000002,0.09842525
343925,Hoodoo Basin,MT,46.98,-115.03,1844.0,20170410,21.92,32.9,28.22,,,,,109.01580690000002,0.09842525
343926,Hoodoo Basin,MT,46.98,-115.03,1844.0,20170411,20.84,44.06,32.54,,,,,107.99218429999999,0.09842525
343927,Hoodoo Basin,MT,46.98,-115.03,1844.0,20170412,32.72,43.34,36.86,,,,,107.99218429999999,0.09842525
343928,Hoodoo Basin,MT,46.98,-115.03,1844.0,20170413,31.28,40.64,35.6,,,,,107.0079318,0.50000027
343929,Hoodoo Basin,MT,46.98,-115.03,1844.0,20170414,27.14,34.7,30.2,,,,,107.99218429999999,0.09842525
343930,Hoodoo Basin,MT,46.98,-115.03,1844.0,20170415,23.54,34.7,28.58,,,,,109.01580690000002,0.09842525
343931,Hoodoo Basin,MT,46.98,-115.03,1844.0,20170416,23.36,46.94,35.24,,,,,107.99218429999999,0.09842525
343932,Hoodoo Basin,MT,46.98,-115.03,1844.0,20170417,33.8,38.84,35.42,,,,,107.99218429999999,0.50000027
343933,Hoodoo Basin,MT,46.98,-115.03,1844.0,20170418,31.46,43.16,37.4,,,,,107.99218429999999,0.29921276
343934,Hoodoo Basin,MT,46.98,-115.03,1844.0,20170419,31.64,45.32,38.48,,,,,107.99218429999999,0.09842525
343935,Hoodoo Basin,MT,46.98,-115.03,1844.0,20170420,32.18,42.26,37.22,,,,,105.9843092,0.09842525
343936,Hoodoo Basin,MT,46.98,-115.03,1844.0,20170421,31.28,41.9,36.68,,,,,109.01580690000002,0.20078751
343937,Hoodoo Basin,MT,46.98,-115.03,1844.0,20170422,29.84,51.98,40.82,,,,,107.0079318,0.0
343938,Hoodoo Basin,MT,46.98,-115.03,1844.0,20170423,33.08,41.72,37.4,,,,,107.0079318,0.20078751
343939,Hoodoo Basin,MT,46.98,-115.03,1844.0,20170424,31.1,43.34,35.78,,,,,107.0079318,0.20078751
343940,Hoodoo Basin,MT,46.98,-115.03,1844.0,20170425,30.92,41.9,36.32,,,,,107.0079318,0.09842525
343941,Hoodoo Basin,MT,46.98,-115.03,1844.0,20170426,31.46,37.94,33.98,,,,,110.9843119,0.50000027
343942,Hoodoo Basin,MT,46.98,-115.03,1844.0,20170427,28.58,36.14,31.1,,,,,112.00793449999999,0.40157502
343943,Hoodoo Basin,MT,46.98,-115.03,1844.0,20170428,29.12,39.74,34.34,,,,,110.9843119,0.20078751
343944,Hoodoo Basin,MT,46.98,-115.03,1844.0,20170429,30.74,44.6,37.4,,,,,110.0000594,0.0
343945,Hoodoo Basin,MT,46.98,-115.03,1844.0,20170430,32.72,37.76,35.06,,,,,110.9843119,0.29921276
343946,Hoodoo Basin,MT,46.98,-115.03,1844.0,20170501,29.3,43.7,36.5,,,,,109.01580690000002,0.09842525
343947,Hoodoo Basin,MT,46.98,-115.03,1844.0,20170502,30.56,41.36,35.96,,,,,110.9843119,0.09842525
343948,Hoodoo Basin,MT,46.98,-115.03,1844.0,20170503,30.38,53.78,42.62,,,,,109.01580690000002,0.0
343949,Hoodoo Basin,MT,46.98,-115.03,1844.0,20170504,39.74,67.64,53.6,,,,,105.9843092,0.0
343950,Hoodoo Basin,MT,46.98,-115.03,1844.0,20170505,41.54,63.14,50.54,,,,,102.9921816,0.0
343951,Hoodoo Basin,MT,46.98,-115.03,1844.0,20170506,35.06,43.34,39.2,,,,,102.0079291,0.09842525
343952,Hoodoo Basin,MT,46.98,-115.03,1844.0,20170507,32.18,39.38,35.06,,,,,102.0079291,0.09842525
343953,Hoodoo Basin,MT,46.98,-115.03,1844.0,20170508,30.02,54.86,42.44,,,,,100.98430649999999,0.0
343954,Hoodoo Basin,MT,46.98,-115.03,1844.0,20170509,33.98,59.0,44.96,,,,,100.000054,0.0
343955,Hoodoo Basin,MT,46.98,-115.03,1844.0,20170510,38.12,63.5,49.1,,,,,97.0079264,0.0
343956,Hoodoo Basin,MT,46.98,-115.03,1844.0,20170511,41.36,65.66,53.06,,,,,95.0000513,0.0
343957,Hoodoo Basin,MT,46.98,-115.03,1844.0,20170512,29.66,43.88,36.68,,,,,95.0000513,0.20078751
343958,Hoodoo Basin,MT,46.98,-115.03,1844.0,20170513,28.94,40.1,34.52,,,,,95.0000513,0.20078751
343959,Hoodoo Basin,MT,46.98,-115.03,1844.0,20170514,28.58,40.1,33.26,,,,,95.98430379999999,0.09842525
343960,Hoodoo Basin,MT,46.98,-115.03,1844.0,20170515,29.84,49.64,37.58,,,,,95.0000513,0.09842525
343961,Hoodoo Basin,MT,46.98,-115.03,1844.0,20170516,29.12,41.72,35.24,,,,,94.0157988,0.09842525
343962,Hoodoo Basin,MT,46.98,-115.03,1844.0,20170517,28.58,37.4,33.08,,,,,100.98430649999999,0.70078778
343963,Hoodoo Basin,MT,46.98,-115.03,1844.0,20170518,34.7,50.72,40.46,,,,,97.0079264,0.09842525
343964,Hoodoo Basin,MT,46.98,-115.03,1844.0,20170519,35.24,56.84,43.88,,,,,97.0079264,0.0
343965,Hoodoo Basin,MT,46.98,-115.03,1844.0,20170520,38.12,56.3,44.42,,,,,95.98430379999999,0.0
343966,Hoodoo Basin,MT,46.98,-115.03,1844.0,20170521,37.76,62.96,48.92,,,,,94.0157988,0.09842525
343967,Hoodoo Basin,MT,46.98,-115.03,1844.0,20170522,41.36,65.84,53.6,,,,,90.9843011,0.0
343968,Hoodoo Basin,MT,46.98,-115.03,1844.0,20170523,43.7,67.64,56.12,,,,,87.007921,0.0
343969,Hoodoo Basin,MT,46.98,-115.03,1844.0,20170524,36.68,52.52,42.08,,,,,85.0000459,0.20078751
343970,Hoodoo Basin,MT,46.98,-115.03,1844.0,20170525,33.8,54.5,43.34,,,,,82.9921708,0.0
343971,Hoodoo Basin,MT,46.98,-115.03,1844.0,20170526,36.32,58.82,45.32,,,,,82.0079183,0.0
343972,Hoodoo Basin,MT,46.98,-115.03,1844.0,20170527,38.84,62.78,48.74,,,,,80.00004320000001,0.0
343973,Hoodoo Basin,MT,46.98,-115.03,1844.0,20170528,42.98,67.82,53.6,,,,,75.98429300000001,0.0
343974,Hoodoo Basin,MT,46.98,-115.03,1844.0,20170529,44.24,71.24,55.94,,,,,74.015788,0.0
343975,Hoodoo Basin,MT,46.98,-115.03,1844.0,20170530,46.22,72.68,58.1,,,,,70.0000378,0.0
343976,Hoodoo Basin,MT,46.98,-115.03,1844.0,20170531,44.06,71.42,56.48,,,,,67.9921627,0.0
343977,Hoodoo Basin,MT,46.98,-115.03,1844.0,20170601,42.26,50.9,46.58,,,,,65.9842876,0.09842525
343978,Hoodoo Basin,MT,46.98,-115.03,1844.0,20170602,42.44,58.46,47.66,,,,,64.0157826,0.0
343979,Hoodoo Basin,MT,46.98,-115.03,1844.0,20170603,42.08,69.08,55.4,,,,,60.0000324,0.0
343980,Hoodoo Basin,MT,46.98,-115.03,1844.0,20170604,39.74,67.64,51.62,,,,,59.0157799,0.29921276
343981,Hoodoo Basin,MT,46.98,-115.03,1844.0,20170605,39.92,59.54,46.76,,,,,57.0079048,0.0
343982,Hoodoo Basin,MT,46.98,-115.03,1844.0,20170606,41.36,66.92,53.42,,,,,55.0000297,0.0
343983,Hoodoo Basin,MT,46.98,-115.03,1844.0,20170607,47.66,76.46,60.62,,,,,50.000027,0.09842525
343984,Hoodoo Basin,MT,46.98,-115.03,1844.0,20170608,41.18,67.82,53.96,,,,,49.0157745,0.20078751
343985,Hoodoo Basin,MT,46.98,-115.03,1844.0,20170609,36.5,51.08,42.26,,,,,45.984276799999996,0.0
343986,Hoodoo Basin,MT,46.98,-115.03,1844.0,20170610,32.72,43.52,37.58,,,,,45.984276799999996,0.0
343987,Hoodoo Basin,MT,46.98,-115.03,1844.0,20170611,32.0,58.28,44.78,,,,,44.015771799999996,0.0
343988,Hoodoo Basin,MT,46.98,-115.03,1844.0,20170612,41.18,65.12,52.34,,,,,40.9842741,0.0
343989,Hoodoo Basin,MT,46.98,-115.03,1844.0,20170613,37.22,46.76,40.28,,,,,40.9842741,0.09842525
343990,Hoodoo Basin,MT,46.98,-115.03,1844.0,20170614,37.76,54.68,44.6,,,,,37.992146500000004,0.0
343991,Hoodoo Basin,MT,46.98,-115.03,1844.0,20170615,40.1,48.92,44.78,,,,,37.007894,0.0
343992,Hoodoo Basin,MT,46.98,-115.03,1844.0,20170616,41.36,48.74,44.24,,,,,35.0000189,1.09842579
343993,Hoodoo Basin,MT,46.98,-115.03,1844.0,20170617,39.38,53.06,45.14,,,,,32.9921438,0.50000027
343994,Hoodoo Basin,MT,46.98,-115.03,1844.0,20170618,42.8,48.56,45.14,,,,,30.984268699999998,0.20078751
343995,Hoodoo Basin,MT,46.98,-115.03,1844.0,20170619,44.42,71.96,57.02,,,,,27.0078886,0.29921276
343996,Hoodoo Basin,MT,46.98,-115.03,1844.0,20170620,51.08,68.18,59.9,,,,,22.992138399999998,0.0
343997,Hoodoo Basin,MT,46.98,-115.03,1844.0,20170621,43.16,59.9,51.62,,,,,22.007885899999998,0.0
343998,Hoodoo Basin,MT,46.98,-115.03,1844.0,20170622,39.92,57.38,48.2,,,,,20.9842633,0.0
343999,Hoodoo Basin,MT,46.98,-115.03,1844.0,20170623,40.64,65.3,52.34,,,,,20.000010800000002,0.0
344000,Hoodoo Basin,MT,46.98,-115.03,1844.0,20170624,46.04,69.8,57.2,,,,,19.0157583,0.0
344001,Hoodoo Basin,MT,46.98,-115.03,1844.0,20170625,48.56,78.98,62.42,,,,,17.0078832,0.0
344002,Hoodoo Basin,MT,46.98,-115.03,1844.0,20170626,53.42,78.98,65.48,,,,,12.992133,0.0
344003,Hoodoo Basin,MT,46.98,-115.03,1844.0,20170627,47.12,64.94,55.4,,,,,7.007877799999999,0.0
344004,Hoodoo Basin,MT,46.98,-115.03,1844.0,20170628,45.68,62.96,54.14,,,,,4.0157502,0.0
344005,Hoodoo Basin,MT,46.98,-115.03,1844.0,20170629,44.24,61.34,51.08,,,,,0.0,0.0
344006,Hoodoo Basin,MT,46.98,-115.03,1844.0,20170630,47.66,71.6,58.46,,,,,0.0,0.0
344007,Hoodoo Basin,MT,46.98,-115.03,1844.0,20170701,50.54,72.14,61.34,,,,,0.0,0.0
344008,Hoodoo Basin,MT,46.98,-115.03,1844.0,20170702,54.68,76.28,64.58,,,,,0.0,0.09842525
344009,Hoodoo Basin,MT,46.98,-115.03,1844.0,20170703,50.54,71.24,60.8,,,,,0.0,0.0
344010,Hoodoo Basin,MT,46.98,-115.03,1844.0,20170704,49.28,75.38,62.42,,,,,0.0,0.0
344011,Hoodoo Basin,MT,46.98,-115.03,1844.0,20170705,57.38,83.12,68.9,,,,,0.0,0.0
344012,Hoodoo Basin,MT,46.98,-115.03,1844.0,20170706,60.8,84.02,70.7,,,,,0.0,0.0
344013,Hoodoo Basin,MT,46.98,-115.03,1844.0,20170707,62.24,85.64,71.96,,,,,0.0,0.0
344014,Hoodoo Basin,MT,46.98,-115.03,1844.0,20170708,59.54,81.86,69.8,,,,,0.0,0.0
344015,Hoodoo Basin,MT,46.98,-115.03,1844.0,20170709,56.66,81.68,68.9,,,,,0.0,0.0
344016,Hoodoo Basin,MT,46.98,-115.03,1844.0,20170710,51.98,69.8,60.08,,,,,0.0,0.0
344017,Hoodoo Basin,MT,46.98,-115.03,1844.0,20170711,48.2,69.44,57.2,,,,,0.0,0.0
344018,Hoodoo Basin,MT,46.98,-115.03,1844.0,20170712,48.92,73.4,60.98,,,,,0.0,0.0
344019,Hoodoo Basin,MT,46.98,-115.03,1844.0,20170713,57.2,77.72,66.2,,,,,0.0,0.0
344020,Hoodoo Basin,MT,46.98,-115.03,1844.0,20170714,54.5,83.66,69.08,,,,,0.0,0.0
344021,Hoodoo Basin,MT,46.98,-115.03,1844.0,20170715,57.92,78.26,67.64,,,,,0.0,0.0
344022,Hoodoo Basin,MT,46.98,-115.03,1844.0,20170716,46.58,64.76,57.02,,,,,0.0,0.09842525
344023,Hoodoo Basin,MT,46.98,-115.03,1844.0,20170717,43.88,68.18,55.76,,,,,0.0,0.0
344024,Hoodoo Basin,MT,46.98,-115.03,1844.0,20170718,49.46,74.3,61.52,,,,,0.0,0.0
344025,Hoodoo Basin,MT,46.98,-115.03,1844.0,20170719,52.52,77.36,64.04,,,,,0.0,0.0
344026,Hoodoo Basin,MT,46.98,-115.03,1844.0,20170720,50.18,68.36,60.08,,,,,0.0,0.0
344027,Hoodoo Basin,MT,46.98,-115.03,1844.0,20170721,45.86,67.28,56.12,,,,,0.0,0.0
344028,Hoodoo Basin,MT,46.98,-115.03,1844.0,20170722,48.2,73.4,60.44,,,,,0.0,0.0
344029,Hoodoo Basin,MT,46.98,-115.03,1844.0,20170723,54.14,78.08,65.84,,,,,0.0,0.0
344030,Hoodoo Basin,MT,46.98,-115.03,1844.0,20170724,53.6,73.58,63.86,,,,,0.0,0.0
344031,Hoodoo Basin,MT,46.98,-115.03,1844.0,20170725,51.62,76.46,63.32,,,,,0.0,0.0
344032,Hoodoo Basin,MT,46.98,-115.03,1844.0,20170726,55.04,75.74,64.58,,,,,0.0,0.0
344033,Hoodoo Basin,MT,46.98,-115.03,1844.0,20170727,56.84,74.3,64.22,,,,,0.0,0.0
344034,Hoodoo Basin,MT,46.98,-115.03,1844.0,20170728,53.96,77.36,65.48,,,,,0.0,0.0
344035,Hoodoo Basin,MT,46.98,-115.03,1844.0,20170729,57.56,79.16,66.92,,,,,0.0,0.0
344036,Hoodoo Basin,MT,46.98,-115.03,1844.0,20170730,56.84,77.72,65.66,,,,,0.0,0.0
344037,Hoodoo Basin,MT,46.98,-115.03,1844.0,20170731,54.32,78.44,65.12,,,,,0.0,0.0
344038,Hoodoo Basin,MT,46.98,-115.03,1844.0,20170801,55.94,79.34,66.92,,,,,0.0,0.0
344039,Hoodoo Basin,MT,46.98,-115.03,1844.0,20170802,56.12,74.12,63.86,,,,,0.0,0.0
344040,Hoodoo Basin,MT,46.98,-115.03,1844.0,20170803,50.36,75.56,63.14,,,,,0.0,0.0
344041,Hoodoo Basin,MT,46.98,-115.03,1844.0,20170804,57.74,76.1,66.02,,,,,0.0,0.0
344042,Hoodoo Basin,MT,46.98,-115.03,1844.0,20170805,50.54,69.26,59.0,,,,,0.0,0.0
344043,Hoodoo Basin,MT,46.98,-115.03,1844.0,20170806,48.74,71.6,59.54,,,,,0.0,0.0
344044,Hoodoo Basin,MT,46.98,-115.03,1844.0,20170807,51.62,74.48,63.14,,,,,0.0,0.0
344045,Hoodoo Basin,MT,46.98,-115.03,1844.0,20170808,55.94,74.12,62.78,,,,,0.0,0.0
344046,Hoodoo Basin,MT,46.98,-115.03,1844.0,20170809,53.42,73.04,62.6,,,,,0.0,0.0
344047,Hoodoo Basin,MT,46.98,-115.03,1844.0,20170810,56.3,76.82,65.12,,,,,0.0,0.0
344048,Hoodoo Basin,MT,46.98,-115.03,1844.0,20170811,56.48,76.1,65.12,,,,,0.0,0.0
344049,Hoodoo Basin,MT,46.98,-115.03,1844.0,20170812,52.7,77.72,65.3,,,,,0.0,0.0
344050,Hoodoo Basin,MT,46.98,-115.03,1844.0,20170813,45.86,58.82,51.62,,,,,0.0,0.0
344051,Hoodoo Basin,MT,46.98,-115.03,1844.0,20170814,44.06,59.72,51.26,,,,,0.0,0.0
344052,Hoodoo Basin,MT,46.98,-115.03,1844.0,20170815,43.16,66.02,53.6,,,,,0.0,0.0
344053,Hoodoo Basin,MT,46.98,-115.03,1844.0,20170816,45.68,66.74,56.84,,,,,0.0,0.0
344054,Hoodoo Basin,MT,46.98,-115.03,1844.0,20170817,50.72,66.92,58.28,,,,,0.0,0.0
344055,Hoodoo Basin,MT,46.98,-115.03,1844.0,20170818,50.54,69.08,59.9,,,,,0.0,0.0
344056,Hoodoo Basin,MT,46.98,-115.03,1844.0,20170819,46.4,60.44,53.6,,,,,0.0,0.0
344057,Hoodoo Basin,MT,46.98,-115.03,1844.0,20170820,43.88,63.68,53.78,,,,,0.0,0.0
344058,Hoodoo Basin,MT,46.98,-115.03,1844.0,20170821,48.38,68.0,57.38,,,,,0.0,0.0
344059,Hoodoo Basin,MT,46.98,-115.03,1844.0,20170822,53.24,75.2,62.78,,,,,0.0,0.0
344060,Hoodoo Basin,MT,46.98,-115.03,1844.0,20170823,56.66,72.32,62.6,,,,,0.0,0.0
344061,Hoodoo Basin,MT,46.98,-115.03,1844.0,20170824,50.54,65.48,58.82,,,,,0.0,0.0
344062,Hoodoo Basin,MT,46.98,-115.03,1844.0,20170825,45.5,66.38,55.04,,,,,0.0,0.0
344063,Hoodoo Basin,MT,46.98,-115.03,1844.0,20170826,46.04,70.88,58.28,,,,,0.0,0.0
344064,Hoodoo Basin,MT,46.98,-115.03,1844.0,20170827,53.6,76.64,64.04,,,,,0.0,0.0
344065,Hoodoo Basin,MT,46.98,-115.03,1844.0,20170828,57.56,78.26,66.92,,,,,0.0,0.0
344066,Hoodoo Basin,MT,46.98,-115.03,1844.0,20170829,61.7,82.22,70.34,,,,,0.0,0.0
344067,Hoodoo Basin,MT,46.98,-115.03,1844.0,20170830,57.2,78.08,68.0,,,,,0.0,0.0
344068,Hoodoo Basin,MT,46.98,-115.03,1844.0,20170831,51.26,65.48,58.28,,,,,0.0,0.0
344069,Hoodoo Basin,MT,46.98,-115.03,1844.0,20170901,48.92,69.98,59.18,,,,,0.0,0.0
344070,Hoodoo Basin,MT,46.98,-115.03,1844.0,20170902,56.48,77.72,66.92,,,,,0.0,0.0
344071,Hoodoo Basin,MT,46.98,-115.03,1844.0,20170903,59.9,78.8,67.82,,,,,0.0,0.0
344072,Hoodoo Basin,MT,46.98,-115.03,1844.0,20170904,50.72,62.24,57.56,,,,,0.0,0.0
344073,Hoodoo Basin,MT,46.98,-115.03,1844.0,20170905,46.58,69.44,58.46,,,,,0.0,0.0
344074,Hoodoo Basin,MT,46.98,-115.03,1844.0,20170906,56.48,74.48,64.4,,,,,0.0,0.0
344075,Hoodoo Basin,MT,46.98,-115.03,1844.0,20170907,58.64,77.18,66.2,,,,,0.0,0.0
344076,Hoodoo Basin,MT,46.98,-115.03,1844.0,20170908,56.84,74.12,63.86,,,,,0.0,0.0
344077,Hoodoo Basin,MT,46.98,-115.03,1844.0,20170909,52.34,69.26,60.62,,,,,0.0,0.0
344078,Hoodoo Basin,MT,46.98,-115.03,1844.0,20170910,48.02,60.26,53.6,,,,,0.0,0.0
344079,Hoodoo Basin,MT,46.98,-115.03,1844.0,20170911,46.22,73.94,59.36,,,,,,0.0
344080,Hoodoo Basin,MT,46.98,-115.03,1844.0,20170912,54.68,73.4,63.14,,,,,0.0,0.0
344081,Hoodoo Basin,MT,46.98,-115.03,1844.0,20170913,50.18,61.34,55.94,,,,,0.0,0.0
344082,Hoodoo Basin,MT,46.98,-115.03,1844.0,20170914,35.96,50.36,43.7,,,,,0.0,0.0
344083,Hoodoo Basin,MT,46.98,-115.03,1844.0,20170915,34.16,37.76,35.24,,,,,0.0,0.0
344084,Hoodoo Basin,MT,46.98,-115.03,1844.0,20170916,33.08,45.5,37.94,,,,,0.0,0.0
344085,Hoodoo Basin,MT,46.98,-115.03,1844.0,20170917,33.98,53.24,44.42,,,,,0.0,0.0
344086,Hoodoo Basin,MT,46.98,-115.03,1844.0,20170918,34.88,46.58,39.2,,,,,0.0,0.0
344087,Hoodoo Basin,MT,46.98,-115.03,1844.0,20170919,32.9,35.24,34.16,,,,,10.000005400000001,1.40157556
344088,Hoodoo Basin,MT,46.98,-115.03,1844.0,20170920,32.9,38.12,34.16,,,,,12.992133,0.59842552
344089,Hoodoo Basin,MT,46.98,-115.03,1844.0,20170921,32.9,41.9,34.88,,,,,,0.29921276
415987,BILLINGS LOGAN INTL AP,MT,45.8069,-108.5422,1091.5,20170918,,,58.1,,,,,,
415988,BILLINGS LOGAN INTL AP,MT,45.8069,-108.5422,1091.5,20170919,,,63.68,,,,,,
416020,BUTTE BERT MOONEY AP,MT,45.9647,-112.5006,1678.2,20170918,,,45.14,,,,,,
416021,BUTTE BERT MOONEY AP,MT,45.9647,-112.5006,1678.2,20170919,,,42.62,,,,,,
416022,CUT BANK MUNI AP,MT,48.6033,-112.3753,1169.8,20170918,,,52.52,,,,,,
416023,CUT BANK MUNI AP,MT,48.6033,-112.3753,1169.8,20170919,,,47.66,,,,,,
416024,DILLON AP,MT,45.2575,-112.5545,1585.0,20170918,,,48.74,,,,,,
416025,DILLON AP,MT,45.2575,-112.5545,1585.0,20170919,,,45.32,,,,,,
416029,GREAT FALLS INTL AP,MT,47.4733,-111.3822,1116.8,20170918,,,56.66,,,,,,
416030,GREAT FALLS INTL AP,MT,47.4733,-111.3822,1116.8,20170919,,,48.38,,,,,,
416031,HELENA RGNL AP,MT,46.6056,-111.9636,1166.8,20170918,,,53.42,,,,,,
416032,HELENA RGNL AP,MT,46.6056,-111.9636,1166.8,20170919,,,49.64,,,,,,
416042,MISSOULA INTL AP,MT,46.9208,-114.0925,972.9,20170918,,,52.52,,,,,,
416043,MISSOULA INTL AP,MT,46.9208,-114.0925,972.9,20170919,,,45.32,,,,,,
416784,GLASGOW INTL AP,MT,48.2138,-106.6213,696.5,20170912,51.08,80.06,67.28,6.71082,,,0.0,0.0,0.0
416785,GLASGOW INTL AP,MT,48.2138,-106.6213,696.5,20170918,,,54.14,,,,,,
416786,GLASGOW INTL AP,MT,48.2138,-106.6213,696.5,20170919,,,64.22,,,,,,
416787,HAVRE CITY CO AP,MT,48.5428,-109.7633,787.9,20170427,29.12,48.02,43.88,7.381902,,,0.0,0.0,0.01181103
416788,HAVRE CITY CO AP,MT,48.5428,-109.7633,787.9,20170918,,,54.14,,,,,,
416789,HAVRE CITY CO AP,MT,48.5428,-109.7633,787.9,20170919,,,58.46,,,,,,
416792,WOLF POINT INTL AP,MT,48.0944,-105.5744,605.3,20170511,46.94,78.98,,4.250186,,,0.0,0.0,0.0
416799,JORDAN AP,MT,47.3258,-106.9475,811.4,20170506,53.06,86.0,,5.816044000000001,,,0.0,0.0,0.0
416800,JORDAN AP,MT,47.3258,-106.9475,811.4,20170615,44.06,62.96,,8.052984,,,0.0,0.0,0.0
416804,BAKER MUNI AP,MT,46.3583,-104.25,905.6,20170430,,,,,,,,,0.0
416805,BAKER MUNI AP,MT,46.3583,-104.25,905.6,20170501,39.02,55.94,,,,,,,0.03149608
